$hessian                                                                        
        0.0050950493   0.0000446478   0.0000063849  -0.0010382257  -0.0001422945
       -0.0000244855  -0.0009161041   0.0001107675   0.0000169794  -0.0011425831
        0.0000921222   0.0000149792  -0.0010903851   0.0000807788   0.0000109275
       -0.0009077513  -0.0001860217  -0.0000247855
        0.0000446478   0.0050190027   0.0000063615   0.0000159000  -0.0007265364
        0.0000106933  -0.0002359240  -0.0012652350  -0.0000118950   0.0002201754
       -0.0012389030   0.0000187131   0.0001851657  -0.0011772827   0.0000135751
       -0.0002299649  -0.0006110455  -0.0000374481
        0.0000063849   0.0000063615   0.0049940861   0.0000452710   0.0000239410
       -0.0007488051   0.0000166654   0.0000097822  -0.0011604363   0.0002423804
        0.0001137956  -0.0013255045  -0.0002580521  -0.0001154443  -0.0012843322
       -0.0000526495  -0.0000384360  -0.0004750080
       -0.0010382257   0.0000159000   0.0000452710   0.0050438074  -0.0000051004
       -0.0002275700  -0.0010239180   0.0000308020   0.0001844558  -0.0011985444
        0.0000553034   0.0000906409  -0.0008598830  -0.0000190774   0.0000650827
       -0.0009232364  -0.0000778276  -0.0001578803
       -0.0001422945  -0.0007265364   0.0000239410  -0.0000051004   0.0039673364
        0.0001510360   0.0008033659  -0.0002701518  -0.0003446144  -0.0006427568
       -0.0006273711   0.0001978334  -0.0007342266  -0.0001481035   0.0001468491
        0.0007210124  -0.0021951736  -0.0001750450
       -0.0000244855   0.0000106933  -0.0007488051  -0.0002275700   0.0001510360
        0.0036530122  -0.0001234492  -0.0000145305   0.0002185496  -0.0009832827
        0.0003018119  -0.0005317955   0.0011603508  -0.0003653004  -0.0006114058
        0.0001984366  -0.0000837102  -0.0019795555
       -0.0009161041  -0.0002359240   0.0000166654  -0.0010239180   0.0008033659
       -0.0001234492   0.0045058342  -0.0005951861   0.0001193093  -0.0005476243
       -0.0004595549   0.0000194949  -0.0004532419  -0.0004822658   0.0000131273
       -0.0015649460   0.0009695649  -0.0000451478
        0.0001107675  -0.0012652350   0.0000097822   0.0000308020  -0.0002701518
       -0.0000145305  -0.0005951861   0.0045120946  -0.0000373036   0.0005437808
       -0.0015697855   0.0000510947   0.0004801208  -0.0013994226   0.0000371389
       -0.0005702850  -0.0000074997  -0.0000461816
        0.0000169794  -0.0000118950  -0.0011604363   0.0001844558  -0.0003446144
        0.0002185496   0.0001193093  -0.0000373036   0.0027793737   0.0009201029
       -0.0013875932  -0.0005485556  -0.0010765954   0.0015842035  -0.0006189796
       -0.0001642520   0.0001972028  -0.0006699518
       -0.0011425831   0.0002201754   0.0002423804  -0.0011985444  -0.0006427568
       -0.0009832827  -0.0005476243   0.0005437808   0.0009201029   0.0038709296
        0.0006606693   0.0004140684  -0.0006270334   0.0001533893   0.0003552512
       -0.0003551443  -0.0009352580  -0.0009485201
        0.0000921222  -0.0012389030   0.0001137956   0.0000553034  -0.0006273711
        0.0003018119  -0.0004595549  -0.0015697855  -0.0013875932   0.0006606693
        0.0035154377   0.0008739563   0.0001418439  -0.0000682738   0.0007503472
       -0.0004903839  -0.0000111043  -0.0006523178
        0.0000149792   0.0000187131  -0.0013255045   0.0000906409   0.0001978334
       -0.0005317955   0.0000194949   0.0000510947  -0.0005485556   0.0004140684
        0.0008739563   0.0040056002  -0.0004303534  -0.0009649106  -0.0019644646
       -0.0001088299  -0.0001766868   0.0003647200
       -0.0010903851   0.0001851657  -0.0002580521  -0.0008598830  -0.0007342266
        0.0011603508  -0.0004532419   0.0004801208  -0.0010765954  -0.0006270334
        0.0001418439  -0.0004303534   0.0037767385   0.0006598696  -0.0003652953
       -0.0007461951  -0.0007327734   0.0009699455
        0.0000807788  -0.0011772827  -0.0001154443  -0.0000190774  -0.0001481035
       -0.0003653004  -0.0004822658  -0.0013994226   0.0015842035   0.0001533893
       -0.0000682738  -0.0009649106   0.0006598696   0.0033216843  -0.0008186537
       -0.0003926943  -0.0005286018   0.0006801056
        0.0000109275   0.0000135751  -0.0012843322   0.0000650827   0.0001468491
       -0.0006114058   0.0000131273   0.0000371389  -0.0006189796   0.0003552512
        0.0007503472  -0.0019644646  -0.0003652953  -0.0008186537   0.0043008106
       -0.0000790934  -0.0001292566   0.0001783716
       -0.0009077513  -0.0002299649  -0.0000526495  -0.0009232364   0.0007210124
        0.0001984366  -0.0015649460  -0.0005702850  -0.0001642520  -0.0003551443
       -0.0004903839  -0.0001088299  -0.0007461951  -0.0003926943  -0.0000790934
        0.0044972732   0.0009623158   0.0002063882
       -0.0001860217  -0.0006110455  -0.0000384360  -0.0000778276  -0.0021951736
       -0.0000837102   0.0009695649  -0.0000074997   0.0001972028  -0.0009352580
       -0.0000111043  -0.0001766868  -0.0007327734  -0.0005286018  -0.0001292566
        0.0009623158   0.0033534249   0.0002308869
       -0.0000247855  -0.0000374481  -0.0004750080  -0.0001578803  -0.0001750450
       -0.0019795555  -0.0000451478  -0.0000461816  -0.0006699518  -0.0009485201
       -0.0006523178   0.0003647200   0.0009699455   0.0006801056   0.0001783716
        0.0002063882   0.0002308869   0.0025814238
