$hessian                                                                        
        0.4357128329  -0.0017734943   0.0146836249  -0.2291396779  -0.0279081975
        0.0301486452  -0.0834276334   0.0878918823  -0.0077337588  -0.0620556853
       -0.0457714971  -0.0551079902  -0.0406316348  -0.0076284854   0.0181032925
       -0.0204582016  -0.0048102079  -0.0000938137
       -0.0017734943   0.4985700644   0.0228520576  -0.0111253076  -0.0593839082
       -0.0133798520   0.0871552949  -0.2135187287   0.0122013415  -0.0419056246
       -0.1378709968  -0.1077319204  -0.0084979408  -0.0826933177   0.0797211529
       -0.0238529276  -0.0051031130   0.0063372204
        0.0146836249   0.0228520576   0.5070718020   0.0525608888  -0.0072018975
       -0.0753016535  -0.0090095313   0.0124171521  -0.0470690348  -0.0499196351
       -0.1062957617  -0.1692604275   0.0172034334   0.0789093831  -0.2206804618
       -0.0255187807  -0.0006809336   0.0052397756
       -0.2291396779  -0.0111253076   0.0525608888   0.4015795498   0.1210476891
        0.0292413746  -0.0424950196   0.0057948693   0.0061067535  -0.0218263693
       -0.0082211038  -0.0024892912  -0.0258595082  -0.0096172503   0.0162510652
       -0.0822589749  -0.0978788967  -0.1016707910
       -0.0279081975  -0.0593839082  -0.0072018975   0.1210476891   0.2303823210
        0.2064141438   0.0258970498   0.0076834048  -0.0057512896  -0.0240288209
       -0.0040653424   0.0018504964  -0.0168677378   0.0002763401   0.0048506895
       -0.0781399826  -0.1748928153  -0.2001621426
        0.0301486452  -0.0133798520  -0.0753016535   0.0292413746   0.2064141438
        0.3073520080   0.0039887730  -0.0017118630   0.0029521493  -0.0236197627
       -0.0039903431   0.0045772335   0.0355554644   0.0055599322  -0.0062648694
       -0.0753144945  -0.1928920179  -0.2333148677
       -0.0834276334   0.0871552949  -0.0090095313  -0.0424950196   0.0258970498
        0.0039887730   0.1182751133  -0.1082644991   0.0056990883   0.0049103853
       -0.0064575623   0.0007122279   0.0023467393   0.0009471964  -0.0013712058
        0.0003904150   0.0007225203  -0.0000193520
        0.0878918823  -0.2135187287   0.0124171521   0.0057948693   0.0076834048
       -0.0017118630  -0.1082644991   0.2430701897  -0.0138783986   0.0088797882
       -0.0224720438  -0.0004703728   0.0065429198  -0.0166533723   0.0039276383
       -0.0008449605   0.0018905503  -0.0002841561
       -0.0077337588   0.0122013415  -0.0470690348   0.0061067535  -0.0057512896
        0.0029521493   0.0056990883  -0.0138783986   0.0487668507   0.0092726045
       -0.0228461658   0.0003960086  -0.0125122736   0.0290987659  -0.0054273085
       -0.0008324139   0.0011757466   0.0003813346
       -0.0620556853  -0.0419056246  -0.0499196351  -0.0218263693  -0.0240288209
       -0.0236197627   0.0049103853   0.0088797882   0.0092726045   0.0842906760
        0.0581105285   0.0639040912   0.0019447275   0.0011302557   0.0001925375
       -0.0072637342  -0.0021861268   0.0001701646
       -0.0457714971  -0.1378709968  -0.1062957617  -0.0082211038  -0.0040653424
       -0.0039903431  -0.0064575623  -0.0224720438  -0.0228461658   0.0581105285
        0.1560153644   0.1241183982   0.0037803222   0.0074201568   0.0086617401
       -0.0014406874   0.0009728618   0.0003521324
       -0.0551079902  -0.1077319204  -0.1692604275  -0.0024892912   0.0018504964
        0.0045772335   0.0007122279  -0.0004703728   0.0003960086   0.0639040912
        0.1241183982   0.1893131570  -0.0081822258  -0.0183856654  -0.0265347785
        0.0011631880   0.0006190640   0.0015088068
       -0.0406316348  -0.0084979408   0.0172034334  -0.0258595082  -0.0168677378
        0.0355554644   0.0023467393   0.0065429198  -0.0125122736   0.0019447275
        0.0037803222  -0.0081822258   0.0615647314   0.0153730919  -0.0328266531
        0.0006349447  -0.0003306554   0.0007622546
       -0.0076284854  -0.0826933177   0.0789093831  -0.0096172503   0.0002763401
        0.0055599322   0.0009471964  -0.0166533723   0.0290987659   0.0011302557
        0.0074201568  -0.0183856654   0.0153730919   0.0916374807  -0.0962332126
       -0.0002048083   0.0000127123   0.0010507969
        0.0181032925   0.0797211529  -0.2206804618   0.0162510652   0.0048506895
       -0.0062648694  -0.0013712058   0.0039276383  -0.0054273085   0.0001925375
        0.0086617401  -0.0265347785  -0.0328266531  -0.0962332126   0.2569097834
       -0.0003490364  -0.0009280081   0.0019976349
       -0.0204582016  -0.0238529276  -0.0255187807  -0.0822589749  -0.0781399826
       -0.0753144945   0.0003904150  -0.0008449605  -0.0008324139  -0.0072637342
       -0.0014406874   0.0011631880   0.0006349447  -0.0002048083  -0.0003490364
        0.1089555509   0.1044833664   0.1008515375
       -0.0048102079  -0.0051031130  -0.0006809336  -0.0978788967  -0.1748928153
       -0.1928920179   0.0007225203   0.0018905503   0.0011757466  -0.0021861268
        0.0009728618   0.0006190640  -0.0003306554   0.0000127123  -0.0009280081
        0.1044833664   0.1771198038   0.1927061490
       -0.0000938137   0.0063372204   0.0052397756  -0.1016707910  -0.2001621426
       -0.2333148677  -0.0000193520  -0.0002841561   0.0003813346   0.0001701646
        0.0003521324   0.0015088068   0.0007622546   0.0010507969   0.0019976349
        0.1008515375   0.1927061490   0.2241873158
