$hessian                                                                        
        0.6680430061   0.0169826306   0.0000009779  -0.3459522021   0.0366665043
       -0.0000023181  -0.0372396695  -0.0831845328  -0.0000002521  -0.0435450945
        0.0260335295  -0.0000000377   0.0528251088   0.0246616566   0.0000001248
       -0.1292717229   0.0667056702   0.0000005678  -0.0408672385   0.0264685480
        0.0000004972   0.0045324580  -0.0027241411   0.0000002285   0.0005178291
       -0.0003005911   0.0000000211  -0.1090699712  -0.1129818194   0.0000004314
       -0.0183833392   0.0030824786   0.0000000183  -0.0000785477   0.0008543360
       -0.0000002695  -0.0009987696  -0.0030122051  -0.0000000458  -0.0005118469
        0.0007479355   0.0000000563
        0.0169826306   0.6510894511   0.0000016837  -0.0380194371  -0.0937104923
        0.0000000979  -0.0234494330   0.0297465381  -0.0000001535   0.0279482301
       -0.0121791336  -0.0000001606  -0.0247434071  -0.0632554028  -0.0000000142
        0.1176127355  -0.2588917468  -0.0000005352   0.0262070454  -0.0002500962
       -0.0000002920  -0.0096591799  -0.0013229545  -0.0000000687  -0.0052543911
       -0.0060809211  -0.0000002483  -0.1123941193  -0.2385972018  -0.0000007969
        0.0266972147  -0.0018255011   0.0000002740   0.0005041269   0.0003599043
        0.0000000714  -0.0026920170  -0.0044416510   0.0000002150   0.0002600013
       -0.0006407923  -0.0000000727
        0.0000009779   0.0000016837   0.1142869817  -0.0000014986   0.0000002609
       -0.0429920013  -0.0000003848  -0.0000005766  -0.0024628328  -0.0000001296
        0.0000001307  -0.0036771576   0.0000002198   0.0000002471   0.0028755888
        0.0000004689  -0.0000007779  -0.0473387501   0.0000008535  -0.0000006727
       -0.0014374890  -0.0000001419   0.0000000698   0.0015177853  -0.0000001335
       -0.0000000478   0.0067230295  -0.0000001771  -0.0000004646  -0.0341200713
       -0.0000000464   0.0000000350  -0.0001135906  -0.0000000038   0.0000000118
       -0.0002793008   0.0000000103   0.0000000945   0.0067227948  -0.0000000147
        0.0000000062   0.0002950135
       -0.3459522021  -0.0380194371  -0.0000014986   0.6778329656  -0.0116126198
        0.0000045075  -0.1320812337  -0.0446003183  -0.0000016795   0.0520610174
       -0.0235606635  -0.0000000360  -0.0438822494  -0.0282449549  -0.0000000162
       -0.0416784457   0.0775103277  -0.0000001028   0.0072404609   0.0038694276
       -0.0000000913  -0.0042769866  -0.0007027442  -0.0000000394  -0.0471563531
       -0.0395346885  -0.0000010994  -0.0176046344  -0.0023996253  -0.0000006005
       -0.1050139918   0.1078415931   0.0000002199  -0.0011839975   0.0030455292
       -0.0000000171  -0.0001264894  -0.0006739861   0.0000002903   0.0018221398
       -0.0029178399   0.0000001630
        0.0366665043  -0.0937104923   0.0000002609  -0.0116126198   0.6485185536
        0.0000049239  -0.1277879927  -0.2618647034  -0.0000031852   0.0235629082
       -0.0587483660   0.0000001154  -0.0254585618  -0.0120408460  -0.0000000709
        0.0228457611   0.0228426290  -0.0000003615   0.0064939612  -0.0043847429
        0.0000000450  -0.0010597410   0.0008810203  -0.0000000383  -0.0085981324
       -0.0038979497  -0.0000001424  -0.0260845787  -0.0016246763  -0.0000001566
        0.1070841994  -0.2351384977  -0.0000017159   0.0027040049  -0.0040989031
        0.0000001058  -0.0004741956   0.0006404469   0.0000001287   0.0017184830
        0.0026265275   0.0000000911
       -0.0000023181   0.0000000979  -0.0429920013   0.0000045075   0.0000049239
        0.1082432063  -0.0000017351  -0.0000031260  -0.0515484535  -0.0000001134
        0.0000000965   0.0005932520   0.0000000287   0.0000001828  -0.0039530007
        0.0000000642  -0.0000002084   0.0021446969   0.0000001147  -0.0000001520
        0.0076784124   0.0000001123   0.0000000610  -0.0015118194  -0.0000009663
       -0.0000006484   0.0070712111  -0.0000000834  -0.0000000138   0.0010036514
        0.0000004297  -0.0000013692  -0.0319737766  -0.0000001201   0.0000001715
        0.0070026800  -0.0000000070  -0.0000000032  -0.0001542326   0.0000000863
       -0.0000000126  -0.0016038260
       -0.0372396695  -0.0234494330  -0.0000003848  -0.1320812337  -0.1277879927
       -0.0000017351   0.6507022357  -0.0000416446   0.0000097552  -0.1300921695
        0.1214113369  -0.0000021365  -0.0378644316   0.0242357341  -0.0000004807
        0.0118914262   0.0002312770  -0.0000003714  -0.0113337037  -0.0000291316
        0.0000000907   0.0063857384   0.0000356036   0.0000000327  -0.2983274459
       -0.0052952747  -0.0000050401  -0.0050177007  -0.0000497168  -0.0000001161
        0.0040781832   0.0139098608   0.0000001756   0.0076592968  -0.0141166629
        0.0000003681  -0.0054640496   0.0001364549  -0.0000000877  -0.0232964762
        0.0108095890  -0.0000000699
       -0.0831845328   0.0297465381  -0.0000005766  -0.0446003183  -0.2618647034
       -0.0000031260  -0.0000416446   0.6604820371  -0.0000013814   0.0467655291
       -0.2602982499   0.0000041054   0.0817080288   0.0297416825   0.0000004134
        0.0007717086  -0.0637989970   0.0000001156  -0.0005222927  -0.0018608600
       -0.0000000124   0.0002796291   0.0005196487  -0.0000000033  -0.0389587282
       -0.0822272624  -0.0000003725   0.0009867611   0.0012028996   0.0000002405
       -0.0103732370  -0.0273594922   0.0000000029   0.0109829210  -0.0275320962
        0.0000001996  -0.0006621862   0.0011011358  -0.0000001988   0.0368483622
        0.0021477192   0.0000005936
       -0.0000002521  -0.0000001535  -0.0024628328  -0.0000016795  -0.0000031852
       -0.0515484535   0.0000097552  -0.0000013814   0.1320120391  -0.0000020410
        0.0000040904  -0.0526695848  -0.0000004504   0.0000000625  -0.0025691578
        0.0000003458   0.0000000739  -0.0064253172  -0.0000003839   0.0000000111
        0.0006721301   0.0000002068  -0.0000000037  -0.0001902879  -0.0000045460
        0.0000002372  -0.0370632381  -0.0000000201  -0.0000000032   0.0087749981
       -0.0000001034  -0.0000000573   0.0013063791  -0.0000000830   0.0000001550
        0.0021380218  -0.0000000159   0.0000000304   0.0091164155  -0.0000007325
        0.0000001237  -0.0010911114
       -0.0435450945   0.0279482301  -0.0000001296   0.0520610174   0.0235629082
       -0.0000001134  -0.1300921695   0.0467655291  -0.0000020410   0.6929887360
        0.0214432353   0.0000045973  -0.3540764486   0.0367282105  -0.0000013691
       -0.0419421440  -0.0771680808   0.0000002119   0.0072762853  -0.0039946138
       -0.0000000887  -0.0043603318   0.0007047221  -0.0000000184  -0.0408811274
        0.0392002832  -0.0000009554  -0.0000961753   0.0006572155   0.0000002768
       -0.0006866211  -0.0033487661   0.0000000348  -0.1130741809  -0.1160764587
        0.0000003986  -0.0176078716   0.0024209212  -0.0000006128  -0.0059638741
        0.0011566643  -0.0000001910
        0.0260335295  -0.0121791336   0.0000001307  -0.0235606635  -0.0587483660
        0.0000000965   0.1214113369  -0.2602982499   0.0000040904   0.0214432353
        0.6489131148  -0.0000065554  -0.0370248741  -0.0937449621  -0.0000001229
       -0.0229816712   0.0235425291   0.0000003020  -0.0063007668  -0.0044799139
        0.0000000188   0.0009113870   0.0009341210   0.0000000260   0.0143409441
       -0.0015423575   0.0000002762   0.0004282813   0.0006073328  -0.0000001015
       -0.0028062402  -0.0042815003  -0.0000000618  -0.1170842044  -0.2379769045
        0.0000018304   0.0256989239  -0.0013717595   0.0000001114  -0.0005092177
        0.0006260497  -0.0000000411
       -0.0000000377  -0.0000001606  -0.0036771576  -0.0000000360   0.0000001154
        0.0005932520  -0.0000021365   0.0000041054  -0.0526695848   0.0000045973
       -0.0000065554   0.1095967493  -0.0000019802   0.0000000416  -0.0423279467
        0.0000001169   0.0000001367   0.0023227939   0.0000001211   0.0000002101
        0.0073332002   0.0000001078  -0.0000000757  -0.0014389299  -0.0000009861
        0.0000006770   0.0039867924  -0.0000000069   0.0000000013  -0.0002020397
       -0.0000000983  -0.0000001384   0.0068283960   0.0000006457   0.0000016088
       -0.0332680538  -0.0000001633   0.0000000225   0.0007972692  -0.0000001439
        0.0000000113   0.0021252592
        0.0528251088  -0.0247434071   0.0000002198  -0.0438822494  -0.0254585618
        0.0000000287  -0.0378644316   0.0817080288  -0.0000004504  -0.3540764486
       -0.0370248741  -0.0000019802   0.6726467759  -0.0202344008   0.0000006522
       -0.1278443620  -0.0640721445   0.0000007891  -0.0402702653  -0.0262676959
        0.0000006139   0.0043661837   0.0026881060   0.0000001974   0.0035424340
        0.0004826164  -0.0000000413  -0.0009776625   0.0030892551  -0.0000000780
       -0.0001497628  -0.0008281204  -0.0000002921  -0.0176075015  -0.0027792439
        0.0000000254  -0.1093693780   0.1134547852   0.0000002153  -0.0013384407
       -0.0000143431   0.0000001003
        0.0246616566  -0.0632554028   0.0000002471  -0.0282449549  -0.0120408460
        0.0000001828   0.0242357341   0.0297416825   0.0000000625   0.0367282105
       -0.0937449621   0.0000000416  -0.0202344008   0.6474273250  -0.0000033374
       -0.1153551921  -0.2552562800   0.0000012479  -0.0260034912  -0.0002122662
        0.0000003337   0.0095798658  -0.0013163389   0.0000000722   0.0034007348
       -0.0065735529   0.0000001511   0.0026967635  -0.0044389244  -0.0000002126
       -0.0005093923   0.0004194496  -0.0000000965  -0.0254564218  -0.0013762352
       -0.0000002500   0.1128983505  -0.2388007625   0.0000013496   0.0016025375
       -0.0005728861   0.0000002080
        0.0000001248  -0.0000000142   0.0028755888  -0.0000000162  -0.0000000709
       -0.0039530007  -0.0000004807   0.0000004134  -0.0025691578  -0.0000013691
       -0.0000001229  -0.0423279467   0.0000006522  -0.0000033374   0.1145539256
        0.0000008636   0.0000014941  -0.0476456251   0.0000009812   0.0000006813
       -0.0013358486  -0.0000001894  -0.0000000651   0.0014936686  -0.0000000801
        0.0000000949   0.0052853440  -0.0000000057  -0.0000000663   0.0069108601
       -0.0000000045  -0.0000000206  -0.0002888832   0.0000000349  -0.0000000182
        0.0000113059  -0.0000004447   0.0000009960  -0.0343690063  -0.0000000663
        0.0000000358   0.0013587754
       -0.1292717229   0.1176127355   0.0000004689  -0.0416784457   0.0228457611
        0.0000000642   0.0118914262   0.0007717086   0.0000003458  -0.0419421440
       -0.0229816712   0.0000001169  -0.1278443620  -0.1153551921   0.0000008636
        0.6600866390  -0.0018629963  -0.0000122871  -0.2709393925  -0.0002795701
        0.0000101469  -0.0574834717  -0.0002057342   0.0000009699  -0.0061223596
       -0.0003260509  -0.0000000638   0.0070233810  -0.0110311533  -0.0000002271
       -0.0059451091   0.0000082312  -0.0000000509  -0.0055747855   0.0001788056
       -0.0000000392   0.0069125640   0.0110541651  -0.0000002614   0.0008877827
       -0.0004290390  -0.0000000469
        0.0667056702  -0.2588917468  -0.0000007779   0.0775103277   0.0228426290
       -0.0000002084   0.0002312770  -0.0637989970   0.0000000739  -0.0771680808
        0.0235425291   0.0000001367  -0.0640721445  -0.2552562800   0.0000014941
       -0.0018629963   0.6170328491  -0.0000008796  -0.0004815010  -0.0592339957
       -0.0000000133  -0.0000451644   0.0181462295   0.0000000144  -0.0007818243
        0.0021579504   0.0000000212   0.0111412957  -0.0252781398   0.0000006519
       -0.0002863874   0.0016685082   0.0000001692   0.0002676923   0.0016227998
       -0.0000001431  -0.0110832723  -0.0252055377  -0.0000005414  -0.0000748919
        0.0006512017   0.0000000023
        0.0000005678  -0.0000005352  -0.0473387501  -0.0000001028  -0.0000003615
        0.0021446969  -0.0000003714   0.0000001156  -0.0064253172   0.0000002119
        0.0000003020   0.0023227939   0.0000007891   0.0000012479  -0.0476456251
       -0.0000122871  -0.0000008796   0.1153072296   0.0000114967   0.0000000251
       -0.0517478958  -0.0000008726  -0.0000000067   0.0155614040   0.0000002621
        0.0000000153  -0.0003280112   0.0000000578  -0.0000001139   0.0009396644
        0.0000000768  -0.0000001153   0.0080063404   0.0000000628   0.0000001315
        0.0081646577   0.0000000926   0.0000002027   0.0009650926   0.0000000164
       -0.0000000280   0.0000737197
       -0.0408672385   0.0262070454   0.0000008535   0.0072404609   0.0064939612
        0.0000001147  -0.0113337037  -0.0005222927  -0.0000003839   0.0072762853
       -0.0063007668   0.0000001211  -0.0402702653  -0.0260034912   0.0000009812
       -0.2709393925  -0.0004815010   0.0000114967   1.5943198127   0.0043035787
       -0.0000112382  -1.2538014324  -0.0041368785  -0.0000018654   0.0080987053
        0.0003217533   0.0000001951   0.0008167112  -0.0018201356  -0.0000000636
       -0.0002228783  -0.0002463512   0.0000000841  -0.0003899636   0.0000629191
        0.0000000745   0.0008761172   0.0017766047  -0.0000001505  -0.0008032184
        0.0003455545  -0.0000002192
        0.0264685480  -0.0002500962  -0.0000006727   0.0038694276  -0.0043847429
       -0.0000001520  -0.0000291316  -0.0018608600   0.0000000111  -0.0039946138
       -0.0044799139   0.0000002101  -0.0262676959  -0.0002122662   0.0000006813
       -0.0002795701  -0.0592339957   0.0000000251   0.0043035787   0.1062200623
       -0.0000000661  -0.0041839875  -0.0350256375  -0.0000000150   0.0000269810
        0.0000602751   0.0000000273   0.0012402908  -0.0002819273  -0.0000002385
        0.0015570445  -0.0001754851  -0.0000001098  -0.0014333624  -0.0001142933
        0.0000001394  -0.0012315882  -0.0002761283   0.0000002287  -0.0000459211
        0.0000150089  -0.0000000688
        0.0000004972  -0.0000002920  -0.0014374890  -0.0000000913   0.0000000450
        0.0076784124   0.0000000907  -0.0000000124   0.0006721301  -0.0000000887
        0.0000000188   0.0073332002   0.0000006139   0.0000003337  -0.0013358486
        0.0000101469  -0.0000000133  -0.0517478958  -0.0000112382  -0.0000000661
        0.0782861482   0.0000003737   0.0000000050  -0.0333775407  -0.0000002291
       -0.0000000143  -0.0016048697  -0.0000000181   0.0000000577  -0.0026484925
       -0.0000000222   0.0000000084   0.0005055186  -0.0000000189  -0.0000000056
        0.0004379007  -0.0000000210  -0.0000000635  -0.0025311809   0.0000000053
       -0.0000000015  -0.0002299933
        0.0045324580  -0.0096591799  -0.0000001419  -0.0042769866  -0.0010597410
        0.0000001123   0.0063857384   0.0002796291   0.0000002068  -0.0043603318
        0.0009113870   0.0000001078   0.0043661837   0.0095798658  -0.0000001894
       -0.0574834717  -0.0000451644  -0.0000008726  -1.2538014324  -0.0041839875
        0.0000003737   1.3091756308   0.0043892235   0.0000005217  -0.0043102880
       -0.0002649301  -0.0000001024   0.0001574036   0.0003250292  -0.0000000378
       -0.0005885460   0.0001419388  -0.0000000563  -0.0004419430  -0.0000246640
       -0.0000000483   0.0001209231  -0.0002941728   0.0000000064   0.0005246620
       -0.0000952335   0.0000001201
       -0.0027241411  -0.0013229545   0.0000000698  -0.0007027442   0.0008810203
        0.0000000610   0.0000356036   0.0005196487  -0.0000000037   0.0007047221
        0.0009341210  -0.0000000757   0.0026881060  -0.0013163389  -0.0000000651
       -0.0002057342   0.0181462295  -0.0000000067  -0.0041368785  -0.0350256375
        0.0000000050   0.0043892235   0.0164513695   0.0000000088  -0.0000036125
        0.0000071079  -0.0000000093  -0.0003567441   0.0003187215   0.0000000852
       -0.0003367190   0.0000506403   0.0000000548   0.0003010821   0.0000269456
       -0.0000000641   0.0003600439   0.0003148651  -0.0000000844  -0.0000122076
        0.0000142614   0.0000000244
        0.0000002285  -0.0000000687   0.0015177853  -0.0000000394  -0.0000000383
       -0.0015118194   0.0000000327  -0.0000000033  -0.0001902879  -0.0000000184
        0.0000000260  -0.0014389299   0.0000001974   0.0000000722   0.0014936686
        0.0000009699   0.0000000144   0.0155614040  -0.0000018654  -0.0000000150
       -0.0333775407   0.0000005217   0.0000000088   0.0170384929  -0.0000000393
        0.0000000013   0.0004001766  -0.0000000081   0.0000000125   0.0004165977
        0.0000000209   0.0000000031  -0.0001633583   0.0000000158  -0.0000000008
       -0.0001468768  -0.0000000093  -0.0000000123   0.0003871301  -0.0000000069
        0.0000000002   0.0000135579
        0.0005178291  -0.0052543911  -0.0000001335  -0.0471563531  -0.0085981324
       -0.0000009663  -0.2983274459  -0.0389587282  -0.0000045460  -0.0408811274
        0.0143409441  -0.0000009861   0.0035424340   0.0034007348  -0.0000000801
       -0.0061223596  -0.0007818243   0.0000002621   0.0080987053   0.0000269810
       -0.0000002291  -0.0043102880  -0.0000036125  -0.0000000393   0.4633616133
       -0.0996684357   0.0000094564  -0.0016663952   0.0000212388   0.0000000645
        0.0039060699   0.0016541857   0.0000002099   0.0010934761  -0.0005133530
        0.0000000955  -0.0005882037  -0.0001291914   0.0000000021  -0.0814679546
        0.1344635844  -0.0000031101
       -0.0003005911  -0.0060809211  -0.0000000478  -0.0395346885  -0.0038979497
       -0.0000006484  -0.0052952747  -0.0822272624   0.0000002372   0.0392002832
       -0.0015423575   0.0000006770   0.0004826164  -0.0065735529   0.0000000949
       -0.0003260509   0.0021579504   0.0000000153   0.0003217533   0.0000602751
       -0.0000000143  -0.0002649301   0.0000071079   0.0000000013  -0.0996684357
        0.4799156947  -0.0000058544  -0.0015948349  -0.0001428476   0.0000000061
       -0.0016380094   0.0019330767  -0.0000000062  -0.0005760999   0.0019797829
       -0.0000000550   0.0014322876  -0.0000976884  -0.0000000176   0.1077619746
       -0.3854913083   0.0000056121
        0.0000000211  -0.0000002483   0.0067230295  -0.0000010994  -0.0000001424
        0.0070712111  -0.0000050401  -0.0000003725  -0.0370632381  -0.0000009554
        0.0000002762   0.0039867924  -0.0000000413   0.0000001511   0.0052853440
       -0.0000000638   0.0000000212  -0.0003280112   0.0000001951   0.0000000273
       -0.0016048697  -0.0000001024  -0.0000000093   0.0004001766   0.0000094564
       -0.0000058544   0.0279395635  -0.0000000714  -0.0000000107  -0.0004899006
        0.0000001065   0.0000000934  -0.0015419728   0.0000000792  -0.0000000679
       -0.0029942791  -0.0000000351   0.0000000036  -0.0000406868  -0.0000024493
        0.0000061326  -0.0073431589
       -0.1090699712  -0.1123941193  -0.0000001771  -0.0176046344  -0.0260845787
       -0.0000000834  -0.0050177007   0.0009867611  -0.0000000201  -0.0000961753
        0.0004282813  -0.0000000069  -0.0009776625   0.0026967635  -0.0000000057
        0.0070233810   0.0111412957   0.0000000578   0.0008167112   0.0012402908
       -0.0000000181   0.0001574036  -0.0003567441  -0.0000000081  -0.0016663952
       -0.0015948349  -0.0000000714   0.1251617809   0.1240348968   0.0000003223
        0.0007591836  -0.0007732369   0.0000000168   0.0000182842   0.0000561037
        0.0000000150   0.0003119059   0.0007132922  -0.0000000207   0.0001838889
       -0.0000941712  -0.0000000005
       -0.1129818194  -0.2385972018  -0.0000004646  -0.0023996253  -0.0016246763
       -0.0000000138  -0.0000497168   0.0012028996  -0.0000000032   0.0006572155
        0.0006073328   0.0000000013   0.0030892551  -0.0044389244  -0.0000000663
       -0.0110311533  -0.0252781398  -0.0000001139  -0.0018201356  -0.0002819273
        0.0000000577   0.0003250292   0.0003187215   0.0000000125   0.0000212388
       -0.0001428476  -0.0000000107   0.1240348968   0.2682576232   0.0000005202
        0.0007737996   0.0010837188   0.0000000086   0.0000657933   0.0001308383
       -0.0000000002  -0.0007170245  -0.0012461735   0.0000000540   0.0000322468
        0.0000087566   0.0000000185
        0.0000004314  -0.0000007969  -0.0341200713  -0.0000006005  -0.0000001566
        0.0010036514  -0.0000001161   0.0000002405   0.0087749981   0.0000002768
       -0.0000001015  -0.0002020397  -0.0000000780  -0.0000002126   0.0069108601
       -0.0000002271   0.0000006519   0.0009396644  -0.0000000636  -0.0000002385
       -0.0026484925  -0.0000000378   0.0000000852   0.0004165977   0.0000000645
        0.0000000061  -0.0004899006   0.0000003223   0.0000005202   0.0237407838
        0.0000000112   0.0000000664  -0.0028637260   0.0000000329  -0.0000000169
       -0.0016293024  -0.0000000151  -0.0000000466   0.0000758797  -0.0000000009
       -0.0000000006   0.0000910972
       -0.0183833392   0.0266972147  -0.0000000464  -0.1050139918   0.1070841994
        0.0000004297   0.0040781832  -0.0103732370  -0.0000001034  -0.0006866211
       -0.0028062402  -0.0000000983  -0.0001497628  -0.0005093923  -0.0000000045
       -0.0059451091  -0.0002863874   0.0000000768  -0.0002228783   0.0015570445
       -0.0000000222  -0.0005885460  -0.0003367190   0.0000000209   0.0039060699
       -0.0016380094   0.0000001065   0.0007591836   0.0007737996   0.0000000112
        0.1223860245  -0.1205281150  -0.0000003769   0.0003069894  -0.0006482986
        0.0000000287  -0.0000066419  -0.0000552635   0.0000000291  -0.0004395604
        0.0010694042  -0.0000000513
        0.0030824786  -0.0018255011   0.0000000350   0.1078415931  -0.2351384977
       -0.0000013692   0.0139098608  -0.0273594922  -0.0000000573  -0.0033487661
       -0.0042815003  -0.0000001384  -0.0008281204   0.0004194496  -0.0000000206
        0.0000082312   0.0016685082  -0.0000001153  -0.0002463512  -0.0001754851
        0.0000000084   0.0001419388   0.0000506403   0.0000000031   0.0016541857
        0.0019330767   0.0000000934  -0.0007732369   0.0010837188   0.0000000664
       -0.1205281150   0.2649963835   0.0000015292   0.0008220564  -0.0012623193
        0.0000000414  -0.0000458527   0.0001251304   0.0000000000  -0.0016899025
       -0.0002341118  -0.0000000762
        0.0000000183   0.0000002740  -0.0001135906   0.0000002199  -0.0000017159
       -0.0319737766   0.0000001756   0.0000000029   0.0013063791   0.0000000348
       -0.0000000618   0.0068283960  -0.0000002921  -0.0000000965  -0.0002888832
       -0.0000000509   0.0000001692   0.0080063404   0.0000000841  -0.0000001098
        0.0005055186  -0.0000000563   0.0000000548  -0.0001633583   0.0000002099
       -0.0000000062  -0.0015419728   0.0000000168   0.0000000086  -0.0028637260
       -0.0000003769   0.0000015292   0.0228561461   0.0000000312  -0.0000000326
       -0.0003566459   0.0000000143  -0.0000000057  -0.0016006907  -0.0000000286
       -0.0000000102  -0.0006001361
       -0.0000785477   0.0005041269  -0.0000000038  -0.0011839975   0.0027040049
       -0.0000001201   0.0076592968   0.0109829210  -0.0000000830  -0.1130741809
       -0.1170842044   0.0000006457  -0.0176075015  -0.0254564218   0.0000000349
       -0.0055747855   0.0002676923   0.0000000628  -0.0003899636  -0.0014333624
       -0.0000000189  -0.0004419430   0.0003010821   0.0000000158   0.0010934761
       -0.0005760999   0.0000000792   0.0000182842   0.0000657933   0.0000000329
        0.0003069894   0.0008220564   0.0000000312   0.1284851429   0.1297006425
       -0.0000006580   0.0007911289  -0.0007771263   0.0000000106  -0.0000033987
       -0.0000211043  -0.0000000291
        0.0008543360   0.0003599043   0.0000000118   0.0030455292  -0.0040989031
        0.0000001715  -0.0141166629  -0.0275320962   0.0000001550  -0.1160764587
       -0.2379769045   0.0000016088  -0.0027792439  -0.0013762352  -0.0000000182
        0.0001788056   0.0016227998   0.0000001315   0.0000629191  -0.0001142933
       -0.0000000056  -0.0000246640   0.0000269456  -0.0000000008  -0.0005133530
        0.0019797829  -0.0000000679   0.0000561037   0.0001308383  -0.0000000169
       -0.0006482986  -0.0012623193  -0.0000000326   0.1297006425   0.2664820979
       -0.0000018501   0.0008010289   0.0009987454  -0.0000000697  -0.0005406838
        0.0007596374  -0.0000000168
       -0.0000002695   0.0000000714  -0.0002793008  -0.0000000171   0.0000001058
        0.0070026800   0.0000003681   0.0000001996   0.0021380218   0.0000003986
        0.0000018304  -0.0332680538   0.0000000254  -0.0000002500   0.0000113059
       -0.0000000392  -0.0000001431   0.0081646577   0.0000000745   0.0000001394
        0.0004379007  -0.0000000483  -0.0000000641  -0.0001468768   0.0000000955
       -0.0000000550  -0.0029942791   0.0000000150  -0.0000000002  -0.0016293024
        0.0000000287   0.0000000414  -0.0003566459  -0.0000006580  -0.0000018501
        0.0237090843   0.0000000137  -0.0000000187  -0.0029056304   0.0000000126
       -0.0000000068   0.0001164388
       -0.0009987696  -0.0026920170   0.0000000103  -0.0001264894  -0.0004741956
       -0.0000000070  -0.0054640496  -0.0006621862  -0.0000000159  -0.0176078716
        0.0256989239  -0.0000001633  -0.1093693780   0.1128983505  -0.0000004447
        0.0069125640  -0.0110832723   0.0000000926   0.0008761172  -0.0012315882
       -0.0000000210   0.0001209231   0.0003600439  -0.0000000093  -0.0005882037
        0.0014322876  -0.0000000351   0.0003119059  -0.0007170245  -0.0000000151
       -0.0000066419  -0.0000458527   0.0000000143   0.0007911289   0.0008010289
        0.0000000137   0.1255872014  -0.1245289348   0.0000006118  -0.0004384367
        0.0002444365  -0.0000000312
       -0.0030122051  -0.0044416510   0.0000000945  -0.0006739861   0.0006404469
       -0.0000000032   0.0001364549   0.0011011358   0.0000000304   0.0024209212
       -0.0013717595   0.0000000225   0.1134547852  -0.2388007625   0.0000009960
        0.0110541651  -0.0252055377   0.0000002027   0.0017766047  -0.0002761283
       -0.0000000635  -0.0002941728   0.0003148651  -0.0000000123  -0.0001291914
       -0.0000976884   0.0000000036   0.0007132922  -0.0012461735  -0.0000000466
       -0.0000552635   0.0001251304  -0.0000000057  -0.0007771263   0.0009987454
       -0.0000000187  -0.1245289348   0.2682411975  -0.0000011810  -0.0000853433
        0.0000181798  -0.0000000187
       -0.0000000458   0.0000002150   0.0067227948   0.0000002903   0.0000001287
       -0.0001542326  -0.0000000877  -0.0000001988   0.0091164155  -0.0000006128
        0.0000001114   0.0007972692   0.0000002153   0.0000013496  -0.0343690063
       -0.0000002614  -0.0000005414   0.0009650926  -0.0000001505   0.0000002287
       -0.0025311809   0.0000000064  -0.0000000844   0.0003871301   0.0000000021
       -0.0000000176  -0.0000406868  -0.0000000207   0.0000000540   0.0000758797
        0.0000000291   0.0000000000  -0.0016006907   0.0000000106  -0.0000000697
       -0.0029056304   0.0000006118  -0.0000011810   0.0238836590   0.0000000131
        0.0000000056  -0.0003468134
       -0.0005118469   0.0002600013  -0.0000000147   0.0018221398   0.0017184830
        0.0000000863  -0.0232964762   0.0368483622  -0.0000007325  -0.0059638741
       -0.0005092177  -0.0000001439  -0.0013384407   0.0016025375  -0.0000000663
        0.0008877827  -0.0000748919   0.0000000164  -0.0008032184  -0.0000459211
        0.0000000053   0.0005246620  -0.0000122076  -0.0000000069  -0.0814679546
        0.1077619746  -0.0000024493   0.0001838889   0.0000322468  -0.0000000009
       -0.0004395604  -0.0016899025  -0.0000000286  -0.0000033987  -0.0005406838
        0.0000000126  -0.0004384367  -0.0000853433   0.0000000131   0.1108447332
       -0.1452654373   0.0000033095
        0.0007479355  -0.0006407923   0.0000000062  -0.0029178399   0.0026265275
       -0.0000000126   0.0108095890   0.0021477192   0.0000001237   0.0011566643
        0.0006260497   0.0000000113  -0.0000143431  -0.0005728861   0.0000000358
       -0.0004290390   0.0006512017  -0.0000000280   0.0003455545   0.0000150089
       -0.0000000015  -0.0000952335   0.0000142614   0.0000000002   0.1344635844
       -0.3854913083   0.0000061326  -0.0000941712   0.0000087566  -0.0000000006
        0.0010694042  -0.0002341118  -0.0000000102  -0.0000211043   0.0007596374
       -0.0000000068   0.0002444365   0.0000181798   0.0000000056  -0.1452654373
        0.3800717563  -0.0000062557
        0.0000000563  -0.0000000727   0.0002950135   0.0000001630   0.0000000911
       -0.0016038260  -0.0000000699   0.0000005936  -0.0010911114  -0.0000001910
       -0.0000000411   0.0021252592   0.0000001003   0.0000002080   0.0013587754
       -0.0000000469   0.0000000023   0.0000737197  -0.0000002192  -0.0000000688
       -0.0002299933   0.0000001201   0.0000000244   0.0000135579  -0.0000031101
        0.0000056121  -0.0073431589  -0.0000000005   0.0000000185   0.0000910972
       -0.0000000513  -0.0000000762  -0.0006001361  -0.0000000291  -0.0000000168
        0.0001164388  -0.0000000312  -0.0000000187  -0.0003468134   0.0000033095
       -0.0000062557   0.0071411774
