$hessian                                                                        
        0.0018412840  -0.0000265345  -0.0000173462  -0.0001924123   0.0000049989
        0.0000037821  -0.0002160918   0.0000336050   0.0000185960  -0.0001992241
       -0.0000476882  -0.0000293240  -0.0002435251  -0.0000239816  -0.0000175284
       -0.0002168612  -0.0000311122  -0.0000203286  -0.0001638224   0.0000016361
        0.0000048392  -0.0001868689   0.0000091623   0.0000069235  -0.0002228067
        0.0000272087   0.0000122029  -0.0001996715   0.0000527055   0.0000381834
       -0.0000265345   0.0017370176   0.0000009754   0.0000551577  -0.0001871550
       -0.0000071624  -0.0000344717  -0.0000722140   0.0000080493   0.0000399863
       -0.0004063434  -0.0000104325  -0.0000918970  -0.0003263107   0.0000097249
       -0.0000890426  -0.0003201272   0.0000098096   0.0001157873  -0.0001770256
       -0.0000153482   0.0001251354  -0.0001910911  -0.0000169547  -0.0001102979
       -0.0000729823   0.0000182161   0.0000161768   0.0000162317   0.0000031226
       -0.0000173462   0.0000009754   0.0017110291   0.0000014594   0.0000009888
       -0.0001581641  -0.0000125564   0.0000108794  -0.0000669420  -0.0000232665
        0.0000006997  -0.0004116677  -0.0001223152   0.0000440645  -0.0003694304
        0.0000794802  -0.0000418736  -0.0003910813   0.0001124975  -0.0000432334
       -0.0001344076  -0.0000908393   0.0000401414  -0.0001159622   0.0000565283
       -0.0000178173  -0.0001116149   0.0000163581   0.0000051752   0.0000482411
       -0.0001924123   0.0000551577   0.0000014594   0.0018220083  -0.0000093923
       -0.0000043799  -0.0001886754  -0.0000690312   0.0000034723  -0.0002262683
        0.0000983750  -0.0000045592  -0.0001607187   0.0000453245   0.0000067212
       -0.0001591231   0.0000692234   0.0000066711  -0.0002626890  -0.0000003429
       -0.0000090370  -0.0002705779  -0.0000197649  -0.0000101633  -0.0001486557
       -0.0000588768   0.0000087127  -0.0002128880  -0.0001106725   0.0000011028
        0.0000049989  -0.0001871550   0.0000009888  -0.0000093923   0.0018460009
       -0.0000021784   0.0000070394  -0.0002306053   0.0000029601  -0.0000067906
       -0.0001722381  -0.0000013457   0.0000161222  -0.0001907624   0.0000033171
        0.0000161121  -0.0001817553   0.0000027648  -0.0000195049  -0.0002041897
       -0.0000051174  -0.0000229498  -0.0002154553  -0.0000059001   0.0000174597
       -0.0002227224   0.0000120409  -0.0000030946  -0.0002411175  -0.0000075301
        0.0000037821  -0.0000071624  -0.0001581641  -0.0000043799  -0.0000021784
        0.0017838830   0.0000030038  -0.0000214077  -0.0001898321   0.0000000634
       -0.0000099856  -0.0002209487   0.0000226595  -0.0001101998  -0.0000858598
       -0.0000048801   0.0000951916  -0.0000819355  -0.0000238663   0.0001049617
       -0.0003373308   0.0000042756  -0.0000968219  -0.0003542926   0.0000024353
        0.0000494470  -0.0001053198  -0.0000030932  -0.0000018444  -0.0002501995
       -0.0002160918  -0.0000344717  -0.0000125564  -0.0001886754   0.0000070394
        0.0000030038   0.0018360446   0.0000444443   0.0000113595  -0.0001954866
       -0.0000623904  -0.0000209578  -0.0002458001  -0.0000318562  -0.0000126002
       -0.0002268860  -0.0000396444  -0.0000146687  -0.0001597783   0.0000020388
        0.0000049313  -0.0001732545   0.0000131303   0.0000065201  -0.0002326918
        0.0000333873  -0.0000003591  -0.0001973801   0.0000683226   0.0000353275
        0.0000336050  -0.0000722140   0.0000108794  -0.0000690312  -0.0002306053
       -0.0000214077   0.0000444443   0.0016753149   0.0000143251  -0.0000502228
        0.0000336252  -0.0000135943   0.0001140269  -0.0001115758   0.0000350194
        0.0001135791  -0.0000220565   0.0000345689  -0.0001429471  -0.0001885524
       -0.0000447184  -0.0001601635  -0.0002736847  -0.0000503998   0.0001371487
       -0.0003370360   0.0000530662  -0.0000204394  -0.0004732153  -0.0000177388
        0.0000185960   0.0000080493  -0.0000669420   0.0000034723   0.0000029601
       -0.0001898321   0.0000113595   0.0000143251   0.0016271663   0.0000329604
        0.0000102517   0.0001081872   0.0001437387   0.0000763254  -0.0001215920
       -0.0001093187  -0.0000586537  -0.0000968890  -0.0001300431  -0.0000729878
       -0.0001390989   0.0001274566   0.0000699382  -0.0001431850  -0.0000786845
       -0.0000463720  -0.0004836352  -0.0000195372  -0.0000038363  -0.0004941793
       -0.0001992241   0.0000399863  -0.0000232665  -0.0002262683  -0.0000067906
        0.0000000634  -0.0001954866  -0.0000502228   0.0000329604   0.0018300416
        0.0000712876  -0.0000480138  -0.0001962444   0.0000313664  -0.0000173381
       -0.0001552828   0.0000516440  -0.0000214031  -0.0002262512   0.0000012340
       -0.0000048953  -0.0002716169  -0.0000157248  -0.0000035223  -0.0001517351
       -0.0000422097   0.0000353657  -0.0002079324  -0.0000805703   0.0000500496
       -0.0000476882  -0.0004063434   0.0000006997   0.0000983750  -0.0001722381
       -0.0000099856  -0.0000623904   0.0000336252   0.0000102517   0.0000712876
        0.0014927914  -0.0000155424  -0.0001642361  -0.0004149361   0.0000134773
       -0.0001595155  -0.0004130737   0.0000127719   0.0002062922  -0.0001606127
       -0.0000207313   0.0002245049  -0.0001736742  -0.0000227280  -0.0001958107
        0.0000239612   0.0000204844   0.0000291813   0.0001905004   0.0000113023
       -0.0000293240  -0.0000104325  -0.0004116677  -0.0000045592  -0.0000013457
       -0.0002209487  -0.0000209578  -0.0000135943   0.0001081872  -0.0000480138
       -0.0000155424   0.0013978332  -0.0002137496  -0.0000984959  -0.0003394181
        0.0001560177   0.0000760477  -0.0003761884   0.0001914131   0.0000909168
       -0.0002841058  -0.0001803451  -0.0000826298  -0.0002751492   0.0001204434
        0.0000498550   0.0001590756   0.0000290753   0.0000052211   0.0002423818
       -0.0002435251  -0.0000918970  -0.0001223152  -0.0001607187   0.0000161222
        0.0000226595  -0.0002458001   0.0001140269   0.0001437387  -0.0001962444
       -0.0001642361  -0.0002137496   0.0016614042  -0.0000840428  -0.0001196042
       -0.0002017052  -0.0001068488  -0.0001396457  -0.0000085801   0.0000082301
        0.0000225178  -0.0001906464   0.0000270147   0.0000351207  -0.0002363648
        0.0000989845   0.0001250310  -0.0001778195   0.0001826463   0.0002462472
       -0.0000239816  -0.0003263107   0.0000440645   0.0000453245  -0.0001907624
       -0.0001101998  -0.0000318562  -0.0001115758   0.0000763254   0.0000313664
       -0.0004149361  -0.0000984959  -0.0000840428   0.0015510160   0.0001728680
       -0.0000704725  -0.0001589568   0.0001752590   0.0001014888  -0.0000044093
       -0.0002270369   0.0001008621  -0.0003504969  -0.0002531155  -0.0000837642
        0.0000052816   0.0002187634   0.0000150757   0.0000011503   0.0000015678
       -0.0000175284   0.0000097249  -0.0003694304   0.0000067212   0.0000033171
       -0.0000858598  -0.0000126002   0.0000350194  -0.0001215920  -0.0000173381
        0.0000134773  -0.0003394181  -0.0001196042   0.0001728680   0.0015754876
        0.0000655539  -0.0001527673  -0.0005008402   0.0001140796  -0.0001653113
        0.0000148407  -0.0000734756   0.0001523504   0.0000501170   0.0000385026
       -0.0000741306  -0.0002604812   0.0000156893   0.0000054521   0.0000371763
       -0.0002168612  -0.0000890426   0.0000794802  -0.0001591231   0.0000161121
       -0.0000048801  -0.0002268860   0.0001135791  -0.0001093187  -0.0001552828
       -0.0001595155   0.0001560177  -0.0002017052  -0.0000704725   0.0000655539
        0.0017187317  -0.0001143474   0.0000792260  -0.0001825513  -0.0000034228
        0.0000077536  -0.0000357265   0.0000375449   0.0000024779  -0.0003366482
        0.0000905923  -0.0001186063  -0.0002039475   0.0001789725  -0.0001577040
       -0.0000311122  -0.0003201272  -0.0000418736   0.0000692234  -0.0001817553
        0.0000951916  -0.0000396444  -0.0000220565  -0.0000586537   0.0000516440
       -0.0004130737   0.0000760477  -0.0001068488  -0.0001589568  -0.0001527673
       -0.0001143474   0.0015654404  -0.0001533032   0.0001389942  -0.0003460960
        0.0001944422   0.0001588931  -0.0000309841   0.0002171318  -0.0001451995
       -0.0001376497  -0.0001806468   0.0000183976   0.0000452590   0.0000044313
       -0.0000203286   0.0000098096  -0.0003910813   0.0000066711   0.0000027648
       -0.0000819355  -0.0000146687   0.0000345689  -0.0000968890  -0.0000214031
        0.0000127719  -0.0003761884  -0.0001396457   0.0001752590  -0.0005008402
        0.0000792260  -0.0001533032   0.0015284465   0.0001324072  -0.0001673195
        0.0000190684  -0.0000892966   0.0001530338   0.0000564806   0.0000485260
       -0.0000780495  -0.0002363518   0.0000185124   0.0000104642   0.0000792906
       -0.0001638224   0.0001157873   0.0001124975  -0.0002626890  -0.0000195049
       -0.0000238663  -0.0001597783  -0.0001429471  -0.0001300431  -0.0002262512
        0.0002062922   0.0001914131  -0.0000085801   0.0001014888   0.0001140796
       -0.0001825513   0.0001389942   0.0001324072   0.0016377198  -0.0000070613
       -0.0000265620  -0.0002559006  -0.0000355700  -0.0000385043  -0.0001425912
       -0.0001261805  -0.0001132786  -0.0002355556  -0.0002312986  -0.0002181432
        0.0000016361  -0.0001770256  -0.0000432334  -0.0000003429  -0.0002041897
        0.0001049617   0.0000020388  -0.0001885524  -0.0000729878   0.0000012340
       -0.0001606127   0.0000909168   0.0000082301  -0.0000044093  -0.0001653113
       -0.0000034228  -0.0003460960  -0.0001673195  -0.0000070613   0.0016703696
        0.0002168187   0.0000032630  -0.0000448814   0.0002420527  -0.0000042503
       -0.0003122493  -0.0002158179  -0.0000013247  -0.0002323532   0.0000099200
        0.0000048392  -0.0000153482  -0.0001344076  -0.0000090370  -0.0000051174
       -0.0003373308   0.0000049313  -0.0000447184  -0.0001390989  -0.0000048953
       -0.0000207313  -0.0002841058   0.0000225178  -0.0002270369   0.0000148407
        0.0000077536   0.0001944422   0.0000190684  -0.0000265620   0.0002168187
        0.0015821544  -0.0000120949  -0.0002011508  -0.0005061848   0.0000159565
        0.0001062723   0.0000377262  -0.0000034091  -0.0000034302  -0.0002526618
       -0.0001868689   0.0001251354  -0.0000908393  -0.0002705779  -0.0000229498
        0.0000042756  -0.0001732545  -0.0001601635   0.0001274566  -0.0002716169
        0.0002245049  -0.0001803451  -0.0001906464   0.0001008621  -0.0000734756
       -0.0000357265   0.0001588931  -0.0000892966  -0.0002559006   0.0000032630
       -0.0000120949   0.0016274296  -0.0000516386  -0.0000063343  -0.0000311707
       -0.0001268787   0.0001437564  -0.0002116672  -0.0002510280   0.0001768972
        0.0000091623  -0.0001910911   0.0000401414  -0.0000197649  -0.0002154553
       -0.0000968219   0.0000131303  -0.0002736847   0.0000699382  -0.0000157248
       -0.0001736742  -0.0000826298   0.0000270147  -0.0003504969   0.0001523504
        0.0000375449  -0.0000309841   0.0001530338  -0.0000355700  -0.0000448814
       -0.0002011508  -0.0000516386   0.0016882724  -0.0002249299   0.0000412734
       -0.0001494129   0.0002133795  -0.0000054272  -0.0002585917  -0.0000233108
        0.0000069235  -0.0000169547  -0.0001159622  -0.0000101633  -0.0000059001
       -0.0003542926   0.0000065201  -0.0000503998  -0.0001431850  -0.0000035223
       -0.0000227280  -0.0002751492   0.0000351207  -0.0002531155   0.0000501170
        0.0000024779   0.0002171318   0.0000564806  -0.0000385043   0.0002420527
       -0.0005061848  -0.0000063343  -0.0002249299   0.0015119378   0.0000118136
        0.0001188497   0.0000558109  -0.0000043316  -0.0000040062  -0.0002795725
       -0.0002228067  -0.0001102979   0.0000565283  -0.0001486557   0.0000174597
        0.0000024353  -0.0002326918   0.0001371487  -0.0000786845  -0.0001517351
       -0.0001958107   0.0001204434  -0.0002363648  -0.0000837642   0.0000385026
       -0.0003366482  -0.0001451995   0.0000485260  -0.0001425912  -0.0000042503
        0.0000159565  -0.0000311707   0.0000412734   0.0000118136   0.0016972839
        0.0001201694  -0.0000798459  -0.0001946199   0.0002232714  -0.0001356753
        0.0000272087  -0.0000729823  -0.0000178173  -0.0000588768  -0.0002227224
        0.0000494470   0.0000333873  -0.0003370360  -0.0000463720  -0.0000422097
        0.0000239612   0.0000498550   0.0000989845   0.0000052816  -0.0000741306
        0.0000905923  -0.0001376497  -0.0000780495  -0.0001261805  -0.0003122493
        0.0001062723  -0.0001268787  -0.0001494129   0.0001188497   0.0001201694
        0.0016505269  -0.0001310599  -0.0000161964  -0.0004477170   0.0000230052
        0.0000122029   0.0000182161  -0.0001116149   0.0000087127   0.0000120409
       -0.0001053198  -0.0000003591   0.0000530662  -0.0004836352   0.0000353657
        0.0000204844   0.0001590756   0.0001250310   0.0002187634  -0.0002604812
       -0.0001186063  -0.0001806468  -0.0002363518  -0.0001132786  -0.0002158179
        0.0000377262   0.0001437564   0.0002133795   0.0000558109  -0.0000798459
       -0.0001310599   0.0013635402  -0.0000129787  -0.0000084259  -0.0004187500
       -0.0001996715   0.0000161768   0.0000163581  -0.0002128880  -0.0000030946
       -0.0000030932  -0.0001973801  -0.0000204394  -0.0000195372  -0.0002079324
        0.0000291813   0.0000290753  -0.0001778195   0.0000150757   0.0000156893
       -0.0002039475   0.0000183976   0.0000185124  -0.0002355556  -0.0000013247
       -0.0000034091  -0.0002116672  -0.0000054272  -0.0000043316  -0.0001946199
       -0.0000161964  -0.0000129787   0.0018414817  -0.0000323491  -0.0000362853
        0.0000527055   0.0000162317   0.0000051752  -0.0001106725  -0.0002411175
       -0.0000018444   0.0000683226  -0.0004732153  -0.0000038363  -0.0000805703
        0.0001905004   0.0000052211   0.0001826463   0.0000011503   0.0000054521
        0.0001789725   0.0000452590   0.0000104642  -0.0002312986  -0.0002323532
       -0.0000034302  -0.0002510280  -0.0002585917  -0.0000040062   0.0002232714
       -0.0004477170  -0.0000084259  -0.0000323491   0.0013998533  -0.0000047696
        0.0000381834   0.0000031226   0.0000482411   0.0000011028  -0.0000075301
       -0.0002501995   0.0000353275  -0.0000177388  -0.0004941793   0.0000500496
        0.0000113023   0.0002423818   0.0002462472   0.0000015678   0.0000371763
       -0.0001577040   0.0000044313   0.0000792906  -0.0002181432   0.0000099200
       -0.0002526618   0.0001768972  -0.0000233108  -0.0002795725  -0.0001356753
        0.0000230052  -0.0004187500  -0.0000362853  -0.0000047696   0.0012882733
