$hessian                                                                        
        0.0000590327   0.0000007090  -0.0000006056  -0.0000032008   0.0000004472
       -0.0000003115  -0.0000023204   0.0000008407  -0.0000008501  -0.0000023688
        0.0000010104  -0.0000010360  -0.0000029921  -0.0000010625   0.0000012232
       -0.0000027251  -0.0000028327   0.0000031476  -0.0000031592  -0.0000002114
        0.0000001845  -0.0000029867  -0.0000016444   0.0000014691  -0.0000055388
        0.0000017014  -0.0000017208  -0.0000059886   0.0000003924  -0.0000002412
       -0.0000058957   0.0000002362  -0.0000000488  -0.0000025103   0.0000017423
       -0.0000020589  -0.0000008533   0.0000006751  -0.0000005786  -0.0000030232
        0.0000004771  -0.0000003036  -0.0000008701   0.0000007764  -0.0000009012
       -0.0000030675   0.0000006231  -0.0000005683  -0.0000026193   0.0000020616
       -0.0000021651  -0.0000019234  -0.0000032242   0.0000016567  -0.0000041361
       -0.0000014729   0.0000030089  -0.0000028534  -0.0000012450   0.0000006997
        0.0000007090   0.0000583740  -0.0000015279   0.0000001047  -0.0000036083
        0.0000000620  -0.0000009629  -0.0000044533   0.0000025454   0.0000005347
       -0.0000019699  -0.0000009363   0.0000001106  -0.0000022541   0.0000000214
        0.0000004981  -0.0000012504  -0.0000000246  -0.0000003409  -0.0000023522
        0.0000000099  -0.0000003208  -0.0000012845  -0.0000000767   0.0000007194
       -0.0000070293  -0.0000015984   0.0000014202  -0.0000053818  -0.0000033130
        0.0000004104  -0.0000071498  -0.0000008175  -0.0000009815  -0.0000055494
        0.0000024755  -0.0000014076  -0.0000027735   0.0000037231  -0.0000013475
       -0.0000056126   0.0000032826   0.0000001183  -0.0000003683   0.0000001531
        0.0000011862  -0.0000013386  -0.0000026299   0.0000005637  -0.0000029630
       -0.0000010699  -0.0000005537  -0.0000002378   0.0000001979   0.0000003546
       -0.0000011218  -0.0000009506  -0.0000008152  -0.0000016754   0.0000004738
       -0.0000006056  -0.0000015279   0.0000591980   0.0000000840   0.0000000937
       -0.0000037403  -0.0000001864  -0.0000003222  -0.0000021306   0.0000008782
        0.0000017001  -0.0000048971   0.0000002153   0.0000004382  -0.0000028734
        0.0000007151   0.0000012895  -0.0000030786  -0.0000003036  -0.0000003587
       -0.0000018600  -0.0000002315  -0.0000001785  -0.0000010308  -0.0000007234
       -0.0000018367  -0.0000058079  -0.0000004351  -0.0000012530  -0.0000062683
       -0.0000011720  -0.0000026857  -0.0000043053  -0.0000002837  -0.0000006011
       -0.0000027960   0.0000002882   0.0000008135  -0.0000011048  -0.0000007794
       -0.0000014654  -0.0000013067   0.0000013720   0.0000028366  -0.0000039366
        0.0000010567   0.0000020205  -0.0000059800   0.0000007797   0.0000014435
       -0.0000056261   0.0000003385   0.0000009095  -0.0000006616  -0.0000003879
       -0.0000004792  -0.0000017924  -0.0000006191  -0.0000008369  -0.0000000016
       -0.0000032008   0.0000001047   0.0000000840   0.0000610736   0.0000000711
        0.0000000563  -0.0000030879   0.0000001173   0.0000000956  -0.0000034166
        0.0000001270   0.0000001343  -0.0000032778  -0.0000000603  -0.0000000922
       -0.0000034425  -0.0000000655  -0.0000001926  -0.0000030991  -0.0000001713
       -0.0000000994  -0.0000031143  -0.0000002938  -0.0000002326  -0.0000031778
        0.0000002013   0.0000001902  -0.0000033094   0.0000000723   0.0000000551
       -0.0000030814   0.0000000665   0.0000000263  -0.0000030643   0.0000002178
        0.0000002058  -0.0000031172   0.0000000893   0.0000000714  -0.0000029628
        0.0000000778   0.0000000376  -0.0000034484   0.0000001064   0.0000001187
       -0.0000035264   0.0000000932   0.0000000987  -0.0000033986   0.0000002214
        0.0000002414  -0.0000031986  -0.0000002774  -0.0000002549  -0.0000031841
       -0.0000003478  -0.0000003138  -0.0000029655  -0.0000003501  -0.0000002300
        0.0000004472  -0.0000036083   0.0000000937   0.0000000711   0.0000607361
        0.0000000432  -0.0000006089  -0.0000037895  -0.0000000817   0.0000003721
       -0.0000040015   0.0000000734   0.0000000847  -0.0000029341   0.0000000761
        0.0000003821  -0.0000029337   0.0000002805  -0.0000002664  -0.0000023497
       -0.0000001504  -0.0000002680  -0.0000017297  -0.0000001432   0.0000004545
       -0.0000040753   0.0000000682   0.0000009218  -0.0000034592   0.0000001783
        0.0000002386  -0.0000033145   0.0000000757  -0.0000006184  -0.0000042728
       -0.0000001229  -0.0000008838  -0.0000037524  -0.0000001128  -0.0000008359
       -0.0000034929  -0.0000000976   0.0000001060  -0.0000039963   0.0000000281
        0.0000008301  -0.0000038472   0.0000001653   0.0000003941  -0.0000044645
        0.0000000503  -0.0000003496  -0.0000018373  -0.0000001891   0.0000001716
       -0.0000014670   0.0000000881  -0.0000006429  -0.0000014101  -0.0000003232
       -0.0000003115   0.0000000620  -0.0000037403   0.0000000563   0.0000000432
        0.0000606363  -0.0000000868   0.0000000347  -0.0000038772   0.0000005074
       -0.0000000114  -0.0000039193   0.0000001538   0.0000002148  -0.0000031328
        0.0000005507   0.0000008606  -0.0000036087  -0.0000002770  -0.0000004341
       -0.0000020379  -0.0000002555  -0.0000002610  -0.0000014419  -0.0000003782
       -0.0000000181  -0.0000041160  -0.0000001819   0.0000000838  -0.0000035841
       -0.0000006295   0.0000001331  -0.0000035839  -0.0000001389   0.0000000028
       -0.0000042132   0.0000001700   0.0000000002  -0.0000038434  -0.0000003553
        0.0000000586  -0.0000037321   0.0000007584   0.0000000053  -0.0000038538
        0.0000006816   0.0000000318  -0.0000037868   0.0000004543  -0.0000001211
       -0.0000042891   0.0000001850   0.0000003935  -0.0000012937  -0.0000003121
       -0.0000005058  -0.0000018187  -0.0000005908  -0.0000005730  -0.0000007633
       -0.0000023204  -0.0000009629  -0.0000001864  -0.0000030879  -0.0000006089
       -0.0000000868   0.0000599303  -0.0000010557   0.0000000283  -0.0000025165
       -0.0000011402  -0.0000001662  -0.0000030730   0.0000007996  -0.0000000147
       -0.0000025319   0.0000015395  -0.0000001662  -0.0000037270   0.0000011366
        0.0000002402  -0.0000037544   0.0000024486   0.0000003300  -0.0000022885
       -0.0000019567  -0.0000002385  -0.0000013894  -0.0000006335  -0.0000002662
       -0.0000027163  -0.0000005677  -0.0000001328  -0.0000043863  -0.0000020438
       -0.0000000098  -0.0000049482  -0.0000007840   0.0000000971  -0.0000047848
       -0.0000006866   0.0000000762  -0.0000030645  -0.0000008963  -0.0000000878
       -0.0000016006  -0.0000007701  -0.0000002506  -0.0000024539  -0.0000021405
       -0.0000002212  -0.0000038812   0.0000029437   0.0000003958  -0.0000029265
        0.0000027628   0.0000001310  -0.0000044789   0.0000026160   0.0000005286
        0.0000008407  -0.0000044533  -0.0000003222   0.0000001173  -0.0000037895
        0.0000000347  -0.0000010557   0.0000600236   0.0000005748   0.0000005766
       -0.0000038860  -0.0000001604   0.0000001277  -0.0000025298  -0.0000000022
        0.0000006001  -0.0000020739  -0.0000000143  -0.0000004373  -0.0000019817
       -0.0000000285  -0.0000004478  -0.0000008359  -0.0000000832   0.0000008647
       -0.0000053744  -0.0000003233   0.0000016604  -0.0000040934  -0.0000007132
        0.0000005237  -0.0000043900  -0.0000001854  -0.0000010635  -0.0000052250
        0.0000005654  -0.0000015816  -0.0000038016   0.0000008421  -0.0000014031
       -0.0000042313   0.0000007233   0.0000000640  -0.0000034357   0.0000000786
        0.0000013656  -0.0000034952  -0.0000005303   0.0000006249  -0.0000047860
       -0.0000001724  -0.0000006493  -0.0000004770  -0.0000000882   0.0000003421
       -0.0000005492  -0.0000002045  -0.0000010694  -0.0000006146   0.0000000090
       -0.0000008501   0.0000025454  -0.0000021306   0.0000000956  -0.0000000817
       -0.0000038772   0.0000000283   0.0000005748   0.0000570363   0.0000009692
       -0.0000026573  -0.0000032076   0.0000003022  -0.0000004940  -0.0000026522
        0.0000010476  -0.0000011514  -0.0000022549  -0.0000004916   0.0000000308
       -0.0000020084  -0.0000004344  -0.0000001055  -0.0000007850  -0.0000010003
        0.0000029931  -0.0000028741  -0.0000007478   0.0000021319   0.0000003259
       -0.0000014672   0.0000044388  -0.0000026001  -0.0000000833   0.0000010390
       -0.0000080251   0.0000006916  -0.0000012950  -0.0000085642  -0.0000004917
        0.0000023874  -0.0000078029   0.0000016220  -0.0000044579  -0.0000044042
        0.0000011651  -0.0000031229  -0.0000008420   0.0000008416  -0.0000023274
       -0.0000038762   0.0000005449  -0.0000010436  -0.0000008706  -0.0000007339
        0.0000000020   0.0000005189  -0.0000010078   0.0000005934  -0.0000011060
       -0.0000023688   0.0000005347   0.0000008782  -0.0000034166   0.0000003721
        0.0000005074  -0.0000025165   0.0000005766   0.0000009692   0.0000592831
        0.0000005982   0.0000013272  -0.0000036662  -0.0000000770  -0.0000011533
       -0.0000047601   0.0000005160  -0.0000026751  -0.0000025101  -0.0000012145
       -0.0000007339  -0.0000026487  -0.0000016163  -0.0000021903  -0.0000021503
        0.0000009092   0.0000020762  -0.0000029511   0.0000004049   0.0000005586
       -0.0000012165   0.0000004120   0.0000002619  -0.0000023206   0.0000010192
        0.0000022303  -0.0000032290   0.0000004197   0.0000006514  -0.0000012871
        0.0000003968   0.0000003702  -0.0000057896   0.0000005303   0.0000011186
       -0.0000056144   0.0000004795   0.0000009220  -0.0000048612   0.0000009339
        0.0000025393  -0.0000035931  -0.0000008844  -0.0000024700  -0.0000026590
       -0.0000021392  -0.0000033395  -0.0000017242  -0.0000021714  -0.0000018485
        0.0000010104  -0.0000019699   0.0000017001   0.0000001270  -0.0000040015
       -0.0000000114  -0.0000011402  -0.0000038860  -0.0000026573   0.0000005982
        0.0000573595   0.0000010531   0.0000001453  -0.0000029126   0.0000000169
        0.0000007279  -0.0000031024   0.0000002335  -0.0000005694  -0.0000016363
       -0.0000001939  -0.0000006250  -0.0000004027  -0.0000001277   0.0000010573
       -0.0000026194   0.0000017876   0.0000019552  -0.0000019991   0.0000036004
        0.0000006893   0.0000001904   0.0000009482  -0.0000011235  -0.0000045465
       -0.0000025738  -0.0000017750  -0.0000052953  -0.0000039241  -0.0000013992
       -0.0000017976  -0.0000034418  -0.0000000448  -0.0000083718  -0.0000001222
        0.0000015625  -0.0000070048   0.0000028627   0.0000006760  -0.0000077074
        0.0000012040  -0.0000007323  -0.0000011493  -0.0000003829   0.0000002702
        0.0000002239   0.0000008775  -0.0000014099   0.0000006289  -0.0000008491
       -0.0000010360  -0.0000009363  -0.0000048971   0.0000001343   0.0000000734
       -0.0000039193  -0.0000001662  -0.0000001604  -0.0000032076   0.0000013272
        0.0000010531   0.0000592444   0.0000003636   0.0000002590  -0.0000024870
        0.0000012017   0.0000007558  -0.0000021122  -0.0000005025  -0.0000002228
       -0.0000016836  -0.0000003818  -0.0000001474  -0.0000003395  -0.0000012390
       -0.0000011160  -0.0000059518  -0.0000008485  -0.0000007868  -0.0000053963
       -0.0000018853  -0.0000016456  -0.0000040655  -0.0000003371  -0.0000003343
       -0.0000042550   0.0000006452   0.0000005526  -0.0000024683  -0.0000010417
       -0.0000008526  -0.0000023848   0.0000021591   0.0000017524  -0.0000044031
        0.0000015425   0.0000012319  -0.0000055069   0.0000011516   0.0000009086
       -0.0000061633   0.0000005643   0.0000004126   0.0000001162  -0.0000006500
       -0.0000002378  -0.0000004968  -0.0000010016  -0.0000005594   0.0000003775
       -0.0000029921   0.0000001106   0.0000002153  -0.0000032778   0.0000000847
        0.0000001538  -0.0000030730   0.0000001277   0.0000003022  -0.0000036662
        0.0000001453   0.0000003636   0.0000609514  -0.0000000183  -0.0000002749
       -0.0000037462   0.0000001058  -0.0000005937  -0.0000029726  -0.0000002658
       -0.0000002591  -0.0000030252  -0.0000003633  -0.0000006404  -0.0000029191
        0.0000001940   0.0000005216  -0.0000031260   0.0000000842   0.0000001080
       -0.0000027193   0.0000000747   0.0000000594  -0.0000030061   0.0000002230
        0.0000006224  -0.0000032689   0.0000001017   0.0000002455  -0.0000027831
        0.0000000849   0.0000001460  -0.0000038696   0.0000001345   0.0000003325
       -0.0000038072   0.0000001234   0.0000002366  -0.0000036013   0.0000002220
        0.0000006715  -0.0000033179  -0.0000002241  -0.0000006964  -0.0000030457
       -0.0000004536  -0.0000009127  -0.0000027343  -0.0000004914  -0.0000006011
       -0.0000010625  -0.0000022541   0.0000004382  -0.0000000603  -0.0000029341
        0.0000002148   0.0000007996  -0.0000025298  -0.0000004940  -0.0000000770
       -0.0000029126   0.0000002590  -0.0000000183   0.0000600477   0.0000005988
       -0.0000002627  -0.0000061959   0.0000020508   0.0000003266  -0.0000030612
       -0.0000008769   0.0000004104  -0.0000042779  -0.0000006693  -0.0000011555
       -0.0000013568   0.0000001529  -0.0000017309  -0.0000025674   0.0000009171
       -0.0000010628  -0.0000023333   0.0000004355   0.0000007368  -0.0000017183
       -0.0000008758   0.0000015097  -0.0000029902  -0.0000006187   0.0000007186
       -0.0000025173  -0.0000004907   0.0000006516  -0.0000034313   0.0000000393
       -0.0000007686  -0.0000033083   0.0000007952  -0.0000001865  -0.0000019741
       -0.0000000200   0.0000007084  -0.0000060030  -0.0000008447  -0.0000003462
       -0.0000040756   0.0000007881   0.0000008695  -0.0000036066  -0.0000017997
        0.0000012232   0.0000000214  -0.0000028734  -0.0000000922   0.0000000761
       -0.0000031328  -0.0000000147  -0.0000000022  -0.0000026522  -0.0000011533
        0.0000000169  -0.0000024870  -0.0000002749   0.0000005988   0.0000598438
       -0.0000008051   0.0000022976  -0.0000068012   0.0000002233  -0.0000010465
       -0.0000027622   0.0000000667  -0.0000005280  -0.0000038223   0.0000014262
       -0.0000002442  -0.0000018902   0.0000012610   0.0000001181  -0.0000031872
        0.0000019866   0.0000001454  -0.0000033855   0.0000001552  -0.0000001383
       -0.0000015555  -0.0000009242  -0.0000000193  -0.0000029027   0.0000008829
       -0.0000000006  -0.0000031521  -0.0000021109   0.0000001347  -0.0000025847
       -0.0000010783   0.0000001701  -0.0000029218  -0.0000009669  -0.0000003213
       -0.0000014831  -0.0000006951   0.0000012486  -0.0000040042   0.0000005442
       -0.0000011997  -0.0000056094   0.0000003461  -0.0000013278  -0.0000026362
       -0.0000027251   0.0000004981   0.0000007151  -0.0000034425   0.0000003821
        0.0000005507  -0.0000025319   0.0000006001   0.0000010476  -0.0000047601
        0.0000007279   0.0000012017  -0.0000037462  -0.0000002627  -0.0000008051
        0.0000592071  -0.0000001617  -0.0000016050  -0.0000022942  -0.0000009693
       -0.0000010176  -0.0000024593  -0.0000015837  -0.0000022478  -0.0000024967
        0.0000009752   0.0000016781  -0.0000033463   0.0000003508   0.0000003509
       -0.0000018039   0.0000002629   0.0000002355  -0.0000023177   0.0000011011
        0.0000020416  -0.0000030171   0.0000004954   0.0000008950  -0.0000015687
        0.0000003639   0.0000005673  -0.0000052685   0.0000006616   0.0000011153
       -0.0000054106   0.0000005835   0.0000007865  -0.0000045621   0.0000011939
        0.0000021672  -0.0000033958  -0.0000013913  -0.0000024335  -0.0000027130
       -0.0000018650  -0.0000029562  -0.0000013477  -0.0000019627  -0.0000022873
       -0.0000028327  -0.0000012504   0.0000012895  -0.0000000655  -0.0000029337
        0.0000008606   0.0000015395  -0.0000020739  -0.0000011514   0.0000005160
       -0.0000031024   0.0000007558   0.0000001058  -0.0000061959   0.0000022976
       -0.0000001617   0.0000516275   0.0000078855   0.0000006232  -0.0000009928
       -0.0000034260   0.0000009236  -0.0000039659  -0.0000026746  -0.0000031476
        0.0000008298   0.0000001963  -0.0000042066  -0.0000019616   0.0000026197
       -0.0000032790  -0.0000013738   0.0000014766   0.0000012958  -0.0000003363
       -0.0000026107   0.0000034808  -0.0000031472  -0.0000013145   0.0000007488
       -0.0000018512  -0.0000009376   0.0000025470  -0.0000044675   0.0000002091
       -0.0000009872  -0.0000040740   0.0000023316   0.0000001730  -0.0000008431
       -0.0000003331   0.0000017787  -0.0000100028  -0.0000032313  -0.0000008419
       -0.0000026925   0.0000026413   0.0000017900  -0.0000011927  -0.0000068844
        0.0000031476  -0.0000000246  -0.0000030786  -0.0000001926   0.0000002805
       -0.0000036087  -0.0000001662  -0.0000000143  -0.0000022549  -0.0000026751
        0.0000002335  -0.0000021122  -0.0000005937   0.0000020508  -0.0000068012
       -0.0000016050   0.0000078855   0.0000500139   0.0000002797  -0.0000036251
       -0.0000002434  -0.0000001456  -0.0000018758  -0.0000025521   0.0000036488
       -0.0000009250  -0.0000007176   0.0000034348   0.0000003240  -0.0000039375
        0.0000049427   0.0000002868  -0.0000043159   0.0000002580  -0.0000004673
        0.0000004878  -0.0000024727   0.0000000078  -0.0000028279   0.0000020818
       -0.0000001203  -0.0000034651  -0.0000051281   0.0000007207  -0.0000022073
       -0.0000022224   0.0000007760  -0.0000033507  -0.0000022041  -0.0000009106
        0.0000003151  -0.0000017785   0.0000042827  -0.0000029112   0.0000011720
       -0.0000042320  -0.0000083456   0.0000002188  -0.0000046533   0.0000019131
       -0.0000031592  -0.0000003409  -0.0000003036  -0.0000030991  -0.0000002664
       -0.0000002770  -0.0000037270  -0.0000004373  -0.0000004916  -0.0000025101
       -0.0000005694  -0.0000005025  -0.0000029726   0.0000003266   0.0000002233
       -0.0000022942   0.0000006232   0.0000002797   0.0000606053   0.0000004910
        0.0000006027  -0.0000036596   0.0000010579   0.0000010846  -0.0000032382
       -0.0000007534  -0.0000006524  -0.0000027105  -0.0000002150  -0.0000001410
       -0.0000035675  -0.0000001153  -0.0000001424  -0.0000038071  -0.0000008428
       -0.0000008368  -0.0000036950  -0.0000003780  -0.0000004659  -0.0000041355
       -0.0000002337  -0.0000003311  -0.0000024715  -0.0000005139  -0.0000004838
       -0.0000020431  -0.0000004315  -0.0000003342  -0.0000025718  -0.0000009898
       -0.0000008491  -0.0000033148   0.0000012692   0.0000011653  -0.0000033535
        0.0000011573   0.0000011681  -0.0000042751   0.0000011621   0.0000012875
       -0.0000002114  -0.0000023522  -0.0000003587  -0.0000001713  -0.0000023497
       -0.0000004341   0.0000011366  -0.0000019817   0.0000000308  -0.0000012145
       -0.0000016363  -0.0000002228  -0.0000002658  -0.0000030612  -0.0000010465
       -0.0000009693  -0.0000009928  -0.0000036251   0.0000004910   0.0000580406
        0.0000016458   0.0000003820  -0.0000069502   0.0000013548  -0.0000001180
       -0.0000017174   0.0000001261  -0.0000010239  -0.0000025747  -0.0000006395
        0.0000005278  -0.0000027555  -0.0000005620   0.0000012508  -0.0000011754
        0.0000006825   0.0000011964  -0.0000020785  -0.0000000952   0.0000020655
       -0.0000025284  -0.0000001882  -0.0000012155  -0.0000015265  -0.0000001590
       -0.0000019254  -0.0000017963  -0.0000006331  -0.0000011509  -0.0000010960
        0.0000002726   0.0000003216  -0.0000047300   0.0000015493  -0.0000001885
       -0.0000081363  -0.0000009207   0.0000010827  -0.0000086016   0.0000032228
        0.0000001845   0.0000000099  -0.0000018600  -0.0000000994  -0.0000001504
       -0.0000020379   0.0000002402  -0.0000000285  -0.0000020084  -0.0000007339
       -0.0000001939  -0.0000016836  -0.0000002591  -0.0000008769  -0.0000027622
       -0.0000010176  -0.0000034260  -0.0000002434   0.0000006027   0.0000016458
        0.0000577410   0.0000006243   0.0000009284  -0.0000075624   0.0000002546
        0.0000003711  -0.0000013869  -0.0000001739  -0.0000001368  -0.0000019403
        0.0000006238  -0.0000000800  -0.0000020515   0.0000002892   0.0000001356
       -0.0000016928   0.0000000378  -0.0000000556  -0.0000020899   0.0000004877
        0.0000000634  -0.0000021843  -0.0000008980  -0.0000004265  -0.0000019138
       -0.0000012238  -0.0000004250  -0.0000016454  -0.0000006903   0.0000002726
       -0.0000012344  -0.0000001262  -0.0000017819  -0.0000078183   0.0000005278
        0.0000019853  -0.0000055931   0.0000013496   0.0000021695  -0.0000100326
       -0.0000029867  -0.0000003208  -0.0000002315  -0.0000031143  -0.0000002680
       -0.0000002555  -0.0000037544  -0.0000004478  -0.0000004344  -0.0000026487
       -0.0000006250  -0.0000003818  -0.0000030252   0.0000004104   0.0000000667
       -0.0000024593   0.0000009236  -0.0000001456  -0.0000036596   0.0000003820
        0.0000006243   0.0000606835   0.0000010322   0.0000009644  -0.0000030306
       -0.0000007795  -0.0000004487  -0.0000025181  -0.0000001818  -0.0000000915
       -0.0000033079  -0.0000000459  -0.0000001467  -0.0000038054  -0.0000008854
       -0.0000006335  -0.0000038524  -0.0000004093  -0.0000004542  -0.0000040571
       -0.0000002078  -0.0000003514  -0.0000027470  -0.0000005763  -0.0000003872
       -0.0000021599  -0.0000004651  -0.0000002522  -0.0000026754  -0.0000011015
       -0.0000005944  -0.0000034263   0.0000014451   0.0000010302  -0.0000032575
        0.0000010767   0.0000008332  -0.0000041977   0.0000010442   0.0000012897
       -0.0000016444  -0.0000012845  -0.0000001785  -0.0000002938  -0.0000017297
       -0.0000002610   0.0000024486  -0.0000008359  -0.0000001055  -0.0000016163
       -0.0000004027  -0.0000001474  -0.0000003633  -0.0000042779  -0.0000005280
       -0.0000015837  -0.0000039659  -0.0000018758   0.0000010579  -0.0000069502
        0.0000009284   0.0000010322   0.0000549785   0.0000008323  -0.0000016472
        0.0000005954   0.0000000421  -0.0000035287  -0.0000019130  -0.0000002610
       -0.0000007241  -0.0000021867  -0.0000002865   0.0000025103   0.0000011455
        0.0000002056   0.0000034440  -0.0000012457  -0.0000002038   0.0000034903
       -0.0000017890  -0.0000002246  -0.0000006700  -0.0000006408  -0.0000001416
       -0.0000034111  -0.0000010460  -0.0000003007  -0.0000016778   0.0000014280
        0.0000000799   0.0000013175  -0.0000085940   0.0000009529  -0.0000006644
       -0.0000105630  -0.0000003518   0.0000025241  -0.0000107223   0.0000018250
        0.0000014691  -0.0000000767  -0.0000010308  -0.0000002326  -0.0000001432
       -0.0000014419   0.0000003300  -0.0000000832  -0.0000007850  -0.0000021903
       -0.0000001277  -0.0000003395  -0.0000006404  -0.0000006693  -0.0000038223
       -0.0000022478  -0.0000026746  -0.0000025521   0.0000010846   0.0000013548
       -0.0000075624   0.0000009644   0.0000008323   0.0000542802   0.0000017678
        0.0000001736   0.0000006200   0.0000009902  -0.0000001665  -0.0000015577
        0.0000028531  -0.0000001843  -0.0000017829   0.0000005655   0.0000000149
        0.0000007480  -0.0000008554  -0.0000000630  -0.0000010737   0.0000015666
       -0.0000000477  -0.0000014968  -0.0000033674  -0.0000002676  -0.0000006999
       -0.0000028235  -0.0000002840  -0.0000008117  -0.0000019462   0.0000002082
        0.0000012967  -0.0000008686  -0.0000012575  -0.0000106181   0.0000013000
        0.0000016374  -0.0000090078   0.0000022809   0.0000018242  -0.0000123624
       -0.0000055388   0.0000007194  -0.0000007234  -0.0000031778   0.0000004545
       -0.0000003782  -0.0000022885   0.0000008647  -0.0000010003  -0.0000021503
        0.0000010573  -0.0000012390  -0.0000029191  -0.0000011555   0.0000014262
       -0.0000024967  -0.0000031476   0.0000036488  -0.0000032382  -0.0000001180
        0.0000002546  -0.0000030306  -0.0000016472   0.0000017678   0.0000584814
        0.0000017704  -0.0000020338  -0.0000062588   0.0000003854  -0.0000003009
       -0.0000062866   0.0000002081  -0.0000000631  -0.0000025194   0.0000018110
       -0.0000024192  -0.0000006298   0.0000007020  -0.0000006819  -0.0000031470
        0.0000004763  -0.0000003501  -0.0000004545   0.0000008130  -0.0000010802
       -0.0000028659   0.0000006440  -0.0000006957  -0.0000024464   0.0000021761
       -0.0000025656  -0.0000017816  -0.0000034347   0.0000019857  -0.0000042672
       -0.0000014221   0.0000035520  -0.0000029843  -0.0000011570   0.0000008963
        0.0000017014  -0.0000070293  -0.0000018367   0.0000002013  -0.0000040753
       -0.0000000181  -0.0000019567  -0.0000053744   0.0000029931   0.0000009092
       -0.0000026194  -0.0000011160   0.0000001940  -0.0000013568  -0.0000002442
        0.0000009752   0.0000008298  -0.0000009250  -0.0000007534  -0.0000017174
        0.0000003711  -0.0000007795   0.0000005954   0.0000001736   0.0000017704
        0.0000552516  -0.0000017775   0.0000032084  -0.0000061296  -0.0000039876
        0.0000012166  -0.0000080735  -0.0000010674  -0.0000019488  -0.0000073934
        0.0000030959  -0.0000030441  -0.0000032519   0.0000043218  -0.0000025046
       -0.0000064184   0.0000037880  -0.0000001507  -0.0000005759   0.0000001598
        0.0000023510  -0.0000015952  -0.0000031929   0.0000010188  -0.0000045800
       -0.0000011289  -0.0000012608   0.0000026139   0.0000005554   0.0000007084
        0.0000008765  -0.0000014214  -0.0000018562   0.0000000233   0.0000012572
       -0.0000017208  -0.0000015984  -0.0000058079   0.0000001902   0.0000000682
       -0.0000041160  -0.0000002385  -0.0000003233  -0.0000028741   0.0000020762
        0.0000017876  -0.0000059518   0.0000005216   0.0000001529  -0.0000018902
        0.0000016781   0.0000001963  -0.0000007176  -0.0000006524   0.0000001261
       -0.0000013869  -0.0000004487   0.0000000421   0.0000006200  -0.0000020338
       -0.0000017775   0.0000568436  -0.0000014897  -0.0000013620  -0.0000067023
       -0.0000030683  -0.0000028777  -0.0000044779  -0.0000004968  -0.0000005349
       -0.0000045800   0.0000010820   0.0000008709  -0.0000015804  -0.0000016820
       -0.0000015269  -0.0000015508   0.0000034485   0.0000029167  -0.0000048205
        0.0000023157   0.0000020431  -0.0000067056   0.0000018038   0.0000016989
       -0.0000076765   0.0000009770   0.0000003004   0.0000012214  -0.0000009964
        0.0000000522   0.0000008879  -0.0000012658  -0.0000002546   0.0000012655
       -0.0000059886   0.0000014202  -0.0000004351  -0.0000033094   0.0000009218
       -0.0000001819  -0.0000013894   0.0000016604  -0.0000007478  -0.0000029511
        0.0000019552  -0.0000008485  -0.0000031260  -0.0000017309   0.0000012610
       -0.0000033463  -0.0000042066   0.0000034348  -0.0000027105  -0.0000010239
       -0.0000001739  -0.0000025181  -0.0000035287   0.0000009902  -0.0000062588
        0.0000032084  -0.0000014897   0.0000568788   0.0000008453  -0.0000000572
       -0.0000062700   0.0000005918   0.0000000859  -0.0000015757   0.0000033429
       -0.0000019155   0.0000005092   0.0000013151  -0.0000005003  -0.0000017768
        0.0000009733  -0.0000002322  -0.0000010263   0.0000015516  -0.0000007552
       -0.0000043978   0.0000012742  -0.0000003557  -0.0000032450   0.0000038152
       -0.0000019175  -0.0000014004  -0.0000056204   0.0000011186  -0.0000043350
       -0.0000035545   0.0000027681  -0.0000017628  -0.0000032105  -0.0000000482
        0.0000003924  -0.0000053818  -0.0000012530   0.0000000723  -0.0000034592
        0.0000000838  -0.0000006335  -0.0000040934   0.0000021319   0.0000004049
       -0.0000019991  -0.0000007868   0.0000000842  -0.0000025674   0.0000001181
        0.0000003508  -0.0000019616   0.0000003240  -0.0000002150  -0.0000025747
       -0.0000001368  -0.0000001818  -0.0000019130  -0.0000001665   0.0000003854
       -0.0000061296  -0.0000013620   0.0000008453   0.0000593513  -0.0000027285
        0.0000001599  -0.0000064624  -0.0000006271  -0.0000006578  -0.0000048665
        0.0000020127  -0.0000008741  -0.0000027083   0.0000031269  -0.0000009517
       -0.0000051218   0.0000027782   0.0000001919  -0.0000006905   0.0000001217
        0.0000008044  -0.0000015392  -0.0000021739   0.0000004091  -0.0000026636
       -0.0000009518  -0.0000003156  -0.0000012695   0.0000000856   0.0000002222
       -0.0000017405  -0.0000007305  -0.0000004934  -0.0000022094   0.0000001342
       -0.0000002412  -0.0000033130  -0.0000062683   0.0000000551   0.0000001783
       -0.0000035841  -0.0000002662  -0.0000007132   0.0000003259   0.0000005586
        0.0000036004  -0.0000053963   0.0000001080   0.0000009171  -0.0000031872
        0.0000003509   0.0000026197  -0.0000039375  -0.0000001410  -0.0000006395
       -0.0000019403  -0.0000000915  -0.0000002610  -0.0000015577  -0.0000003009
       -0.0000039876  -0.0000067023  -0.0000000572  -0.0000027285   0.0000552561
       -0.0000006022  -0.0000057870  -0.0000049969  -0.0000003219  -0.0000013406
       -0.0000000658  -0.0000000687   0.0000017404   0.0000023035  -0.0000006940
       -0.0000031430   0.0000016327   0.0000007805   0.0000060363  -0.0000035278
        0.0000007120   0.0000042800  -0.0000080759   0.0000005115   0.0000030447
       -0.0000059234   0.0000000954   0.0000018906  -0.0000010272  -0.0000000891
       -0.0000007901  -0.0000034564  -0.0000002985  -0.0000016040   0.0000001286
       -0.0000058957   0.0000004104  -0.0000011720  -0.0000030814   0.0000002386
       -0.0000006295  -0.0000027163   0.0000005237  -0.0000014672  -0.0000012165
        0.0000006893  -0.0000018853  -0.0000027193  -0.0000010628   0.0000019866
       -0.0000018039  -0.0000032790   0.0000049427  -0.0000035675   0.0000005278
        0.0000006238  -0.0000033079  -0.0000007241   0.0000028531  -0.0000062866
        0.0000012166  -0.0000030683  -0.0000062700   0.0000001599  -0.0000006022
        0.0000570790  -0.0000000093  -0.0000002147  -0.0000030285   0.0000011922
       -0.0000035002  -0.0000007524   0.0000004489  -0.0000009832  -0.0000042072
        0.0000002548  -0.0000005330   0.0000008061   0.0000004869  -0.0000016109
       -0.0000015929   0.0000003586  -0.0000011551  -0.0000015790   0.0000015813
       -0.0000038053  -0.0000016339  -0.0000028323   0.0000032249  -0.0000045113
       -0.0000002151   0.0000051662  -0.0000037148   0.0000000336   0.0000018296
        0.0000002362  -0.0000071498  -0.0000026857   0.0000000665  -0.0000033145
        0.0000001331  -0.0000005677  -0.0000043900   0.0000044388   0.0000004120
        0.0000001904  -0.0000016456   0.0000000747  -0.0000023333   0.0000001454
        0.0000002629  -0.0000013738   0.0000002868  -0.0000001153  -0.0000027555
       -0.0000000800  -0.0000000459  -0.0000021867  -0.0000001843   0.0000002081
       -0.0000080735  -0.0000028777   0.0000005918  -0.0000064624  -0.0000057870
       -0.0000000093   0.0000545867  -0.0000014171  -0.0000006139  -0.0000053429
        0.0000042267  -0.0000007055  -0.0000016513   0.0000065357  -0.0000009717
       -0.0000068617   0.0000057603   0.0000003187   0.0000028162   0.0000002715
        0.0000006752   0.0000009535  -0.0000045737   0.0000003907  -0.0000005612
       -0.0000019470  -0.0000002405  -0.0000008529   0.0000002358   0.0000002691
       -0.0000022289  -0.0000014617  -0.0000002360  -0.0000030084   0.0000006259
       -0.0000000488  -0.0000008175  -0.0000043053   0.0000000263   0.0000000757
       -0.0000035839  -0.0000001328  -0.0000001854  -0.0000026001   0.0000002619
        0.0000009482  -0.0000040655   0.0000000594   0.0000004355  -0.0000033855
        0.0000002355   0.0000014766  -0.0000043159  -0.0000001424  -0.0000005620
       -0.0000020515  -0.0000001467  -0.0000002865  -0.0000017829  -0.0000000631
       -0.0000010674  -0.0000044779   0.0000000859  -0.0000006271  -0.0000049969
       -0.0000002147  -0.0000014171   0.0000603331  -0.0000001401  -0.0000003679
       -0.0000027235  -0.0000000828   0.0000004177  -0.0000020823  -0.0000002645
       -0.0000008228  -0.0000022750   0.0000003102   0.0000016060  -0.0000035361
        0.0000004194   0.0000011809  -0.0000047645   0.0000002566   0.0000007005
       -0.0000042518   0.0000000456   0.0000009651  -0.0000016421  -0.0000001345
       -0.0000007396  -0.0000027864  -0.0000003304  -0.0000009129  -0.0000007060
       -0.0000025103  -0.0000009815  -0.0000002837  -0.0000030643  -0.0000006184
       -0.0000001389  -0.0000043863  -0.0000010635  -0.0000000833  -0.0000023206
       -0.0000011235  -0.0000003371  -0.0000030061   0.0000007368   0.0000001552
       -0.0000023177   0.0000012958   0.0000002580  -0.0000038071   0.0000012508
        0.0000002892  -0.0000038054   0.0000025103   0.0000005655  -0.0000025194
       -0.0000019488  -0.0000004968  -0.0000015757  -0.0000006578  -0.0000003219
       -0.0000030285  -0.0000006139  -0.0000001401   0.0000598995  -0.0000020373
       -0.0000002956  -0.0000047962  -0.0000007801   0.0000000270  -0.0000049186
       -0.0000007097   0.0000000561  -0.0000027160  -0.0000008807  -0.0000002376
       -0.0000014004  -0.0000007656  -0.0000003643  -0.0000022965  -0.0000020891
       -0.0000005553  -0.0000037885   0.0000028330   0.0000006543  -0.0000030198
        0.0000028802   0.0000005751  -0.0000046223   0.0000027631   0.0000006739
        0.0000017423  -0.0000055494  -0.0000006011   0.0000002178  -0.0000042728
        0.0000000028  -0.0000020438  -0.0000052250   0.0000010390   0.0000010192
       -0.0000045465  -0.0000003343   0.0000002230  -0.0000017183  -0.0000001383
        0.0000011011  -0.0000003363  -0.0000004673  -0.0000008428  -0.0000011754
        0.0000001356  -0.0000008854   0.0000011455   0.0000000149   0.0000018110
       -0.0000073934  -0.0000005349   0.0000033429  -0.0000048665  -0.0000013406
        0.0000011922  -0.0000053429  -0.0000003679  -0.0000020373   0.0000572552
        0.0000011231  -0.0000031474  -0.0000042813   0.0000014781  -0.0000026221
       -0.0000050423   0.0000012824  -0.0000000660  -0.0000036696   0.0000000919
        0.0000025742  -0.0000037837  -0.0000010538   0.0000011346  -0.0000063699
       -0.0000002910  -0.0000013074   0.0000022021   0.0000001236   0.0000006769
        0.0000016608  -0.0000005865  -0.0000020828   0.0000013098   0.0000004245
       -0.0000020589   0.0000024755  -0.0000027960   0.0000002058  -0.0000001229
       -0.0000042132  -0.0000000098   0.0000005654  -0.0000080251   0.0000022303
       -0.0000025738  -0.0000042550   0.0000006224  -0.0000008758  -0.0000015555
        0.0000020416  -0.0000026107   0.0000004878  -0.0000008368   0.0000006825
       -0.0000016928  -0.0000006335   0.0000002056   0.0000007480  -0.0000024192
        0.0000030959  -0.0000045800  -0.0000019155   0.0000020127  -0.0000000658
       -0.0000035002   0.0000042267  -0.0000027235  -0.0000002956   0.0000011231
        0.0000544370   0.0000015668  -0.0000012504  -0.0000090164  -0.0000014422
        0.0000023142  -0.0000080148   0.0000038342  -0.0000044033  -0.0000052800
        0.0000024596  -0.0000031248  -0.0000015246   0.0000019140  -0.0000020222
       -0.0000059790   0.0000012350  -0.0000018167   0.0000008763  -0.0000013661
        0.0000007007   0.0000033154  -0.0000016320   0.0000013983  -0.0000001430
       -0.0000008533  -0.0000014076   0.0000002882  -0.0000031172  -0.0000008838
        0.0000001700  -0.0000049482  -0.0000015816   0.0000006916  -0.0000032290
       -0.0000017750   0.0000006452  -0.0000032689   0.0000015097  -0.0000009242
       -0.0000030171   0.0000034808  -0.0000024727  -0.0000036950   0.0000011964
        0.0000000378  -0.0000038524   0.0000034440  -0.0000008554  -0.0000006298
       -0.0000030441   0.0000010820   0.0000005092  -0.0000008741  -0.0000000687
       -0.0000007524  -0.0000007055  -0.0000000828  -0.0000047962  -0.0000031474
        0.0000015668   0.0000577616  -0.0000012054   0.0000005594  -0.0000047788
       -0.0000009823   0.0000003216  -0.0000048508  -0.0000013754   0.0000006228
       -0.0000018855  -0.0000011523   0.0000002077  -0.0000029787  -0.0000034599
        0.0000014461  -0.0000047762   0.0000050480  -0.0000009337  -0.0000022619
        0.0000036120  -0.0000021764  -0.0000045795   0.0000033034  -0.0000001252
        0.0000006751  -0.0000027735   0.0000008135   0.0000000893  -0.0000037524
        0.0000000002  -0.0000007840  -0.0000038016  -0.0000012950   0.0000004197
       -0.0000052953   0.0000005526   0.0000001017  -0.0000029902  -0.0000000193
        0.0000004954  -0.0000031472   0.0000000078  -0.0000003780  -0.0000020785
       -0.0000000556  -0.0000004093  -0.0000012457  -0.0000000630   0.0000007020
       -0.0000032519   0.0000008709   0.0000013151  -0.0000027083   0.0000017404
        0.0000004489  -0.0000016513   0.0000004177  -0.0000007801  -0.0000042813
       -0.0000012504  -0.0000012054   0.0000598414  -0.0000018931  -0.0000009836
       -0.0000027155  -0.0000016963  -0.0000000050  -0.0000059731  -0.0000000128
        0.0000010642  -0.0000052403   0.0000014339   0.0000004674  -0.0000058185
        0.0000006469  -0.0000005110  -0.0000015925  -0.0000002997   0.0000002132
       -0.0000009449   0.0000004963  -0.0000009354  -0.0000005794  -0.0000003950
       -0.0000005786   0.0000037231  -0.0000011048   0.0000000714  -0.0000001128
       -0.0000038434   0.0000000971   0.0000008421  -0.0000085642   0.0000006514
       -0.0000039241  -0.0000024683   0.0000002455  -0.0000006187  -0.0000029027
        0.0000008950  -0.0000013145  -0.0000028279  -0.0000004659  -0.0000000952
       -0.0000020899  -0.0000004542  -0.0000002038  -0.0000010737  -0.0000006819
        0.0000043218  -0.0000015804  -0.0000005003   0.0000031269   0.0000023035
       -0.0000009832   0.0000065357  -0.0000020823   0.0000000270   0.0000014781
       -0.0000090164   0.0000005594  -0.0000018931   0.0000537287  -0.0000001459
        0.0000035209  -0.0000096061   0.0000010824  -0.0000065453  -0.0000043300
        0.0000008532  -0.0000045862   0.0000007778   0.0000005662  -0.0000035083
       -0.0000028322   0.0000004024  -0.0000013546  -0.0000013196  -0.0000006591
       -0.0000000884   0.0000004107  -0.0000009818   0.0000006963  -0.0000015788
       -0.0000030232  -0.0000013475  -0.0000007794  -0.0000029628  -0.0000008359
       -0.0000003553  -0.0000047848  -0.0000014031  -0.0000004917  -0.0000012871
       -0.0000013992  -0.0000010417  -0.0000027831   0.0000007186   0.0000008829
       -0.0000015687   0.0000007488   0.0000020818  -0.0000041355   0.0000020655
        0.0000004877  -0.0000040571   0.0000034903   0.0000015666  -0.0000031470
       -0.0000025046  -0.0000016820  -0.0000017768  -0.0000009517  -0.0000006940
       -0.0000042072  -0.0000009717  -0.0000002645  -0.0000049186  -0.0000026221
       -0.0000014422  -0.0000047788  -0.0000009836  -0.0000001459   0.0000582749
       -0.0000009906   0.0000000065  -0.0000012356  -0.0000010896  -0.0000007847
       -0.0000000720  -0.0000009807  -0.0000008841  -0.0000013531  -0.0000025206
       -0.0000019615  -0.0000035370   0.0000031996   0.0000018195  -0.0000033250
        0.0000042408   0.0000023709  -0.0000053215   0.0000041372   0.0000013110
        0.0000004771  -0.0000056126  -0.0000014654   0.0000000778  -0.0000034929
        0.0000000586  -0.0000006866  -0.0000042313   0.0000023874   0.0000003968
       -0.0000017976  -0.0000008526   0.0000000849  -0.0000025173  -0.0000000006
        0.0000003639  -0.0000018512  -0.0000001203  -0.0000002337  -0.0000025284
        0.0000000634  -0.0000002078  -0.0000017890  -0.0000000477   0.0000004763
       -0.0000064184  -0.0000015269   0.0000009733  -0.0000051218  -0.0000031430
        0.0000002548  -0.0000068617  -0.0000008228  -0.0000007097  -0.0000050423
        0.0000023142  -0.0000009823  -0.0000027155   0.0000035209  -0.0000009906
        0.0000588871   0.0000030666   0.0000001252  -0.0000003402   0.0000001838
        0.0000008399  -0.0000012594  -0.0000024450   0.0000004083  -0.0000025141
       -0.0000009669  -0.0000003922  -0.0000008948   0.0000000898   0.0000002738
       -0.0000017949  -0.0000007864  -0.0000005492  -0.0000021035   0.0000004929
       -0.0000003036   0.0000032826  -0.0000013067   0.0000000376  -0.0000000976
       -0.0000037321   0.0000000762   0.0000007233  -0.0000078029   0.0000003702
       -0.0000034418  -0.0000023848   0.0000001460  -0.0000004907  -0.0000031521
        0.0000005673  -0.0000009376  -0.0000034651  -0.0000003311  -0.0000001882
       -0.0000021843  -0.0000003514  -0.0000002246  -0.0000014968  -0.0000003501
        0.0000037880  -0.0000015508  -0.0000002322   0.0000027782   0.0000016327
       -0.0000005330   0.0000057603  -0.0000022750   0.0000000561   0.0000012824
       -0.0000080148   0.0000003216  -0.0000016963  -0.0000096061   0.0000000065
        0.0000030666   0.0000554949   0.0000005849  -0.0000057384  -0.0000040240
        0.0000005507  -0.0000040004   0.0000003914   0.0000003369  -0.0000031059
       -0.0000025249   0.0000002638  -0.0000010012  -0.0000017932  -0.0000004931
       -0.0000002567  -0.0000004331  -0.0000007233   0.0000004981  -0.0000017725
       -0.0000008701   0.0000001183   0.0000013720  -0.0000034484   0.0000001060
        0.0000007584  -0.0000030645   0.0000000640   0.0000016220  -0.0000057896
       -0.0000000448   0.0000021591  -0.0000038696   0.0000006516  -0.0000021109
       -0.0000052685   0.0000025470  -0.0000051281  -0.0000024715  -0.0000012155
       -0.0000008980  -0.0000027470  -0.0000006700  -0.0000033674  -0.0000004545
       -0.0000001507   0.0000034485  -0.0000010263   0.0000001919   0.0000007805
        0.0000008061   0.0000003187   0.0000003102  -0.0000027160  -0.0000000660
        0.0000038342  -0.0000048508  -0.0000000050   0.0000010824  -0.0000012356
        0.0000001252   0.0000005849   0.0000566771   0.0000000331   0.0000018360
       -0.0000059420   0.0000000909   0.0000014006  -0.0000054214  -0.0000003986
        0.0000042609  -0.0000045148   0.0000012431  -0.0000037971  -0.0000019752
       -0.0000013697  -0.0000057080  -0.0000018174  -0.0000015695  -0.0000024402
        0.0000007764  -0.0000003683   0.0000028366   0.0000001064  -0.0000039963
        0.0000000053  -0.0000008963  -0.0000034357  -0.0000044579   0.0000005303
       -0.0000083718   0.0000017524   0.0000001345  -0.0000034313   0.0000001347
        0.0000006616  -0.0000044675   0.0000007207  -0.0000005139  -0.0000015265
       -0.0000004265  -0.0000005763  -0.0000006408  -0.0000002676   0.0000008130
       -0.0000005759   0.0000029167   0.0000015516  -0.0000006905   0.0000060363
        0.0000004869   0.0000028162   0.0000016060  -0.0000008807  -0.0000036696
       -0.0000044033  -0.0000013754  -0.0000059731  -0.0000065453  -0.0000010896
       -0.0000003402  -0.0000057384   0.0000000331   0.0000534269  -0.0000002047
        0.0000013487  -0.0000087568   0.0000048134   0.0000005955  -0.0000087295
        0.0000019390  -0.0000005646  -0.0000023510  -0.0000007383   0.0000001347
        0.0000001251   0.0000016469  -0.0000012759   0.0000009567  -0.0000016259
       -0.0000009012   0.0000001531  -0.0000039366   0.0000001187   0.0000000281
       -0.0000038538  -0.0000000878   0.0000000786  -0.0000044042   0.0000011186
       -0.0000001222  -0.0000044031   0.0000003325   0.0000000393  -0.0000025847
        0.0000011153   0.0000002091  -0.0000022073  -0.0000004838  -0.0000001590
       -0.0000019138  -0.0000003872  -0.0000001416  -0.0000006999  -0.0000010802
        0.0000001598  -0.0000048205  -0.0000007552   0.0000001217  -0.0000035278
       -0.0000016109   0.0000002715  -0.0000035361  -0.0000002376   0.0000000919
       -0.0000052800   0.0000006228  -0.0000000128  -0.0000043300  -0.0000007847
        0.0000001838  -0.0000040240   0.0000018360  -0.0000002047   0.0000599762
        0.0000013120  -0.0000001475  -0.0000039764   0.0000009631  -0.0000001289
       -0.0000052878   0.0000004948  -0.0000000554  -0.0000004073  -0.0000006149
       -0.0000001395  -0.0000004305  -0.0000009703  -0.0000002251  -0.0000003525
       -0.0000030675   0.0000011862   0.0000010567  -0.0000035264   0.0000008301
        0.0000006816  -0.0000016006   0.0000013656   0.0000011651  -0.0000056144
        0.0000015625   0.0000015425  -0.0000038072  -0.0000007686  -0.0000010783
       -0.0000054106  -0.0000009872  -0.0000022224  -0.0000020431  -0.0000019254
       -0.0000012238  -0.0000021599  -0.0000034111  -0.0000028235  -0.0000028659
        0.0000023510   0.0000023157  -0.0000043978   0.0000008044   0.0000007120
       -0.0000015929   0.0000006752   0.0000004194  -0.0000014004   0.0000025742
        0.0000024596  -0.0000018855   0.0000010642   0.0000008532  -0.0000000720
        0.0000008399   0.0000005507  -0.0000059420   0.0000013487   0.0000013120
        0.0000573751   0.0000011539   0.0000011320  -0.0000054808   0.0000027088
        0.0000028127  -0.0000030746  -0.0000032993  -0.0000031659  -0.0000028380
       -0.0000040795  -0.0000036503  -0.0000005955  -0.0000039935  -0.0000028491
        0.0000006231  -0.0000013386   0.0000020205   0.0000000932  -0.0000038472
        0.0000000318  -0.0000007701  -0.0000034952  -0.0000031229   0.0000004795
       -0.0000070048   0.0000012319   0.0000001234  -0.0000033083   0.0000001701
        0.0000005835  -0.0000040740   0.0000007760  -0.0000004315  -0.0000017963
       -0.0000004250  -0.0000004651  -0.0000010460  -0.0000002840   0.0000006440
       -0.0000015952   0.0000020431   0.0000012742  -0.0000015392   0.0000042800
        0.0000003586   0.0000009535   0.0000011809  -0.0000007656  -0.0000037837
       -0.0000031248  -0.0000011523  -0.0000052403  -0.0000045862  -0.0000009807
       -0.0000012594  -0.0000040004   0.0000000909  -0.0000087568  -0.0000001475
        0.0000011539   0.0000570710   0.0000034030   0.0000005230  -0.0000073620
        0.0000013261  -0.0000004466  -0.0000023571  -0.0000005840   0.0000001126
       -0.0000003815   0.0000011766  -0.0000010480   0.0000001610  -0.0000013654
       -0.0000005683  -0.0000026299  -0.0000059800   0.0000000987   0.0000001653
       -0.0000037868  -0.0000002506  -0.0000005303  -0.0000008420   0.0000009220
        0.0000028627  -0.0000055069   0.0000002366   0.0000007952  -0.0000029218
        0.0000007865   0.0000023316  -0.0000033507  -0.0000003342  -0.0000006331
       -0.0000016454  -0.0000002522  -0.0000003007  -0.0000008117  -0.0000006957
       -0.0000031929  -0.0000067056  -0.0000003557  -0.0000021739  -0.0000080759
       -0.0000011551  -0.0000045737  -0.0000047645  -0.0000003643  -0.0000010538
       -0.0000015246   0.0000002077   0.0000014339   0.0000007778  -0.0000008841
       -0.0000024450   0.0000003914   0.0000014006   0.0000048134  -0.0000039764
        0.0000011320   0.0000034030   0.0000568196   0.0000008147   0.0000023887
       -0.0000063108   0.0000002676   0.0000015076  -0.0000002120  -0.0000003227
       -0.0000006953  -0.0000022746  -0.0000006835  -0.0000014731   0.0000007007
       -0.0000026193   0.0000005637   0.0000007797  -0.0000033986   0.0000003941
        0.0000004543  -0.0000024539   0.0000006249   0.0000008416  -0.0000048612
        0.0000006760   0.0000011516  -0.0000036013  -0.0000001865  -0.0000009669
       -0.0000045621   0.0000001730  -0.0000022041  -0.0000025718  -0.0000011509
       -0.0000006903  -0.0000026754  -0.0000016778  -0.0000019462  -0.0000024464
        0.0000010188   0.0000018038  -0.0000032450   0.0000004091   0.0000005115
       -0.0000015790   0.0000003907   0.0000002566  -0.0000022965   0.0000011346
        0.0000019140  -0.0000029787   0.0000004674   0.0000005662  -0.0000013531
        0.0000004083   0.0000003369  -0.0000054214   0.0000005955   0.0000009631
       -0.0000054808   0.0000005230   0.0000008147   0.0000595892   0.0000011013
        0.0000021876  -0.0000034453  -0.0000011578  -0.0000022027  -0.0000027869
       -0.0000021584  -0.0000028595  -0.0000018124  -0.0000021488  -0.0000017120
        0.0000020616  -0.0000029630   0.0000014435   0.0000002214  -0.0000044645
       -0.0000001211  -0.0000021405  -0.0000047860  -0.0000023274   0.0000009339
       -0.0000077074   0.0000009086   0.0000002220  -0.0000019741  -0.0000003213
        0.0000011939  -0.0000008431  -0.0000009106  -0.0000009898  -0.0000010960
        0.0000002726  -0.0000011015   0.0000014280   0.0000002082   0.0000021761
       -0.0000045800   0.0000016989   0.0000038152  -0.0000026636   0.0000030447
        0.0000015813  -0.0000005612   0.0000007005  -0.0000020891  -0.0000063699
       -0.0000020222  -0.0000034599  -0.0000058185  -0.0000035083  -0.0000025206
       -0.0000025141  -0.0000031059  -0.0000003986  -0.0000087295  -0.0000001289
        0.0000027088  -0.0000073620   0.0000023887   0.0000011013   0.0000548753
        0.0000012226  -0.0000014704   0.0000017768   0.0000000556   0.0000006326
        0.0000021261   0.0000003860  -0.0000024775   0.0000022267   0.0000001158
       -0.0000021651  -0.0000010699  -0.0000056261   0.0000002414   0.0000000503
       -0.0000042891  -0.0000002212  -0.0000001724  -0.0000038762   0.0000025393
        0.0000012040  -0.0000061633   0.0000006715  -0.0000000200  -0.0000014831
        0.0000021672  -0.0000003331   0.0000003151  -0.0000008491   0.0000002726
       -0.0000012344  -0.0000005944   0.0000000799   0.0000012967  -0.0000025656
       -0.0000011289  -0.0000076765  -0.0000019175  -0.0000009518  -0.0000059234
       -0.0000038053  -0.0000019470  -0.0000042518  -0.0000005553  -0.0000002910
       -0.0000059790   0.0000014461   0.0000006469  -0.0000028322  -0.0000019615
       -0.0000009669  -0.0000025249   0.0000042609   0.0000019390  -0.0000052878
        0.0000028127   0.0000013261  -0.0000063108   0.0000021876   0.0000012226
        0.0000560567   0.0000012094  -0.0000001967   0.0000020022  -0.0000012591
        0.0000003168   0.0000021693  -0.0000016422   0.0000000195   0.0000016186
       -0.0000019234  -0.0000005537   0.0000003385  -0.0000031986  -0.0000003496
        0.0000001850  -0.0000038812  -0.0000006493   0.0000005449  -0.0000035931
       -0.0000007323   0.0000005643  -0.0000033179   0.0000007084  -0.0000006951
       -0.0000033958   0.0000017787  -0.0000017785  -0.0000033148   0.0000003216
       -0.0000001262  -0.0000034263   0.0000013175  -0.0000008686  -0.0000017816
       -0.0000012608   0.0000009770  -0.0000014004  -0.0000003156   0.0000000954
       -0.0000016339  -0.0000002405   0.0000000456  -0.0000037885  -0.0000013074
        0.0000012350  -0.0000047762  -0.0000005110   0.0000004024  -0.0000035370
       -0.0000003922   0.0000002638  -0.0000045148  -0.0000005646   0.0000004948
       -0.0000030746  -0.0000004466   0.0000002676  -0.0000034453  -0.0000014704
        0.0000012094   0.0000601921   0.0000022482  -0.0000009796  -0.0000025746
        0.0000012886  -0.0000017395  -0.0000036140   0.0000011311  -0.0000004362
       -0.0000032242  -0.0000002378   0.0000009095  -0.0000002774  -0.0000018373
        0.0000003935   0.0000029437  -0.0000004770  -0.0000010436  -0.0000008844
       -0.0000011493   0.0000004126  -0.0000002241  -0.0000060030   0.0000012486
       -0.0000013913  -0.0000100028   0.0000042827   0.0000012692  -0.0000047300
       -0.0000017819   0.0000014451  -0.0000085940  -0.0000012575  -0.0000034347
        0.0000026139   0.0000003004  -0.0000056204  -0.0000012695   0.0000018906
       -0.0000028323  -0.0000008529   0.0000009651   0.0000028330   0.0000022021
       -0.0000018167   0.0000050480  -0.0000015925  -0.0000013546   0.0000031996
       -0.0000008948  -0.0000010012   0.0000012431  -0.0000023510  -0.0000000554
       -0.0000032993  -0.0000023571   0.0000015076  -0.0000011578   0.0000017768
       -0.0000001967   0.0000022482   0.0000520927  -0.0000013415  -0.0000010966
       -0.0000084560   0.0000014600   0.0000032126  -0.0000078806  -0.0000035216
        0.0000016567   0.0000001979  -0.0000006616  -0.0000002549  -0.0000001891
       -0.0000012937   0.0000003958  -0.0000000882  -0.0000008706  -0.0000024700
       -0.0000003829   0.0000001162  -0.0000006964  -0.0000008447  -0.0000040042
       -0.0000024335  -0.0000032313  -0.0000029112   0.0000011653   0.0000015493
       -0.0000078183   0.0000010302   0.0000009529  -0.0000106181   0.0000019857
        0.0000005554   0.0000012214   0.0000011186   0.0000000856  -0.0000010272
        0.0000032249   0.0000002358  -0.0000016421   0.0000006543   0.0000001236
        0.0000008763  -0.0000009337  -0.0000002997  -0.0000013196   0.0000018195
        0.0000000898  -0.0000017932  -0.0000037971  -0.0000007383  -0.0000004073
       -0.0000031659  -0.0000005840  -0.0000002120  -0.0000022027   0.0000000556
        0.0000020022  -0.0000009796  -0.0000013415   0.0000528553   0.0000014264
        0.0000016554  -0.0000094101   0.0000024565   0.0000021985  -0.0000130820
       -0.0000041361   0.0000003546  -0.0000003879  -0.0000031841   0.0000001716
       -0.0000003121  -0.0000029265   0.0000003421  -0.0000007339  -0.0000026590
        0.0000002702  -0.0000006500  -0.0000030457  -0.0000003462   0.0000005442
       -0.0000027130  -0.0000008419   0.0000011720  -0.0000033535  -0.0000001885
        0.0000005278  -0.0000032575  -0.0000006644   0.0000013000  -0.0000042672
        0.0000007084  -0.0000009964  -0.0000043350   0.0000002222  -0.0000000891
       -0.0000045113   0.0000002691  -0.0000001345  -0.0000030198   0.0000006769
       -0.0000013661  -0.0000022619   0.0000002132  -0.0000006591  -0.0000033250
        0.0000002738  -0.0000004931  -0.0000019752   0.0000001347  -0.0000006149
       -0.0000028380   0.0000001126  -0.0000003227  -0.0000027869   0.0000006326
       -0.0000012591  -0.0000025746  -0.0000010966   0.0000014264   0.0000605481
       -0.0000006743   0.0000018374  -0.0000033776  -0.0000005700   0.0000012112
       -0.0000014729  -0.0000011218  -0.0000004792  -0.0000003478  -0.0000014670
       -0.0000005058   0.0000027628  -0.0000005492   0.0000000020  -0.0000021392
        0.0000002239  -0.0000002378  -0.0000004536  -0.0000040756  -0.0000011997
       -0.0000018650  -0.0000026925  -0.0000042320   0.0000011573  -0.0000081363
        0.0000019853   0.0000010767  -0.0000105630   0.0000016374  -0.0000014221
        0.0000008765   0.0000000522  -0.0000035545  -0.0000017405  -0.0000007901
       -0.0000002151  -0.0000022289  -0.0000007396   0.0000028802   0.0000016608
        0.0000007007   0.0000036120  -0.0000009449  -0.0000000884   0.0000042408
       -0.0000017949  -0.0000002567  -0.0000013697   0.0000001251  -0.0000001395
       -0.0000040795  -0.0000003815  -0.0000006953  -0.0000021584   0.0000021261
        0.0000003168   0.0000012886  -0.0000084560   0.0000016554  -0.0000006743
        0.0000517773  -0.0000007813   0.0000027338  -0.0000126375   0.0000037956
        0.0000030089  -0.0000009506  -0.0000017924  -0.0000003138   0.0000000881
       -0.0000018187   0.0000001310  -0.0000002045   0.0000005189  -0.0000033395
        0.0000008775  -0.0000004968  -0.0000009127   0.0000007881  -0.0000056094
       -0.0000029562   0.0000026413  -0.0000083456   0.0000011681  -0.0000009207
       -0.0000055931   0.0000008332  -0.0000003518  -0.0000090078   0.0000035520
       -0.0000014214   0.0000008879   0.0000027681  -0.0000007305  -0.0000034564
        0.0000051662  -0.0000014617  -0.0000027864   0.0000005751  -0.0000005865
        0.0000033154  -0.0000021764   0.0000004963   0.0000004107   0.0000023709
       -0.0000007864  -0.0000004331  -0.0000057080   0.0000016469  -0.0000004305
       -0.0000036503   0.0000011766  -0.0000022746  -0.0000028595   0.0000003860
        0.0000021693  -0.0000017395   0.0000014600  -0.0000094101   0.0000018374
       -0.0000007813   0.0000526748   0.0000022450  -0.0000013655  -0.0000085221
       -0.0000028534  -0.0000008152  -0.0000006191  -0.0000029655  -0.0000006429
       -0.0000005908  -0.0000044789  -0.0000010694  -0.0000010078  -0.0000017242
       -0.0000014099  -0.0000010016  -0.0000027343   0.0000008695   0.0000003461
       -0.0000013477   0.0000017900   0.0000002188  -0.0000042751   0.0000010827
        0.0000013496  -0.0000041977   0.0000025241   0.0000022809  -0.0000029843
       -0.0000018562  -0.0000012658  -0.0000017628  -0.0000004934  -0.0000002985
       -0.0000037148  -0.0000002360  -0.0000003304  -0.0000046223  -0.0000020828
       -0.0000016320  -0.0000045795  -0.0000009354  -0.0000009818  -0.0000053215
       -0.0000005492  -0.0000007233  -0.0000018174  -0.0000012759  -0.0000009703
       -0.0000005955  -0.0000010480  -0.0000006835  -0.0000018124  -0.0000024775
       -0.0000016422  -0.0000036140   0.0000032126   0.0000024565  -0.0000033776
        0.0000027338   0.0000022450   0.0000587791   0.0000026792   0.0000028503
       -0.0000012450  -0.0000016754  -0.0000008369  -0.0000003501  -0.0000014101
       -0.0000005730   0.0000026160  -0.0000006146   0.0000005934  -0.0000021714
        0.0000006289  -0.0000005594  -0.0000004914  -0.0000036066  -0.0000013278
       -0.0000019627  -0.0000011927  -0.0000046533   0.0000011621  -0.0000086016
        0.0000021695   0.0000010442  -0.0000107223   0.0000018242  -0.0000011570
        0.0000000233  -0.0000002546  -0.0000032105  -0.0000022094  -0.0000016040
        0.0000000336  -0.0000030084  -0.0000009129   0.0000027631   0.0000013098
        0.0000013983   0.0000033034  -0.0000005794   0.0000006963   0.0000041372
       -0.0000021035   0.0000004981  -0.0000015695   0.0000009567  -0.0000002251
       -0.0000039935   0.0000001610  -0.0000014731  -0.0000021488   0.0000022267
        0.0000000195   0.0000011311  -0.0000078806   0.0000021985  -0.0000005700
       -0.0000126375  -0.0000013655   0.0000026792   0.0000509358   0.0000043878
        0.0000006997   0.0000004738  -0.0000000016  -0.0000002300  -0.0000003232
       -0.0000007633   0.0000005286   0.0000000090  -0.0000011060  -0.0000018485
       -0.0000008491   0.0000003775  -0.0000006011  -0.0000017997  -0.0000026362
       -0.0000022873  -0.0000068844   0.0000019131   0.0000012875   0.0000032228
       -0.0000100326   0.0000012897   0.0000018250  -0.0000123624   0.0000008963
        0.0000012572   0.0000012655  -0.0000000482   0.0000001342   0.0000001286
        0.0000018296   0.0000006259  -0.0000007060   0.0000006739   0.0000004245
       -0.0000001430  -0.0000001252  -0.0000003950  -0.0000015788   0.0000013110
        0.0000004929  -0.0000017725  -0.0000024402  -0.0000016259  -0.0000003525
       -0.0000028491  -0.0000013654   0.0000007007  -0.0000017120   0.0000001158
        0.0000016186  -0.0000004362  -0.0000035216  -0.0000130820   0.0000012112
        0.0000037956  -0.0000085221   0.0000028503   0.0000043878   0.0000470550
