$hessian                                                                        
        0.5222315691  -0.0055715925   0.0142432836  -0.0648203641  -0.0170236903
        0.0193825871   0.0022976816   0.0059471451  -0.0064695492   0.0014739548
        0.0053809865  -0.0117631470  -0.0077085715  -0.0162416944   0.0224104005
       -0.0054998142   0.0031618512   0.0013400009  -0.0019578436  -0.0007507747
        0.0005391316   0.0004673273   0.0009130866  -0.0000641889  -0.2750486084
       -0.0072858904   0.0435423735  -0.0725572652   0.0762960442   0.0115402263
       -0.0992802721  -0.0471393603  -0.0902224029   0.0007509640   0.0004293482
       -0.0008420625  -0.0001129033   0.0022280836  -0.0002765601   0.0001359814
       -0.0003041302   0.0001076687  -0.0010084234  -0.0007115007  -0.0028804154
        0.0001676718   0.0002740470   0.0002603387   0.0006553964   0.0004247394
       -0.0008520667  -0.0000355328   0.0000332054   0.0000328528  -0.0001718490
       -0.0000643562  -0.0000143478   0.0000209011   0.0000044525  -0.0000141231
       -0.0055715925   0.5015329527   0.0385904968  -0.0097440195  -0.0972087049
        0.0545127885  -0.0021341681  -0.0240710264   0.0230141180   0.0011130795
        0.0041921476  -0.0065981470  -0.0053641309  -0.0019101464   0.0040274463
        0.0004068528  -0.0007649335  -0.0004762240  -0.0003023929   0.0005469890
        0.0009180154   0.0001593134   0.0001449432   0.0000976235  -0.0067128362
       -0.0435354408   0.0000314850   0.0755239058  -0.2504661709  -0.0335994022
       -0.0470310151  -0.0848108116  -0.0787095202  -0.0008823232   0.0009973420
        0.0004330389   0.0018082412  -0.0061696293   0.0002818409  -0.0001333395
        0.0008208111   0.0010088607  -0.0010226248  -0.0002149155  -0.0022117032
       -0.0002151670   0.0007534987  -0.0009521166   0.0001588451   0.0002088183
       -0.0003495249  -0.0000365400   0.0000045286  -0.0000266429  -0.0000285892
       -0.0000234349   0.0000073367   0.0000085014  -0.0000268170   0.0000002305
        0.0142432836   0.0385904968   0.4713259154   0.0115666670   0.0567102783
       -0.1439884345  -0.0006292752   0.0029677448  -0.0008080977   0.0006521530
        0.0112435585  -0.0279407058   0.0114808369   0.0058078157  -0.0083371305
        0.0009284836   0.0002274643   0.0008547244  -0.0014841874  -0.0005127790
       -0.0022687784   0.0000760609  -0.0004707879   0.0001204206   0.0427205775
        0.0002783119  -0.0503303406   0.0115583562  -0.0336991909  -0.0481718966
       -0.0904505553  -0.0789619230  -0.1886797607  -0.0000032381  -0.0006464828
        0.0003427797   0.0001646268  -0.0004914099   0.0004553000   0.0001728654
       -0.0009237823   0.0007619978  -0.0022656712  -0.0015066158  -0.0047379964
        0.0003092975   0.0008884780   0.0006110131   0.0009513154   0.0004891032
        0.0007906680  -0.0000526854  -0.0000150849  -0.0000216306   0.0000981515
        0.0000533295   0.0000167233  -0.0000370627  -0.0000285245   0.0000052295
       -0.0648203641  -0.0097440195   0.0115666670   0.4697669118   0.0061078120
        0.0119682215  -0.0752529556   0.0329136009   0.0039353268  -0.0917767408
       -0.0236988099  -0.0454345913  -0.1505495497   0.0009386782   0.0214215978
       -0.0242571577   0.0028559089   0.0156458070  -0.0343956902  -0.0095250555
       -0.0113853874   0.0000007134  -0.0013557965  -0.0015718393  -0.0088417642
       -0.0170735421   0.0261750568   0.0016361963   0.0048579873  -0.0073654589
        0.0015855903   0.0069512281  -0.0113840044  -0.0148167120   0.0298938878
        0.0056451502   0.0014086663  -0.0029465180  -0.0013763772   0.0037826809
       -0.0119743722  -0.0020008111   0.0020035382   0.0023904582   0.0017054241
        0.0044159364   0.0025867209   0.0066084549  -0.0194136764  -0.0132108100
       -0.0243266483  -0.0000420692   0.0001500940  -0.0001112250   0.0001171487
       -0.0001331729   0.0001004894  -0.0005507025   0.0000157205   0.0001841474
       -0.0170236903  -0.0972087049   0.0567102783   0.0061078120   0.4656356986
        0.0182037396   0.0428540466  -0.1688099882  -0.0191422021  -0.0240529557
       -0.0845357509  -0.0412128683  -0.0054543404  -0.0626611411   0.0064481167
        0.0139212112   0.0124350345  -0.0149487114  -0.0154467485   0.0008059587
       -0.0018172760  -0.0019332340   0.0032433878  -0.0039297505  -0.0030968277
       -0.0023679602   0.0047550679  -0.0038870803  -0.0197877133   0.0229351164
        0.0017816542   0.0054229814  -0.0079580567   0.0051223500  -0.0047835486
       -0.0018508812   0.0059718402  -0.0201223536   0.0006947488   0.0030400247
       -0.0159134617  -0.0054974034   0.0071561149   0.0057054541   0.0117807035
       -0.0120977301  -0.0158308770  -0.0233764806  -0.0024722645  -0.0011740553
       -0.0016739480   0.0007979819   0.0001551970   0.0001061136  -0.0006184788
       -0.0003013660  -0.0002105217  -0.0006696856   0.0000932085  -0.0000157848
        0.0193825871   0.0545127885  -0.1439884345   0.0119682215   0.0182037396
        0.4907454316   0.0031031181  -0.0163307563  -0.0626354632  -0.0462513323
       -0.0412914600  -0.1426616203   0.0072783949   0.0049717711  -0.0562507720
        0.0385439092  -0.0124380868  -0.0169938111  -0.0236696796  -0.0029910245
        0.0024602749  -0.0030081271  -0.0041670833  -0.0025853800   0.0052631811
        0.0055990431  -0.0092533910  -0.0007873380   0.0012122795   0.0013424586
        0.0019429487   0.0118672240  -0.0251721411   0.0027878683  -0.0052377860
       -0.0007751816  -0.0075677672   0.0224856049   0.0018600209   0.0062289348
       -0.0229901258  -0.0060380232  -0.0115297854  -0.0084049076  -0.0254874268
       -0.0019583008  -0.0056266765  -0.0063505089  -0.0008210418   0.0008891482
        0.0020546732  -0.0001121691  -0.0000499251  -0.0003290256   0.0005651574
       -0.0000487166  -0.0000656498  -0.0013587800  -0.0001650505   0.0001239697
        0.0022976816  -0.0021341681  -0.0006292752  -0.0752529556   0.0428540466
        0.0031031181   0.5162451135   0.0261663758   0.0075629800   0.0033026267
       -0.0108072778  -0.0032003919  -0.0140352410   0.0263794289   0.0034870205
       -0.0051304911  -0.0017273403   0.0035972854  -0.0020311804   0.0008019419
        0.0003931121   0.0006702051  -0.0004709258   0.0006555970   0.0007423400
       -0.0008975826  -0.0000718138   0.0004151680  -0.0008737032   0.0006655220
        0.0000624759   0.0002371585   0.0000753892  -0.2755139093  -0.0044890634
        0.0420433657  -0.0523546839  -0.0245860237   0.0353526300  -0.0992182122
       -0.0475165813  -0.0906636762   0.0001597175  -0.0001620752   0.0002713485
       -0.0008702852  -0.0018889339  -0.0022567810   0.0007173667  -0.0008713153
       -0.0003725465  -0.0001773811   0.0000055933  -0.0000605156  -0.0000487583
        0.0000002036   0.0000514477   0.0000204030  -0.0000197581  -0.0000038163
        0.0059471451  -0.0240710264   0.0029677448   0.0329136009  -0.1688099882
       -0.0163307563   0.0261663758   0.4541345895  -0.0100884439   0.0027524862
       -0.0182283427  -0.0073851891   0.0110361590  -0.0033669967  -0.0019472077
       -0.0003682008   0.0000089085   0.0016553702  -0.0011691580  -0.0013210135
       -0.0019144124  -0.0000241479   0.0001769949  -0.0002255168   0.0005071941
        0.0006752471  -0.0009495545  -0.0003415356  -0.0026549724   0.0031215145
        0.0000139775   0.0008021549  -0.0009936424  -0.0054045426  -0.0417991528
        0.0013650960  -0.0240818458  -0.1141029545   0.1073529972  -0.0478265031
       -0.0811624311  -0.0756725655   0.0003487618   0.0007448643   0.0008757485
       -0.0011814304  -0.0014654888  -0.0024504569   0.0006978631   0.0004262138
        0.0005952134   0.0000723591  -0.0000033817   0.0000257885  -0.0000314445
        0.0000106299   0.0000016300  -0.0000271137   0.0000061459  -0.0000033576
       -0.0064695492   0.0230141180  -0.0008080977   0.0039353268  -0.0191422021
       -0.0626354632   0.0075629800  -0.0100884439   0.5258619154   0.0047473633
       -0.0230179074  -0.0073309370   0.0051711137  -0.0048076909  -0.0004516260
        0.0012484738   0.0006887543  -0.0005434300  -0.0009226991  -0.0009236510
       -0.0003510928   0.0000704928   0.0003042872  -0.0001206429  -0.0007020993
        0.0001594361   0.0006710685   0.0004853868   0.0039329087  -0.0035862969
       -0.0000910523   0.0009121552   0.0008443556   0.0420091833   0.0010446861
       -0.0516774472   0.0347869148   0.1073778686  -0.2047411574  -0.0908331763
       -0.0754827999  -0.1925640948   0.0002623199  -0.0009694223   0.0006227394
       -0.0019680738  -0.0030819773  -0.0036352578   0.0007310792   0.0000817090
        0.0004787474   0.0000587603   0.0000038192   0.0000132065  -0.0000546685
       -0.0000265824  -0.0000215414  -0.0000280763   0.0000209350  -0.0000249477
        0.0014739548   0.0011130795   0.0006521530  -0.0917767408  -0.0240529557
       -0.0462513323   0.0033026267   0.0027524862   0.0047473633   0.5172599723
       -0.0147078519  -0.0295523534  -0.0211089670  -0.0110223211  -0.0193085202
        0.0002715926  -0.0019889416  -0.0042612038  -0.0075649468  -0.0011270717
       -0.0004677650  -0.0013369633  -0.0007756594  -0.0012232181   0.0006731202
        0.0000588439   0.0009019819   0.0000173753  -0.0000999030  -0.0000047624
        0.0003875398  -0.0003462314   0.0010124918   0.0007422190   0.0006695034
        0.0006111387   0.0000742726  -0.0000008392   0.0001434258   0.0000226071
        0.0020297208   0.0007432415  -0.0519310579  -0.0241049751   0.0373440755
       -0.0730742849   0.0786350511   0.0132545643  -0.2770733605  -0.0069509961
        0.0417379988   0.0000681568   0.0000473866  -0.0000744696   0.0000765626
       -0.0000778326  -0.0000145913  -0.0005036789  -0.0000504928   0.0000097816
        0.0053809865   0.0041921476   0.0112435585  -0.0236988099  -0.0845357509
       -0.0412914600  -0.0108072778  -0.0182283427  -0.0230179074  -0.0147078519
        0.5150721621  -0.0238464729  -0.0045603006  -0.0008163640  -0.0018267677
        0.0009136007  -0.0004920459  -0.0004216899  -0.0003111345   0.0008507021
       -0.0000778417  -0.0001321709   0.0000841320  -0.0001300723   0.0004486404
        0.0002562608   0.0001502743   0.0002065682   0.0007847494   0.0009151636
       -0.0001697535  -0.0010409283   0.0032894922  -0.0008966532   0.0007748643
       -0.0000036417  -0.0004446736   0.0007551886  -0.0009253748   0.0013349040
       -0.0058171412  -0.0019591875  -0.0243857294  -0.1163860321   0.1087685382
        0.0788267520  -0.2518297868  -0.0328599976  -0.0069919497  -0.0435937701
        0.0019875935   0.0000216443   0.0000053510  -0.0000302690  -0.0000201608
       -0.0000192584   0.0000098454  -0.0000066305  -0.0000161375   0.0000262167
       -0.0117631470  -0.0065981470  -0.0279407058  -0.0454345913  -0.0412128683
       -0.1426616203  -0.0032003919  -0.0073851891  -0.0073309370  -0.0295523534
       -0.0238464729   0.4821625190  -0.0047295406  -0.0002980050   0.0009442221
        0.0018672131   0.0002340991  -0.0002527305   0.0013469076   0.0001430343
        0.0008370218   0.0000739774   0.0000311986   0.0001840547  -0.0007692976
       -0.0006858734   0.0007845768  -0.0001284118  -0.0009827841   0.0007892056
        0.0003273310   0.0025415358  -0.0051211648  -0.0003112942   0.0005340690
        0.0001924309  -0.0000441103   0.0009457851   0.0007379522   0.0003031854
       -0.0013171629   0.0000230963   0.0372974962   0.1087882290  -0.2051195930
        0.0130210009  -0.0328706212  -0.0486354517   0.0416240362   0.0019723089
       -0.0495900629  -0.0000239015   0.0000074301  -0.0000184746   0.0000028555
       -0.0000309179  -0.0000133592   0.0000930364   0.0000303522   0.0000290203
       -0.0077085715  -0.0053641309   0.0114808369  -0.1505495497  -0.0054543404
        0.0072783949  -0.0140352410   0.0110361590   0.0051711137  -0.0211089670
       -0.0045603006  -0.0047295406   0.5778400362  -0.0531481267  -0.1975882398
       -0.2250998235   0.1054930839   0.2566521980  -0.1174904629  -0.0264340460
       -0.0413200022  -0.0358534902  -0.0184283134  -0.0300404566   0.0000174462
        0.0004597507  -0.0011927736   0.0005542767   0.0005432970  -0.0003256853
        0.0010717025   0.0001993148  -0.0011326834  -0.0003075585  -0.0001220992
       -0.0002763035   0.0004655139  -0.0003886061   0.0001327654   0.0011941710
       -0.0009605154  -0.0006392782   0.0003705486  -0.0001741633   0.0001900185
        0.0004648289   0.0003487760   0.0001118879  -0.0016728961  -0.0008424329
       -0.0014351781   0.0000660549  -0.0009973023  -0.0012682456  -0.0002663826
       -0.0006343880  -0.0016037995  -0.0079516358  -0.0005716163   0.0005349711
       -0.0162416944  -0.0019101464   0.0058078157   0.0009386782  -0.0626611411
        0.0049717711   0.0263794289  -0.0033669967  -0.0048076909  -0.0110223211
       -0.0008163640  -0.0002980050  -0.0531481267   0.3034664639   0.2318477914
        0.0979820630  -0.1384565838  -0.1745345630  -0.0334835050  -0.0871985965
       -0.0589052058  -0.0130304747  -0.0015100001  -0.0017260703  -0.0012394479
       -0.0019785835   0.0032806048  -0.0009449537  -0.0010169645   0.0006263212
        0.0002551495   0.0006254550  -0.0014422013   0.0027530497  -0.0057799936
       -0.0011090434   0.0010953056  -0.0001400965   0.0005459326   0.0005277903
       -0.0002331583  -0.0013967771  -0.0002373043   0.0008004299  -0.0001967060
       -0.0014935427  -0.0012798270  -0.0003203667  -0.0011460975  -0.0007546628
       -0.0022221912   0.0001480261   0.0017531498  -0.0007158308   0.0026320597
        0.0004325398   0.0015637848  -0.0007240829   0.0000250764  -0.0009693702
        0.0224104005   0.0040274463  -0.0083371305   0.0214215978   0.0064481167
       -0.0562507720   0.0034870205  -0.0019472077  -0.0004516260  -0.0193085202
       -0.0018267677   0.0009442221  -0.1975882398   0.2318477914   0.7281710731
        0.2410722426  -0.1762604327  -0.4883822369  -0.0562496048  -0.0606197047
       -0.1698751076  -0.0189055502  -0.0006582248   0.0041024616   0.0013764216
        0.0027049206  -0.0040209797   0.0004208549  -0.0000706566   0.0008291691
        0.0008039385  -0.0005454788  -0.0024594065   0.0000139878  -0.0002685691
        0.0001993211  -0.0007070372   0.0011598030   0.0000928471   0.0008157877
       -0.0018254948  -0.0016844750  -0.0024397946   0.0011370103  -0.0015053887
       -0.0014798869  -0.0020549257   0.0003315714  -0.0020484213  -0.0022907690
       -0.0041404491   0.0033496634   0.0033269743   0.0011907366   0.0027043496
       -0.0014368914   0.0026921033   0.0008507901  -0.0008469398  -0.0014459336
       -0.0054998142   0.0004068528   0.0009284836  -0.0242571577   0.0139212112
        0.0385439092  -0.0051304911  -0.0003682008   0.0012484738   0.0002715926
        0.0009136007   0.0018672131  -0.2250998235   0.0979820630   0.2410722426
        0.2390414110  -0.1080430819  -0.2743763348   0.0164626393  -0.0046942885
       -0.0076270295   0.0018663062  -0.0013498660  -0.0039310897  -0.0004763825
       -0.0011585901   0.0017124388  -0.0000010696  -0.0000695317  -0.0002908143
       -0.0000828653   0.0001658895  -0.0002833628  -0.0008075088   0.0017894894
        0.0002968948   0.0000599534  -0.0002247542  -0.0002448808  -0.0000347987
       -0.0003004540  -0.0000535320  -0.0002806668   0.0000326704   0.0000446879
       -0.0004150074  -0.0000952206   0.0000119372   0.0006487802   0.0003824406
        0.0006766431   0.0009812922   0.0016343005   0.0001015861   0.0012796387
       -0.0005761772   0.0014268384   0.0014739720  -0.0003483533  -0.0011243047
        0.0031618512  -0.0007649335   0.0002274643   0.0028559089   0.0124350345
       -0.0124380868  -0.0017273403   0.0000089085   0.0006887543  -0.0019889416
       -0.0004920459   0.0002340991   0.1054930839  -0.1384565838  -0.1762604327
       -0.1080430819   0.1295755215   0.2420237455  -0.0018707681  -0.0013947614
       -0.0570792703   0.0017052862  -0.0031061609   0.0015851027   0.0002346377
        0.0007103973  -0.0011378565   0.0001739744   0.0004186437  -0.0001964103
       -0.0001404202  -0.0001113925   0.0004401205   0.0000947217   0.0005312338
        0.0001615922  -0.0003078457  -0.0000707043   0.0000764980  -0.0001262435
        0.0001925784   0.0001938964  -0.0000577443  -0.0003749551   0.0002844051
        0.0004511746   0.0010661175   0.0002638603  -0.0002520078   0.0001280580
        0.0002461391  -0.0000062263  -0.0004817287   0.0006549092  -0.0003073591
       -0.0002010778  -0.0003605738   0.0006573401   0.0003878508   0.0003920437
        0.0013400009  -0.0004762240   0.0008547244   0.0156458070  -0.0149487114
       -0.0169938111   0.0035972854   0.0016553702  -0.0005434300  -0.0042612038
       -0.0004216899  -0.0002527305   0.2566521980  -0.1745345630  -0.4883822369
       -0.2743763348   0.2420237455   0.5931985979  -0.0015588660  -0.0565042129
       -0.0915615568   0.0023711157   0.0024122726   0.0003041237   0.0005004391
        0.0005618450  -0.0006231160  -0.0002949557   0.0004124099  -0.0000778713
       -0.0002155022  -0.0001231395   0.0007752004   0.0008549569  -0.0015908905
       -0.0002624476   0.0000712290  -0.0004808537   0.0003286584  -0.0003475553
        0.0006946311   0.0004608403   0.0008341460  -0.0009057157   0.0014079516
        0.0002640057   0.0015090627   0.0000882374  -0.0006457427   0.0001213539
        0.0004346477  -0.0007501930  -0.0009779135   0.0000614170  -0.0007561401
        0.0008875260  -0.0003648792   0.0010753099   0.0006856974   0.0011476805
       -0.0019578436  -0.0003023929  -0.0014841874  -0.0343956902  -0.0154467485
       -0.0236696796  -0.0020311804  -0.0011691580  -0.0009226991  -0.0075649468
       -0.0003111345   0.0013469076  -0.1174904629  -0.0334835050  -0.0562496048
        0.0164626393  -0.0018707681  -0.0015588660   0.4351681589   0.0504008028
        0.0249195075  -0.1982371660   0.0051584866   0.0428870892  -0.0002367861
       -0.0003340258   0.0003464988   0.0001552004  -0.0005124252  -0.0001726427
       -0.0008040828  -0.0001713673   0.0010507491  -0.0003696781   0.0003076089
       -0.0000653289   0.0001147965   0.0001610803  -0.0004540945  -0.0011119204
        0.0007792192   0.0004756570   0.0004092094   0.0000974168   0.0003982321
        0.0004044873   0.0003030251   0.0002786857  -0.0014999259  -0.0008481301
       -0.0014883116  -0.0284832155  -0.0070652751   0.0124827532  -0.0358316729
        0.0084771876   0.0047728767  -0.0226999203  -0.0041698966  -0.0028935422
       -0.0007507747   0.0005469890  -0.0005127790  -0.0095250555   0.0008059587
       -0.0029910245   0.0008019419  -0.0013210135  -0.0009236510  -0.0011270717
        0.0008507021   0.0001430343  -0.0264340460  -0.0871985965  -0.0606197047
       -0.0046942885  -0.0013947614  -0.0565042129   0.0504008028   0.1398192110
        0.1264199523  -0.0016582236  -0.0576045017  -0.0051856663  -0.0002984322
       -0.0001442941  -0.0000642489   0.0001027044   0.0003953429  -0.0000808176
       -0.0002397583  -0.0004585324   0.0002302872   0.0001960908   0.0007107638
        0.0002493788  -0.0002270164   0.0004057120  -0.0005300836   0.0004056158
        0.0005710902   0.0012898315   0.0003522239  -0.0001930600   0.0000369593
        0.0003926511   0.0004669013   0.0001363616  -0.0003927951  -0.0000624121
       -0.0001160121  -0.0203829216  -0.0002087584   0.0018824598   0.0298380530
        0.0047065406  -0.0036156270  -0.0167597002  -0.0006932815   0.0007555627
        0.0005391316   0.0009180154  -0.0022687784  -0.0113853874  -0.0018172760
        0.0024602749   0.0003931121  -0.0019144124  -0.0003510928  -0.0004677650
       -0.0000778417   0.0008370218  -0.0413200022  -0.0589052058  -0.1698751076
       -0.0076270295  -0.0570792703  -0.0915615568   0.0249195075   0.1264199523
        0.3333408895   0.0284075288  -0.0066906325  -0.0755252481   0.0001843414
       -0.0003274320   0.0007819921  -0.0000825534  -0.0004106856  -0.0000614949
        0.0004444607   0.0004863855   0.0016077568  -0.0001506925   0.0004630558
        0.0000525637   0.0000361653  -0.0000915592   0.0000079069   0.0000922774
        0.0008966036   0.0007241797   0.0007494446  -0.0003379356   0.0004412116
        0.0006596300   0.0005979983  -0.0001194847  -0.0004850889  -0.0000061729
        0.0001315714   0.0295010988   0.0008292224  -0.0030800816   0.0034318772
       -0.0009051149  -0.0002255434  -0.0278400564  -0.0020476944   0.0026830199
        0.0004673273   0.0001593134   0.0000760609   0.0000007134  -0.0019332340
       -0.0030081271   0.0006702051  -0.0000241479   0.0000704928  -0.0013369633
       -0.0001321709   0.0000739774  -0.0358534902  -0.0130304747  -0.0189055502
        0.0018663062   0.0017052862   0.0023711157  -0.1982371660  -0.0016582236
        0.0284075288   0.4091475791  -0.0019044150   0.0154579572   0.0002299696
       -0.0000557968   0.0000396047  -0.0002566724   0.0001436941  -0.0000049840
       -0.0003718851  -0.0001247207   0.0001247483   0.0002497989   0.0000749102
       -0.0000564395  -0.0002543610  -0.0001044489   0.0000697204  -0.0004418235
        0.0001308831   0.0000745698  -0.0000512712  -0.0001204778   0.0002034454
       -0.0000863463   0.0002367649   0.0000541578  -0.0000511268  -0.0001931273
       -0.0004154644  -0.0467227151  -0.0237680518   0.0372039454  -0.0667882581
        0.0773375016   0.0052721119  -0.0621798208  -0.0367390641  -0.0671088713
        0.0009130866   0.0001449432  -0.0004707879  -0.0013557965   0.0032433878
       -0.0041670833  -0.0004709258   0.0001769949   0.0003042872  -0.0007756594
        0.0000841320   0.0000311986  -0.0184283134  -0.0015100001  -0.0006582248
       -0.0013498660  -0.0031061609   0.0024122726   0.0051584866  -0.0576045017
       -0.0066906325  -0.0019044150   0.5046690530   0.0185562340   0.0001800985
        0.0000832522  -0.0001757563  -0.0000604069  -0.0003156104   0.0000340064
       -0.0000981494   0.0000895913   0.0002971886  -0.0000946239   0.0001596694
        0.0000989846   0.0000623883  -0.0001992556   0.0001805963   0.0001068738
       -0.0000429686  -0.0001383806   0.0000190864  -0.0000209700   0.0001149362
       -0.0000307083  -0.0000567175  -0.0000170928  -0.0001147962  -0.0000798769
       -0.0001795441  -0.0217698327  -0.1070151640   0.1001981424   0.0739699589
       -0.2428005126  -0.0162599350  -0.0339564857  -0.0958992854  -0.0934704095
       -0.0000641889   0.0000976235   0.0001204206  -0.0015718393  -0.0039297505
       -0.0025853800   0.0006555970  -0.0002255168  -0.0001206429  -0.0012232181
       -0.0001300723   0.0001840547  -0.0300404566  -0.0017260703   0.0041024616
       -0.0039310897   0.0015851027   0.0003041237   0.0428870892  -0.0051856663
       -0.0755252481   0.0154579572   0.0185562340   0.5297834653  -0.0000184614
        0.0000056388   0.0001105339   0.0000313548   0.0000765945  -0.0000158257
        0.0001381326   0.0000237598   0.0000154849   0.0001167119  -0.0000733109
        0.0000023044  -0.0000495250   0.0001499937  -0.0001454377   0.0000483691
        0.0001213860   0.0002174632  -0.0000268630   0.0000405941  -0.0000208337
        0.0000033871   0.0000337825   0.0000523513  -0.0002160655  -0.0001470411
       -0.0002542822   0.0343768923   0.0992350218  -0.2010957981   0.0051436159
       -0.0155613217  -0.0450931993  -0.0617173995  -0.0929469815  -0.2100360159
       -0.2750486084  -0.0067128362   0.0427205775  -0.0088417642  -0.0030968277
        0.0052631811   0.0007423400   0.0005071941  -0.0007020993   0.0006731202
        0.0004486404  -0.0007692976   0.0000174462  -0.0012394479   0.0013764216
       -0.0004763825   0.0002346377   0.0005004391  -0.0002367861  -0.0002984322
        0.0001843414   0.0002299696   0.0001800985  -0.0000184614   0.3179503063
        0.0086949296  -0.0513258746  -0.0154746780   0.0027654661   0.0026993845
       -0.0202485228  -0.0014830724   0.0003507573   0.0005300884  -0.0003223040
        0.0000459407   0.0000629980   0.0002393091  -0.0002448897  -0.0002579729
       -0.0000729679   0.0000207898   0.0000122886   0.0001143719  -0.0002969805
       -0.0002268330   0.0000207092   0.0000839703   0.0005419200   0.0000225293
        0.0000999941  -0.0000034897  -0.0000064092   0.0000403980   0.0000364232
       -0.0000086889  -0.0000148111   0.0000181369   0.0000131005  -0.0000137812
       -0.0072858904  -0.0435354408   0.0002783119  -0.0170735421  -0.0023679602
        0.0055990431  -0.0008975826   0.0006752471   0.0001594361   0.0000588439
        0.0002562608  -0.0006858734   0.0004597507  -0.0019785835   0.0027049206
       -0.0011585901   0.0007103973   0.0005618450  -0.0003340258  -0.0001442941
       -0.0003274320  -0.0000557968   0.0000832522   0.0000056388   0.0086949296
        0.0486017737  -0.0032714179   0.0316281374  -0.0017149997  -0.0058578036
       -0.0147586939  -0.0001977214   0.0008578598   0.0004640749  -0.0005006891
        0.0003137394   0.0001411509   0.0001385306  -0.0002029015  -0.0000968885
       -0.0001284854  -0.0000537109  -0.0000665729  -0.0000689713  -0.0001392232
        0.0002027314  -0.0001248625  -0.0000029523   0.0000681209   0.0002776454
        0.0000445847   0.0000147850   0.0000153380   0.0000142033  -0.0000305350
       -0.0000094054   0.0000046327   0.0000255935   0.0000129682  -0.0000029003
        0.0435423735   0.0000314850  -0.0503303406   0.0261750568   0.0047550679
       -0.0092533910  -0.0000718138  -0.0009495545   0.0006710685   0.0009019819
        0.0001502743   0.0007845768  -0.0011927736   0.0032806048  -0.0040209797
        0.0017124388  -0.0011378565  -0.0006231160   0.0003464988  -0.0000642489
        0.0007819921   0.0000396047  -0.0001757563   0.0001105339  -0.0513258746
       -0.0032714179   0.0589635073   0.0065200771  -0.0012730244  -0.0003050341
       -0.0253884065  -0.0014226764   0.0034988037  -0.0003245859   0.0004285045
        0.0001732177  -0.0000447192  -0.0002886215   0.0001075090  -0.0001611085
        0.0000290386  -0.0000911074  -0.0000893442  -0.0001267889   0.0003149306
        0.0000442802  -0.0000706243  -0.0001263403  -0.0006084915   0.0001290651
       -0.0006792352  -0.0000936211  -0.0000384541   0.0000156774   0.0000203740
       -0.0000048699  -0.0000156924  -0.0000019470   0.0000198532   0.0000234196
       -0.0725572652   0.0755239058   0.0115583562   0.0016361963  -0.0038870803
       -0.0007873380   0.0004151680  -0.0003415356   0.0004853868   0.0000173753
        0.0002065682  -0.0001284118   0.0005542767  -0.0009449537   0.0004208549
       -0.0000010696   0.0001739744  -0.0002949557   0.0001552004   0.0001027044
       -0.0000825534  -0.0002566724  -0.0000604069   0.0000313548  -0.0154746780
        0.0316281374   0.0065200771   0.0799598739  -0.0879133155  -0.0142623887
        0.0052508601  -0.0141061942  -0.0032807959   0.0001608679  -0.0001678212
        0.0000545186   0.0002769389  -0.0001698829   0.0000353139  -0.0000739523
       -0.0000124657  -0.0000102716  -0.0000726397  -0.0001594228   0.0000590160
        0.0002760409  -0.0001009604  -0.0003684625  -0.0002249083   0.0001833898
        0.0000424297   0.0000074056   0.0000311163  -0.0000116565  -0.0000680622
       -0.0000053008   0.0000139186   0.0000190438   0.0000195438   0.0000056076
        0.0762960442  -0.2504661709  -0.0336991909   0.0048579873  -0.0197877133
        0.0012122795  -0.0008737032  -0.0026549724   0.0039329087  -0.0000999030
        0.0007847494  -0.0009827841   0.0005432970  -0.0010169645  -0.0000706566
       -0.0000695317   0.0004186437   0.0004124099  -0.0005124252   0.0003953429
       -0.0004106856   0.0001436941  -0.0003156104   0.0000765945   0.0027654661
       -0.0017149997  -0.0012730244  -0.0879133155   0.2908509495   0.0363086257
        0.0047081241  -0.0166244201  -0.0059024923  -0.0003785676   0.0002680024
        0.0000354803   0.0004022237  -0.0011556729   0.0000570400   0.0001033973
        0.0003989526   0.0002031737  -0.0000538109   0.0001215678  -0.0003521130
       -0.0000201974   0.0005176111   0.0004049069   0.0000580392  -0.0001191498
        0.0000525919   0.0000366582   0.0000210824  -0.0000398755  -0.0000478064
        0.0000733900   0.0000212014   0.0000543298   0.0000053823   0.0000136100
        0.0115402263  -0.0335994022  -0.0481718966  -0.0073654589   0.0229351164
        0.0013424586   0.0006655220   0.0031215145  -0.0035862969  -0.0000047624
        0.0009151636   0.0007892056  -0.0003256853   0.0006263212   0.0008291691
       -0.0002908143  -0.0001964103  -0.0000778713  -0.0001726427  -0.0000808176
       -0.0000614949  -0.0000049840   0.0000340064  -0.0000158257   0.0026993845
       -0.0058578036  -0.0003050341  -0.0142623887   0.0363086257   0.0555323424
        0.0078420526  -0.0252288865  -0.0055855127   0.0000192682  -0.0000789450
       -0.0001233469  -0.0003728407   0.0014088949   0.0001406686   0.0001027890
        0.0000044790  -0.0001050236   0.0000612147  -0.0001127054   0.0001611350
       -0.0000438498  -0.0001316831  -0.0007046983  -0.0000275868  -0.0000674712
       -0.0000768225  -0.0000158705   0.0000179089  -0.0000011152  -0.0000355232
        0.0000034015   0.0000363178  -0.0000080501  -0.0000213072  -0.0000163586
       -0.0992802721  -0.0470310151  -0.0904505553   0.0015855903   0.0017816542
        0.0019429487   0.0000624759   0.0000139775  -0.0000910523   0.0003875398
       -0.0001697535   0.0003273310   0.0010717025   0.0002551495   0.0008039385
       -0.0000828653  -0.0001404202  -0.0002155022  -0.0008040828  -0.0002397583
        0.0004444607  -0.0003718851  -0.0000981494   0.0001381326  -0.0202485228
       -0.0147586939  -0.0253884065   0.0052508601   0.0047081241   0.0078420526
        0.1119692650   0.0554297815   0.1043440218  -0.0002687951  -0.0000849078
       -0.0001589870  -0.0000547737  -0.0000292628   0.0001981410   0.0003609818
        0.0003253678  -0.0000023388   0.0002551488  -0.0000108676   0.0001225490
       -0.0000784456   0.0000749598   0.0000564310   0.0002168046  -0.0000288728
        0.0001531057   0.0000603674   0.0000267320  -0.0000611822   0.0000014341
        0.0000343368   0.0000237162  -0.0000325277  -0.0000583818  -0.0000288045
       -0.0471393603  -0.0848108116  -0.0789619230   0.0069512281   0.0054229814
        0.0118672240   0.0002371585   0.0008021549   0.0009121552  -0.0003462314
       -0.0010409283   0.0025415358   0.0001993148   0.0006254550  -0.0005454788
        0.0001658895  -0.0001113925  -0.0001231395  -0.0001713673  -0.0004585324
        0.0004863855  -0.0001247207   0.0000895913   0.0000237598  -0.0014830724
       -0.0001977214  -0.0014226764  -0.0141061942  -0.0166244201  -0.0252288865
        0.0554297815   0.0966933111   0.0894870107   0.0000259036  -0.0000975457
       -0.0000579514  -0.0000227336   0.0000063050  -0.0001036258  -0.0000134659
       -0.0006034075   0.0002690566   0.0003139494   0.0004217319   0.0007672630
       -0.0001003569   0.0000472376   0.0001367004   0.0000758212  -0.0001080674
        0.0000102084   0.0000348121  -0.0000253477   0.0000078308   0.0001007802
       -0.0000439499  -0.0000544199  -0.0000271362   0.0000133563  -0.0000110289
       -0.0902224029  -0.0787095202  -0.1886797607  -0.0113840044  -0.0079580567
       -0.0251721411   0.0000753892  -0.0009936424   0.0008443556   0.0010124918
        0.0032894922  -0.0051211648  -0.0011326834  -0.0014422013  -0.0024594065
       -0.0002833628   0.0004401205   0.0007752004   0.0010507491   0.0002302872
        0.0016077568   0.0001247483   0.0002971886   0.0000154849   0.0003507573
        0.0008578598   0.0034988037  -0.0032807959  -0.0059024923  -0.0055855127
        0.1043440218   0.0894870107   0.2207109753  -0.0000385179   0.0000534957
       -0.0001051300   0.0000713004  -0.0003316949   0.0002735383   0.0000973714
        0.0007857256   0.0002808843  -0.0007901635  -0.0004729177  -0.0014069847
        0.0000025099   0.0003298902   0.0002709938   0.0003539312   0.0000956540
        0.0001515604  -0.0001599708  -0.0000689748   0.0000802970  -0.0001403969
       -0.0000007321  -0.0000163167  -0.0000509718   0.0000135080   0.0000365667
        0.0007509640  -0.0008823232  -0.0000032381  -0.0148167120   0.0051223500
        0.0027878683  -0.2755139093  -0.0054045426   0.0420091833   0.0007422190
       -0.0008966532  -0.0003112942  -0.0003075585   0.0027530497   0.0000139878
       -0.0008075088   0.0000947217   0.0008549569  -0.0003696781   0.0001960908
       -0.0001506925   0.0002497989  -0.0000946239   0.0001167119   0.0005300884
        0.0004640749  -0.0003245859   0.0001608679  -0.0003785676   0.0000192682
       -0.0002687951   0.0000259036  -0.0000385179   0.3189938485   0.0038766154
       -0.0495566935  -0.0095406070  -0.0021856406   0.0037646712  -0.0202934386
       -0.0026118268   0.0007772826  -0.0001920980   0.0000311673   0.0000811925
        0.0000536784  -0.0003250531  -0.0001428463   0.0005746426   0.0001901231
        0.0000977122   0.0000285285   0.0000042150  -0.0000185573  -0.0000024273
        0.0000381757   0.0000217708   0.0000280965  -0.0000172563   0.0000018201
        0.0004293482   0.0009973420  -0.0006464828   0.0298938878  -0.0047835486
       -0.0052377860  -0.0044890634  -0.0417991528   0.0010446861   0.0006695034
        0.0007748643   0.0005340690  -0.0001220992  -0.0057799936  -0.0002685691
        0.0017894894   0.0005312338  -0.0015908905   0.0003076089   0.0007107638
        0.0004630558   0.0000749102   0.0001596694  -0.0000733109  -0.0003223040
       -0.0005006891   0.0004285045  -0.0001678212   0.0002680024  -0.0000789450
       -0.0000849078  -0.0000975457   0.0000534957   0.0038766154   0.0504545026
       -0.0005728347  -0.0180164465  -0.0006649207   0.0046040603  -0.0132489287
        0.0000154252   0.0015700018  -0.0001224468  -0.0000985228  -0.0000169440
       -0.0000456651   0.0002129526   0.0001566007  -0.0003558570  -0.0004105976
       -0.0003615762   0.0000295312  -0.0000133170  -0.0000099527  -0.0000849767
        0.0000171281  -0.0000183946  -0.0000103783   0.0000064035   0.0000212126
       -0.0008420625   0.0004330389   0.0003427797   0.0056451502  -0.0018508812
       -0.0007751816   0.0420433657   0.0013650960  -0.0516774472   0.0006111387
       -0.0000036417   0.0001924309  -0.0002763035  -0.0011090434   0.0001993211
        0.0002968948   0.0001615922  -0.0002624476  -0.0000653289   0.0002493788
        0.0000525637  -0.0000564395   0.0000989846   0.0000023044   0.0000459407
        0.0003137394   0.0001732177   0.0000545186   0.0000354803  -0.0001233469
       -0.0001589870  -0.0000579514  -0.0001051300  -0.0495566935  -0.0005728347
        0.0561419606   0.0285885081   0.0031258100  -0.0072947568  -0.0260191270
       -0.0018554643   0.0033403503   0.0001763728   0.0000571667  -0.0001853776
       -0.0001437154   0.0001672629  -0.0000158225  -0.0002975708  -0.0005718551
       -0.0000284443  -0.0000168186   0.0000001659  -0.0000037708  -0.0000520222
        0.0000109366   0.0000054305   0.0000231792   0.0000030196   0.0000213664
       -0.0001129033   0.0018082412   0.0001646268   0.0014086663   0.0059718402
       -0.0075677672  -0.0523546839  -0.0240818458   0.0347869148   0.0000742726
       -0.0004446736  -0.0000441103   0.0004655139   0.0010953056  -0.0007070372
        0.0000599534  -0.0003078457   0.0000712290   0.0001147965  -0.0002270164
        0.0000361653  -0.0002543610   0.0000623883  -0.0000495250   0.0000629980
        0.0001411509  -0.0000447192   0.0002769389   0.0004022237  -0.0003728407
       -0.0000547737  -0.0000227336   0.0000713004  -0.0095406070  -0.0180164465
        0.0285885081   0.0569351824   0.0262786063  -0.0409254977   0.0029292176
        0.0075530248  -0.0139728624   0.0002842916  -0.0001303591  -0.0001739071
       -0.0001020610   0.0000492474  -0.0000969071  -0.0001782510  -0.0000973746
        0.0001773516  -0.0000698657  -0.0000006313   0.0000280449   0.0000258041
       -0.0000359655   0.0000152111   0.0000298712   0.0000028635   0.0000158217
        0.0022280836  -0.0061696293  -0.0004914099  -0.0029465180  -0.0201223536
        0.0224856049  -0.0245860237  -0.1141029545   0.1073778686  -0.0000008392
        0.0007551886   0.0009457851  -0.0003886061  -0.0001400965   0.0011598030
       -0.0002247542  -0.0000707043  -0.0004808537   0.0001610803   0.0004057120
       -0.0000915592  -0.0001044489  -0.0001992556   0.0001499937   0.0002393091
        0.0001385306  -0.0002886215  -0.0001698829  -0.0011556729   0.0014088949
       -0.0000292628   0.0000063050  -0.0003316949  -0.0021856406  -0.0006649207
        0.0031258100   0.0262786063   0.1345373866  -0.1251756262   0.0018776662
        0.0068046588  -0.0089468434   0.0000157659  -0.0003391757  -0.0009070022
        0.0000020854   0.0004031917   0.0000900208  -0.0000761340  -0.0001180547
       -0.0000033004  -0.0000149502   0.0000312462  -0.0000254003  -0.0000371740
        0.0000120768   0.0000160248  -0.0000383623  -0.0000114785  -0.0000174940
       -0.0002765601   0.0002818409   0.0004553000  -0.0013763772   0.0006947488
        0.0018600209   0.0353526300   0.1073529972  -0.2047411574   0.0001434258
       -0.0009253748   0.0007379522   0.0001327654   0.0005459326   0.0000928471
       -0.0002448808   0.0000764980   0.0003286584  -0.0004540945  -0.0005300836
        0.0000079069   0.0000697204   0.0001805963  -0.0001454377  -0.0002448897
       -0.0002029015   0.0001075090   0.0000353139   0.0000570400   0.0001406686
        0.0001981410  -0.0001036258   0.0002735383   0.0037646712   0.0046040603
       -0.0072947568  -0.0409254977  -0.1251756262   0.2348779493   0.0037694282
        0.0135226218  -0.0266973691  -0.0000003471  -0.0003085455   0.0001490384
        0.0000246171  -0.0001313019  -0.0000854049   0.0000165286   0.0000911662
       -0.0001234485  -0.0000393790  -0.0000060734   0.0000757969   0.0000270321
       -0.0000379152  -0.0000014162   0.0000277524   0.0000139458  -0.0000181954
        0.0001359814  -0.0001333395   0.0001728654   0.0037826809   0.0030400247
        0.0062289348  -0.0992182122  -0.0478265031  -0.0908331763   0.0000226071
        0.0013349040   0.0003031854   0.0011941710   0.0005277903   0.0008157877
       -0.0000347987  -0.0001262435  -0.0003475553  -0.0011119204   0.0004056158
        0.0000922774  -0.0004418235   0.0001068738   0.0000483691  -0.0002579729
       -0.0000968885  -0.0001611085  -0.0000739523   0.0001033973   0.0001027890
        0.0003609818  -0.0000134659   0.0000973714  -0.0202934386  -0.0132489287
       -0.0260191270   0.0029292176   0.0018776662   0.0037694282   0.1124905875
        0.0536516439   0.1053825350  -0.0000879478  -0.0000100809   0.0000871902
        0.0003508756   0.0002797521   0.0002942879   0.0001695788   0.0001778408
        0.0000355878   0.0000454235   0.0000027026   0.0000175579   0.0000857112
       -0.0000530794  -0.0000272129  -0.0000477501   0.0000003180  -0.0000599873
       -0.0003041302   0.0008208111  -0.0009237823  -0.0119743722  -0.0159134617
       -0.0229901258  -0.0475165813  -0.0811624311  -0.0754827999   0.0020297208
       -0.0058171412  -0.0013171629  -0.0009605154  -0.0002331583  -0.0018254948
       -0.0003004540   0.0001925784   0.0006946311   0.0007792192   0.0005710902
        0.0008966036   0.0001308831  -0.0000429686   0.0001213860  -0.0000729679
       -0.0001284854   0.0000290386  -0.0000124657   0.0003989526   0.0000044790
        0.0003253678  -0.0006034075   0.0007857256  -0.0026118268   0.0000154252
       -0.0018554643   0.0075530248   0.0068046588   0.0135226218   0.0536516439
        0.0959284442   0.0892565785   0.0000833075  -0.0000440546   0.0002526673
       -0.0007266387  -0.0008668509  -0.0014116842   0.0002578452   0.0000580125
        0.0001634440  -0.0001628559  -0.0000304102   0.0000610962  -0.0001328692
        0.0000244142   0.0000053335  -0.0000353351   0.0000279821   0.0000129089
        0.0001076687   0.0010088607   0.0007619978  -0.0020008111  -0.0054974034
       -0.0060380232  -0.0906636762  -0.0756725655  -0.1925640948   0.0007432415
       -0.0019591875   0.0000230963  -0.0006392782  -0.0013967771  -0.0016844750
       -0.0000535320   0.0001938964   0.0004608403   0.0004756570   0.0012898315
        0.0007241797   0.0000745698  -0.0001383806   0.0002174632   0.0000207898
       -0.0000537109  -0.0000911074  -0.0000102716   0.0002031737  -0.0001050236
       -0.0000023388   0.0002690566   0.0002808843   0.0007772826   0.0015700018
        0.0033403503  -0.0139728624  -0.0089468434  -0.0266973691   0.1053825350
        0.0892565785   0.2211962474  -0.0000411321   0.0000352238   0.0003775266
       -0.0002742218  -0.0003320972  -0.0002122106   0.0002572391   0.0001317073
        0.0000287074  -0.0000323200  -0.0000285269  -0.0000548404  -0.0001049741
        0.0000763905  -0.0000073537  -0.0000435653  -0.0000092281   0.0000432044
       -0.0010084234  -0.0010226248  -0.0022656712   0.0020035382   0.0071561149
       -0.0115297854   0.0001597175   0.0003487618   0.0002623199  -0.0519310579
       -0.0243857294   0.0372974962   0.0003705486  -0.0002373043  -0.0024397946
       -0.0002806668  -0.0000577443   0.0008341460   0.0004092094   0.0003522239
        0.0007494446  -0.0000512712   0.0000190864  -0.0000268630   0.0000122886
       -0.0000665729  -0.0000893442  -0.0000726397  -0.0000538109   0.0000612147
        0.0002551488   0.0003139494  -0.0007901635  -0.0001920980  -0.0001224468
        0.0001763728   0.0002842916   0.0000157659  -0.0000003471  -0.0000879478
        0.0000833075  -0.0000411321   0.0569526882   0.0290370512  -0.0409784127
        0.0025008569   0.0073979207  -0.0087861313  -0.0093393031  -0.0187639675
        0.0275501074  -0.0000191305  -0.0000205050  -0.0000065176   0.0000124549
       -0.0000023659  -0.0000055942   0.0000217958   0.0000088901   0.0000286554
       -0.0007115007  -0.0002149155  -0.0015066158   0.0023904582   0.0057054541
       -0.0084049076  -0.0001620752   0.0007448643  -0.0009694223  -0.0241049751
       -0.1163860321   0.1087882290  -0.0001741633   0.0008004299   0.0011370103
        0.0000326704  -0.0003749551  -0.0009057157   0.0000974168  -0.0001930600
       -0.0003379356  -0.0001204778  -0.0000209700   0.0000405941   0.0001143719
       -0.0000689713  -0.0001267889  -0.0001594228   0.0001215678  -0.0001127054
       -0.0000108676   0.0004217319  -0.0004729177   0.0000311673  -0.0000985228
        0.0000571667  -0.0001303591  -0.0003391757  -0.0003085455  -0.0000100809
       -0.0000440546   0.0000352238   0.0290370512   0.1331440178  -0.1252637988
       -0.0047460493  -0.0222123966   0.0261012287  -0.0013863880  -0.0009895268
        0.0022507328  -0.0000029693   0.0000256632  -0.0000055834   0.0000064886
       -0.0000175690   0.0000162008   0.0000097044  -0.0000035794  -0.0000114496
       -0.0028804154  -0.0022117032  -0.0047379964   0.0017054241   0.0117807035
       -0.0254874268   0.0002713485   0.0008757485   0.0006227394   0.0373440755
        0.1087685382  -0.2051195930   0.0001900185  -0.0001967060  -0.0015053887
        0.0000446879   0.0002844051   0.0014079516   0.0003982321   0.0000369593
        0.0004412116   0.0002034454   0.0001149362  -0.0000208337  -0.0002969805
       -0.0001392232   0.0003149306   0.0000590160  -0.0003521130   0.0001611350
        0.0001225490   0.0007672630  -0.0014069847   0.0000811925  -0.0000169440
       -0.0001853776  -0.0001739071  -0.0009070022   0.0001490384   0.0000871902
        0.0002526673   0.0003775266  -0.0409784127  -0.1252637988   0.2394029712
       -0.0004759271   0.0007959565   0.0022687763   0.0042549421   0.0054185886
       -0.0067282882  -0.0000241763  -0.0000385609   0.0000416708   0.0000168762
        0.0000096414  -0.0000138745   0.0000508213   0.0000206438   0.0000178121
        0.0001676718  -0.0002151670   0.0003092975   0.0044159364  -0.0120977301
       -0.0019583008  -0.0008702852  -0.0011814304  -0.0019680738  -0.0730742849
        0.0788267520   0.0130210009   0.0004648289  -0.0014935427  -0.0014798869
       -0.0004150074   0.0004511746   0.0002640057   0.0004044873   0.0003926511
        0.0006596300  -0.0000863463  -0.0000307083   0.0000033871  -0.0002268330
        0.0002027314   0.0000442802   0.0002760409  -0.0000201974  -0.0000438498
       -0.0000784456  -0.0001003569   0.0000025099   0.0000536784  -0.0000456651
       -0.0001437154  -0.0001020610   0.0000020854   0.0000246171   0.0003508756
       -0.0007266387  -0.0002742218   0.0025008569  -0.0047460493  -0.0004759271
        0.0815347555  -0.0904689441  -0.0131190524  -0.0153243697   0.0312349884
        0.0051409463   0.0000076636   0.0000001714  -0.0000064118  -0.0000157018
       -0.0000032092  -0.0000179550   0.0000165395   0.0000190849   0.0000177202
        0.0002740470   0.0007534987   0.0008884780   0.0025867209  -0.0158308770
       -0.0056266765  -0.0018889339  -0.0014654888  -0.0030819773   0.0786350511
       -0.2518297868  -0.0328706212   0.0003487760  -0.0012798270  -0.0020549257
       -0.0000952206   0.0010661175   0.0015090627   0.0003030251   0.0004669013
        0.0005979983   0.0002367649  -0.0000567175   0.0000337825   0.0000207092
       -0.0001248625  -0.0000706243  -0.0001009604   0.0005176111  -0.0001316831
        0.0000749598   0.0000472376   0.0003298902  -0.0003250531   0.0002129526
        0.0001672629   0.0000492474   0.0004031917  -0.0001313019   0.0002797521
       -0.0008668509  -0.0003320972   0.0073979207  -0.0222123966   0.0007959565
       -0.0904689441   0.2915855006   0.0401823621   0.0026495310  -0.0014270657
       -0.0002151654   0.0000093359  -0.0000302624  -0.0000009399  -0.0000245202
        0.0000558462  -0.0000187377   0.0000377912   0.0000152779   0.0000299570
        0.0002603387  -0.0009521166   0.0006110131   0.0066084549  -0.0233764806
       -0.0063505089  -0.0022567810  -0.0024504569  -0.0036352578   0.0132545643
       -0.0328599976  -0.0486354517   0.0001118879  -0.0003203667   0.0003315714
        0.0000119372   0.0002638603   0.0000882374   0.0002786857   0.0001363616
       -0.0001194847   0.0000541578  -0.0000170928   0.0000523513   0.0000839703
       -0.0000029523  -0.0001263403  -0.0003684625   0.0004049069  -0.0007046983
        0.0000564310   0.0001367004   0.0002709938  -0.0001428463   0.0001566007
       -0.0000158225  -0.0000969071   0.0000900208  -0.0000854049   0.0002942879
       -0.0014116842  -0.0002122106  -0.0087861313   0.0261012287   0.0022687763
       -0.0131190524   0.0401823621   0.0565283941   0.0037247416  -0.0061141621
       -0.0002760229   0.0000104662   0.0000088132  -0.0000040347  -0.0000194166
        0.0000183002   0.0000080703   0.0000396735   0.0000061549   0.0000058297
        0.0006553964   0.0001588451   0.0009513154  -0.0194136764  -0.0024722645
       -0.0008210418   0.0007173667   0.0006978631   0.0007310792  -0.2770733605
       -0.0069919497   0.0416240362  -0.0016728961  -0.0011460975  -0.0020484213
        0.0006487802  -0.0002520078  -0.0006457427  -0.0014999259  -0.0003927951
       -0.0004850889  -0.0000511268  -0.0001147962  -0.0002160655   0.0005419200
        0.0000681209  -0.0006084915  -0.0002249083   0.0000580392  -0.0000275868
        0.0002168046   0.0000758212   0.0003539312   0.0005746426  -0.0003558570
       -0.0002975708  -0.0001782510  -0.0000761340   0.0000165286   0.0001695788
        0.0002578452   0.0002572391  -0.0093393031  -0.0013863880   0.0042549421
       -0.0153243697   0.0026495310   0.0037247416   0.3212631594   0.0092182891
       -0.0467644966   0.0000406853   0.0000256059   0.0000042508   0.0000405525
        0.0000008969   0.0000192192  -0.0000910687  -0.0000225678  -0.0000227773
        0.0004247394   0.0002088183   0.0004891032  -0.0132108100  -0.0011740553
        0.0008891482  -0.0008713153   0.0004262138   0.0000817090  -0.0069509961
       -0.0435937701   0.0019723089  -0.0008424329  -0.0007546628  -0.0022907690
        0.0003824406   0.0001280580   0.0001213539  -0.0008481301  -0.0000624121
       -0.0000061729  -0.0001931273  -0.0000798769  -0.0001470411   0.0000225293
        0.0002776454   0.0001290651   0.0001833898  -0.0001191498  -0.0000674712
       -0.0000288728  -0.0001080674   0.0000956540   0.0001901231  -0.0004105976
       -0.0005718551  -0.0000973746  -0.0001180547   0.0000911662   0.0001778408
        0.0000580125   0.0001317073  -0.0187639675  -0.0009895268   0.0054185886
        0.0312349884  -0.0014270657  -0.0061141621   0.0092182891   0.0477423751
       -0.0002182540   0.0000204504   0.0000028237  -0.0000011008   0.0000060976
       -0.0000065722  -0.0000083846  -0.0000538620  -0.0000001352   0.0000054065
       -0.0008520667  -0.0003495249   0.0007906680  -0.0243266483  -0.0016739480
        0.0020546732  -0.0003725465   0.0005952134   0.0004787474   0.0417379988
        0.0019875935  -0.0495900629  -0.0014351781  -0.0022221912  -0.0041404491
        0.0006766431   0.0002461391   0.0004346477  -0.0014883116  -0.0001160121
        0.0001315714  -0.0004154644  -0.0001795441  -0.0002542822   0.0000999941
        0.0000445847  -0.0006792352   0.0000424297   0.0000525919  -0.0000768225
        0.0001531057   0.0000102084   0.0001515604   0.0000977122  -0.0003615762
       -0.0000284443   0.0001773516  -0.0000033004  -0.0001234485   0.0000355878
        0.0001634440   0.0000287074   0.0275501074   0.0022507328  -0.0067282882
        0.0051409463  -0.0002151654  -0.0002760229  -0.0467644966  -0.0002182540
        0.0578380529   0.0000157511  -0.0000019460  -0.0000179987   0.0000226518
       -0.0000067977  -0.0000107576  -0.0000955674  -0.0000022478   0.0000171835
       -0.0000355328  -0.0000365400  -0.0000526854  -0.0000420692   0.0007979819
       -0.0001121691  -0.0001773811   0.0000723591   0.0000587603   0.0000681568
        0.0000216443  -0.0000239015   0.0000660549   0.0001480261   0.0033496634
        0.0009812922  -0.0000062263  -0.0007501930  -0.0284832155  -0.0203829216
        0.0295010988  -0.0467227151  -0.0217698327   0.0343768923  -0.0000034897
        0.0000147850  -0.0000936211   0.0000074056   0.0000366582  -0.0000158705
        0.0000603674   0.0000348121  -0.0001599708   0.0000285285   0.0000295312
       -0.0000168186  -0.0000698657  -0.0000149502  -0.0000393790   0.0000454235
       -0.0001628559  -0.0000323200  -0.0000191305  -0.0000029693  -0.0000241763
        0.0000076636   0.0000093359   0.0000104662   0.0000406853   0.0000204504
        0.0000157511   0.0678202151   0.0306516590  -0.0504567130   0.0034293295
        0.0056238109  -0.0081009602   0.0029982772   0.0049152416  -0.0074338535
        0.0000332054   0.0000045286  -0.0000150849   0.0001500940   0.0001551970
       -0.0000499251   0.0000055933  -0.0000033817   0.0000038192   0.0000473866
        0.0000053510   0.0000074301  -0.0009973023   0.0017531498   0.0033269743
        0.0016343005  -0.0004817287  -0.0009779135  -0.0070652751  -0.0002087584
        0.0008292224  -0.0237680518  -0.1070151640   0.0992350218  -0.0000064092
        0.0000153380  -0.0000384541   0.0000311163   0.0000210824   0.0000179089
        0.0000267320  -0.0000253477  -0.0000689748   0.0000042150  -0.0000133170
        0.0000001659  -0.0000006313   0.0000312462  -0.0000060734   0.0000027026
       -0.0000304102  -0.0000285269  -0.0000205050   0.0000256632  -0.0000385609
        0.0000001714  -0.0000302624   0.0000088132   0.0000256059   0.0000028237
       -0.0000019460   0.0306516590   0.1196389386  -0.1172575087  -0.0031257559
       -0.0210847107   0.0266436290   0.0023711486   0.0072397623  -0.0115900165
        0.0000328528  -0.0000266429  -0.0000216306  -0.0001112250   0.0001061136
       -0.0003290256  -0.0000605156   0.0000257885   0.0000132065  -0.0000744696
       -0.0000302690  -0.0000184746  -0.0012682456  -0.0007158308   0.0011907366
        0.0001015861   0.0006549092   0.0000614170   0.0124827532   0.0018824598
       -0.0030800816   0.0372039454   0.1001981424  -0.2010957981   0.0000403980
        0.0000142033   0.0000156774  -0.0000116565  -0.0000398755  -0.0000011152
       -0.0000611822   0.0000078308   0.0000802970  -0.0000185573  -0.0000099527
       -0.0000037708   0.0000280449  -0.0000254003   0.0000757969   0.0000175579
        0.0000610962  -0.0000548404  -0.0000065176  -0.0000055834   0.0000416708
       -0.0000064118  -0.0000009399  -0.0000040347   0.0000042508  -0.0000011008
       -0.0000179987  -0.0504567130  -0.1172575087   0.2287770241  -0.0008248474
        0.0016907720  -0.0002201097   0.0029889527   0.0134717880  -0.0254089464
       -0.0001718490  -0.0000285892   0.0000981515   0.0001171487  -0.0006184788
        0.0005651574  -0.0000487583  -0.0000314445  -0.0000546685   0.0000765626
       -0.0000201608   0.0000028555  -0.0002663826   0.0026320597   0.0027043496
        0.0012796387  -0.0003073591  -0.0007561401  -0.0358316729   0.0298380530
        0.0034318772  -0.0667882581   0.0739699589   0.0051436159   0.0000364232
       -0.0000305350   0.0000203740  -0.0000680622  -0.0000478064  -0.0000355232
        0.0000014341   0.0001007802  -0.0001403969  -0.0000024273  -0.0000849767
       -0.0000520222   0.0000258041  -0.0000371740   0.0000270321   0.0000857112
       -0.0001328692  -0.0001049741   0.0000124549   0.0000064886   0.0000168762
       -0.0000157018  -0.0000245202  -0.0000194166   0.0000405525   0.0000060976
        0.0000226518   0.0034293295  -0.0031257559  -0.0008248474   0.0935874168
       -0.0942158792  -0.0096263563   0.0045006361  -0.0078478890  -0.0004185960
       -0.0000643562  -0.0000234349   0.0000533295  -0.0001331729  -0.0003013660
       -0.0000487166   0.0000002036   0.0000106299  -0.0000265824  -0.0000778326
       -0.0000192584  -0.0000309179  -0.0006343880   0.0004325398  -0.0014368914
       -0.0005761772  -0.0002010778   0.0008875260   0.0084771876   0.0047065406
       -0.0009051149   0.0773375016  -0.2428005126  -0.0155613217  -0.0000086889
       -0.0000094054  -0.0000048699  -0.0000053008   0.0000733900   0.0000034015
        0.0000343368  -0.0000439499  -0.0000007321   0.0000381757   0.0000171281
        0.0000109366  -0.0000359655   0.0000120768  -0.0000379152  -0.0000530794
        0.0000244142   0.0000763905  -0.0000023659  -0.0000175690   0.0000096414
       -0.0000032092   0.0000558462   0.0000183002   0.0000008969  -0.0000065722
       -0.0000067977   0.0056238109  -0.0210847107   0.0016907720  -0.0942158792
        0.2757549932   0.0182049884   0.0042983029  -0.0165797018  -0.0028954263
       -0.0000143478   0.0000073367   0.0000167233   0.0001004894  -0.0002105217
       -0.0000656498   0.0000514477   0.0000016300  -0.0000215414  -0.0000145913
        0.0000098454  -0.0000133592  -0.0016037995   0.0015637848   0.0026921033
        0.0014268384  -0.0003605738  -0.0003648792   0.0047728767  -0.0036156270
       -0.0002255434   0.0052721119  -0.0162599350  -0.0450931993  -0.0000148111
        0.0000046327  -0.0000156924   0.0000139186   0.0000212014   0.0000363178
        0.0000237162  -0.0000544199  -0.0000163167   0.0000217708  -0.0000183946
        0.0000054305   0.0000152111   0.0000160248  -0.0000014162  -0.0000272129
        0.0000053335  -0.0000073537  -0.0000055942   0.0000162008  -0.0000138745
       -0.0000179550  -0.0000187377   0.0000080703   0.0000192192  -0.0000083846
       -0.0000107576  -0.0081009602   0.0266436290  -0.0002201097  -0.0096263563
        0.0182049884   0.0465916046   0.0077080285  -0.0259480132  -0.0032805567
        0.0000209011   0.0000085014  -0.0000370627  -0.0005507025  -0.0006696856
       -0.0013587800   0.0000204030  -0.0000271137  -0.0000280763  -0.0005036789
       -0.0000066305   0.0000930364  -0.0079516358  -0.0007240829   0.0008507901
        0.0014739720   0.0006573401   0.0010753099  -0.0226999203  -0.0167597002
       -0.0278400564  -0.0621798208  -0.0339564857  -0.0617173995   0.0000181369
        0.0000255935  -0.0000019470   0.0000190438   0.0000543298  -0.0000080501
       -0.0000325277  -0.0000271362  -0.0000509718   0.0000280965  -0.0000103783
        0.0000231792   0.0000298712  -0.0000383623   0.0000277524  -0.0000477501
       -0.0000353351  -0.0000435653   0.0000217958   0.0000097044   0.0000508213
        0.0000165395   0.0000377912   0.0000396735  -0.0000910687  -0.0000538620
       -0.0000955674   0.0029982772   0.0023711486   0.0029889527   0.0045006361
        0.0042983029   0.0077080285   0.0849094316   0.0448460605   0.0783239324
        0.0000044525  -0.0000268170  -0.0000285245   0.0000157205   0.0000932085
       -0.0001650505  -0.0000197581   0.0000061459   0.0000209350  -0.0000504928
       -0.0000161375   0.0000303522  -0.0005716163   0.0000250764  -0.0008469398
       -0.0003483533   0.0003878508   0.0006856974  -0.0041698966  -0.0006932815
       -0.0020476944  -0.0367390641  -0.0958992854  -0.0929469815   0.0000131005
        0.0000129682   0.0000198532   0.0000195438   0.0000053823  -0.0000213072
       -0.0000583818   0.0000133563   0.0000135080  -0.0000172563   0.0000064035
        0.0000030196   0.0000028635  -0.0000114785   0.0000139458   0.0000003180
        0.0000279821  -0.0000092281   0.0000088901  -0.0000035794   0.0000206438
        0.0000190849   0.0000152779   0.0000061549  -0.0000225678  -0.0000001352
       -0.0000022478   0.0049152416   0.0072397623   0.0134717880  -0.0078478890
       -0.0165797018  -0.0259480132   0.0448460605   0.1053970022   0.1077300891
       -0.0000141231   0.0000002305   0.0000052295   0.0001841474  -0.0000157848
        0.0001239697  -0.0000038163  -0.0000033576  -0.0000249477   0.0000097816
        0.0000262167   0.0000290203   0.0005349711  -0.0009693702  -0.0014459336
       -0.0011243047   0.0003920437   0.0011476805  -0.0028935422   0.0007555627
        0.0026830199  -0.0671088713  -0.0934704095  -0.2100360159  -0.0000137812
       -0.0000029003   0.0000234196   0.0000056076   0.0000136100  -0.0000163586
       -0.0000288045  -0.0000110289   0.0000365667   0.0000018201   0.0000212126
        0.0000213664   0.0000158217  -0.0000174940  -0.0000181954  -0.0000599873
        0.0000129089   0.0000432044   0.0000286554  -0.0000114496   0.0000178121
        0.0000177202   0.0000299570   0.0000058297  -0.0000227773   0.0000054065
        0.0000171835  -0.0074338535  -0.0115900165  -0.0254089464  -0.0004185960
       -0.0028954263  -0.0032805567   0.0783239324   0.1077300891   0.2360766522
