           1           2  0.98302663624044440     
           2           3  0.98407965120122132     
           2           4   1.0001263484886427     
           2           5  0.93965928336280780     
           5           6   1.7654194710197182     
           5           7   1.1248693714362796     
           6           7  0.17019353643391533     
           7           8  0.95986596281776093     
           1           9  0.98313503983318373     
           1          10  0.98625820276722997     
           1          11  0.98474492429126581     
           3          12  0.98330595092259776     
           3          13  0.98628783677914189     
           3          14  0.98461070904664028     
           4          15  0.98487878683056396     
           4          16  0.98476104008501109     
           4          17  0.98558056447465991     
           8          18  0.97724843617905333     
           8          19  0.97727099905156312     
           8          20  0.98210509250296063     
