$hessian                                                                        
        0.4339383582   0.0461213392   0.0209898561  -0.0775989237   0.0336263698
       -0.0175871289  -0.0165148081   0.0209549803  -0.0052442485   0.0100110817
       -0.0074067300   0.0050653076  -0.0013731326  -0.0040459300  -0.0002906595
        0.0007903235   0.0008904450   0.0006943565  -0.0002328040   0.0002106330
       -0.0001280953  -0.0324458822  -0.0153575485   0.0010218508   0.0017202751
        0.0013072908   0.0003598531  -0.1896259931   0.0123986240   0.0538143475
       -0.0039224484  -0.0023655309   0.0001595239  -0.0009498596   0.0010964727
       -0.0005661219  -0.0016828586  -0.0009625162  -0.0004721082  -0.0025137780
        0.0059265133  -0.0100569494  -0.0397007757  -0.0027820540  -0.0111177188
       -0.0817479768  -0.0882663025  -0.0375109199  -0.0010185715  -0.0003521224
       -0.0001314728  -0.0003034404  -0.0008195955   0.0006743985   0.0014156876
        0.0008098427  -0.0000205519   0.0017555265  -0.0009841810   0.0003464811
        0.0461213392   0.4879253891   0.0427738367   0.0307934547  -0.1290473289
        0.0258839858   0.0033525412  -0.0031253646   0.0010214332   0.0057753919
       -0.0322840942   0.0075868161  -0.0024850692  -0.0043130682  -0.0006081648
        0.0026744462   0.0020853501   0.0001542130   0.0002289501   0.0002711767
       -0.0001442908  -0.0238611997   0.0047226597   0.0098707315  -0.0008360412
        0.0001645161   0.0005429201   0.0308233001  -0.0743583945  -0.0245804614
       -0.0084784378  -0.0040353610   0.0008108910   0.0001395560   0.0001579553
       -0.0000109925   0.0002959863  -0.0002468473   0.0004869656   0.0024117337
        0.0023347916   0.0077864644  -0.0025253413  -0.0447643640  -0.0033105463
       -0.0838003647  -0.2063293321  -0.0686356171   0.0000643748  -0.0003897234
       -0.0001932201  -0.0001967302  -0.0000606004   0.0001108553  -0.0001201781
        0.0004498462  -0.0001005649  -0.0003777120   0.0008427937   0.0005547451
        0.0209898561   0.0427738367   0.4801727513  -0.0101579150   0.0237149696
       -0.0630708496   0.0058590125  -0.0073896500   0.0030171301   0.0011200088
       -0.0007282786   0.0043391627  -0.0007402905  -0.0009103725  -0.0002236997
        0.0000959324   0.0004062386   0.0005369058  -0.0000814128  -0.0001520387
        0.0000412497  -0.0033918883   0.0067990529   0.0006397144  -0.0029813377
       -0.0016015503   0.0012270569   0.0558779364  -0.0167567257  -0.0756198235
       -0.0028734955  -0.0013790243   0.0007404397   0.0002318877  -0.0008465042
        0.0002911446   0.0005913774   0.0005491792  -0.0013845931  -0.0223803496
        0.0259908776  -0.0388846117  -0.0072836484  -0.0032460374  -0.2410834961
       -0.0338166311  -0.0669912433  -0.0705329253   0.0002133251   0.0000949406
        0.0005052475   0.0004550663   0.0004745585  -0.0003617087  -0.0006783623
       -0.0017711971   0.0002690162  -0.0010490713   0.0009689683  -0.0006181111
       -0.0775989237   0.0307934547  -0.0101579150   0.5218692451  -0.0010006059
       -0.0465097587  -0.2247586811   0.0134288918   0.0824993793  -0.0922718866
       -0.0425225029  -0.0017521142   0.0055699201   0.0071555542   0.0004360956
       -0.0247756526  -0.0234373038  -0.0016955838  -0.0058210839   0.0000887143
        0.0014475667   0.0018961073  -0.0000626162  -0.0002423126  -0.0001252153
       -0.0000728684  -0.0003233410  -0.0350303304   0.0287728483  -0.0040418997
        0.0012824244  -0.0005029353  -0.0003616333   0.0005824343  -0.0000808427
       -0.0014557306   0.0022240737   0.0013481956   0.0002014414  -0.0890219122
       -0.0093812461  -0.0508772290   0.0000561944   0.0013609394  -0.0016424592
        0.0057563208  -0.0087150364   0.0036240053   0.0001095537   0.0000024636
        0.0000537209   0.0001276573   0.0000427842   0.0001211999   0.0009508750
       -0.0004685349  -0.0005516902   0.0089788797   0.0032506464   0.0312282580
        0.0336263698  -0.1290473289   0.0237149696  -0.0010006059   0.4151602857
        0.0070786666   0.0137071037  -0.0434950582  -0.0060494513  -0.0400032210
       -0.1306233350  -0.0023526192  -0.0119237222  -0.0262381491  -0.0008942736
       -0.0080570082   0.0020861656   0.0016432736   0.0017210539   0.0006490195
       -0.0002026761   0.0009712700   0.0019154849  -0.0004898844  -0.0000334467
       -0.0004025039  -0.0001317283   0.0114549512  -0.0032820878  -0.0009011829
       -0.0002815803  -0.0007070131   0.0001439305   0.0000351865  -0.0009864565
       -0.0004686522  -0.0054680959  -0.0083586091  -0.0103526064  -0.0090879215
       -0.0509526661  -0.0243796513  -0.0000670611   0.0002601510   0.0003298551
        0.0099743434  -0.0270784543   0.0094211471   0.0001710557   0.0002045176
        0.0001068064   0.0002181898   0.0003447857   0.0000816807   0.0015665676
        0.0020704378   0.0003541685   0.0024765713  -0.0015191858   0.0033482276
       -0.0175871289   0.0258839858  -0.0630708496  -0.0465097587   0.0070786666
        0.4740950234   0.0847401107  -0.0064414831  -0.0759972884  -0.0032232011
       -0.0026059610  -0.0534298060   0.0063838186   0.0124626255   0.0021080897
        0.0039665427   0.0056321239   0.0058511386   0.0025488258  -0.0004001098
       -0.0003575799  -0.0021432525   0.0002810425   0.0016052693   0.0000218362
        0.0002376328  -0.0008310590   0.0134832119  -0.0086800781   0.0019868310
        0.0008935741  -0.0000599382  -0.0011762385  -0.0033492413  -0.0026116711
       -0.0032924384  -0.0135477358  -0.0295970163  -0.0203882224  -0.0218167411
       -0.0134270219  -0.2292023655  -0.0111829482   0.0209044147  -0.0152589443
        0.0030524896  -0.0067258363   0.0039270214  -0.0001660265   0.0000546212
        0.0003570252   0.0002243148   0.0002908032   0.0004762735  -0.0009834643
       -0.0008495827  -0.0000228081   0.0051947741  -0.0014272178  -0.0273790721
       -0.0165148081   0.0033525412   0.0058590125  -0.2247586811   0.0137071037
        0.0847401107   0.2576899600  -0.0163180673  -0.1000925669  -0.0193556212
       -0.0027091395   0.0070002976   0.0002807788   0.0003849758   0.0001730356
       -0.0017355779  -0.0036584831  -0.0006066103  -0.0009323708   0.0002788103
        0.0001191496   0.0003052203  -0.0000860140   0.0002164157   0.0000126383
        0.0000090572   0.0000442660  -0.0030990874   0.0039454153  -0.0011308581
        0.0002566112  -0.0001467901  -0.0001476538   0.0004495950   0.0000138524
       -0.0000843405   0.0018510585   0.0016439652   0.0001477844   0.0051468241
       -0.0003781883   0.0044187498  -0.0000246551  -0.0003611067  -0.0000489328
        0.0001759232  -0.0001548258   0.0001809139   0.0001652693  -0.0000110234
        0.0000179263   0.0000923396   0.0000662158  -0.0001520900  -0.0008478637
       -0.0002802250  -0.0002763354   0.0008424469   0.0007019262  -0.0003782743
        0.0209549803  -0.0031253646  -0.0073896500   0.0134288918  -0.0434950582
       -0.0064414831  -0.0163180673   0.0508479878   0.0070421713  -0.0237983975
       -0.0005449872   0.0091288173  -0.0002963131   0.0003924781   0.0001590092
       -0.0027241075  -0.0039295927  -0.0014613234  -0.0014776759   0.0000466638
        0.0002642643  -0.0001598048  -0.0007002384  -0.0000096609  -0.0000179364
        0.0000074168   0.0000107879   0.0059163559  -0.0046516695   0.0010439923
        0.0001202960   0.0000911201   0.0000511928   0.0004981072   0.0002139954
       -0.0000254154   0.0012994240   0.0016792669   0.0009048222   0.0023796248
        0.0016654142  -0.0023666547   0.0001131626   0.0005843894  -0.0002750408
        0.0002989956   0.0001408093  -0.0002113314  -0.0000930156   0.0000395254
       -0.0000399631  -0.0000642876  -0.0000984452  -0.0000147159  -0.0001096255
       -0.0001535202  -0.0000189880   0.0000493930   0.0009898089  -0.0003508306
       -0.0052442485   0.0010214332   0.0030171301   0.0824993793  -0.0060494513
       -0.0759972884  -0.1000925669   0.0070421713   0.1066777281  -0.0018229080
       -0.0001042253   0.0017034155   0.0002187445   0.0002313688  -0.0001199513
       -0.0006717695  -0.0007030075  -0.0000826516  -0.0000893681   0.0000652818
        0.0001148041   0.0001478417   0.0000745800  -0.0001025966   0.0000195235
       -0.0000098725   0.0000913030  -0.0021954372   0.0016437651   0.0004042256
       -0.0000088378  -0.0000610853   0.0001131421   0.0004232239   0.0003617380
        0.0001447156  -0.0004650378   0.0002233535   0.0007862873   0.0287983226
       -0.0007726560  -0.0305722939  -0.0008841987   0.0002654653   0.0002932637
        0.0001143818  -0.0002541300  -0.0000533767   0.0000041704   0.0000221904
       -0.0000414732  -0.0000322032   0.0000118634  -0.0000302147  -0.0002548784
       -0.0000453015  -0.0001233823  -0.0004641337  -0.0029634812  -0.0062227864
        0.0100110817   0.0057753919   0.0011200088  -0.0922718866  -0.0400032210
       -0.0032232011  -0.0193556212  -0.0237983975  -0.0018229080   0.4338515866
       -0.0386105310   0.0234508267  -0.0764814879   0.0673833207  -0.0446239251
       -0.1590450604   0.0103306010   0.0180005777  -0.0228189290  -0.0014171968
        0.0038205114  -0.0150337407   0.0127813220   0.0014502960   0.0001538194
       -0.0005107421  -0.0000121795  -0.0035200858  -0.0041985466   0.0006039567
       -0.0001278110   0.0013904809  -0.0008517504  -0.0008886707   0.0011577630
        0.0054948958  -0.0506243499   0.0167835583   0.0158526923  -0.0021016213
       -0.0070772058  -0.0077890819   0.0001088588   0.0000750456   0.0003817916
       -0.0010113451   0.0031620385  -0.0008322833  -0.0005774836   0.0002971034
        0.0002477448  -0.0004909535  -0.0001401869  -0.0003397189  -0.0020682999
       -0.0054067098  -0.0113092804   0.0022920000   0.0020261123   0.0003810267
       -0.0074067300  -0.0322840942  -0.0007282786  -0.0425225029  -0.1306233350
       -0.0026059610  -0.0027091395  -0.0005449872  -0.0001042253  -0.0386105310
        0.4963733524  -0.0361062190   0.0669985818  -0.1749030483   0.0883234839
        0.0130229666  -0.0675175610   0.0004983322  -0.0236716668   0.0013575097
        0.0040100840   0.0222700747  -0.0026371310  -0.0041705313  -0.0001881962
        0.0003398247  -0.0004632219  -0.0043605708   0.0043237447  -0.0008651165
        0.0026444115  -0.0052083711   0.0007511719   0.0020463121   0.0009981274
       -0.0004682775   0.0157275964  -0.0945563429  -0.0668610551  -0.0031793279
       -0.0041152524  -0.0066743774  -0.0004028372   0.0003901616  -0.0005496747
        0.0020982434  -0.0041263731   0.0017009395   0.0014564630  -0.0005443627
       -0.0001902354   0.0012266342   0.0004017012  -0.0006843031  -0.0041959276
        0.0108537998   0.0257479717  -0.0002438539   0.0020226375  -0.0005605066
        0.0050653076   0.0075868161   0.0043391627  -0.0017521142  -0.0023526192
       -0.0534298060   0.0070002976   0.0091288173   0.0017034155   0.0234508267
       -0.0361062190   0.4958834973  -0.0465831676   0.0915798255  -0.0985697877
        0.0129496720   0.0025447585  -0.0577092225  -0.0069296703   0.0001514513
        0.0023249393  -0.0069516450  -0.0027260769   0.0072968704  -0.0003578254
        0.0003488715  -0.0017130024   0.0003066107  -0.0006541677  -0.0007779351
       -0.0024159782   0.0036487434  -0.0013348315   0.0297810986  -0.0066248210
       -0.0198493680   0.0077874129  -0.0392067932  -0.2169277972  -0.0199683770
       -0.0278104836  -0.0245001484  -0.0000260183   0.0001706121  -0.0012954518
       -0.0015946295   0.0023732795  -0.0010457228  -0.0007183288   0.0003613853
        0.0003071524   0.0022105417   0.0001074377  -0.0048804258  -0.0008159526
       -0.0014945799  -0.0294646499  -0.0004380609  -0.0010262378  -0.0003568887
       -0.0013731326  -0.0024850692  -0.0007402905   0.0055699201  -0.0119237222
        0.0063838186   0.0002807788  -0.0002963131   0.0002187445  -0.0764814879
        0.0669985818  -0.0465831676   0.0899056414  -0.0759999986   0.0533157177
       -0.0183502186   0.0247695713  -0.0131065195   0.0004570553   0.0002275191
       -0.0004399658  -0.0048712045  -0.0011148982   0.0019890994   0.0001205535
       -0.0000433395   0.0001243931   0.0004878356  -0.0000810856   0.0000892986
       -0.0010051692   0.0015977165  -0.0001439935   0.0016077411  -0.0011326023
       -0.0009042450   0.0015787192  -0.0012422262  -0.0015589138   0.0004133923
        0.0008911348   0.0008399712  -0.0000907352   0.0000642032  -0.0000282557
        0.0003197058  -0.0007052308   0.0002926189  -0.0003922992   0.0002213973
       -0.0000334327   0.0004431011   0.0000329706  -0.0002500037   0.0013431670
       -0.0000707144   0.0004070000   0.0000366361   0.0002921057   0.0001281258
       -0.0040459300  -0.0043130682  -0.0009103725   0.0071555542  -0.0262381491
        0.0124626255   0.0003849758   0.0003924781   0.0002313688   0.0673833207
       -0.1749030483   0.0915798255  -0.0759999986   0.1994424668  -0.1034917372
        0.0062868269  -0.0048825827   0.0029272981  -0.0004773914   0.0003883967
        0.0000456329   0.0012315198   0.0009713572  -0.0002318490  -0.0001352479
       -0.0000156426  -0.0001233467  -0.0001853263   0.0008252003  -0.0001465983
        0.0001740357  -0.0002441638  -0.0001020224  -0.0006127113  -0.0000080378
       -0.0001713086  -0.0027082713   0.0065398396  -0.0011069705   0.0009586395
        0.0029188953   0.0008167348  -0.0000224157   0.0001264963  -0.0002625177
        0.0006902487  -0.0011281289   0.0005176853  -0.0000246711  -0.0000248986
        0.0000189361  -0.0004003413   0.0001047440   0.0000781254   0.0000613597
        0.0010725627  -0.0016147960   0.0002858242  -0.0010247170  -0.0005167136
       -0.0002906595  -0.0006081648  -0.0002236997   0.0004360956  -0.0008942736
        0.0021080897   0.0001730356   0.0001590092  -0.0001199513  -0.0446239251
        0.0883234839  -0.0985697877   0.0533157177  -0.1034917372   0.1292989630
        0.0018597468  -0.0030852130   0.0038258778  -0.0002844816  -0.0001226504
       -0.0000297502   0.0010427345   0.0000935591  -0.0006642479   0.0000417513
       -0.0000516643   0.0000879309  -0.0001102585   0.0000677212   0.0001602739
        0.0001821445  -0.0004322053   0.0001903617  -0.0000472917   0.0000259050
        0.0005574870  -0.0114095169   0.0223093813  -0.0302635731   0.0001596721
       -0.0004573471   0.0005217516   0.0000046024  -0.0000548467   0.0000506538
        0.0001202271  -0.0002135047   0.0000534738   0.0001481691  -0.0001065574
       -0.0000367826  -0.0000160301  -0.0000111344  -0.0000633234  -0.0007523010
       -0.0009257151  -0.0068016183   0.0000505677  -0.0005240458  -0.0000821290
        0.0007903235   0.0026744462   0.0000959324  -0.0247756526  -0.0080570082
        0.0039665427  -0.0017355779  -0.0027241075  -0.0006717695  -0.1590450604
        0.0130229666   0.0129496720  -0.0183502186   0.0062868269   0.0018597468
        0.4807050271   0.0231844671   0.0051980105  -0.1078511328  -0.0894386726
       -0.0333366938  -0.0691441378   0.0273186275  -0.0097785767   0.0009039240
        0.0025306336  -0.0028163870   0.0035029604  -0.0216457223   0.0031942012
       -0.0257027931   0.0335871219  -0.0038707833  -0.0743565861   0.0060645287
       -0.0207850053  -0.0025545493   0.0022268777   0.0103517394   0.0001717316
        0.0005114204   0.0008462210  -0.0002047437  -0.0000891855  -0.0000775741
       -0.0001946508   0.0003716605  -0.0000953544  -0.0060489407   0.0024836725
        0.0000356407   0.0009674475   0.0012882843   0.0343873821   0.0021232593
        0.0003450193  -0.0001161334   0.0007993705   0.0000581428  -0.0013368114
        0.0008904450   0.0020853501   0.0004062386  -0.0234373038   0.0020861656
        0.0056321239  -0.0036584831  -0.0039295927  -0.0007030075   0.0103306010
       -0.0675175610   0.0025447585   0.0247695713  -0.0048825827  -0.0030852130
        0.0231844671   0.4772851699   0.0329074285  -0.0904960709  -0.1679019643
       -0.0469448098   0.0310242299  -0.1257502155   0.0246400151   0.0003135945
        0.0004928462   0.0013450444  -0.0018909896  -0.0442876166   0.0048901332
        0.0124089730  -0.0107868855   0.0004445079   0.0072271572  -0.0546682653
        0.0005477422   0.0087861791  -0.0012264748  -0.0111116057   0.0007988821
       -0.0002696927   0.0002629642  -0.0000890194  -0.0001323573  -0.0000063686
        0.0003169803   0.0003936256  -0.0000961657   0.0019659724  -0.0009392735
        0.0012887894  -0.0006705863  -0.0013928678  -0.0128327908  -0.0011282158
        0.0008236134   0.0007776778  -0.0006463841   0.0005185790  -0.0009074625
        0.0006943565   0.0001542130   0.0005369058  -0.0016955838   0.0016432736
        0.0058511386  -0.0006066103  -0.0014613234  -0.0000826516   0.0180005777
        0.0004983322  -0.0577092225  -0.0131065195   0.0029272981   0.0038258778
        0.0051980105   0.0329074285   0.4596224361  -0.0318665757  -0.0443964100
       -0.0527038745  -0.0166697049   0.0383681896  -0.0646881403  -0.0096127337
        0.0208433736  -0.0172355768  -0.0005552135  -0.0104338440   0.0026998278
        0.0048006778  -0.0085383698  -0.0000140659   0.0045173942  -0.0147269912
       -0.2320828850   0.0309704476  -0.0114479173  -0.0275415782   0.0020673464
        0.0008284250  -0.0030640507  -0.0003609416   0.0001068436  -0.0006948830
       -0.0001467022  -0.0001413545   0.0001052524   0.0025501057  -0.0006612679
        0.0004986105   0.0090440169  -0.0042448597  -0.0163874213   0.0011462984
        0.0003786639  -0.0001271335  -0.0043686465  -0.0026037034  -0.0008085658
       -0.0002328040   0.0002289501  -0.0000814128  -0.0058210839   0.0017210539
        0.0025488258  -0.0009323708  -0.0014776759  -0.0000893681  -0.0228189290
       -0.0236716668  -0.0069296703   0.0004570553  -0.0004773914  -0.0002844816
       -0.1078511328  -0.0904960709  -0.0318665757   0.1243500630   0.1050829037
        0.0428154984   0.0040151672   0.0050873054   0.0011453012   0.0001630532
       -0.0000537388   0.0004145813   0.0005509894   0.0030740997   0.0000009024
        0.0005202004  -0.0002427765   0.0000496949   0.0041697636  -0.0000571616
       -0.0072825719   0.0032695512   0.0003650423  -0.0005262273   0.0004222432
        0.0000967591  -0.0004413936  -0.0000103609   0.0000006072  -0.0000166390
        0.0000350722   0.0001749842  -0.0000124180   0.0000207931   0.0000222351
       -0.0000801882   0.0005350588   0.0008094881   0.0003961022  -0.0006665259
       -0.0001307625   0.0000796372  -0.0001758033  -0.0000561844   0.0001604029
        0.0002106330   0.0002711767  -0.0001520387   0.0000887143   0.0006490195
       -0.0004001098   0.0002788103   0.0000466638   0.0000652818  -0.0014171968
        0.0013575097   0.0001514513   0.0002275191   0.0003883967  -0.0001226504
       -0.0894386726  -0.1679019643  -0.0443964100   0.1050829037   0.1953406329
        0.0595270421  -0.0149743603  -0.0250956294  -0.0055404059  -0.0002870107
        0.0003456033  -0.0000060591   0.0013914599  -0.0088972380   0.0020603438
       -0.0000399463   0.0013910924   0.0002521694  -0.0011729730   0.0011970369
       -0.0114131711   0.0007970236   0.0004103741   0.0006118895  -0.0001105724
        0.0001387356  -0.0000075608   0.0000498110  -0.0000110098  -0.0000236076
        0.0001084540   0.0002085053  -0.0000032555  -0.0003165640   0.0005334247
       -0.0001454950  -0.0002596333   0.0000793201  -0.0006898223  -0.0004693866
       -0.0003730125   0.0001871047   0.0002509873  -0.0000786376   0.0000453035
       -0.0001280953  -0.0001442908   0.0000412497   0.0014475667  -0.0002026761
       -0.0003575799   0.0001191496   0.0002642643   0.0001148041   0.0038205114
        0.0040100840   0.0023249393  -0.0004399658   0.0000456329  -0.0000297502
       -0.0333366938  -0.0469448098  -0.0527038745   0.0428154984   0.0595270421
        0.0826070068   0.0037712153   0.0064199995   0.0034148588   0.0003638534
        0.0004811293   0.0001776747  -0.0002830143   0.0032750553   0.0001176261
        0.0004099364  -0.0002228841  -0.0000162721  -0.0182134125  -0.0266179748
       -0.0359268412  -0.0003134363   0.0004682317   0.0009051785  -0.0003681423
       -0.0000671279   0.0000957148   0.0000076241  -0.0000124921   0.0000852545
        0.0000193017  -0.0000022929  -0.0000356434   0.0000166638   0.0001440393
       -0.0001658996  -0.0005610596  -0.0008112193  -0.0003309742   0.0001982768
        0.0001514122  -0.0001142177   0.0006542224   0.0002388770  -0.0002032545
       -0.0324458822  -0.0238611997  -0.0033918883   0.0018961073   0.0009712700
       -0.0021432525   0.0003052203  -0.0001598048   0.0001478417  -0.0150337407
        0.0222700747  -0.0069516450  -0.0048712045   0.0012315198   0.0010427345
       -0.0691441378   0.0310242299  -0.0166697049   0.0040151672  -0.0149743603
        0.0037712153   0.4437177158  -0.0234114863  -0.0227793222  -0.0383068814
        0.0034733397  -0.0182576130  -0.0817112068  -0.0363383271  -0.0118354813
       -0.1915792310   0.0322158001   0.0753069780  -0.0018426515   0.0023547066
       -0.0043426882  -0.0007207187  -0.0011920877  -0.0007233681   0.0003055266
       -0.0012426613   0.0020533380   0.0013189300  -0.0002146889  -0.0009038429
       -0.0049810153  -0.0006469685   0.0013279227  -0.0144228817   0.0081943699
        0.0024316038   0.0021055926  -0.0016272749   0.0027212996   0.0007699612
        0.0008605948   0.0007125815   0.0006253305   0.0010729542  -0.0015167084
       -0.0153575485   0.0047226597   0.0067990529  -0.0000626162   0.0019154849
        0.0002810425  -0.0000860140  -0.0007002384   0.0000745800   0.0127813220
       -0.0026371310  -0.0027260769  -0.0011148982   0.0009713572   0.0000935591
        0.0273186275  -0.1257502155   0.0383681896   0.0050873054  -0.0250956294
        0.0064199995  -0.0234114863   0.4504703222   0.0084391281   0.0032649601
       -0.0428686773   0.0002002297  -0.0545820546  -0.1771781855  -0.0493616976
        0.0071764424  -0.0802641443   0.0019311431   0.0007981864  -0.0030937633
        0.0062254849  -0.0024039187  -0.0006230833   0.0015365131   0.0000962626
       -0.0024662540   0.0005795658   0.0022422872   0.0005706714  -0.0011348143
        0.0004251339   0.0004385027  -0.0002483416   0.0352365519  -0.0039439485
       -0.0172536235   0.0005286340   0.0027252309   0.0002550145   0.0016359741
        0.0009441103  -0.0004235341   0.0004268488   0.0018629313  -0.0000554147
        0.0010218508   0.0098707315   0.0006397144  -0.0002423126  -0.0004898844
        0.0016052693   0.0002164157  -0.0000096609  -0.0001025966   0.0014502960
       -0.0041705313   0.0072968704   0.0019890994  -0.0002318490  -0.0006642479
       -0.0097785767   0.0246400151  -0.0646881403   0.0011453012  -0.0055404059
        0.0034148588  -0.0227793222   0.0084391281   0.4789401117  -0.0202862071
       -0.0032769069  -0.2076431032  -0.0182973593  -0.0484993753  -0.0752620506
        0.0722960497  -0.0103694724  -0.0934570568  -0.0119868371   0.0277774037
       -0.0453275149  -0.0015504588  -0.0000914668  -0.0034398709   0.0007306901
       -0.0005926485  -0.0007947047   0.0040196242   0.0024493286   0.0007321506
        0.0019282026  -0.0000711779   0.0003524982  -0.0011320127  -0.0027868586
        0.0018174001  -0.0006697475   0.0030746299  -0.0023368760   0.0028613389
       -0.0009139358  -0.0001179615  -0.0009360347   0.0007929366  -0.0009647498
        0.0017202751  -0.0008360412  -0.0029813377  -0.0001252153  -0.0000334467
        0.0000218362   0.0000126383  -0.0000179364   0.0000195235   0.0001538194
       -0.0001881962  -0.0003578254   0.0001205535  -0.0001352479   0.0000417513
        0.0009039240   0.0003135945  -0.0096127337   0.0001630532  -0.0002870107
        0.0003638534  -0.0383068814   0.0032649601  -0.0202862071   0.0594128700
        0.0026993156   0.0143901206  -0.0078000906  -0.0130819540  -0.0206885400
       -0.0152888315   0.0040989753   0.0386316264  -0.0005109253   0.0026147405
       -0.0031926138  -0.0004096064   0.0007275030  -0.0002090236   0.0001433360
        0.0000400877   0.0003031046   0.0004367586   0.0003976784   0.0011191971
        0.0001927567   0.0002258463   0.0002750345   0.0004395364  -0.0001836488
        0.0013973878  -0.0004929064   0.0001871821  -0.0000180637  -0.0007433500
        0.0002103722   0.0007272831  -0.0000217141  -0.0000167739   0.0000556267
        0.0013072908   0.0001645161  -0.0016015503  -0.0000728684  -0.0004025039
        0.0002376328   0.0000090572   0.0000074168  -0.0000098725  -0.0005107421
        0.0003398247   0.0003488715  -0.0000433395  -0.0000156426  -0.0000516643
        0.0025306336   0.0004928462   0.0208433736  -0.0000537388   0.0003456033
        0.0004811293   0.0034733397  -0.0428686773  -0.0032769069   0.0026993156
        0.0576820040   0.0174611803  -0.0155062973  -0.0149378607  -0.0333205259
        0.0016798254   0.0036466589  -0.0071616059   0.0027057376  -0.0045480684
        0.0064090900   0.0002450748  -0.0003928944  -0.0001464420   0.0000150643
        0.0002696966  -0.0001201643   0.0001673735   0.0003719862   0.0010696612
        0.0002285069   0.0001768793   0.0002431253   0.0004253585  -0.0000491001
       -0.0007504203   0.0001782033  -0.0000324431  -0.0003450301   0.0007061247
        0.0001247516  -0.0003981595  -0.0001839197  -0.0003749931   0.0000882778
        0.0003598531   0.0005429201   0.0012270569  -0.0003233410  -0.0001317283
       -0.0008310590   0.0000442660   0.0000107879   0.0000913030  -0.0000121795
       -0.0004632219  -0.0017130024   0.0001243931  -0.0001233467   0.0000879309
       -0.0028163870   0.0013450444  -0.0172355768   0.0004145813  -0.0000060591
        0.0001776747  -0.0182576130   0.0002002297  -0.2076431032   0.0143901206
        0.0174611803   0.2650127983  -0.0123573753  -0.0193758483  -0.0169115888
        0.0206085794  -0.0033777786  -0.0218028913  -0.0016086309   0.0045069949
       -0.0036415821   0.0012868915  -0.0003164228   0.0014817574  -0.0000982714
        0.0003072373   0.0004417363  -0.0013584349  -0.0001438823   0.0004748280
        0.0003608322   0.0003446483   0.0002008202  -0.0001872471   0.0000873234
       -0.0005857865   0.0001910315  -0.0008608756   0.0005439950  -0.0010700209
        0.0001422599   0.0005438587   0.0003089521  -0.0001494625   0.0000808307
       -0.1896259931   0.0308233001   0.0558779364  -0.0350303304   0.0114549512
        0.0134832119  -0.0030990874   0.0059163559  -0.0021954372  -0.0035200858
       -0.0043605708   0.0003066107   0.0004878356  -0.0001853263  -0.0001102585
        0.0035029604  -0.0018909896  -0.0005552135   0.0005509894   0.0013914599
       -0.0002830143  -0.0817112068  -0.0545820546  -0.0182973593  -0.0078000906
       -0.0155062973  -0.0123573753   0.4075681769   0.0618822429  -0.0678275338
       -0.0533462656  -0.0333637253   0.0033544074   0.0022944735   0.0003069859
        0.0028350425   0.0024735521   0.0012632150   0.0001639022   0.0021297322
       -0.0006619685  -0.0040821389  -0.0179526958   0.0028969727   0.0229274530
       -0.0262762529  -0.0051844038   0.0062368697   0.0029046955   0.0008958951
        0.0003737836  -0.0008642521   0.0007052665  -0.0006284380  -0.0018807955
       -0.0008302050   0.0001679739  -0.0008053595  -0.0009711039   0.0006095775
        0.0123986240  -0.0743583945  -0.0167567257   0.0287728483  -0.0032820878
       -0.0086800781   0.0039454153  -0.0046516695   0.0016437651  -0.0041985466
        0.0043237447  -0.0006541677  -0.0000810856   0.0008252003   0.0000677212
       -0.0216457223  -0.0442876166  -0.0104338440   0.0030740997  -0.0088972380
        0.0032750553  -0.0363383271  -0.1771781855  -0.0484993753  -0.0130819540
       -0.0149378607  -0.0193758483   0.0618822429   0.3082048086   0.0920298834
       -0.0074459649   0.0055174252   0.0015667405   0.0002762034   0.0045345355
        0.0004264319   0.0013887994   0.0004997233  -0.0003300123  -0.0010505795
        0.0023158050  -0.0012389240   0.0010611835   0.0022252720  -0.0030392558
       -0.0278539104  -0.0001918095   0.0089627158   0.0003354231   0.0012420746
        0.0019063881   0.0001830118  -0.0005008006  -0.0002458540  -0.0008394024
       -0.0008336614  -0.0003176172  -0.0007823585  -0.0005692649  -0.0003069992
        0.0538143475  -0.0245804614  -0.0756198235  -0.0040418997  -0.0009011829
        0.0019868310  -0.0011308581   0.0010439923   0.0004042256   0.0006039567
       -0.0008651165  -0.0007779351   0.0000892986  -0.0001465983   0.0001602739
        0.0031942012   0.0048901332   0.0026998278   0.0000009024   0.0020603438
        0.0001176261  -0.0118354813  -0.0493616976  -0.0752620506  -0.0206885400
       -0.0333205259  -0.0169115888  -0.0678275338   0.0920298834   0.1628848609
        0.0162966228   0.0122626118   0.0071580073   0.0008495948   0.0015930515
        0.0040899365   0.0002423236  -0.0003541563   0.0010577970  -0.0005151039
        0.0009320125   0.0038622192   0.0387104027  -0.0041046483  -0.0189334845
       -0.0075054256   0.0007740641   0.0035628835  -0.0002351215   0.0002159963
       -0.0010976788  -0.0008248968  -0.0011489546   0.0001041230  -0.0003480643
        0.0005706144  -0.0003664909   0.0011512749  -0.0015893613   0.0008804404
       -0.0039224484  -0.0084784378  -0.0028734955   0.0012824244  -0.0002815803
        0.0008935741   0.0002566112   0.0001202960  -0.0000088378  -0.0001278110
        0.0026444115  -0.0024159782  -0.0010051692   0.0001740357   0.0001821445
       -0.0257027931   0.0124089730   0.0048006778   0.0005202004  -0.0000399463
        0.0004099364  -0.1915792310   0.0071764424   0.0722960497  -0.0152888315
        0.0016798254   0.0206085794  -0.0533462656  -0.0074459649   0.0162966228
        0.3357631842  -0.0945827580  -0.1191142878   0.0002349588   0.0014755634
        0.0013443569  -0.0000711420   0.0005026163   0.0008708080  -0.0002677935
        0.0003416197  -0.0010649365   0.0004735670   0.0001093883  -0.0004759546
       -0.0022274270   0.0000574122   0.0007308467  -0.0441459782   0.0861401901
        0.0077643995  -0.0008948494  -0.0013193340  -0.0003188983   0.0002432155
       -0.0004027956  -0.0006095072  -0.0001944215  -0.0002799575   0.0006839000
       -0.0023655309  -0.0040353610  -0.0013790243  -0.0005029353  -0.0007070131
       -0.0000599382  -0.0001467901   0.0000911201  -0.0000610853   0.0013904809
       -0.0052083711   0.0036487434   0.0015977165  -0.0002441638  -0.0004322053
        0.0335871219  -0.0107868855  -0.0085383698  -0.0002427765   0.0013910924
       -0.0002228841   0.0322158001  -0.0802641443  -0.0103694724   0.0040989753
        0.0036466589  -0.0033777786  -0.0333637253   0.0055174252   0.0122626118
       -0.0945827580   0.5086475585  -0.0343631072   0.0029155463   0.0008826553
       -0.0025991568   0.0004033382   0.0002881512  -0.0003134856  -0.0000175157
        0.0007344465   0.0000670171  -0.0002273860  -0.0001279898   0.0000193151
       -0.0011869832   0.0000089950   0.0003312205   0.0589686819  -0.4186795985
        0.0454484823  -0.0019866720  -0.0004087464  -0.0001526790  -0.0005230218
       -0.0001202545   0.0001033518  -0.0000315665  -0.0006255750  -0.0000115552
        0.0001595239   0.0008108910   0.0007404397  -0.0003616333   0.0001439305
       -0.0011762385  -0.0001476538   0.0000511928   0.0001131421  -0.0008517504
        0.0007511719  -0.0013348315  -0.0001439935  -0.0001020224   0.0001903617
       -0.0038707833   0.0004445079  -0.0000140659   0.0000496949   0.0002521694
       -0.0000162721   0.0753069780   0.0019311431  -0.0934570568   0.0386316264
       -0.0071616059  -0.0218028913   0.0033544074   0.0015667405   0.0071580073
       -0.1191142878  -0.0343631072   0.1171469481  -0.0051775845   0.0039448235
        0.0041534492   0.0005147749   0.0002088620   0.0010989487  -0.0002463921
        0.0000333152   0.0012079566  -0.0006364747  -0.0001690394   0.0007847039
        0.0002379274   0.0001296073   0.0001415506   0.0111733243   0.0339142323
       -0.0161522224   0.0010378980  -0.0024070941   0.0010503208  -0.0007912107
        0.0000006413   0.0003385540   0.0008756089   0.0000196401  -0.0001708042
       -0.0009498596   0.0001395560   0.0002318877   0.0005824343   0.0000351865
       -0.0033492413   0.0004495950   0.0004981072   0.0004232239  -0.0008886707
        0.0020463121   0.0297810986   0.0016077411  -0.0006127113  -0.0000472917
       -0.0743565861   0.0072271572   0.0045173942   0.0041697636  -0.0011729730
       -0.0182134125  -0.0018426515   0.0007981864  -0.0119868371  -0.0005109253
        0.0027057376  -0.0016086309   0.0022944735   0.0002762034   0.0008495948
        0.0002349588   0.0029155463  -0.0051775845   0.4335852926  -0.1535171859
       -0.0599354080  -0.0067186900   0.0025280110   0.0070240272  -0.0094465561
       -0.0048329946   0.0036624472   0.0000139312  -0.0000001519   0.0000633724
        0.0000496086   0.0001942103  -0.0000848152   0.0000447146  -0.0004463172
       -0.0007121607  -0.3491619128   0.1400926320   0.0553179209  -0.0006217548
       -0.0001240200  -0.0002532149   0.0014650935   0.0012495079  -0.0005023701
        0.0010964727   0.0001579553  -0.0008465042  -0.0000808427  -0.0009864565
       -0.0026116711   0.0000138524   0.0002139954   0.0003617380   0.0011577630
        0.0009981274  -0.0066248210  -0.0011326023  -0.0000080378   0.0000259050
        0.0060645287  -0.0546682653  -0.0147269912  -0.0000571616   0.0011970369
       -0.0266179748   0.0023547066  -0.0030937633   0.0277774037   0.0026147405
       -0.0045480684   0.0045069949   0.0003069859   0.0045345355   0.0015930515
        0.0014755634   0.0008826553   0.0039448235  -0.1535171859   0.1201569111
        0.0375882516   0.0029559264   0.0007349500  -0.0018184793  -0.0047132735
        0.0005523741   0.0016310455   0.0001499722   0.0000368028   0.0004422586
        0.0000146676   0.0002323153  -0.0001205411  -0.0009735327   0.0003991006
       -0.0001166642   0.1407132508  -0.0640343998  -0.0255796335  -0.0000684528
       -0.0004555296  -0.0000642961   0.0016246212  -0.0023022390   0.0012561042
       -0.0005661219  -0.0000109925   0.0002911446  -0.0014557306  -0.0004686522
       -0.0032924384  -0.0000843405  -0.0000254154   0.0001447156   0.0054948958
       -0.0004682775  -0.0198493680  -0.0009042450  -0.0001713086   0.0005574870
       -0.0207850053   0.0005477422  -0.2320828850  -0.0072825719  -0.0114131711
       -0.0359268412  -0.0043426882   0.0062254849  -0.0453275149  -0.0031926138
        0.0064090900  -0.0036415821   0.0028350425   0.0004264319   0.0040899365
        0.0013443569  -0.0025991568   0.0041534492  -0.0599354080   0.0375882516
        0.3863738892   0.0056108220  -0.0007325315  -0.0027282274  -0.0007536754
       -0.0006523775   0.0045983265  -0.0001081132  -0.0003317967   0.0003498748
        0.0000528162   0.0001311636   0.0000031960   0.0010754664  -0.0008147162
       -0.0006003779   0.0812288021  -0.0351828827  -0.0560715069  -0.0007143464
       -0.0003644592   0.0007178405   0.0024826585   0.0019075736  -0.0017591183
       -0.0016828586   0.0002959863   0.0005913774   0.0022240737  -0.0054680959
       -0.0135477358   0.0018510585   0.0012994240  -0.0004650378  -0.0506243499
        0.0157275964   0.0077874129   0.0015787192  -0.0027082713  -0.0114095169
       -0.0025545493   0.0087861791   0.0309704476   0.0032695512   0.0007970236
       -0.0003134363  -0.0007207187  -0.0024039187  -0.0015504588  -0.0004096064
        0.0002450748   0.0012868915   0.0024735521   0.0013887994   0.0002423236
       -0.0000711420   0.0004033382   0.0005147749  -0.0067186900   0.0029559264
        0.0056108220   0.1000372306  -0.1253868706   0.0486259270  -0.0013666652
       -0.0042404143  -0.0042490596  -0.0000921381   0.0002280703  -0.0003596960
        0.0001142187  -0.0000531624  -0.0000451035   0.0001265168  -0.0001271251
       -0.0001435840  -0.0003063955  -0.0003135508   0.0014590971  -0.0460611765
        0.1089505669  -0.0652253746  -0.0010666305  -0.0003765764   0.0002199294
       -0.0009625162  -0.0002468473   0.0005491792   0.0013481956  -0.0083586091
       -0.0295970163   0.0016439652   0.0016792669   0.0002233535   0.0167835583
       -0.0945563429  -0.0392067932  -0.0012422262   0.0065398396   0.0223093813
        0.0022268777  -0.0012264748  -0.0114479173   0.0003650423   0.0004103741
        0.0004682317  -0.0011920877  -0.0006230833  -0.0000914668   0.0007275030
       -0.0003928944  -0.0003164228   0.0012632150   0.0004997233  -0.0003541563
        0.0005026163   0.0002881512   0.0002088620   0.0025280110   0.0007349500
       -0.0007325315  -0.1253868706   0.3726346269  -0.0878920857  -0.0048815430
       -0.0065144692  -0.0077919436  -0.0001080210  -0.0007749127  -0.0007702990
        0.0000010230   0.0002369715  -0.0001202838  -0.0003677557   0.0000713234
       -0.0000743335  -0.0001138452  -0.0001481440  -0.0004503083   0.1073740807
       -0.2698332866   0.1544076592  -0.0005092226  -0.0004201626   0.0006788913
       -0.0004721082   0.0004869656  -0.0013845931   0.0002014414  -0.0103526064
       -0.0203882224   0.0001477844   0.0009048222   0.0007862873   0.0158526923
       -0.0668610551  -0.2169277972  -0.0015589138  -0.0011069705  -0.0302635731
        0.0103517394  -0.0111116057  -0.0275415782  -0.0005262273   0.0006118895
        0.0009051785  -0.0007233681   0.0015365131  -0.0034398709  -0.0002090236
       -0.0001464420   0.0014817574   0.0001639022  -0.0003300123   0.0010577970
        0.0008708080  -0.0003134856   0.0010989487   0.0070240272  -0.0018184793
       -0.0027282274   0.0486259270  -0.0878920857   0.4687903590  -0.0042732417
       -0.0068612869  -0.0066061204   0.0003153993   0.0003139785   0.0013980234
        0.0000529928   0.0000186973   0.0003297339  -0.0001803250  -0.0000097387
       -0.0001693897   0.0000724921   0.0002662975  -0.0017715227  -0.0753080114
        0.1821682838  -0.1655584883  -0.0004279867   0.0004963206   0.0009312981
       -0.0025137780   0.0024117337  -0.0223803496  -0.0890219122  -0.0090879215
       -0.0218167411   0.0051468241   0.0023796248   0.0287983226  -0.0021016213
       -0.0031793279  -0.0199683770   0.0004133923   0.0009586395   0.0001596721
        0.0001717316   0.0007988821   0.0020673464   0.0004222432  -0.0001105724
       -0.0003681423   0.0003055266   0.0000962626   0.0007306901   0.0001433360
        0.0000150643  -0.0000982714   0.0021297322  -0.0010505795  -0.0005151039
       -0.0002677935  -0.0000175157  -0.0002463921  -0.0094465561  -0.0047132735
       -0.0007536754  -0.0013666652  -0.0048815430  -0.0042732417   0.4248884382
        0.0789183085  -0.0868163530  -0.0014019457   0.0030236187  -0.0030726812
        0.0002090134  -0.0013212865   0.0006771139   0.0002550595  -0.0000111577
        0.0000178776  -0.0001143519  -0.0007978612  -0.0005195284  -0.0003759222
        0.0000404148   0.0003050694  -0.3274747511  -0.0634715100   0.1280727651
        0.0059265133   0.0023347916   0.0259908776  -0.0093812461  -0.0509526661
       -0.0134270219  -0.0003781883   0.0016654142  -0.0007726560  -0.0070772058
       -0.0041152524  -0.0278104836   0.0008911348   0.0029188953  -0.0004573471
        0.0005114204  -0.0002696927   0.0008284250   0.0000967591   0.0001387356
       -0.0000671279  -0.0012426613  -0.0024662540  -0.0005926485   0.0000400877
        0.0002696966   0.0003072373  -0.0006619685   0.0023158050   0.0009320125
        0.0003416197   0.0007344465   0.0000333152  -0.0048329946   0.0005523741
       -0.0006523775  -0.0042404143  -0.0065144692  -0.0068612869   0.0789183085
        0.0740564759  -0.0038741043   0.0031843739  -0.0037833864   0.0042129367
       -0.0005237707   0.0031145596  -0.0005613365  -0.0003214069  -0.0000798544
       -0.0001874463  -0.0004930038  -0.0009642292  -0.0000702188  -0.0001429701
       -0.0003709764   0.0001812712  -0.0606143871  -0.0185844134   0.0228479797
       -0.0100569494   0.0077864644  -0.0388846117  -0.0508772290  -0.0243796513
       -0.2292023655   0.0044187498  -0.0023666547  -0.0305722939  -0.0077890819
       -0.0066743774  -0.0245001484   0.0008399712   0.0008167348   0.0005217516
        0.0008462210   0.0002629642  -0.0030640507  -0.0004413936  -0.0000075608
        0.0000957148   0.0020533380   0.0005795658  -0.0007947047   0.0003031046
       -0.0001201643   0.0004417363  -0.0040821389  -0.0012389240   0.0038622192
       -0.0010649365   0.0000670171   0.0012079566   0.0036624472   0.0016310455
        0.0045983265  -0.0042490596  -0.0077919436  -0.0066061204  -0.0868163530
       -0.0038741043   0.4391847496  -0.0033366491   0.0057422060  -0.0036266979
        0.0007070327  -0.0013775187   0.0006975390   0.0002528832  -0.0000820783
       -0.0003924070  -0.0003855676   0.0003108698  -0.0004736880   0.0005342025
        0.0001535156   0.0009238408   0.1554814083   0.0305625942  -0.1134167462
       -0.0397007757  -0.0025253413  -0.0072836484   0.0000561944  -0.0000670611
       -0.0111829482  -0.0000246551   0.0001131626  -0.0008841987   0.0001088588
       -0.0004028372  -0.0000260183  -0.0000907352  -0.0000224157   0.0000046024
       -0.0002047437  -0.0000890194  -0.0003609416  -0.0000103609   0.0000498110
        0.0000076241   0.0013189300   0.0022422872   0.0040196242   0.0004367586
        0.0001673735  -0.0013584349  -0.0179526958   0.0010611835   0.0387104027
        0.0004735670  -0.0002273860  -0.0006364747   0.0000139312   0.0001499722
       -0.0001081132  -0.0000921381  -0.0001080210   0.0003153993  -0.0014019457
        0.0031843739  -0.0033366491   0.0561672023  -0.0020375352  -0.0042674647
        0.0004533576  -0.0013870169  -0.0134646093   0.0002418506  -0.0000755114
        0.0000024385   0.0000506338   0.0000332472  -0.0000682055   0.0004371166
       -0.0001051889  -0.0001040491  -0.0002803507   0.0000459229   0.0000216646
       -0.0027820540  -0.0447643640  -0.0032460374   0.0013609394   0.0002601510
        0.0209044147  -0.0003611067   0.0005843894   0.0002654653   0.0000750456
        0.0003901616   0.0001706121   0.0000642032   0.0001264963  -0.0000548467
       -0.0000891855  -0.0001323573   0.0001068436   0.0000006072  -0.0000110098
       -0.0000124921  -0.0002146889   0.0005706714   0.0024493286   0.0003976784
        0.0003719862  -0.0001438823   0.0028969727   0.0022252720  -0.0041046483
        0.0001093883  -0.0001279898  -0.0001690394  -0.0000001519   0.0000368028
       -0.0003317967   0.0002280703  -0.0007749127   0.0003139785   0.0030236187
       -0.0037833864   0.0057422060  -0.0020375352   0.0481839659   0.0057275383
       -0.0023988216  -0.0019973079  -0.0267391931  -0.0000383227   0.0000090755
       -0.0000793920  -0.0000428593  -0.0000441947   0.0000388489  -0.0005187330
       -0.0009259997  -0.0008547978   0.0003269350  -0.0001974498   0.0000168897
       -0.0111177188  -0.0033105463  -0.2410834961  -0.0016424592   0.0003298551
       -0.0152589443  -0.0000489328  -0.0002750408   0.0002932637   0.0003817916
       -0.0005496747  -0.0012954518  -0.0000282557  -0.0002625177   0.0000506538
       -0.0000775741  -0.0000063686  -0.0006948830  -0.0000166390  -0.0000236076
        0.0000852545  -0.0009038429  -0.0011348143   0.0007321506   0.0011191971
        0.0010696612   0.0004748280   0.0229274530  -0.0030392558  -0.0189334845
       -0.0004759546   0.0000193151   0.0007847039   0.0000633724   0.0004422586
        0.0003498748  -0.0003596960  -0.0007702990   0.0013980234  -0.0030726812
        0.0042129367  -0.0036266979  -0.0042674647   0.0057275383   0.2905107628
       -0.0021596284  -0.0028747064  -0.0146218244  -0.0003283473   0.0000910627
       -0.0002239548  -0.0002040386  -0.0002484728   0.0001412350   0.0004494627
        0.0009084593   0.0004870496  -0.0002380434  -0.0003057829   0.0004309368
       -0.0817479768  -0.0838003647  -0.0338166311   0.0057563208   0.0099743434
        0.0030524896   0.0001759232   0.0002989956   0.0001143818  -0.0010113451
        0.0020982434  -0.0015946295   0.0003197058   0.0006902487   0.0001202271
       -0.0001946508   0.0003169803  -0.0001467022   0.0000350722   0.0001084540
        0.0000193017  -0.0049810153   0.0004251339   0.0019282026   0.0001927567
        0.0002285069   0.0003608322  -0.0262762529  -0.0278539104  -0.0075054256
       -0.0022274270  -0.0011869832   0.0002379274   0.0000496086   0.0000146676
        0.0000528162   0.0001142187   0.0000010230   0.0000529928   0.0002090134
       -0.0005237707   0.0007070327   0.0004533576  -0.0023988216  -0.0021596284
        0.1093364873   0.1022071643   0.0385772526   0.0000691329  -0.0002201167
       -0.0000158356   0.0000211523   0.0000296163  -0.0001205153  -0.0001339043
       -0.0001993354   0.0000370224  -0.0001601772  -0.0002100746   0.0000988887
       -0.0882663025  -0.2063293321  -0.0669912433  -0.0087150364  -0.0270784543
       -0.0067258363  -0.0001548258   0.0001408093  -0.0002541300   0.0031620385
       -0.0041263731   0.0023732795  -0.0007052308  -0.0011281289  -0.0002135047
        0.0003716605   0.0003936256  -0.0001413545   0.0001749842   0.0002085053
       -0.0000022929  -0.0006469685   0.0004385027  -0.0000711779   0.0002258463
        0.0001768793   0.0003446483  -0.0051844038  -0.0001918095   0.0007740641
        0.0000574122   0.0000089950   0.0001296073   0.0001942103   0.0002323153
        0.0001311636  -0.0000531624   0.0002369715   0.0000186973  -0.0013212865
        0.0031145596  -0.0013775187  -0.0013870169  -0.0019973079  -0.0028747064
        0.1022071643   0.2364831509   0.0748790282   0.0000042661  -0.0000265467
       -0.0000776145  -0.0000662324  -0.0000608567  -0.0000916233   0.0000139803
        0.0001358702   0.0000860414   0.0000889032  -0.0006313755   0.0000844728
       -0.0375109199  -0.0686356171  -0.0705329253   0.0036240053   0.0094211471
        0.0039270214   0.0001809139  -0.0002113314  -0.0000533767  -0.0008322833
        0.0017009395  -0.0010457228   0.0002926189   0.0005176853   0.0000534738
       -0.0000953544  -0.0000961657   0.0001052524  -0.0000124180  -0.0000032555
       -0.0000356434   0.0013279227  -0.0002483416   0.0003524982   0.0002750345
        0.0002431253   0.0002008202   0.0062368697   0.0089627158   0.0035628835
        0.0007308467   0.0003312205   0.0001415506  -0.0000848152  -0.0001205411
        0.0000031960  -0.0000451035  -0.0001202838   0.0003297339   0.0006771139
       -0.0005613365   0.0006975390  -0.0134646093  -0.0267391931  -0.0146218244
        0.0385772526   0.0748790282   0.0768698700  -0.0000194615   0.0000292809
       -0.0000118183   0.0000347943   0.0000288854   0.0000367396   0.0001185921
        0.0002435376   0.0001396805  -0.0000109997   0.0003785002  -0.0001189483
       -0.0010185715   0.0000643748   0.0002133251   0.0001095537   0.0001710557
       -0.0001660265   0.0001652693  -0.0000930156   0.0000041704  -0.0005774836
        0.0014564630  -0.0007183288  -0.0003922992  -0.0000246711   0.0001481691
       -0.0060489407   0.0019659724   0.0025501057   0.0000207931  -0.0003165640
        0.0000166638  -0.0144228817   0.0352365519  -0.0011320127   0.0004395364
        0.0004253585  -0.0001872471   0.0029046955   0.0003354231  -0.0002351215
       -0.0441459782   0.0589686819   0.0111733243   0.0000447146  -0.0009735327
        0.0010754664   0.0001265168  -0.0003677557  -0.0001803250   0.0002550595
       -0.0003214069   0.0002528832   0.0002418506  -0.0000383227  -0.0003283473
        0.0000691329   0.0000042661  -0.0000194615   0.0616715726  -0.0972767936
       -0.0119747168   0.0007835392   0.0002955367  -0.0004480566  -0.0000443712
        0.0002098961   0.0001338407  -0.0001817079   0.0002784824  -0.0001783047
       -0.0003521224  -0.0003897234   0.0000949406   0.0000024636   0.0002045176
        0.0000546212  -0.0000110234   0.0000395254   0.0000221904   0.0002971034
       -0.0005443627   0.0003613853   0.0002213973  -0.0000248986  -0.0001065574
        0.0024836725  -0.0009392735  -0.0006612679   0.0000222351   0.0005334247
        0.0001440393   0.0081943699  -0.0039439485  -0.0027868586  -0.0001836488
       -0.0000491001   0.0000873234   0.0008958951   0.0012420746   0.0002159963
        0.0861401901  -0.4186795985   0.0339142323  -0.0004463172   0.0003991006
       -0.0008147162  -0.0001271251   0.0000713234  -0.0000097387  -0.0000111577
       -0.0000798544  -0.0000820783  -0.0000755114   0.0000090755   0.0000910627
       -0.0002201167  -0.0000265467   0.0000292809  -0.0972767936   0.4227102848
       -0.0301991343   0.0003177783  -0.0005281038  -0.0003450476   0.0001080318
       -0.0000320038   0.0000232912   0.0000206792   0.0000280874  -0.0000329646
       -0.0001314728  -0.0001932201   0.0005052475   0.0000537209   0.0001068064
        0.0003570252   0.0000179263  -0.0000399631  -0.0000414732   0.0002477448
       -0.0001902354   0.0003071524  -0.0000334327   0.0000189361  -0.0000367826
        0.0000356407   0.0012887894   0.0004986105  -0.0000801882  -0.0001454950
       -0.0001658996   0.0024316038  -0.0172536235   0.0018174001   0.0013973878
       -0.0007504203  -0.0005857865   0.0003737836   0.0019063881  -0.0010976788
        0.0077643995   0.0454484823  -0.0161522224  -0.0007121607  -0.0001166642
       -0.0006003779  -0.0001435840  -0.0000743335  -0.0001693897   0.0000178776
       -0.0001874463  -0.0003924070   0.0000024385  -0.0000793920  -0.0002239548
       -0.0000158356  -0.0000776145  -0.0000118183  -0.0119747168  -0.0301991343
        0.0154307919   0.0007723881   0.0002999381   0.0005125201   0.0001163957
        0.0000349060  -0.0000155421  -0.0001399166   0.0002032958   0.0000645852
       -0.0003034404  -0.0001967302   0.0004550663   0.0001276573   0.0002181898
        0.0002243148   0.0000923396  -0.0000642876  -0.0000322032  -0.0004909535
        0.0012266342   0.0022105417   0.0004431011  -0.0004003413  -0.0000160301
        0.0009674475  -0.0006705863   0.0090440169   0.0005350588  -0.0002596333
       -0.0005610596   0.0021055926   0.0005286340  -0.0006697475  -0.0004929064
        0.0001782033   0.0001910315  -0.0008642521   0.0001830118  -0.0008248968
       -0.0008948494  -0.0019866720   0.0010378980  -0.3491619128   0.1407132508
        0.0812288021  -0.0003063955  -0.0001138452   0.0000724921  -0.0001143519
       -0.0004930038  -0.0003855676   0.0000506338  -0.0000428593  -0.0002040386
        0.0000211523  -0.0000662324   0.0000347943   0.0007835392   0.0003177783
        0.0007723881   0.3487321118  -0.1395307486  -0.0931506114  -0.0000011886
       -0.0000272662   0.0001007741  -0.0012283833   0.0004865038   0.0004720347
       -0.0008195955  -0.0000606004   0.0004745585   0.0000427842   0.0003447857
        0.0002908032   0.0000662158  -0.0000984452   0.0000118634  -0.0001401869
        0.0004017012   0.0001074377   0.0000329706   0.0001047440  -0.0000111344
        0.0012882843  -0.0013928678  -0.0042448597   0.0008094881   0.0000793201
       -0.0008112193  -0.0016272749   0.0027252309   0.0030746299   0.0001871821
       -0.0000324431  -0.0008608756   0.0007052665  -0.0005008006  -0.0011489546
       -0.0013193340  -0.0004087464  -0.0024070941   0.1400926320  -0.0640343998
       -0.0351828827  -0.0003135508  -0.0001481440   0.0002662975  -0.0007978612
       -0.0009642292   0.0003108698   0.0000332472  -0.0000441947  -0.0002484728
        0.0000296163  -0.0000608567   0.0000288854   0.0002955367  -0.0005281038
        0.0002999381  -0.1395307486   0.0630998844   0.0406820434   0.0000274039
        0.0001921142   0.0000191109   0.0009379242   0.0013260513  -0.0006509446
        0.0006743985   0.0001108553  -0.0003617087   0.0001211999   0.0000816807
        0.0004762735  -0.0001520900  -0.0000147159  -0.0000302147  -0.0003397189
       -0.0006843031  -0.0048804258  -0.0002500037   0.0000781254  -0.0000633234
        0.0343873821  -0.0128327908  -0.0163874213   0.0003961022  -0.0006898223
       -0.0003309742   0.0027212996   0.0002550145  -0.0023368760  -0.0000180637
       -0.0003450301   0.0005439950  -0.0006284380  -0.0002458540   0.0001041230
       -0.0003188983  -0.0001526790   0.0010503208   0.0553179209  -0.0255796335
       -0.0560715069   0.0014590971  -0.0004503083  -0.0017715227  -0.0005195284
       -0.0000702188  -0.0004736880  -0.0000682055   0.0000388489   0.0001412350
       -0.0001205153  -0.0000916233   0.0000367396  -0.0004480566  -0.0003450476
        0.0005125201  -0.0931506114   0.0406820434   0.0791082727   0.0003272529
       -0.0000557717  -0.0000786174   0.0006094768   0.0003112302   0.0008127993
        0.0014156876  -0.0001201781  -0.0006783623   0.0009508750   0.0015665676
       -0.0009834643  -0.0008478637  -0.0001096255  -0.0002548784  -0.0020682999
       -0.0041959276  -0.0008159526   0.0013431670   0.0000613597  -0.0007523010
        0.0021232593  -0.0011282158   0.0011462984  -0.0006665259  -0.0004693866
        0.0001982768   0.0007699612   0.0016359741   0.0028613389  -0.0007433500
        0.0007061247  -0.0010700209  -0.0018807955  -0.0008394024  -0.0003480643
        0.0002432155  -0.0005230218  -0.0007912107  -0.0006217548  -0.0000684528
       -0.0007143464  -0.0460611765   0.1073740807  -0.0753080114  -0.0003759222
       -0.0001429701   0.0005342025   0.0004371166  -0.0005187330   0.0004494627
       -0.0001339043   0.0000139803   0.0001185921  -0.0000443712   0.0001080318
        0.0001163957  -0.0000011886   0.0000274039   0.0003272529   0.0458730392
       -0.1035131955   0.0759096958   0.0002888312   0.0001355865   0.0000550967
        0.0008098427   0.0004498462  -0.0017711971  -0.0004685349   0.0020704378
       -0.0008495827  -0.0002802250  -0.0001535202  -0.0000453015  -0.0054067098
        0.0108537998  -0.0014945799  -0.0000707144   0.0010725627  -0.0009257151
        0.0003450193   0.0008236134   0.0003786639  -0.0001307625  -0.0003730125
        0.0001514122   0.0008605948   0.0009441103  -0.0009139358   0.0002103722
        0.0001247516   0.0001422599  -0.0008302050  -0.0008336614   0.0005706144
       -0.0004027956  -0.0001202545   0.0000006413  -0.0001240200  -0.0004555296
       -0.0003644592   0.1089505669  -0.2698332866   0.1821682838   0.0000404148
       -0.0003709764   0.0001535156  -0.0001051889  -0.0009259997   0.0009084593
       -0.0001993354   0.0001358702   0.0002435376   0.0002098961  -0.0000320038
        0.0000349060  -0.0000272662   0.0001921142  -0.0000557717  -0.1035131955
        0.2563221071  -0.1781652284   0.0001322463   0.0001090313  -0.0001665224
       -0.0000205519  -0.0001005649   0.0002690162  -0.0005516902   0.0003541685
       -0.0000228081  -0.0002763354  -0.0000189880  -0.0001233823  -0.0113092804
        0.0257479717  -0.0294646499   0.0004070000  -0.0016147960  -0.0068016183
       -0.0001161334   0.0007776778  -0.0001271335   0.0000796372   0.0001871047
       -0.0001142177   0.0007125815  -0.0004235341  -0.0001179615   0.0007272831
       -0.0003981595   0.0005438587   0.0001679739  -0.0003176172  -0.0003664909
       -0.0006095072   0.0001033518   0.0003385540  -0.0002532149  -0.0000642961
        0.0007178405  -0.0652253746   0.1544076592  -0.1655584883   0.0003050694
        0.0001812712   0.0009238408  -0.0001040491  -0.0008547978   0.0004870496
        0.0000370224   0.0000860414   0.0001396805   0.0001338407   0.0000232912
       -0.0000155421   0.0001007741   0.0000191109  -0.0000786174   0.0759096958
       -0.1781652284   0.1995174073  -0.0001147411   0.0000703336  -0.0001463376
        0.0017555265  -0.0003777120  -0.0010490713   0.0089788797   0.0024765713
        0.0051947741   0.0008424469   0.0000493930  -0.0004641337   0.0022920000
       -0.0002438539  -0.0004380609   0.0000366361   0.0002858242   0.0000505677
        0.0007993705  -0.0006463841  -0.0043686465  -0.0001758033   0.0002509873
        0.0006542224   0.0006253305   0.0004268488  -0.0009360347  -0.0000217141
       -0.0001839197   0.0003089521  -0.0008053595  -0.0007823585   0.0011512749
       -0.0001944215  -0.0000315665   0.0008756089   0.0014650935   0.0016246212
        0.0024826585  -0.0010666305  -0.0005092226  -0.0004279867  -0.3274747511
       -0.0606143871   0.1554814083  -0.0002803507   0.0003269350  -0.0002380434
       -0.0001601772   0.0000889032  -0.0000109997  -0.0001817079   0.0000206792
       -0.0001399166  -0.0012283833   0.0009379242   0.0006094768   0.0002888312
        0.0001322463  -0.0001147411   0.3145051843   0.0567684706  -0.1586213091
       -0.0009841810   0.0008427937   0.0009689683   0.0032506464  -0.0015191858
       -0.0014272178   0.0007019262   0.0009898089  -0.0029634812   0.0020261123
        0.0020226375  -0.0010262378   0.0002921057  -0.0010247170  -0.0005240458
        0.0000581428   0.0005185790  -0.0026037034  -0.0000561844  -0.0000786376
        0.0002388770   0.0010729542   0.0018629313   0.0007929366  -0.0000167739
       -0.0003749931  -0.0001494625  -0.0009711039  -0.0005692649  -0.0015893613
       -0.0002799575  -0.0006255750   0.0000196401   0.0012495079  -0.0023022390
        0.0019075736  -0.0003765764  -0.0004201626   0.0004963206  -0.0634715100
       -0.0185844134   0.0305625942   0.0000459229  -0.0001974498  -0.0003057829
       -0.0002100746  -0.0006313755   0.0003785002   0.0002784824   0.0000280874
        0.0002032958   0.0004865038   0.0013260513   0.0003112302   0.0001355865
        0.0001090313   0.0000703336   0.0567684706   0.0186280932  -0.0253609775
        0.0003464811   0.0005547451  -0.0006181111   0.0312282580   0.0033482276
       -0.0273790721  -0.0003782743  -0.0003508306  -0.0062227864   0.0003810267
       -0.0005605066  -0.0003568887   0.0001281258  -0.0005167136  -0.0000821290
       -0.0013368114  -0.0009074625  -0.0008085658   0.0001604029   0.0000453035
       -0.0002032545  -0.0015167084  -0.0000554147  -0.0009647498   0.0000556267
        0.0000882778   0.0000808307   0.0006095775  -0.0003069992   0.0008804404
        0.0006839000  -0.0000115552  -0.0001708042  -0.0005023701   0.0012561042
       -0.0017591183   0.0002199294   0.0006788913   0.0009312981   0.1280727651
        0.0228479797  -0.1134167462   0.0000216646   0.0000168897   0.0004309368
        0.0000988887   0.0000844728  -0.0001189483  -0.0001783047  -0.0000329646
        0.0000645852   0.0004720347  -0.0006509446   0.0008127993   0.0000550967
       -0.0001665224  -0.0001463376  -0.1586213091  -0.0253609775   0.1490466214
