           1           2  0.97113899100352485     
           2           3  0.95919512223356596     
           2           4  0.96053901751502035     
           4           5  0.95589013668308009     
           4           6  0.96486139860347730     
           6           7  0.95647422024338979     
           6           8  0.95562170818484915     
           8           9  0.94085472409308746     
           1          10  0.97381650243629025     
           8          10  0.97210955804612709     
           8          11   1.0063164586521898     
           6          12   1.0020501516103333     
           4          13   1.0027804080408016     
           2          14   1.0178755720153101     
           1          15  0.96396163033193183     
           1          16  0.96663770933615689     
          11          17  0.87626851661003302     
          12          18  0.87283292913206412     
          13          19  0.89463226006870222     
          14          20  0.86108776906233531     
