$hessian                                                                        
        0.4787009548   0.0264996403   0.0000012377  -0.1864831443   0.0593190863
       -0.0000064229  -0.0083752294   0.0091149470  -0.0000034138   0.0007181173
        0.0003712916  -0.0000011586  -0.0004604942   0.0006589905  -0.0000002487
       -0.0010547448  -0.0039523845  -0.0000023845  -0.0320135023   0.0071581021
        0.0000007215   0.0002696207   0.0006890586  -0.0000022037  -0.0018638023
        0.0004200565   0.0000005536  -0.0438004679   0.0117591180   0.0211487783
       -0.0437853086   0.0117252350  -0.0210780903  -0.1615647771  -0.1218223044
       -0.0000592910   0.0011936737  -0.0019229492   0.0000014300  -0.0002260915
        0.0000495709   0.0000003658   0.0001082974  -0.0000234608   0.0000003468
       -0.0001751655   0.0002477749   0.0000710679  -0.0001706461   0.0002459523
       -0.0000690483  -0.0011813251  -0.0006417740  -0.0000028407   0.0001640350
        0.0001040491   0.0000006007
        0.0264996403   0.5124882328  -0.0000139671   0.0521077071  -0.0920582134
        0.0000006578   0.0282963351  -0.0207313088   0.0000011369  -0.0007311481
       -0.0047640126   0.0000006415   0.0005526449  -0.0004050196   0.0000001792
       -0.0027129152  -0.0011703522   0.0000018786  -0.0096488928   0.0065357395
        0.0000012656  -0.0006039845  -0.0001563179  -0.0000035953  -0.0014127362
        0.0002618863   0.0000009409   0.0141186205  -0.1166093361  -0.1093464863
        0.0140793770  -0.1167519325   0.1094093639  -0.1214831337  -0.1665577796
       -0.0000551578   0.0020923812   0.0005754967  -0.0000002523   0.0013302561
       -0.0008470420  -0.0000000909  -0.0000097201   0.0001261841  -0.0000002390
       -0.0004325811   0.0002404158   0.0000333730  -0.0004320330   0.0002415566
       -0.0000328370  -0.0017392428  -0.0004048426   0.0000037772   0.0001294254
       -0.0000133543  -0.0000005890
        0.0000012377  -0.0000139671   0.4920721686  -0.0000188637   0.0000047624
       -0.0602170176  -0.0000018413   0.0000013090   0.0029541667  -0.0000000151
        0.0000011863   0.0073801245  -0.0000001120  -0.0000003892  -0.0001790332
        0.0000018799  -0.0000005909   0.0074668934   0.0000023192   0.0000044428
       -0.0000850779   0.0000036135  -0.0000022690  -0.0028460299  -0.0000008869
       -0.0000001059  -0.0002611616   0.0239904936  -0.1109700876  -0.1990332210
       -0.0239105857   0.1110351300  -0.1989358678  -0.0000586680  -0.0000566943
       -0.0450290243  -0.0000003764  -0.0000005038  -0.0023297019  -0.0000000798
       -0.0000000336  -0.0001502878  -0.0000003109  -0.0000002146  -0.0015722190
        0.0002628057  -0.0004452765   0.0000037524  -0.0002627256   0.0004481146
        0.0000047473  -0.0000077396  -0.0000051596   0.0006551167  -0.0000001445
        0.0000003470   0.0001016723
       -0.1864831443   0.0521077071  -0.0000188637   0.6190817473   0.0073363378
       -0.0000079605  -0.0920238129   0.0534095393   0.0000006012   0.0211001596
        0.0274522087  -0.0000039570  -0.0095787595  -0.0258735723   0.0000026340
       -0.0642282972   0.0205854354   0.0000067372  -0.2369885789  -0.1348709536
        0.0000133794  -0.0004506908  -0.0060653898   0.0000046296  -0.0034574705
        0.0023727896  -0.0000001967  -0.0072497831   0.0084225981   0.0035649420
       -0.0072411140   0.0084169785  -0.0035608144  -0.0265390700   0.0054363712
       -0.0000006832  -0.0024856987  -0.0251722367   0.0000007712  -0.0043998835
        0.0030508356   0.0000003681   0.0005420093  -0.0007035419   0.0000010987
        0.0000823424   0.0015402326   0.0004031982   0.0000799108   0.0015447841
       -0.0004096703   0.0000583282   0.0017850668   0.0000042314   0.0001818057
       -0.0007751905  -0.0000004452
        0.0593190863  -0.0920582134   0.0000047624   0.0073363378   0.6490888170
       -0.0000270122  -0.0263817517  -0.3163050879   0.0000218067   0.0874298654
       -0.0301601476  -0.0000055359  -0.0290345829  -0.0499868090   0.0000074708
       -0.0369898645   0.0593782375  -0.0000004378  -0.0607488379  -0.1542154427
        0.0000011887  -0.0235099109  -0.0224876395   0.0000046265   0.0055064693
       -0.0020997500  -0.0000019003   0.0183901771  -0.0109977901  -0.0026260844
        0.0184026162  -0.0110042479   0.0026260054  -0.0180176255   0.0077887831
       -0.0000028262  -0.0025813398  -0.0197151564  -0.0000009327   0.0024810318
       -0.0003052297   0.0000007585  -0.0003550792  -0.0004647817   0.0000024705
       -0.0003339013  -0.0032213261   0.0001799809  -0.0003382563  -0.0032005965
       -0.0001829544  -0.0004369552   0.0008095123  -0.0000016375  -0.0001374785
       -0.0008431312   0.0000002511
       -0.0000064229   0.0000006578  -0.0602170176  -0.0000079605  -0.0000270122
        0.1468388916   0.0000051736   0.0000145502  -0.0480146872  -0.0000083105
        0.0000009839  -0.0001500581   0.0000024427   0.0000052952  -0.0037140702
        0.0000098156  -0.0000076371  -0.0035067359   0.0000059607   0.0000097282
       -0.0470932504   0.0000060365  -0.0000000308   0.0010092582   0.0000047563
        0.0000008853   0.0070260687   0.0220249146  -0.0108152025   0.0002171709
       -0.0220171323   0.0108138009   0.0002137866  -0.0000100375   0.0000038999
        0.0003771090   0.0000000213   0.0000025364   0.0001118910   0.0000003574
        0.0000007640   0.0076468318   0.0000000657   0.0000002299   0.0000716790
       -0.0002584128  -0.0012425583  -0.0005298782   0.0002512498   0.0012399015
       -0.0005313781  -0.0000026292  -0.0000006291   0.0002404615   0.0000001113
       -0.0000001632   0.0000039273
       -0.0083752294   0.0282963351  -0.0000018413  -0.0920238129  -0.0263817517
        0.0000051736   0.6777242583  -0.0012971036  -0.0000195187  -0.2856186419
        0.1385685856  -0.0000026790  -0.0688841673  -0.0362151060   0.0000109638
       -0.0168470374   0.0334776763  -0.0000020214   0.0308929997  -0.0216038631
        0.0000000884  -0.0034925984  -0.0025559428  -0.0000028343  -0.0011434603
       -0.0017789483  -0.0000018528  -0.0027417699   0.0022233076   0.0000558782
       -0.0027440071   0.0022249987  -0.0000565500   0.0005361795   0.0028905293
       -0.0000000076  -0.2214677678  -0.1173007432   0.0000118157  -0.0022973005
        0.0026863575  -0.0000002304  -0.0034255309  -0.0030901059   0.0000022205
       -0.0000747077  -0.0002873248   0.0001554594  -0.0000749679  -0.0002812605
       -0.0001556844  -0.0002142252   0.0003031064  -0.0000004952   0.0002717871
        0.0001212534   0.0000021156
        0.0091149470  -0.0207313088   0.0000013090   0.0534095393  -0.3163050879
        0.0000145502  -0.0012971036   0.6504668172  -0.0000401517   0.0601989328
       -0.1453140072   0.0000091813   0.0217452497   0.0568740235  -0.0000071453
        0.0324288507  -0.0451379926  -0.0000016935  -0.0761621529  -0.0396115538
        0.0000080906  -0.0019567104  -0.0002259173  -0.0000012800  -0.0013952905
        0.0005696748  -0.0000006495   0.0005185529  -0.0005674690   0.0003435832
        0.0005198618  -0.0005696497  -0.0003420299  -0.0021951043   0.0008459204
       -0.0000005608  -0.1173308182  -0.1209113311   0.0000133279   0.0266614315
       -0.0171775672  -0.0000003957  -0.0037491462  -0.0008980915   0.0000003469
       -0.0001138040  -0.0010418342   0.0001062770  -0.0001131600  -0.0010412651
       -0.0001030788  -0.0000110423   0.0002532093   0.0000003533  -0.0002730332
        0.0005234303  -0.0000000343
       -0.0000034138   0.0000011369   0.0029541667   0.0000006012   0.0000218067
       -0.0480146872  -0.0000195187  -0.0000401517   0.1110148119   0.0000010274
        0.0000021674  -0.0459688363   0.0000051800   0.0000000252   0.0019677423
       -0.0000013074  -0.0000000061  -0.0051245968   0.0000007751   0.0000024460
       -0.0000057290   0.0000024715  -0.0000007698   0.0074306245   0.0000003709
        0.0000001067  -0.0000453326   0.0006461438  -0.0002485109  -0.0002581304
       -0.0006466999   0.0002490437  -0.0002578294   0.0000004401   0.0000000774
       -0.0001150857   0.0000139514   0.0000110678  -0.0320828051  -0.0000023794
        0.0000014839   0.0006163143   0.0000022407   0.0000013593   0.0077570593
        0.0000896752   0.0016129602   0.0001191768  -0.0000901672  -0.0016165201
        0.0001189790   0.0000005440   0.0000025491  -0.0000415858   0.0000000649
       -0.0000002717  -0.0000642566
        0.0007181173  -0.0007311481  -0.0000000151   0.0211001596   0.0874298654
       -0.0000083105  -0.2856186419   0.0601989328   0.0000010274   0.6646099502
        0.0032590295  -0.0000505279  -0.2736146565  -0.0784631201   0.0000443451
        0.0346080671  -0.0812479131   0.0000012660  -0.0634622648  -0.0030988717
        0.0000043774  -0.0005478943  -0.0007266043   0.0000024802   0.0002837922
        0.0035202479   0.0000036760  -0.0004673401   0.0003338110  -0.0001332671
       -0.0004677255   0.0003326346   0.0001346688   0.0000294319  -0.0001168055
        0.0000005009  -0.0269402316   0.0099353362   0.0000018176  -0.0449711719
        0.0131064563  -0.0000016487  -0.0254202660  -0.0130710189   0.0000026582
        0.0001356163  -0.0005172388   0.0000034062   0.0001359512  -0.0005179084
       -0.0000033780   0.0000085250   0.0001027400   0.0000000134  -0.0001194180
        0.0002715751  -0.0000030899
        0.0003712916  -0.0047640126   0.0000011863   0.0274522087  -0.0301601476
        0.0000009839   0.1385685856  -0.1453140072   0.0000021674   0.0032590295
        0.6803279216  -0.0000695047  -0.1544520540  -0.1692686995   0.0000333600
       -0.0233829429  -0.0393217672   0.0000065662  -0.0022098120   0.0042983215
        0.0000002276  -0.0004584590  -0.0008148769   0.0000012214   0.0019906398
       -0.0053171079   0.0000029291   0.0006754187  -0.0004297072   0.0001777819
        0.0006764327  -0.0004299571  -0.0001772172  -0.0003945652  -0.0000215615
        0.0000003073  -0.0144193432   0.0064216182  -0.0000010092   0.0132475606
       -0.3009596127   0.0000253203   0.0102926818   0.0068706078  -0.0000041006
        0.0001508119   0.0000296457   0.0001205760   0.0001504721   0.0000285100
       -0.0001208486  -0.0001374306   0.0002879792  -0.0000004086  -0.0013805262
       -0.0014631466   0.0000004615
       -0.0000011586   0.0000006415   0.0073801245  -0.0000039570  -0.0000055359
       -0.0001500581  -0.0000026790   0.0000091813  -0.0459688363  -0.0000505279
       -0.0000695047   0.1143217131   0.0000466397   0.0000206583  -0.0425417209
       -0.0000044555   0.0000152881  -0.0022272919   0.0000069773  -0.0000013636
       -0.0032141488  -0.0000000087   0.0000001705  -0.0002112673   0.0000049614
        0.0000029142   0.0054280621  -0.0012531179   0.0009847758   0.0001372256
        0.0012526241  -0.0009844362   0.0001372704   0.0000003394   0.0000002748
       -0.0000278311   0.0000020828  -0.0000008078  -0.0000991918  -0.0000005665
        0.0000260924  -0.0340195051   0.0000031025   0.0000017170  -0.0003121642
       -0.0000013265  -0.0000113428   0.0000092508   0.0000014143   0.0000114355
        0.0000092926   0.0000001735  -0.0000002388   0.0000114095  -0.0000005174
        0.0000000804   0.0013376669
       -0.0004604942   0.0005526449  -0.0000001120  -0.0095787595  -0.0290345829
        0.0000024427  -0.0688841673   0.0217452497   0.0000051800  -0.2736146565
       -0.1544520540   0.0000466397   0.6992360569   0.0116082267  -0.0000977489
       -0.0928982375   0.0629960269  -0.0000002701   0.0200495495   0.0250516702
       -0.0000044149  -0.0040780956   0.0030660540   0.0000025438  -0.0047007019
       -0.0415854617   0.0000091129   0.0001992079  -0.0001185087  -0.0000704403
        0.0001994833  -0.0001183189   0.0000695954   0.0003621018   0.0001294130
       -0.0000002943  -0.0045743338   0.0025925499   0.0000006822   0.0001778343
       -0.0013951340   0.0000016030  -0.2567364658   0.1020357671   0.0000318331
       -0.0002298087  -0.0001805644  -0.0001047174  -0.0002303323  -0.0001789701
        0.0001055001   0.0000075073   0.0013365050   0.0000001747  -0.0042456878
       -0.0040505126   0.0000026904
        0.0006589905  -0.0004050196  -0.0000003892  -0.0258735723  -0.0499868090
        0.0000052952  -0.0362151060   0.0568740235   0.0000000252  -0.0784631201
       -0.1692686995   0.0000206583   0.0116082267   0.6529990922  -0.0000651617
       -0.0151207509  -0.3127038059   0.0000398193   0.0769685819  -0.0277884902
       -0.0000066371   0.0026777913   0.0016147340  -0.0000042741  -0.0146219701
       -0.0363113264   0.0000068944   0.0002678814   0.0001668001   0.0001887809
        0.0002682930   0.0001678183  -0.0001894967   0.0000118054   0.0000797693
        0.0000000126   0.0031541023  -0.0001802932   0.0000003951  -0.0252740873
       -0.0200901212   0.0000054424   0.1032157237  -0.0932831207  -0.0000063554
       -0.0003060753   0.0004828695   0.0001616917  -0.0003068325   0.0004806671
       -0.0001607133   0.0001436804  -0.0007382774   0.0000012939  -0.0027935620
       -0.0021098108   0.0000027185
       -0.0000002487   0.0000001792  -0.0001790332   0.0000026340   0.0000074708
       -0.0037140702   0.0000109638  -0.0000071453   0.0019677423   0.0000443451
        0.0000333600  -0.0425417209  -0.0000977489  -0.0000651617   0.1074619833
        0.0000033965   0.0000248162  -0.0498872747  -0.0000053934  -0.0000041869
       -0.0005284858   0.0000012066   0.0000006979   0.0067096944   0.0000084637
        0.0000196426   0.0041366494  -0.0000028163   0.0000325592   0.0000175622
        0.0000027220  -0.0000326721   0.0000176099   0.0000000336  -0.0000000717
        0.0000216761  -0.0000001447   0.0000005533   0.0072023354   0.0000020806
        0.0000018701   0.0003146035   0.0000288313  -0.0000105115  -0.0323164636
       -0.0003170236   0.0011952599   0.0000153857   0.0003150511  -0.0012008182
        0.0000154526  -0.0000000009   0.0000042448   0.0001719636   0.0000036483
       -0.0000000868   0.0011143901
       -0.0010547448  -0.0027129152   0.0000018799  -0.0642282972  -0.0369898645
        0.0000098156  -0.0168470374   0.0324288507  -0.0000013074   0.0346080671
       -0.0233829429  -0.0000044555  -0.0928982375  -0.0151207509   0.0000033965
        0.6284341752  -0.0095363374  -0.0001215176  -0.2343903289   0.1302007865
        0.0000311653  -0.0065250557   0.0102559016   0.0000078801  -0.2436498923
       -0.0987087385   0.0000831838   0.0003878969   0.0000387205  -0.0001291863
        0.0003890050   0.0000395983   0.0001300115  -0.0007189837   0.0006104384
        0.0000013397   0.0003157002   0.0006801406  -0.0000008187  -0.0037798109
       -0.0032603505   0.0000022740  -0.0050632370   0.0297148844  -0.0000023867
       -0.0006213619  -0.0026230906  -0.0019913789  -0.0006066386  -0.0026222974
        0.0019895675  -0.0014364046   0.0005520619   0.0000009143   0.0076851862
       -0.0095640952  -0.0000103770
       -0.0039523845  -0.0011703522  -0.0000005909   0.0205854354   0.0593782375
       -0.0000076371   0.0334776763  -0.0451379926  -0.0000000061  -0.0812479131
       -0.0393217672   0.0000152881   0.0629960269  -0.3127038059   0.0000248162
       -0.0095363374   0.6719778042  -0.0000746330   0.0489639174  -0.1347110501
       -0.0000155677   0.0238480961  -0.0253321066   0.0000071778  -0.0652001204
       -0.1200440076   0.0000519545   0.0000096347  -0.0004809848  -0.0002741134
        0.0000085679  -0.0004824466   0.0002747479  -0.0010093861   0.0001030792
       -0.0000000359   0.0006336974  -0.0003199436   0.0000017921  -0.0024979512
       -0.0004089471   0.0000007348   0.0040866226  -0.0157262222  -0.0000035281
        0.0012237633  -0.0012578752  -0.0008860267   0.0012314292  -0.0012687830
        0.0008807984  -0.0004752064  -0.0065364405   0.0000007636  -0.0331455682
       -0.0265563955   0.0000040654
       -0.0000023845   0.0000018786   0.0074668934   0.0000067372  -0.0000004378
       -0.0035067359  -0.0000020214  -0.0000016935  -0.0051245968   0.0000012660
        0.0000065662  -0.0022272919  -0.0000002701   0.0000398193  -0.0498872747
       -0.0001215176  -0.0000746330   0.1291626167   0.0000402340  -0.0000226957
       -0.0515522459  -0.0000041478  -0.0000018065   0.0007831481   0.0000507922
        0.0000478146  -0.0361482395  -0.0012325761   0.0003007068  -0.0000014966
        0.0012303777  -0.0003017472  -0.0000009619   0.0000006499  -0.0000004050
        0.0002627859  -0.0000000634   0.0000000282   0.0004925890   0.0000017833
        0.0000017365   0.0084012083   0.0000008572  -0.0000033439   0.0016337123
        0.0000957854  -0.0003247788   0.0005487001  -0.0000909456   0.0003267072
        0.0005428916   0.0000062975  -0.0000051815   0.0005017441   0.0000191461
        0.0000114655  -0.0013474464
       -0.0320135023  -0.0096488928   0.0000023192  -0.2369885789  -0.0607488379
        0.0000059607   0.0308929997  -0.0761621529   0.0000007751  -0.0634622648
       -0.0022098120   0.0000069773   0.0200495495   0.0769685819  -0.0000053934
       -0.2343903289   0.0489639174   0.0000402340   0.6436779396   0.0174731052
       -0.0000672665  -0.0664310741   0.0004948150   0.0000001650  -0.0541484319
        0.0035980990   0.0000166649  -0.0003051684  -0.0013026103  -0.0002947112
       -0.0003053869  -0.0013046231   0.0002950487  -0.0052654382   0.0019547952
       -0.0000003755   0.0006586784   0.0007674949   0.0000015004  -0.0006448603
       -0.0000207963  -0.0000007397   0.0006003095  -0.0004285409  -0.0000004886
        0.0002984726  -0.0149503574  -0.0004488488   0.0003104728  -0.0148223450
        0.0004487045  -0.0021376723   0.0289398927   0.0000025912  -0.0003957152
        0.0024382674  -0.0000031171
        0.0071581021   0.0065357395   0.0000044428  -0.1348709536  -0.1542154427
        0.0000097282  -0.0216038631  -0.0396115538   0.0000024460  -0.0030988717
        0.0042983215  -0.0000013636   0.0250516702  -0.0277884902  -0.0000041869
        0.1302007865  -0.1347110501  -0.0000226957   0.0174731052   0.6131436016
       -0.0000024345   0.0054823715  -0.2057419186  -0.0000255078  -0.0244485182
        0.0028479844   0.0000050406   0.0012090330  -0.0003766015  -0.0006067179
        0.0012127184  -0.0003722884   0.0006053099   0.0023419042  -0.0014806928
       -0.0000013442  -0.0000352270  -0.0056197074   0.0000003736  -0.0001903845
        0.0008834299   0.0000001706   0.0003634533  -0.0055906990   0.0000015936
       -0.0047602319  -0.0195510870  -0.0050159779  -0.0047211224  -0.0195754360
        0.0050569580   0.0052964570  -0.0139476352  -0.0000036371  -0.0020604290
        0.0008735256  -0.0000021977
        0.0000007215   0.0000012656  -0.0000850779   0.0000133794   0.0000011887
       -0.0470932504   0.0000000884   0.0000080906  -0.0000057290   0.0000043774
        0.0000002276  -0.0032141488  -0.0000044149  -0.0000066371  -0.0005284858
        0.0000311653  -0.0000155677  -0.0515522459  -0.0000672665  -0.0000024345
        0.1385513640  -0.0000013413   0.0000056958  -0.0592109882   0.0000207993
        0.0000029216   0.0052637373   0.0002653072   0.0000051406   0.0006106524
       -0.0002667547  -0.0000058005   0.0006106694  -0.0000005358   0.0000003486
        0.0009106600   0.0000002616   0.0000007984   0.0068802940   0.0000002241
        0.0000000526   0.0001050490   0.0000008291   0.0000019173   0.0070681681
        0.0000269319  -0.0241610972   0.0009240509  -0.0000256744   0.0242345821
        0.0009249114   0.0000010213  -0.0000695650   0.0001769564   0.0000008808
       -0.0000011275  -0.0003365868
        0.0002696207  -0.0006039845   0.0000036135  -0.0004506908  -0.0235099109
        0.0000060365  -0.0034925984  -0.0019567104   0.0000024715  -0.0005478943
       -0.0004584590  -0.0000000087  -0.0040780956   0.0026777913   0.0000012066
       -0.0065250557   0.0238480961  -0.0000041478  -0.0664310741   0.0054823715
       -0.0000013413   0.5257685478  -0.0164275941  -0.0000492342   0.0018277878
        0.0064714263  -0.0000055226  -0.0002499858  -0.0004915189  -0.0000118227
       -0.0002442300  -0.0004863540   0.0000106426   0.0000827219  -0.0003065901
       -0.0000007941  -0.0000852103  -0.0012581596  -0.0000000488   0.0001189241
        0.0000364322  -0.0000004935  -0.0002029224   0.0015240351   0.0000002380
       -0.0913706113  -0.0370037043  -0.0868225572  -0.0905051153  -0.0366655007
        0.0862912919  -0.2649617119   0.0798632758   0.0005679449   0.0010775937
       -0.0007349418   0.0000125253
        0.0006890586  -0.0001563179  -0.0000022690  -0.0060653898  -0.0224876395
       -0.0000000308  -0.0025559428  -0.0002259173  -0.0000007698  -0.0007266043
       -0.0008148769   0.0000001705   0.0030660540   0.0016147340   0.0000006979
        0.0102559016  -0.0253321066  -0.0000018065   0.0004948150  -0.2057419186
        0.0000056958  -0.0164275941   0.4578287693   0.0000576890  -0.0015080795
       -0.0000835914  -0.0000008320  -0.0002086035  -0.0000276856  -0.0002366049
       -0.0002118992  -0.0000302462   0.0002365114   0.0005243152  -0.0002416591
        0.0000005169   0.0001475529  -0.0009047279  -0.0000001471   0.0000068624
        0.0001353074  -0.0000006374  -0.0000234008  -0.0008872389  -0.0000003581
       -0.0339472735  -0.0667734388  -0.0637198375  -0.0336292332  -0.0667424451
        0.0638661821   0.0802391351  -0.0693134991  -0.0002092210  -0.0001196741
        0.0001844980   0.0000050505
       -0.0000022037  -0.0000035953  -0.0028460299   0.0000046296   0.0000046265
        0.0010092582  -0.0000028343  -0.0000012800   0.0074306245   0.0000024802
        0.0000012214  -0.0002112673   0.0000025438  -0.0000042741   0.0067096944
        0.0000078801   0.0000071778   0.0007831481   0.0000001650  -0.0000255078
       -0.0592109882  -0.0000492342   0.0000576890   0.4837211008  -0.0000042098
       -0.0000237661  -0.0025691551   0.0003848818  -0.0000481692   0.0001150465
       -0.0003840412   0.0000479129   0.0001193479  -0.0000006180  -0.0000013832
        0.0003513872   0.0000001102  -0.0000008147   0.0001284553  -0.0000002404
        0.0000000163  -0.0016373325  -0.0000000753  -0.0000012360  -0.0001999939
       -0.0861600724  -0.0674872087  -0.1952307885   0.0856413702   0.0676721103
       -0.1960947742   0.0005691841  -0.0002071119  -0.0434725802  -0.0000097156
        0.0000135928   0.0011048470
       -0.0018638023  -0.0014127362  -0.0000008869  -0.0034574705   0.0055064693
        0.0000047563  -0.0011434603  -0.0013952905   0.0000003709   0.0002837922
        0.0019906398   0.0000049614  -0.0047007019  -0.0146219701   0.0000084637
       -0.2436498923  -0.0652001204   0.0000507922  -0.0541484319  -0.0244485182
        0.0000207993   0.0018277878  -0.0015080795  -0.0000042098   0.3656030596
        0.0225968559  -0.0000481419   0.0000013194  -0.0000036927   0.0000027828
        0.0000017829  -0.0000037467  -0.0000036495  -0.0006063047   0.0001018064
       -0.0000010107   0.0001990278   0.0001063338  -0.0000008016   0.0000984466
       -0.0000462166  -0.0000000576   0.0011668772  -0.0001374651  -0.0000008851
        0.0002327521   0.0014189792   0.0011970075   0.0002332062   0.0014156482
       -0.0011892844   0.0008493482  -0.0013869389  -0.0000039438  -0.0609273361
        0.0770280424  -0.0000370629
        0.0004200565   0.0002618863  -0.0000001059   0.0023727896  -0.0020997500
        0.0000008853  -0.0017789483   0.0005696748   0.0000001067   0.0035202479
       -0.0053171079   0.0000029142  -0.0415854617  -0.0363113264   0.0000196426
       -0.0987087385  -0.1200440076   0.0000478146   0.0035980990   0.0028479844
        0.0000029216   0.0064714263  -0.0000835914  -0.0000237661   0.0225968559
        0.5653226444  -0.0003331120  -0.0001401709   0.0000606535   0.0001826394
       -0.0001397670   0.0000606602  -0.0001829114   0.0002092057   0.0000293188
       -0.0000003436   0.0001761748   0.0001301931  -0.0000004053  -0.0013532013
       -0.0011439620  -0.0000002629  -0.0000997246   0.0022638684  -0.0000008943
        0.0003217207   0.0011959759   0.0013942010   0.0002925614   0.0011997293
       -0.0013901055   0.0010397692  -0.0003460212   0.0000029031   0.1027871054
       -0.4085968227   0.0002778785
        0.0000005536   0.0000009409  -0.0002611616  -0.0000001967  -0.0000019003
        0.0070260687  -0.0000018528  -0.0000006495  -0.0000453326   0.0000036760
        0.0000029291   0.0054280621   0.0000091129   0.0000068944   0.0041366494
        0.0000831838   0.0000519545  -0.0361482395   0.0000166649   0.0000050406
        0.0052637373  -0.0000055226  -0.0000008320  -0.0025691551  -0.0000481419
       -0.0003331120   0.0252927308  -0.0000057235   0.0000464239   0.0000398823
        0.0000058077  -0.0000464486   0.0000399680   0.0000006643   0.0000000455
       -0.0001110755  -0.0000000059   0.0000001753  -0.0013154095   0.0000001793
        0.0000003543   0.0000385057  -0.0000011987  -0.0000002993  -0.0030922258
        0.0003871243   0.0000646092   0.0002597682  -0.0003787025  -0.0000627778
        0.0002660849  -0.0000006736   0.0000009409   0.0002964417  -0.0000649484
        0.0002657109  -0.0045452995
       -0.0438004679   0.0141186205   0.0239904936  -0.0072497831   0.0183901771
        0.0220249146  -0.0027417699   0.0005185529   0.0006461438  -0.0004673401
        0.0006754187  -0.0012531179   0.0001992079   0.0002678814  -0.0000028163
        0.0003878969   0.0000096347  -0.0012325761  -0.0003051684   0.0012090330
        0.0002653072  -0.0002499858  -0.0002086035   0.0003848818   0.0000013194
       -0.0001401709  -0.0000057235   0.0523542289  -0.0174316583  -0.0256318903
        0.0014605672  -0.0016863947  -0.0019754990   0.0014515209  -0.0142585218
       -0.0183720739  -0.0001001734  -0.0000602515   0.0002793126  -0.0001607622
        0.0000963248  -0.0000152959   0.0000452735  -0.0000452005   0.0002457363
       -0.0002892329  -0.0000718501  -0.0001247572   0.0003261472  -0.0000612143
       -0.0001604173  -0.0008000463  -0.0013795787   0.0009016766  -0.0000614317
        0.0000578014   0.0000357008
        0.0117591180  -0.1166093361  -0.1109700876   0.0084225981  -0.0109977901
       -0.0108152025   0.0022233076  -0.0005674690  -0.0002485109   0.0003338110
       -0.0004297072   0.0009847758  -0.0001185087   0.0001668001   0.0000325592
        0.0000387205  -0.0004809848   0.0003007068  -0.0013026103  -0.0003766015
        0.0000051406  -0.0004915189  -0.0000276856  -0.0000481692  -0.0000036927
        0.0000606535   0.0000464239  -0.0174316583   0.1366953795   0.1279436347
       -0.0016934730   0.0096163512   0.0146276050  -0.0006579697  -0.0169794519
       -0.0218216125   0.0001045993   0.0002342044  -0.0003489949   0.0000815161
       -0.0000561710  -0.0000187122  -0.0000037681   0.0000081189  -0.0001593603
       -0.0001500862   0.0000197842  -0.0000235384   0.0001540310   0.0000134249
        0.0000094253  -0.0012379373  -0.0003094907   0.0005420031  -0.0000264782
        0.0000199711  -0.0000380859
        0.0211487783  -0.1093464863  -0.1990332210   0.0035649420  -0.0026260844
        0.0002171709   0.0000558782   0.0003435832  -0.0002581304  -0.0001332671
        0.0001777819   0.0001372256  -0.0000704403   0.0001887809   0.0000175622
       -0.0001291863  -0.0002741134  -0.0000014966  -0.0002947112  -0.0006067179
        0.0006106524  -0.0000118227  -0.0002366049   0.0001150465   0.0000027828
        0.0001826394   0.0000398823  -0.0256318903   0.1279436347   0.2293338649
        0.0019869644  -0.0146076378  -0.0289969545  -0.0009689122  -0.0027193904
       -0.0018232984   0.0000706776   0.0001424980  -0.0000799942  -0.0000275032
        0.0000256089   0.0000141697  -0.0000055827   0.0000307985  -0.0000242897
       -0.0002087211   0.0001505584   0.0000165248  -0.0002527265   0.0000695639
        0.0000143442   0.0008136629   0.0012262963  -0.0002657031   0.0000910774
       -0.0000647089  -0.0000333555
       -0.0437853086   0.0140793770  -0.0239105857  -0.0072411140   0.0184026162
       -0.0220171323  -0.0027440071   0.0005198618  -0.0006466999  -0.0004677255
        0.0006764327   0.0012526241   0.0001994833   0.0002682930   0.0000027220
        0.0003890050   0.0000085679   0.0012303777  -0.0003053869   0.0012127184
       -0.0002667547  -0.0002442300  -0.0002118992  -0.0003840412   0.0000017829
       -0.0001397670   0.0000058077   0.0014605672  -0.0016934730   0.0019869644
        0.0523345890  -0.0173954999   0.0255451819   0.0014432960  -0.0142693804
        0.0183647402  -0.0001003415  -0.0000601964  -0.0002790128  -0.0001609495
        0.0000964352   0.0000154030   0.0000451797  -0.0000452782  -0.0002454712
        0.0003252459  -0.0000597959   0.0001600138  -0.0002905860  -0.0000731122
        0.0001274996  -0.0007979158  -0.0013736374  -0.0009059582  -0.0000615841
        0.0000577375  -0.0000356786
        0.0117252350  -0.1167519325   0.1110351300   0.0084169785  -0.0110042479
        0.0108138009   0.0022249987  -0.0005696497   0.0002490437   0.0003326346
       -0.0004299571  -0.0009844362  -0.0001183189   0.0001678183  -0.0000326721
        0.0000395983  -0.0004824466  -0.0003017472  -0.0013046231  -0.0003722884
       -0.0000058005  -0.0004863540  -0.0000302462   0.0000479129  -0.0000037467
        0.0000606602  -0.0000464486  -0.0016863947   0.0096163512  -0.0146076378
       -0.0173954999   0.1368548127  -0.1280123091  -0.0006667168  -0.0169923403
        0.0218106897   0.0001048941   0.0002348488   0.0003489538   0.0000816204
       -0.0000562051   0.0000187503  -0.0000036096   0.0000082455   0.0001595032
        0.0001515417   0.0000134581  -0.0000099082  -0.0001493996   0.0000203826
        0.0000245094  -0.0012363966  -0.0003073845  -0.0005455680  -0.0000264417
        0.0000201209   0.0000382338
       -0.0210780903   0.1094093639  -0.1989358678  -0.0035608144   0.0026260054
        0.0002137866  -0.0000565500  -0.0003420299  -0.0002578294   0.0001346688
       -0.0001772172   0.0001372704   0.0000695954  -0.0001894967   0.0000176099
        0.0001300115   0.0002747479  -0.0000009619   0.0002950487   0.0006053099
        0.0006106694   0.0000106426   0.0002365114   0.0001193479  -0.0000036495
       -0.0001829114   0.0000399680  -0.0019754990   0.0146276050  -0.0289969545
        0.0255451819  -0.1280123091   0.2292212370   0.0009698622   0.0027038189
       -0.0018007624  -0.0000707883  -0.0001426422  -0.0000799743   0.0000274563
       -0.0000257129   0.0000140573   0.0000056122  -0.0000307824  -0.0000243375
        0.0002553940  -0.0000698357   0.0000141576   0.0002052807  -0.0001510695
        0.0000164150  -0.0008123109  -0.0012239077  -0.0002745045  -0.0000910519
        0.0000645522  -0.0000333268
       -0.1615647771  -0.1214831337  -0.0000586680  -0.0265390700  -0.0180176255
       -0.0000100375   0.0005361795  -0.0021951043   0.0000004401   0.0000294319
       -0.0003945652   0.0000003394   0.0003621018   0.0000118054   0.0000000336
       -0.0007189837  -0.0010093861   0.0000006499  -0.0052654382   0.0023419042
       -0.0000005358   0.0000827219   0.0005243152  -0.0000006180  -0.0006063047
        0.0002092057   0.0000006643   0.0014515209  -0.0006579697  -0.0009689122
        0.0014432960  -0.0006667168   0.0009698622   0.1901451368   0.1392814355
        0.0000676226   0.0002152941   0.0016636161  -0.0000006136   0.0001924382
       -0.0000490317  -0.0000000470   0.0000771090   0.0000448860  -0.0000001664
        0.0000685704   0.0001291909   0.0000757413   0.0000680060   0.0001293726
       -0.0000758962  -0.0001012126   0.0000745304   0.0000003661   0.0001239796
        0.0000632709  -0.0000002248
       -0.1218223044  -0.1665577796  -0.0000566943   0.0054363712   0.0077887831
        0.0000038999   0.0028905293   0.0008459204   0.0000000774  -0.0001168055
       -0.0000215615   0.0000002748   0.0001294130   0.0000797693  -0.0000000717
        0.0006104384   0.0001030792  -0.0000004050   0.0019547952  -0.0014806928
        0.0000003486  -0.0003065901  -0.0002416591  -0.0000013832   0.0001018064
        0.0000293188   0.0000000455  -0.0142585218  -0.0169794519  -0.0027193904
       -0.0142693804  -0.0169923403   0.0027038189   0.1392814355   0.1936811906
        0.0000682171   0.0006902445  -0.0007273381   0.0000001616   0.0000085772
        0.0000305549  -0.0000000154  -0.0000290742   0.0000235848  -0.0000000875
       -0.0000432180   0.0001020394   0.0000484546  -0.0000421367   0.0001019859
       -0.0000485722  -0.0003156267   0.0002428286   0.0000013804   0.0001000472
       -0.0000282317  -0.0000000590
       -0.0000592910  -0.0000551578  -0.0450290243  -0.0000006832  -0.0000028262
        0.0003771090  -0.0000000076  -0.0000005608  -0.0001150857   0.0000005009
        0.0000003073  -0.0000278311  -0.0000002943   0.0000000126   0.0000216761
        0.0000013397  -0.0000000359   0.0002627859  -0.0000003755  -0.0000013442
        0.0009106600  -0.0000007941   0.0000005169   0.0003513872  -0.0000010107
       -0.0000003436  -0.0001110755  -0.0183720739  -0.0218216125  -0.0018232984
        0.0183647402   0.0218106897  -0.0018007624   0.0000676226   0.0000682171
        0.0470859780  -0.0000002045   0.0000009147   0.0001905315   0.0000000095
       -0.0000000830  -0.0000227694   0.0000000800   0.0000000235  -0.0000063324
        0.0001096244  -0.0000025950   0.0000399786  -0.0001105148   0.0000026185
        0.0000404286   0.0000012109   0.0000012333  -0.0003360923   0.0000001215
        0.0000000254  -0.0000082633
        0.0011936737   0.0020923812  -0.0000003764  -0.0024856987  -0.0025813398
        0.0000000213  -0.2214677678  -0.1173308182   0.0000139514  -0.0269402316
       -0.0144193432   0.0000020828  -0.0045743338   0.0031541023  -0.0000001447
        0.0003157002   0.0006336974  -0.0000000634   0.0006586784  -0.0000352270
        0.0000002616  -0.0000852103   0.0001475529   0.0000001102   0.0001990278
        0.0001761748  -0.0000000059  -0.0001001734   0.0001045993   0.0000706776
       -0.0001003415   0.0001048941  -0.0000707883   0.0002152941   0.0006902445
       -0.0000002045   0.2534141693   0.1286263847  -0.0000160755   0.0007811560
       -0.0006055664   0.0000000385  -0.0012153791  -0.0007754145   0.0000005491
        0.0000074434   0.0000066781   0.0000212282   0.0000070387   0.0000067105
       -0.0000212976   0.0000791623   0.0000039357   0.0000001533   0.0000977921
        0.0000003536  -0.0000001177
       -0.0019229492   0.0005754967  -0.0000005038  -0.0251722367  -0.0197151564
        0.0000025364  -0.1173007432  -0.1209113311   0.0000110678   0.0099353362
        0.0064216182  -0.0000008078   0.0025925499  -0.0001802932   0.0000005533
        0.0006801406  -0.0003199436   0.0000000282   0.0007674949  -0.0056197074
        0.0000007984  -0.0012581596  -0.0009047279  -0.0000008147   0.0001063338
        0.0001301931   0.0000001753  -0.0000602515   0.0002342044   0.0001424980
       -0.0000601964   0.0002348488  -0.0001426422   0.0016636161  -0.0007273381
        0.0000009147   0.1286263847   0.1397575650  -0.0000131317   0.0008857109
        0.0009726127  -0.0000003848   0.0005807004   0.0002613757  -0.0000002362
       -0.0000220816  -0.0002218877   0.0000375983  -0.0000219972  -0.0002200325
       -0.0000376759  -0.0001185829   0.0001314552   0.0000003539   0.0000989308
        0.0001010482  -0.0000003273
        0.0000014300  -0.0000002523  -0.0023297019   0.0000007712  -0.0000009327
        0.0001118910   0.0000118157   0.0000133279  -0.0320828051   0.0000018176
       -0.0000010092  -0.0000991918   0.0000006822   0.0000003951   0.0072023354
       -0.0000008187   0.0000017921   0.0004925890   0.0000015004   0.0000003736
        0.0068802940  -0.0000000488  -0.0000001471   0.0001284553  -0.0000008016
       -0.0000004053  -0.0013154095   0.0002793126  -0.0003489949  -0.0000799942
       -0.0002790128   0.0003489538  -0.0000799743  -0.0000006136   0.0000001616
        0.0001905315  -0.0000160755  -0.0000131317   0.0233439247  -0.0000001882
       -0.0000003083  -0.0025561481  -0.0000002485  -0.0000001828   0.0002917318
       -0.0000086956   0.0000817210   0.0000208906   0.0000091491  -0.0000813741
        0.0000208952  -0.0000000228   0.0000000512   0.0000136508   0.0000000474
       -0.0000000379  -0.0001539645
       -0.0002260915   0.0013302561  -0.0000000798  -0.0043998835   0.0024810318
        0.0000003574  -0.0022973005   0.0266614315  -0.0000023794  -0.0449711719
        0.0132475606  -0.0000005665   0.0001778343  -0.0252740873   0.0000020806
       -0.0037798109  -0.0024979512   0.0000017833  -0.0006448603  -0.0001903845
        0.0000002241   0.0001189241   0.0000068624  -0.0000002404   0.0000984466
       -0.0013532013   0.0000001793  -0.0001607622   0.0000815161  -0.0000275032
       -0.0001609495   0.0000816204   0.0000274563   0.0001924382   0.0000085772
        0.0000000095   0.0007811560   0.0008857109  -0.0000001882   0.0546361122
       -0.0142847382  -0.0000010554   0.0009001916  -0.0007842063  -0.0000004566
       -0.0000115906   0.0000214410   0.0000263038  -0.0000118213   0.0000212710
       -0.0000260235   0.0000232587  -0.0000570724  -0.0000002265  -0.0002641194
       -0.0003856377   0.0000003252
        0.0000495709  -0.0008470420  -0.0000000336   0.0030508356  -0.0003052297
        0.0000007640   0.0026863575  -0.0171775672   0.0000014839   0.0131064563
       -0.3009596127   0.0000260924  -0.0013951340  -0.0200901212   0.0000018701
       -0.0032603505  -0.0004089471   0.0000017365  -0.0000207963   0.0008834299
        0.0000000526   0.0000364322   0.0001353074   0.0000000163  -0.0000462166
       -0.0011439620   0.0000003543   0.0000963248  -0.0000561710   0.0000256089
        0.0000964352  -0.0000562051  -0.0000257129  -0.0000490317   0.0000305549
       -0.0000000830  -0.0006055664   0.0009726127  -0.0000003083  -0.0142847382
        0.3380466174  -0.0000311179   0.0006523508   0.0009608472  -0.0000005853
       -0.0000220056   0.0000474338   0.0000123406  -0.0000219412   0.0000475125
       -0.0000124450   0.0000227959   0.0000493352   0.0000001930  -0.0000917786
       -0.0001287930  -0.0000002267
        0.0000003658  -0.0000000909  -0.0001502878   0.0000003681   0.0000007585
        0.0076468318  -0.0000002304  -0.0000003957   0.0006163143  -0.0000016487
        0.0000253203  -0.0340195051   0.0000016030   0.0000054424   0.0003146035
        0.0000022740   0.0000007348   0.0084012083  -0.0000007397   0.0000001706
        0.0001050490  -0.0000004935  -0.0000006374  -0.0016373325  -0.0000000576
       -0.0000002629   0.0000385057  -0.0000152959  -0.0000187122   0.0000141697
        0.0000154030   0.0000187503   0.0000140573  -0.0000000470  -0.0000000154
       -0.0000227694   0.0000000385  -0.0000003848  -0.0025561481  -0.0000010554
       -0.0000311179   0.0241230474  -0.0000006480  -0.0000003250  -0.0027072160
        0.0000424489  -0.0003072400  -0.0000092275  -0.0000418996   0.0003082909
       -0.0000091932  -0.0000001157  -0.0000007469  -0.0000118379  -0.0000002697
        0.0000004613  -0.0001502696
        0.0001082974  -0.0000097201  -0.0000003109   0.0005420093  -0.0003550792
        0.0000000657  -0.0034255309  -0.0037491462   0.0000022407  -0.0254202660
        0.0102926818   0.0000031025  -0.2567364658   0.1032157237   0.0000288313
       -0.0050632370   0.0040866226   0.0000008572   0.0006003095   0.0003634533
        0.0000008291  -0.0002029224  -0.0000234008  -0.0000000753   0.0011668772
       -0.0000997246  -0.0000011987   0.0000452735  -0.0000037681  -0.0000055827
        0.0000451797  -0.0000036096   0.0000056122   0.0000771090  -0.0000290742
        0.0000000800  -0.0012153791   0.0005807004  -0.0000002485   0.0009001916
        0.0006523508  -0.0000006480   0.2885412974  -0.1143336739  -0.0000341133
        0.0000156134  -0.0000166862   0.0000115450   0.0000152549  -0.0000166610
       -0.0000113475   0.0000651626   0.0000179230  -0.0000002923  -0.0000587741
       -0.0005689116   0.0000006535
       -0.0000234608   0.0001261841  -0.0000002146  -0.0007035419  -0.0004647817
        0.0000002299  -0.0030901059  -0.0008980915   0.0000013593  -0.0130710189
        0.0068706078   0.0000017170   0.1020357671  -0.0932831207  -0.0000105115
        0.0297148844  -0.0157262222  -0.0000033439  -0.0004285409  -0.0055906990
        0.0000019173   0.0015240351  -0.0008872389  -0.0000012360  -0.0001374651
        0.0022638684  -0.0000002993  -0.0000452005   0.0000081189   0.0000307985
       -0.0000452782   0.0000082455  -0.0000307824   0.0000448860   0.0000235848
        0.0000000235  -0.0007754145   0.0002613757  -0.0000001828  -0.0007842063
        0.0009608472  -0.0000003250  -0.1143336739   0.1057061741   0.0000112384
        0.0000183096   0.0001194202   0.0000565471   0.0000181645   0.0001187027
       -0.0000564061  -0.0000074435  -0.0004577511   0.0000000569   0.0000893036
        0.0008407755  -0.0000005864
        0.0000003468  -0.0000002390  -0.0015722190   0.0000010987   0.0000024705
        0.0000716790   0.0000022205   0.0000003469   0.0077570593   0.0000026582
       -0.0000041006  -0.0003121642   0.0000318331  -0.0000063554  -0.0323164636
       -0.0000023867  -0.0000035281   0.0016337123  -0.0000004886   0.0000015936
        0.0070681681   0.0000002380  -0.0000003581  -0.0001999939  -0.0000008851
       -0.0000008943  -0.0030922258   0.0002457363  -0.0001593603  -0.0000242897
       -0.0002454712   0.0001595032  -0.0000243375  -0.0000001664  -0.0000000875
       -0.0000063324   0.0000005491  -0.0000002362   0.0002917318  -0.0000004566
       -0.0000005853  -0.0027072160  -0.0000341133   0.0000112384   0.0234511747
        0.0000165502  -0.0000568712  -0.0000238276  -0.0000169417   0.0000571141
       -0.0000238228  -0.0000004182   0.0000001016  -0.0000477765   0.0000000968
        0.0000002476   0.0000771436
       -0.0001751655  -0.0004325811   0.0002628057   0.0000823424  -0.0003339013
       -0.0002584128  -0.0000747077  -0.0001138040   0.0000896752   0.0001356163
        0.0001508119  -0.0000013265  -0.0002298087  -0.0003060753  -0.0003170236
       -0.0006213619   0.0012237633   0.0000957854   0.0002984726  -0.0047602319
        0.0000269319  -0.0913706113  -0.0339472735  -0.0861600724   0.0002327521
        0.0003217207   0.0003871243  -0.0002892329  -0.0001500862  -0.0002087211
        0.0003252459   0.0001515417   0.0002553940   0.0000685704  -0.0000432180
        0.0001096244   0.0000074434  -0.0000220816  -0.0000086956  -0.0000115906
       -0.0000220056   0.0000424489   0.0000156134   0.0000183096   0.0000165502
        0.1055288780   0.0422654233   0.1011849651   0.0069490057   0.0041772986
        0.0123893850  -0.0195447863  -0.0092008866  -0.0283755808  -0.0013266752
        0.0010232762   0.0004691426
        0.0002477749   0.0002404158  -0.0004452765   0.0015402326  -0.0032213261
       -0.0012425583  -0.0002873248  -0.0010418342   0.0016129602  -0.0005172388
        0.0000296457  -0.0000113428  -0.0001805644   0.0004828695   0.0011952599
       -0.0026230906  -0.0012578752  -0.0003247788  -0.0149503574  -0.0195510870
       -0.0241610972  -0.0370037043  -0.0667734388  -0.0674872087   0.0014189792
        0.0011959759   0.0000646092  -0.0000718501   0.0000197842   0.0001505584
       -0.0000597959   0.0000134581  -0.0000698357   0.0001291909   0.0001020394
       -0.0000025950   0.0000066781  -0.0002218877   0.0000817210   0.0000214410
        0.0000474338  -0.0003072400  -0.0000166862   0.0001194202  -0.0000568712
        0.0422654233   0.0817247916   0.0768789180   0.0042186608   0.0041310226
        0.0078081166   0.0043308239   0.0039829479   0.0073839927   0.0015314078
       -0.0000223556  -0.0010673319
        0.0000710679   0.0000333730   0.0000037524   0.0004031982   0.0001799809
       -0.0005298782   0.0001554594   0.0001062770   0.0001191768   0.0000034062
        0.0001205760   0.0000092508  -0.0001047174   0.0001616917   0.0000153857
       -0.0019913789  -0.0008860267   0.0005487001  -0.0004488488  -0.0050159779
        0.0009240509  -0.0868225572  -0.0637198375  -0.1952307885   0.0011970075
        0.0013942010   0.0002597682  -0.0001247572  -0.0000235384   0.0000165248
        0.0001600138  -0.0000099082   0.0000141576   0.0000757413   0.0000484546
        0.0000399786   0.0000212282   0.0000375983   0.0000208906   0.0000263038
        0.0000123406  -0.0000092275   0.0000115450   0.0000565471  -0.0000238276
        0.1011849651   0.0768789180   0.2255810983  -0.0125757685  -0.0078287893
       -0.0288851991  -0.0031501387  -0.0003104673  -0.0019696187   0.0019082301
       -0.0012354129  -0.0009041953
       -0.0001706461  -0.0004320330  -0.0002627256   0.0000799108  -0.0003382563
        0.0002512498  -0.0000749679  -0.0001131600  -0.0000901672   0.0001359512
        0.0001504721   0.0000014143  -0.0002303323  -0.0003068325   0.0003150511
       -0.0006066386   0.0012314292  -0.0000909456   0.0003104728  -0.0047211224
       -0.0000256744  -0.0905051153  -0.0336292332   0.0856413702   0.0002332062
        0.0002925614  -0.0003787025   0.0003261472   0.0001540310  -0.0002527265
       -0.0002905860  -0.0001493996   0.0002052807   0.0000680060  -0.0000421367
       -0.0001105148   0.0000070387  -0.0000219972   0.0000091491  -0.0000118213
       -0.0000219412  -0.0000418996   0.0000152549   0.0000181645  -0.0000169417
        0.0069490057   0.0042186608  -0.0125757685   0.1044807412   0.0418839745
       -0.1005731447  -0.0193897769  -0.0091993537   0.0284663829  -0.0013258502
        0.0010261724  -0.0004706871
        0.0002459523   0.0002415566   0.0004481146   0.0015447841  -0.0032005965
        0.0012399015  -0.0002812605  -0.0010412651  -0.0016165201  -0.0005179084
        0.0000285100   0.0000114355  -0.0001789701   0.0004806671  -0.0012008182
       -0.0026222974  -0.0012687830   0.0003267072  -0.0148223450  -0.0195754360
        0.0242345821  -0.0366655007  -0.0667424451   0.0676721103   0.0014156482
        0.0011997293  -0.0000627778  -0.0000612143   0.0000134249   0.0000695639
       -0.0000731122   0.0000203826  -0.0001510695   0.0001293726   0.0001019859
        0.0000026185   0.0000067105  -0.0002200325  -0.0000813741   0.0000212710
        0.0000475125   0.0003082909  -0.0000166610   0.0001187027   0.0000571141
        0.0041772986   0.0041310226  -0.0078287893   0.0418839745   0.0817022629
       -0.0770801434   0.0042942498   0.0039832330  -0.0074067121   0.0015200081
       -0.0000204321   0.0010577659
       -0.0000690483  -0.0000328370   0.0000047473  -0.0004096703  -0.0001829544
       -0.0005313781  -0.0001556844  -0.0001030788   0.0001189790  -0.0000033780
       -0.0001208486   0.0000092926   0.0001055001  -0.0001607133   0.0000154526
        0.0019895675   0.0008807984   0.0005428916   0.0004487045   0.0050569580
        0.0009249114   0.0862912919   0.0638661821  -0.1960947742  -0.0011892844
       -0.0013901055   0.0002660849  -0.0001604173   0.0000094253   0.0000143442
        0.0001274996   0.0000245094   0.0000164150  -0.0000758962  -0.0000485722
        0.0000404286  -0.0000212976  -0.0000376759   0.0000208952  -0.0000260235
       -0.0000124450  -0.0000091932  -0.0000113475  -0.0000564061  -0.0000238228
        0.0123893850   0.0078081166  -0.0288851991  -0.1005731447  -0.0770801434
        0.2266054904   0.0032379607   0.0003562922  -0.0021292102  -0.0018947172
        0.0012234982  -0.0009063554
       -0.0011813251  -0.0017392428  -0.0000077396   0.0000583282  -0.0004369552
       -0.0000026292  -0.0002142252  -0.0000110423   0.0000005440   0.0000085250
       -0.0001374306   0.0000001735   0.0000075073   0.0001436804  -0.0000000009
       -0.0014364046  -0.0004752064   0.0000062975  -0.0021376723   0.0052964570
        0.0000010213  -0.2649617119   0.0802391351   0.0005691841   0.0008493482
        0.0010397692  -0.0000006736  -0.0008000463  -0.0012379373   0.0008136629
       -0.0007979158  -0.0012363966  -0.0008123109  -0.0001012126  -0.0003156267
        0.0000012109   0.0000791623  -0.0001185829  -0.0000000228   0.0000232587
        0.0000227959  -0.0000001157   0.0000651626  -0.0000074435  -0.0000004182
       -0.0195447863   0.0043308239  -0.0031501387  -0.0193897769   0.0042942498
        0.0032379607   0.3092011486  -0.0896649715  -0.0006561979   0.0002726361
        0.0000139243   0.0000001926
       -0.0006417740  -0.0004048426  -0.0000051596   0.0017850668   0.0008095123
       -0.0000006291   0.0003031064   0.0002532093   0.0000025491   0.0001027400
        0.0002879792  -0.0000002388   0.0013365050  -0.0007382774   0.0000042448
        0.0005520619  -0.0065364405  -0.0000051815   0.0289398927  -0.0139476352
       -0.0000695650   0.0798632758  -0.0693134991  -0.0002071119  -0.0013869389
       -0.0003460212   0.0000009409  -0.0013795787  -0.0003094907   0.0012262963
       -0.0013736374  -0.0003073845  -0.0012239077   0.0000745304   0.0002428286
        0.0000012333   0.0000039357   0.0001314552   0.0000000512  -0.0000570724
        0.0000493352  -0.0000007469   0.0000179230  -0.0004577511   0.0000001016
       -0.0092008866   0.0039829479  -0.0003104673  -0.0091993537   0.0039832330
        0.0003562922  -0.0896649715   0.0824694310   0.0002324393  -0.0000748244
        0.0001514107  -0.0000011409
       -0.0000028407   0.0000037772   0.0006551167   0.0000042314  -0.0000016375
        0.0002404615  -0.0000004952   0.0000003533  -0.0000415858   0.0000000134
       -0.0000004086   0.0000114095   0.0000001747   0.0000012939   0.0001719636
        0.0000009143   0.0000007636   0.0005017441   0.0000025912  -0.0000036371
        0.0001769564   0.0005679449  -0.0002092210  -0.0434725802  -0.0000039438
        0.0000029031   0.0002964417   0.0009016766   0.0005420031  -0.0002657031
       -0.0009059582  -0.0005455680  -0.0002745045   0.0000003661   0.0000013804
       -0.0003360923   0.0000001533   0.0000003539   0.0000136508  -0.0000002265
        0.0000001930  -0.0000118379  -0.0000002923   0.0000000569  -0.0000477765
       -0.0283755808   0.0073839927  -0.0019696187   0.0284663829  -0.0074067121
       -0.0021292102  -0.0006561979   0.0002324393   0.0469934461   0.0000010866
       -0.0000023262  -0.0005122811
        0.0001640350   0.0001294254  -0.0000001445   0.0001818057  -0.0001374785
        0.0000001113   0.0002717871  -0.0002730332   0.0000000649  -0.0001194180
       -0.0013805262  -0.0000005174  -0.0042456878  -0.0027935620   0.0000036483
        0.0076851862  -0.0331455682   0.0000191461  -0.0003957152  -0.0020604290
        0.0000008808   0.0010775937  -0.0001196741  -0.0000097156  -0.0609273361
        0.1027871054  -0.0000649484  -0.0000614317  -0.0000264782   0.0000910774
       -0.0000615841  -0.0000264417  -0.0000910519   0.0001239796   0.0001000472
        0.0000001215   0.0000977921   0.0000989308   0.0000000474  -0.0002641194
       -0.0000917786  -0.0000002697  -0.0000587741   0.0000893036   0.0000000968
       -0.0013266752   0.0015314078   0.0019082301  -0.0013258502   0.0015200081
       -0.0018947172   0.0002726361  -0.0000748244   0.0000010866   0.0589117762
       -0.0661264342   0.0000368535
        0.0001040491  -0.0000133543   0.0000003470  -0.0007751905  -0.0008431312
       -0.0000001632   0.0001212534   0.0005234303  -0.0000002717   0.0002715751
       -0.0014631466   0.0000000804  -0.0040505126  -0.0021098108  -0.0000000868
       -0.0095640952  -0.0265563955   0.0000114655   0.0024382674   0.0008735256
       -0.0000011275  -0.0007349418   0.0001844980   0.0000135928   0.0770280424
       -0.4085968227   0.0002657109   0.0000578014   0.0000199711  -0.0000647089
        0.0000577375   0.0000201209   0.0000645522   0.0000632709  -0.0000282317
        0.0000000254   0.0000003536   0.0001010482  -0.0000000379  -0.0003856377
       -0.0001287930   0.0000004613  -0.0005689116   0.0008407755   0.0000002476
        0.0010232762  -0.0000223556  -0.0012354129   0.0010261724  -0.0000204321
        0.0012234982   0.0000139243   0.0001514107  -0.0000023262  -0.0661264342
        0.4370676933  -0.0002758461
        0.0000006007  -0.0000005890   0.0001016723  -0.0000004452   0.0000002511
        0.0000039273   0.0000021156  -0.0000000343  -0.0000642566  -0.0000030899
        0.0000004615   0.0013376669   0.0000026904   0.0000027185   0.0011143901
       -0.0000103770   0.0000040654  -0.0013474464  -0.0000031171  -0.0000021977
       -0.0003365868   0.0000125253   0.0000050505   0.0011048470  -0.0000370629
        0.0002778785  -0.0045452995   0.0000357008  -0.0000380859  -0.0000333555
       -0.0000356786   0.0000382338  -0.0000333268  -0.0000002248  -0.0000000590
       -0.0000082633  -0.0000001177  -0.0000003273  -0.0001539645   0.0000003252
       -0.0000002267  -0.0001502696   0.0000006535  -0.0000005864   0.0000771436
        0.0004691426  -0.0010673319  -0.0009041953  -0.0004706871   0.0010577659
       -0.0009063554   0.0000001926  -0.0000011409  -0.0005122811   0.0000368535
       -0.0002758461   0.0052559537
