           1           2   1.0238379094121453     
           2           3   1.4107351987998784     
           3           4   1.4349275691561534     
           2           5  0.10239899145787612     
           4           5   1.4490580280678240     
           5           6   1.3724534538520485     
           2           7   1.3952439583673140     
           4           7  0.10219239519973652     
           6           7   1.3517054558318691     
           7           8   1.0197293802381022     
           6           9   1.0677465911125978     
           1          10  0.97249947785178192     
           1          11  0.97253313097940253     
           1          12  0.98441392926009841     
           3          13  0.96877690246203352     
           4          14  0.97086510500529599     
           5          15  0.96828150617384223     
           8          16  0.97205777281995509     
           8          17  0.97204502739885823     
           8          18  0.97993659096011942     
           9          19  0.87983239494095700     
