$hessian                                                                        
        0.5132464483  -0.0016974583  -0.0280250189  -0.0960132123  -0.0047499858
       -0.0565692679  -0.0192469518  -0.0068437346  -0.0218637940  -0.0003400944
       -0.0005607447  -0.0012507877  -0.2083752616  -0.1082802966   0.0317242334
       -0.0604717245   0.0547441544  -0.0206525351  -0.1279242517   0.0669504126
        0.0943532815  -0.0049296929   0.0008874657  -0.0098234586   0.0074708586
        0.0016782835   0.0129122183   0.0009854061   0.0010273251  -0.0002841726
       -0.0044499939  -0.0031745644  -0.0004609435   0.0000484702   0.0000191429
       -0.0000597549
       -0.0016974583   0.5249694331  -0.0062102802  -0.0046265265  -0.0689642489
       -0.0119047592  -0.0107049403  -0.0031978676  -0.0133038727   0.0003614247
        0.0003989090   0.0001361778  -0.1084395664  -0.1166024650   0.0207541225
        0.0550077882  -0.2366999115   0.0769033105   0.0670749847  -0.0987268517
       -0.0738869384   0.0130511770   0.0011861274   0.0238082039  -0.0061588353
       -0.0016830181  -0.0147649729  -0.0004137509   0.0007332332  -0.0011555309
       -0.0035362543  -0.0013571927  -0.0002169678   0.0000819572  -0.0000561474
       -0.0001584927
       -0.0280250189  -0.0062102802   0.4767872234  -0.0563773516  -0.0122899401
       -0.1712911468  -0.0046177342  -0.0024987579   0.0007979998   0.0006767693
        0.0007459269   0.0009463537   0.0312137771   0.0202797821  -0.0478950045
       -0.0209824833   0.0772895596  -0.0744101070   0.0945545210  -0.0739245980
       -0.1474832511  -0.0088576391   0.0013892449  -0.0143230798  -0.0095006087
       -0.0050944448  -0.0242621749   0.0010033096   0.0001013427   0.0006972044
        0.0007298838   0.0004737742   0.0008563784   0.0001825749  -0.0002616094
       -0.0004203955
       -0.0960132123  -0.0046265265  -0.0563773516   0.4735583485  -0.0327028883
       -0.0134653239  -0.1516066529  -0.0634423616   0.0091822320  -0.0222216736
       -0.0031815741   0.0091038322  -0.0155427635  -0.0047970948  -0.0228235950
       -0.0055094223   0.0010199861  -0.0100591071   0.0082392864   0.0014490426
        0.0135868960  -0.0561281095   0.0505500148  -0.0183118808  -0.1198912959
        0.0651912548   0.0874374217   0.0026814506  -0.0013131221   0.0007467187
       -0.0148166347  -0.0094340521  -0.0009676426  -0.0027493208   0.0012873212
        0.0019478005
       -0.0047499858  -0.0689642489  -0.0122899401  -0.0327028883   0.5208489893
       -0.0017290497  -0.0580152303  -0.1052265629   0.0098345577   0.0080754878
        0.0074295557  -0.0003450811  -0.0095888589  -0.0026283044  -0.0143249897
        0.0136063682   0.0011959325   0.0248965610  -0.0064460490  -0.0020515554
       -0.0144520753   0.0513008597  -0.2314593829   0.0743266969   0.0655762178
       -0.0966692733  -0.0697170214  -0.0229279757  -0.0182876315   0.0056826516
       -0.0062670156  -0.0031637325  -0.0001793972   0.0021390700  -0.0010237857
       -0.0017029129
       -0.0565692679  -0.0119047592  -0.1712911468  -0.0134653239  -0.0017290497
        0.4908194568   0.0119941439   0.0125933698  -0.0643070635   0.0146770762
        0.0044126391  -0.0035809117  -0.0005111686  -0.0005906019   0.0012974037
       -0.0084047917   0.0023090503  -0.0146641982  -0.0087965963  -0.0051696100
       -0.0242893557  -0.0183050076   0.0748905932  -0.0737437182   0.0880658613
       -0.0691236286  -0.1379962294   0.0109886118   0.0095283080  -0.0018312739
       -0.0218478973  -0.0140435750   0.0012822414   0.0021743601  -0.0011727361
       -0.0016952046
       -0.0192469518  -0.0107049403  -0.0046177342  -0.1516066529  -0.0580152303
        0.0119941439   0.3865230512   0.0342859925   0.0742744841  -0.0595244605
        0.0213899454   0.0258777357  -0.0015458756  -0.0006514797  -0.0032309142
        0.0004229302  -0.0002870545   0.0005811653   0.0009066492   0.0004935539
        0.0011697126   0.0023980484  -0.0003212652   0.0008164782  -0.0219512587
       -0.0097009294   0.0069372155  -0.0464818358   0.0358820794  -0.0248139240
       -0.0790682374  -0.0194289452  -0.0974332283  -0.0108254062   0.0070582734
        0.0084448655
       -0.0068437346  -0.0031978676  -0.0024987579  -0.0634423616  -0.1052265629
        0.0125933698   0.0342859925   0.4457800415  -0.0472282391   0.0372710067
       -0.0678384641  -0.0396748203  -0.0004841173   0.0004036668  -0.0008723781
        0.0012126560   0.0008416655   0.0004800691   0.0001184246  -0.0001121715
       -0.0000245436  -0.0248249390  -0.0204092028   0.0061266020   0.0086852260
        0.0059136987  -0.0019125296   0.0391294538  -0.2151894535   0.0948146761
       -0.0168099721  -0.0475799878  -0.0292067860  -0.0082976349   0.0066146377
        0.0074033378
       -0.0218637940  -0.0133038727   0.0007979998   0.0091822320   0.0098345577
       -0.0643070635   0.0742744841  -0.0472282391   0.4508193703   0.0339650912
       -0.0326694991  -0.0559169095  -0.0037346874  -0.0012478584  -0.0043719254
       -0.0005388750  -0.0005602790   0.0005836590  -0.0002118630  -0.0006003288
        0.0003594048   0.0101845776   0.0079134584  -0.0018439613   0.0175296287
        0.0085895416  -0.0040596207  -0.0277176133   0.1009540816  -0.0931849720
       -0.0911774187  -0.0326162382  -0.2287451283   0.0001082379   0.0009346760
       -0.0001308532
       -0.0003400944   0.0003614247   0.0006767693  -0.0222216736   0.0080754878
        0.0146770762  -0.0595244605   0.0372710067   0.0339650912   0.2061207376
        0.0554257317  -0.0465567627   0.0002033070  -0.0000689425   0.0000656615
       -0.0000567482   0.0003244899   0.0000365988  -0.0010059516  -0.0008106146
       -0.0012831945   0.0008717611  -0.0004614001   0.0000635188  -0.0041115231
       -0.0026788967   0.0007210933  -0.0098216975   0.0109672466   0.0079426063
       -0.0001420738   0.0015750183   0.0046098753  -0.1099715829  -0.1099805516
       -0.0149183336
       -0.0005607447   0.0003989090   0.0007459269  -0.0031815741   0.0074295557
        0.0044126391   0.0213899454  -0.0678384641  -0.0326694991   0.0554257317
        0.2011229131   0.0768614006  -0.0001095805  -0.0001718986  -0.0002572910
        0.0000425289  -0.0002458809  -0.0001546344  -0.0004815577   0.0001417172
       -0.0000093591  -0.0008053945   0.0008525658   0.0007609870  -0.0029087945
       -0.0006559999   0.0007241523   0.0178189331  -0.0152979029  -0.0141601953
        0.0073425466  -0.0056828898  -0.0099642872  -0.0939720399  -0.1200526244
       -0.0262898398
       -0.0012507877   0.0001361778   0.0009463537   0.0091038322  -0.0003450811
       -0.0035809117   0.0258777357  -0.0396748203  -0.0559169095  -0.0465567627
        0.0768614006   0.0809915009  -0.0002610313  -0.0001607489  -0.0001523810
        0.0003128981  -0.0003184880  -0.0000970785  -0.0003011337   0.0003116193
        0.0003959845  -0.0005488360   0.0003626026   0.0001449063   0.0006743973
        0.0008187583   0.0003908497   0.0015584670  -0.0025008407   0.0027174630
        0.0176051872  -0.0160604143  -0.0171550479  -0.0062139661  -0.0194301653
       -0.0086847296
       -0.2083752616  -0.1084395664   0.0312137771  -0.0155427635  -0.0095888589
       -0.0005111686  -0.0015458756  -0.0004841173  -0.0037346874   0.0002033070
       -0.0001095805  -0.0002610313   0.2405037540   0.1271357275  -0.0337140427
        0.0053543088   0.0024782012  -0.0003114243  -0.0205514514  -0.0109783763
        0.0067440071  -0.0000441405   0.0000913283   0.0003561887   0.0006242682
        0.0000099105   0.0003363126   0.0001040358   0.0003876349  -0.0001024018
       -0.0009113457  -0.0005547866  -0.0000010283   0.0001811646   0.0000524836
       -0.0000145013
       -0.1082802966  -0.1166024650   0.0202797821  -0.0047970948  -0.0026283044
       -0.0005906019  -0.0006514797   0.0004036668  -0.0012478584  -0.0000689425
       -0.0001718986  -0.0001607489   0.1271357275   0.1314595374  -0.0231095927
       -0.0254603622  -0.0209921711   0.0072558859   0.0118168563   0.0077767499
       -0.0026154538   0.0004631544   0.0005209685   0.0002038017  -0.0000743610
       -0.0001843240   0.0000343794   0.0001983942   0.0003077346  -0.0000581541
       -0.0003456056   0.0000134066  -0.0000823000   0.0000640101   0.0000970992
        0.0000908607
        0.0317242334   0.0207541225  -0.0478950045  -0.0228235950  -0.0143249897
        0.0012974037  -0.0032309142  -0.0008723781  -0.0043719254   0.0000656615
       -0.0002572910  -0.0001523810  -0.0337140427  -0.0231095927   0.0560639921
        0.0097432195   0.0077535277  -0.0017865052   0.0196767190   0.0110967642
       -0.0043950302  -0.0000381341  -0.0003137373   0.0006752710  -0.0002586019
       -0.0001493799   0.0006644577   0.0000535207   0.0000751304  -0.0001925648
       -0.0012532249  -0.0008279725  -0.0000183805   0.0000551585   0.0001757963
        0.0001106671
       -0.0604717245   0.0550077882  -0.0209824833  -0.0055094223   0.0136063682
       -0.0084047917   0.0004229302   0.0012126560  -0.0005388750  -0.0000567482
        0.0000425289   0.0003128981   0.0053543088  -0.0254603622   0.0097432195
        0.0670946162  -0.0638426818   0.0277901604  -0.0060159122   0.0206594406
       -0.0052649849  -0.0011157480  -0.0002307665  -0.0033601843   0.0004433111
       -0.0002314171   0.0006939907  -0.0003424170  -0.0006082270  -0.0001220275
        0.0002297450  -0.0001202835   0.0002370297  -0.0000329393  -0.0000350439
       -0.0001039517
        0.0547441544  -0.2366999115   0.0772895596   0.0010199861   0.0011959325
        0.0023090503  -0.0002870545   0.0008416655  -0.0005602790   0.0003244899
       -0.0002458809  -0.0003184880   0.0024782012  -0.0209921711   0.0077535277
       -0.0638426818   0.2720519045  -0.0906584861   0.0063060210  -0.0182756500
        0.0043403620  -0.0004189541   0.0011545846  -0.0000039378  -0.0003433334
        0.0005779453  -0.0001023234   0.0001965086   0.0003063221  -0.0000221391
       -0.0002010314   0.0000349467  -0.0001033595   0.0000236940   0.0000503122
        0.0000765134
       -0.0206525351   0.0769033105  -0.0744101070  -0.0100591071   0.0248965610
       -0.0146641982   0.0005811653   0.0004800691   0.0005836590   0.0000365988
       -0.0001546344  -0.0000970785  -0.0003114243   0.0072558859  -0.0017865052
        0.0277901604  -0.0906584861   0.0876821442   0.0058237428  -0.0188531477
        0.0069703505  -0.0035221719  -0.0002095275  -0.0053651715   0.0001402096
        0.0007245692   0.0006039853  -0.0002886811  -0.0004612693   0.0002845059
        0.0003836883   0.0000165421   0.0001597171   0.0000783542   0.0000601272
        0.0000386982
       -0.1279242517   0.0670749847   0.0945545210   0.0082392864  -0.0064460490
       -0.0087965963   0.0009066492   0.0001184246  -0.0002118630  -0.0010059516
       -0.0004815577  -0.0003011337  -0.0205514514   0.0118168563   0.0196767190
       -0.0060159122   0.0063060210   0.0058237428   0.1464510903  -0.0773281689
       -0.1076079143   0.0004485677  -0.0003435803   0.0001086456  -0.0004792748
       -0.0009990129  -0.0032251677  -0.0000828266  -0.0000141400   0.0000401101
       -0.0001079408   0.0001765912   0.0001372574   0.0001220155   0.0001196309
       -0.0001983210
        0.0669504126  -0.0987268517  -0.0739245980   0.0014490426  -0.0020515554
       -0.0051696100   0.0004935539  -0.0001121715  -0.0006003288  -0.0008106146
        0.0001417172   0.0003116193  -0.0109783763   0.0077767499   0.0110967642
        0.0206594406  -0.0182756500  -0.0188531477  -0.0773281689   0.1101177048
        0.0872773078  -0.0001767168   0.0004605300   0.0007029173  -0.0005982168
        0.0008473785  -0.0009608336   0.0001059848  -0.0002656030  -0.0001370315
        0.0001694232  -0.0000271587   0.0001648769   0.0000642357   0.0001149100
        0.0000920640
        0.0943532815  -0.0738869384  -0.1474832511   0.0135868960  -0.0144520753
       -0.0242893557   0.0011697126  -0.0000245436   0.0003594048  -0.0012831945
       -0.0000093591   0.0003959845   0.0067440071  -0.0026154538  -0.0043950302
       -0.0052649849   0.0043403620   0.0069703505  -0.1076079143   0.0872773078
        0.1732038792   0.0006470795  -0.0002188482   0.0005190835  -0.0030452855
       -0.0010299257  -0.0056499646   0.0000244009  -0.0000787392  -0.0000837371
        0.0003339362   0.0002199606   0.0002221370   0.0003420655   0.0004782529
        0.0002304993
       -0.0049296929   0.0130511770  -0.0088576391  -0.0561281095   0.0513008597
       -0.0183050076   0.0023980484  -0.0248249390   0.0101845776   0.0008717611
       -0.0008053945  -0.0005488360  -0.0000441405   0.0004631544  -0.0000381341
       -0.0011157480  -0.0004189541  -0.0035221719   0.0004485677  -0.0001767168
        0.0006470795   0.0673157067  -0.0548285942   0.0239782277  -0.0054458942
        0.0199539599  -0.0048428077  -0.0041029140  -0.0039030658   0.0009420364
        0.0004954524  -0.0000698146   0.0003566665   0.0002369629   0.0002583281
        0.0000060088
        0.0008874657   0.0011861274   0.0013892449   0.0505500148  -0.2314593829
        0.0748905932  -0.0003212652  -0.0204092028   0.0079134584  -0.0004614001
        0.0008525658   0.0003626026   0.0000913283   0.0005209685  -0.0003137373
       -0.0002307665   0.0011545846  -0.0002095275  -0.0003435803   0.0004605300
       -0.0002188482  -0.0548285942   0.2679074870  -0.0878304593   0.0072952539
       -0.0185938948   0.0040796636  -0.0035674727  -0.0018629774   0.0002427981
        0.0003968196  -0.0000136593  -0.0001492220   0.0005321968   0.0002568540
       -0.0001565667
       -0.0098234586   0.0238082039  -0.0143230798  -0.0183118808   0.0743266969
       -0.0737437182   0.0008164782   0.0061266020  -0.0018439613   0.0000635188
        0.0007609870   0.0001449063   0.0003561887   0.0002038017   0.0006752710
       -0.0033601843  -0.0000039378  -0.0053651715   0.0001086456   0.0007029173
        0.0005190835   0.0239782277  -0.0878304593   0.0868112979   0.0057743787
       -0.0183352282   0.0064582843   0.0007636328   0.0011534044   0.0005391170
       -0.0001080110  -0.0004504486   0.0002230995  -0.0002575358  -0.0004625393
       -0.0000951287
        0.0074708586  -0.0061588353  -0.0095006087  -0.1198912959   0.0655762178
        0.0880658613  -0.0219512587   0.0086852260   0.0175296287  -0.0041115231
       -0.0029087945   0.0006743973   0.0006242682  -0.0000743610  -0.0002586019
        0.0004433111  -0.0003433334   0.0001402096  -0.0004792748  -0.0005982168
       -0.0030452855  -0.0054458942   0.0072952539   0.0057743787   0.1435518142
       -0.0729207148  -0.1003252083   0.0004821266   0.0002710568  -0.0000635467
        0.0001402848   0.0005133252   0.0001397405  -0.0008334167   0.0006631761
        0.0008690348
        0.0016782835  -0.0016830181  -0.0050944448   0.0651912548  -0.0966692733
       -0.0691236286  -0.0097009294   0.0059136987   0.0085895416  -0.0026788967
       -0.0006559999   0.0008187583   0.0000099105  -0.0001843240  -0.0001493799
       -0.0002314171   0.0005779453   0.0007245692  -0.0009990129   0.0008473785
       -0.0010299257   0.0199539599  -0.0185938948  -0.0183352282  -0.0729207148
        0.1091462800   0.0827195304  -0.0001386474   0.0002667201   0.0001577624
        0.0000966789   0.0005240252   0.0004027499  -0.0002604694   0.0005104622
        0.0003196954
        0.0129122183  -0.0147649729  -0.0242621749   0.0874374217  -0.0697170214
       -0.1379962294   0.0069372155  -0.0019125296  -0.0040596207   0.0007210933
        0.0007241523   0.0003908497   0.0003363126   0.0000343794   0.0006644577
        0.0006939907  -0.0001023234   0.0006039853  -0.0032251677  -0.0009608336
       -0.0056499646  -0.0048428077   0.0040796636   0.0064582843  -0.1003252083
        0.0827195304   0.1633592659  -0.0001345797   0.0000380288  -0.0000957777
       -0.0006116116   0.0000121558   0.0006698004   0.0001011230  -0.0001502295
       -0.0000828761
        0.0009854061  -0.0004137509   0.0010033096   0.0026814506  -0.0229279757
        0.0109886118  -0.0464818358   0.0391294538  -0.0277176133  -0.0098216975
        0.0178189331   0.0015584670   0.0001040358   0.0001983942   0.0000535207
       -0.0003424170   0.0001965086  -0.0002886811  -0.0000828266   0.0001059848
        0.0000244009  -0.0041029140  -0.0035674727   0.0007636328   0.0004821266
       -0.0001386474  -0.0001345797   0.0587654332  -0.0417808000   0.0236793989
       -0.0021926087   0.0114421007  -0.0098713432   0.0000058472  -0.0000627285
       -0.0000591244
        0.0010273251   0.0007332332   0.0001013427  -0.0013131221  -0.0182876315
        0.0095283080   0.0358820794  -0.2151894535   0.1009540816   0.0109672466
       -0.0152979029  -0.0025008407   0.0003876349   0.0003077346   0.0000751304
       -0.0006082270   0.0003063221  -0.0004612693  -0.0000141400  -0.0002656030
       -0.0000787392  -0.0039030658  -0.0018629774   0.0011534044   0.0002710568
        0.0002667201   0.0000380288  -0.0417808000   0.2456842283  -0.1101058241
       -0.0003731048   0.0026893736   0.0013522749  -0.0005428829   0.0009159563
       -0.0000558976
       -0.0002841726  -0.0011555309   0.0006972044   0.0007467187   0.0056826516
       -0.0018312739  -0.0248139240   0.0948146761  -0.0931849720   0.0079426063
       -0.0141601953   0.0027174630  -0.0001024018  -0.0000581541  -0.0001925648
       -0.0001220275  -0.0000221391   0.0002845059   0.0000401101  -0.0001370315
       -0.0000837371   0.0009420364   0.0002427981   0.0005391170  -0.0000635467
        0.0001577624  -0.0000957777   0.0236793989  -0.1101058241   0.1079147818
       -0.0074760483   0.0246594585  -0.0168794681  -0.0004887496   0.0000815283
        0.0001147214
       -0.0044499939  -0.0035362543   0.0007298838  -0.0148166347  -0.0062670156
       -0.0218478973  -0.0790682374  -0.0168099721  -0.0911774187  -0.0001420738
        0.0073425466   0.0176051872  -0.0009113457  -0.0003456056  -0.0012532249
        0.0002297450  -0.0002010314   0.0003836883  -0.0001079408   0.0001694232
        0.0003339362   0.0004954524   0.0003968196  -0.0001080110   0.0001402848
        0.0000966789  -0.0006116116  -0.0021926087  -0.0003731048  -0.0074760483
        0.1004974593   0.0194356034   0.1031681829   0.0003258935   0.0000919122
        0.0002533333
       -0.0031745644  -0.0013571927   0.0004737742  -0.0094340521  -0.0031637325
       -0.0140435750  -0.0194289452  -0.0475799878  -0.0326162382   0.0015750183
       -0.0056828898  -0.0160604143  -0.0005547866   0.0000134066  -0.0008279725
       -0.0001202835   0.0000349467   0.0000165421   0.0001765912  -0.0000271587
        0.0002199606  -0.0000698146  -0.0000136593  -0.0004504486   0.0005133252
        0.0005240252   0.0000121558   0.0114421007   0.0026893736   0.0246594585
        0.0194356034   0.0541984089   0.0376280952  -0.0003601924   0.0003644598
        0.0009886622
       -0.0004609435  -0.0002169678   0.0008563784  -0.0009676426  -0.0001793972
        0.0012822414  -0.0974332283  -0.0292067860  -0.2287451283   0.0046098753
       -0.0099642872  -0.0171550479  -0.0000010283  -0.0000823000  -0.0000183805
        0.0002370297  -0.0001033595   0.0001597171   0.0001372574   0.0001648769
        0.0002221370   0.0003566665  -0.0001492220   0.0002230995   0.0001397405
        0.0004027499   0.0006698004  -0.0098713432   0.0013522749  -0.0168794681
        0.1031681829   0.0376280952   0.2585627608   0.0000854334   0.0003543227
        0.0008218902
        0.0000484702   0.0000819572   0.0001825749  -0.0027493208   0.0021390700
        0.0021743601  -0.0108254062  -0.0082976349   0.0001082379  -0.1099715829
       -0.0939720399  -0.0062139661   0.0001811646   0.0000640101   0.0000551585
       -0.0000329393   0.0000236940   0.0000783542   0.0001220155   0.0000642357
        0.0003420655   0.0002369629   0.0005321968  -0.0002575358  -0.0008334167
       -0.0002604694   0.0001011230   0.0000058472  -0.0005428829  -0.0004887496
        0.0003258935  -0.0003601924   0.0000854334   0.1234923120   0.1005280556
        0.0038329441
        0.0000191429  -0.0000561474  -0.0002616094   0.0012873212  -0.0010237857
       -0.0011727361   0.0070582734   0.0066146377   0.0009346760  -0.1099805516
       -0.1200526244  -0.0194301653   0.0000524836   0.0000970992   0.0001757963
       -0.0000350439   0.0000503122   0.0000601272   0.0001196309   0.0001149100
        0.0004782529   0.0002583281   0.0002568540  -0.0004625393   0.0006631761
        0.0005104622  -0.0001502295  -0.0000627285   0.0009159563   0.0000815283
        0.0000919122   0.0003644598   0.0003543227   0.1005280556   0.1122078661
        0.0193925762
       -0.0000597549  -0.0001584927  -0.0004203955   0.0019478005  -0.0017029129
       -0.0016952046   0.0084448655   0.0074033378  -0.0001308532  -0.0149183336
       -0.0262898398  -0.0086847296  -0.0000145013   0.0000908607   0.0001106671
       -0.0001039517   0.0000765134   0.0000386982  -0.0001983210   0.0000920640
        0.0002304993   0.0000060088  -0.0001565667  -0.0000951287   0.0008690348
        0.0003196954  -0.0000828761  -0.0000591244  -0.0000558976   0.0001147214
        0.0002533333   0.0009886622   0.0008218902   0.0038329441   0.0193925762
        0.0097927117
