$hessian                                                                        
        0.0000766596  -0.0000001937  -0.0000011379  -0.0000056548   0.0000000808
       -0.0000003425  -0.0000058432   0.0000000610   0.0000002514  -0.0000060337
        0.0000001173   0.0000004281  -0.0000057811  -0.0000000060   0.0000005443
       -0.0000059138   0.0000000757   0.0000010897  -0.0000068617  -0.0000003030
       -0.0000009881  -0.0000060140  -0.0000002874  -0.0000016666  -0.0000060176
       -0.0000002083  -0.0000013631  -0.0000056999   0.0000000819   0.0000000447
       -0.0000050203   0.0000003241  -0.0000005476  -0.0000059144   0.0000000778
        0.0000013509  -0.0000055966   0.0000000509   0.0000012382  -0.0000063085
        0.0000001288   0.0000010986
       -0.0000001937   0.0000702433  -0.0000003366  -0.0000010509  -0.0000076136
        0.0000007933   0.0000007724  -0.0000050666  -0.0000003866   0.0000036472
       -0.0000055436  -0.0000024047  -0.0000012553  -0.0000020943   0.0000010964
        0.0000002149   0.0000006686   0.0000001354  -0.0000013802  -0.0000141871
        0.0000003754  -0.0000012761  -0.0000144131   0.0000002884   0.0000027587
       -0.0000128740  -0.0000025382  -0.0000038726  -0.0000071831   0.0000030998
       -0.0000000787  -0.0000060145   0.0000001425  -0.0000018834   0.0000026522
        0.0000016894   0.0000023502   0.0000026326  -0.0000012677   0.0000012473
       -0.0000012067  -0.0000006867
       -0.0000011379  -0.0000003366   0.0000707687   0.0000013853   0.0000002322
       -0.0000084551   0.0000003133   0.0000000830  -0.0000052366  -0.0000007763
       -0.0000000031  -0.0000052248   0.0000007490   0.0000000905  -0.0000023431
       -0.0000000766   0.0000000930   0.0000008607  -0.0000041561  -0.0000007831
       -0.0000114522  -0.0000001429  -0.0000003198  -0.0000145737  -0.0000009560
       -0.0000003433  -0.0000128616   0.0000012300   0.0000001974  -0.0000072810
        0.0000043791   0.0000008433  -0.0000092129   0.0000000681   0.0000001355
        0.0000029876   0.0000018448   0.0000002654   0.0000012967  -0.0000027238
       -0.0000001544   0.0000007271
       -0.0000056548  -0.0000010509   0.0000013853   0.0000763621  -0.0000006710
        0.0000005056  -0.0000058472   0.0000000718  -0.0000001682  -0.0000050065
        0.0000001288  -0.0000001358  -0.0000063497   0.0000006623  -0.0000008131
       -0.0000058577   0.0000013403  -0.0000014784  -0.0000051154  -0.0000007790
        0.0000012005  -0.0000061015  -0.0000015501   0.0000019365  -0.0000051472
       -0.0000010929   0.0000016773  -0.0000070230  -0.0000005674   0.0000001068
       -0.0000070318  -0.0000010395   0.0000007262  -0.0000063070   0.0000017240
       -0.0000019829  -0.0000058588   0.0000013878  -0.0000015409  -0.0000050615
        0.0000014357  -0.0000014189
        0.0000000808  -0.0000076136   0.0000002322  -0.0000006710   0.0000739382
       -0.0000013037   0.0000003631  -0.0000060364   0.0000006413   0.0000019694
       -0.0000049336   0.0000037378  -0.0000007327  -0.0000048970  -0.0000015185
        0.0000000787  -0.0000023823   0.0000000765  -0.0000000516  -0.0000043457
       -0.0000008155  -0.0000005514  -0.0000097972  -0.0000008397   0.0000013797
       -0.0000077073   0.0000035298  -0.0000020998  -0.0000085689  -0.0000047227
       -0.0000005607  -0.0000124179  -0.0000003729  -0.0000009990  -0.0000015363
       -0.0000022121   0.0000011045  -0.0000040944   0.0000022519   0.0000006902
        0.0000003924   0.0000013157
       -0.0000003425   0.0000007933  -0.0000084551   0.0000005056  -0.0000013037
        0.0000744849   0.0000001534  -0.0000002681  -0.0000053270  -0.0000001138
        0.0000005016  -0.0000031617   0.0000002164  -0.0000003795  -0.0000053039
       -0.0000000876   0.0000003017  -0.0000025296  -0.0000012681   0.0000031229
       -0.0000090509   0.0000000292   0.0000000401  -0.0000102921  -0.0000004733
        0.0000007986  -0.0000060405   0.0000003622  -0.0000011599  -0.0000108603
        0.0000015369  -0.0000039040  -0.0000079136  -0.0000000955   0.0000002455
       -0.0000031761   0.0000009208  -0.0000010800  -0.0000006511  -0.0000013438
        0.0000022916  -0.0000017230
       -0.0000058432   0.0000007724   0.0000003133  -0.0000058472   0.0000003631
        0.0000001534   0.0000767916  -0.0000000788  -0.0000000330  -0.0000064040
       -0.0000001092  -0.0000000501  -0.0000057703  -0.0000004429  -0.0000001813
       -0.0000059285  -0.0000008822  -0.0000003623  -0.0000055801   0.0000007110
        0.0000002758  -0.0000057327   0.0000010985   0.0000004477  -0.0000062153
        0.0000008095   0.0000003359  -0.0000054828   0.0000002963   0.0000001261
       -0.0000060894   0.0000004395   0.0000001971  -0.0000056452  -0.0000011316
       -0.0000004635  -0.0000063104  -0.0000009663  -0.0000004053  -0.0000059425
       -0.0000008794  -0.0000003537
        0.0000000610  -0.0000050666   0.0000000830   0.0000000718  -0.0000060364
       -0.0000002681  -0.0000000788   0.0000767197   0.0000000781  -0.0000003178
       -0.0000060348   0.0000006403   0.0000000985  -0.0000063119  -0.0000003059
       -0.0000000298  -0.0000064755   0.0000000176   0.0000002804  -0.0000044942
       -0.0000001496   0.0000001513  -0.0000049606  -0.0000001039  -0.0000002761
       -0.0000050135   0.0000007727   0.0000003316  -0.0000061197  -0.0000010278
       -0.0000001001  -0.0000066678  -0.0000000067   0.0000001657  -0.0000066211
       -0.0000004062  -0.0000002197  -0.0000069400   0.0000003840  -0.0000001382
       -0.0000059776   0.0000002926
        0.0000002514  -0.0000003866  -0.0000052366  -0.0000001682   0.0000006413
       -0.0000053270  -0.0000000330   0.0000000781   0.0000759820   0.0000001655
       -0.0000007469  -0.0000093030  -0.0000001261   0.0000005864  -0.0000050629
       -0.0000000571  -0.0000000863  -0.0000062213   0.0000009132  -0.0000019492
       -0.0000048205   0.0000001568   0.0000004343  -0.0000040410  -0.0000000831
       -0.0000003795  -0.0000067534  -0.0000001583   0.0000005911  -0.0000041575
       -0.0000006907   0.0000018935  -0.0000055439  -0.0000000714   0.0000000614
       -0.0000046744  -0.0000000691   0.0000013122  -0.0000077776  -0.0000000299
       -0.0000020497  -0.0000070630
       -0.0000060337   0.0000036472  -0.0000007763  -0.0000050065   0.0000019694
       -0.0000001138  -0.0000064040  -0.0000003178   0.0000001655   0.0000742681
       -0.0000004542   0.0000001589  -0.0000049148  -0.0000022052   0.0000004065
       -0.0000060141  -0.0000043724   0.0000006728  -0.0000059512   0.0000031105
       -0.0000006563  -0.0000051320   0.0000052354  -0.0000010872  -0.0000077622
        0.0000038156  -0.0000010860  -0.0000032097   0.0000016358   0.0000003576
       -0.0000050275   0.0000027135  -0.0000002726  -0.0000045818  -0.0000056228
        0.0000009282  -0.0000072030  -0.0000047289   0.0000006545  -0.0000070277
       -0.0000044262   0.0000006483
        0.0000001173  -0.0000055436  -0.0000000031   0.0000001288  -0.0000049336
        0.0000005016  -0.0000001092  -0.0000060348  -0.0000007469  -0.0000004542
        0.0000757600  -0.0000030060   0.0000001458  -0.0000057022   0.0000010638
       -0.0000000713  -0.0000067876   0.0000002395   0.0000005038  -0.0000072800
        0.0000004756   0.0000002830  -0.0000043264   0.0000008180  -0.0000005030
       -0.0000054463  -0.0000016696   0.0000004958  -0.0000052242   0.0000019257
       -0.0000001314  -0.0000033641   0.0000003038   0.0000002196  -0.0000067590
        0.0000018872  -0.0000002120  -0.0000055921  -0.0000013352  -0.0000004131
       -0.0000087660  -0.0000004544
        0.0000004281  -0.0000024047  -0.0000052248  -0.0000001358   0.0000037378
       -0.0000031617  -0.0000000501   0.0000006403  -0.0000093030   0.0000001589
       -0.0000030060   0.0000628462  -0.0000001399   0.0000024557  -0.0000010913
       -0.0000001629  -0.0000005642  -0.0000057244   0.0000015674  -0.0000104977
       -0.0000027398   0.0000004088   0.0000011877  -0.0000009309  -0.0000004673
       -0.0000024045  -0.0000134941  -0.0000000611   0.0000034345   0.0000042667
       -0.0000009198   0.0000111408  -0.0000049231  -0.0000001076  -0.0000000004
        0.0000017706   0.0000001011   0.0000058299  -0.0000127028  -0.0000006198
       -0.0000095492  -0.0000095876
       -0.0000057811  -0.0000012553   0.0000007490  -0.0000063497  -0.0000007327
        0.0000002164  -0.0000057703   0.0000000985  -0.0000001261  -0.0000049148
        0.0000001458  -0.0000001399   0.0000765049   0.0000007831  -0.0000004084
       -0.0000058780   0.0000015492  -0.0000007388  -0.0000055622  -0.0000010145
        0.0000006492  -0.0000061776  -0.0000018130   0.0000010578  -0.0000051937
       -0.0000013148   0.0000009407  -0.0000069802  -0.0000006136  -0.0000000734
       -0.0000065796  -0.0000010730   0.0000003452  -0.0000063963   0.0000019947
       -0.0000009818  -0.0000055988   0.0000016660  -0.0000007709  -0.0000053226
        0.0000015796  -0.0000007190
       -0.0000000060  -0.0000020943   0.0000000905   0.0000006623  -0.0000048970
       -0.0000003795  -0.0000004429  -0.0000063119   0.0000005864  -0.0000022052
       -0.0000057022   0.0000024557   0.0000007831   0.0000744592  -0.0000009570
       -0.0000000826  -0.0000097951  -0.0000002851   0.0000003789  -0.0000009379
       -0.0000003444   0.0000006401  -0.0000013321  -0.0000005672  -0.0000015062
       -0.0000019638   0.0000015244   0.0000023184  -0.0000050794  -0.0000016538
        0.0000003035  -0.0000058443  -0.0000001042   0.0000011456  -0.0000110674
       -0.0000016732  -0.0000014251  -0.0000112649   0.0000009487  -0.0000005638
       -0.0000081688   0.0000003587
        0.0000005443   0.0000010964  -0.0000023431  -0.0000008131  -0.0000015185
       -0.0000053039  -0.0000001813  -0.0000003059  -0.0000050629   0.0000004065
        0.0000010638  -0.0000010913  -0.0000004084  -0.0000009570   0.0000728784
        0.0000001145   0.0000001581  -0.0000102586   0.0000019832   0.0000043359
       -0.0000036415  -0.0000000661  -0.0000002278  -0.0000023857   0.0000007807
        0.0000011092   0.0000011749  -0.0000007433  -0.0000014151  -0.0000087281
       -0.0000023763  -0.0000045776  -0.0000041711   0.0000000098  -0.0000000578
       -0.0000143751  -0.0000012001  -0.0000023311  -0.0000079695   0.0000019497
        0.0000036273  -0.0000087226
       -0.0000059138   0.0000002149  -0.0000000766  -0.0000058577   0.0000000787
       -0.0000000876  -0.0000059285  -0.0000000298  -0.0000000571  -0.0000060141
       -0.0000000713  -0.0000001629  -0.0000058780  -0.0000000826   0.0000001145
        0.0000768969  -0.0000002226   0.0000001658  -0.0000058695   0.0000001898
       -0.0000000639  -0.0000058692   0.0000003354  -0.0000000688  -0.0000060571
        0.0000002238  -0.0000000845  -0.0000057578   0.0000000641  -0.0000001264
       -0.0000058763   0.0000000622  -0.0000000863  -0.0000058780  -0.0000002771
        0.0000002754  -0.0000059515  -0.0000001909   0.0000001281  -0.0000060456
       -0.0000002946   0.0000001303
        0.0000000757   0.0000006686   0.0000000930   0.0000013403  -0.0000023823
        0.0000003017  -0.0000008822  -0.0000064755  -0.0000000863  -0.0000043724
       -0.0000067876  -0.0000005642   0.0000015492  -0.0000097951   0.0000001581
       -0.0000002226   0.0000690414  -0.0000001988   0.0000010713  -0.0000003483
        0.0000002712   0.0000014063   0.0000036332   0.0000003152  -0.0000032001
        0.0000009470  -0.0000004714   0.0000046484  -0.0000029291   0.0000009105
        0.0000005144  -0.0000011562   0.0000001176   0.0000022458  -0.0000160492
        0.0000001059  -0.0000027006  -0.0000141983  -0.0000005371  -0.0000014734
       -0.0000141685  -0.0000004154
        0.0000010897   0.0000001354   0.0000008607  -0.0000014784   0.0000000765
       -0.0000025296  -0.0000003623   0.0000000176  -0.0000062213   0.0000006728
        0.0000002395  -0.0000057244  -0.0000007388  -0.0000002851  -0.0000102586
        0.0000001658  -0.0000001988   0.0000687829   0.0000039912   0.0000003243
        0.0000003250   0.0000000060  -0.0000000312   0.0000034235   0.0000012376
        0.0000001351   0.0000012941  -0.0000012572   0.0000000565  -0.0000030153
       -0.0000045193   0.0000001167  -0.0000019113   0.0000000463  -0.0000003088
       -0.0000167992  -0.0000022242  -0.0000005687  -0.0000144397   0.0000033708
        0.0000002908  -0.0000137867
       -0.0000068617  -0.0000013802  -0.0000041561  -0.0000051154  -0.0000000516
       -0.0000012681  -0.0000055801   0.0000002804   0.0000009132  -0.0000059512
        0.0000005038   0.0000015674  -0.0000055622   0.0000003789   0.0000019832
       -0.0000058695   0.0000010713   0.0000039912   0.0000733901  -0.0000017065
       -0.0000036415  -0.0000063802  -0.0000020101  -0.0000060888  -0.0000059424
       -0.0000014549  -0.0000049273  -0.0000056333   0.0000000084   0.0000000986
       -0.0000027269   0.0000007350  -0.0000019874  -0.0000061016   0.0000013083
        0.0000049337  -0.0000044683   0.0000010362   0.0000045411  -0.0000071973
        0.0000012810   0.0000040406
       -0.0000003030  -0.0000141871  -0.0000007831  -0.0000007790  -0.0000043457
        0.0000031229   0.0000007110  -0.0000044942  -0.0000019492   0.0000031105
       -0.0000072800  -0.0000104977  -0.0000010145  -0.0000009379   0.0000043359
        0.0000001898  -0.0000003483   0.0000003243  -0.0000017065   0.0000610164
        0.0000019269  -0.0000011453  -0.0000135992   0.0000021056   0.0000023501
       -0.0000144549  -0.0000093562  -0.0000032782  -0.0000042324   0.0000118076
        0.0000004104   0.0000034422   0.0000008349  -0.0000016397   0.0000017800
        0.0000067161   0.0000022600   0.0000056821  -0.0000056060   0.0000008343
       -0.0000080410  -0.0000029820
       -0.0000009881   0.0000003754  -0.0000114522   0.0000012005  -0.0000008155
       -0.0000090509   0.0000002758  -0.0000001496  -0.0000048205  -0.0000006563
        0.0000004756  -0.0000027398   0.0000006492  -0.0000003444  -0.0000036415
       -0.0000000639   0.0000002712   0.0000003250  -0.0000036415   0.0000019269
        0.0000712779  -0.0000001091  -0.0000003014  -0.0000144815  -0.0000008187
        0.0000003819  -0.0000100732   0.0000010018  -0.0000007702  -0.0000101031
        0.0000038503  -0.0000022938  -0.0000091747   0.0000000455   0.0000002388
        0.0000007532   0.0000016942  -0.0000008966   0.0000021666  -0.0000024396
        0.0000019017   0.0000010146
       -0.0000060140  -0.0000012761  -0.0000001429  -0.0000061015  -0.0000005514
        0.0000000292  -0.0000057327   0.0000001513   0.0000001568  -0.0000051320
        0.0000002830   0.0000004088  -0.0000061776   0.0000006401  -0.0000000661
       -0.0000058692   0.0000014063   0.0000000060  -0.0000063802  -0.0000011453
       -0.0000001091   0.0000765872  -0.0000018839  -0.0000002966  -0.0000053199
       -0.0000013442  -0.0000001654  -0.0000066784  -0.0000004467   0.0000001422
       -0.0000058086  -0.0000006042  -0.0000000375  -0.0000063262   0.0000017823
       -0.0000001290  -0.0000054430   0.0000014333   0.0000001405  -0.0000056037
        0.0000015554   0.0000000632
       -0.0000002874  -0.0000144131  -0.0000003198  -0.0000015501  -0.0000097972
        0.0000000401   0.0000010985  -0.0000049606   0.0000004343   0.0000052354
       -0.0000043264   0.0000011877  -0.0000018130  -0.0000013321  -0.0000002278
        0.0000003354   0.0000036332  -0.0000000312  -0.0000020101  -0.0000135992
       -0.0000003014  -0.0000018839   0.0000645922  -0.0000007187   0.0000040647
       -0.0000148196  -0.0000002330  -0.0000055898  -0.0000090172   0.0000002312
       -0.0000001861  -0.0000105400  -0.0000001369  -0.0000026834   0.0000062360
       -0.0000004876   0.0000032536   0.0000042028   0.0000004392   0.0000020162
        0.0000041413   0.0000001239
       -0.0000016666   0.0000002884  -0.0000145737   0.0000019365  -0.0000008397
       -0.0000102921   0.0000004477  -0.0000001039  -0.0000040410  -0.0000010872
        0.0000008180  -0.0000009309   0.0000010578  -0.0000005672  -0.0000023857
       -0.0000000688   0.0000003152   0.0000034235  -0.0000060888   0.0000021056
       -0.0000144815  -0.0000002966  -0.0000007187   0.0000635768  -0.0000012013
        0.0000002854  -0.0000131592   0.0000016955  -0.0000008047  -0.0000109864
        0.0000062433  -0.0000022807  -0.0000107712   0.0000001081   0.0000002279
        0.0000041830   0.0000025291  -0.0000013205   0.0000060624  -0.0000036087
        0.0000025948   0.0000043760
       -0.0000060176   0.0000027587  -0.0000009560  -0.0000051472   0.0000013797
       -0.0000004733  -0.0000062153  -0.0000002761  -0.0000000831  -0.0000077622
       -0.0000005030  -0.0000004673  -0.0000051937  -0.0000015062   0.0000007807
       -0.0000060571  -0.0000032001   0.0000012376  -0.0000059424   0.0000023501
       -0.0000008187  -0.0000053199   0.0000040647  -0.0000012013   0.0000753676
        0.0000028810  -0.0000011944  -0.0000038098   0.0000011421  -0.0000002923
       -0.0000050966   0.0000017647  -0.0000005890  -0.0000050355  -0.0000040817
        0.0000018592  -0.0000066750  -0.0000032725   0.0000011067  -0.0000070951
       -0.0000035013   0.0000010911
       -0.0000002083  -0.0000128740  -0.0000003433  -0.0000010929  -0.0000077073
        0.0000007986   0.0000008095  -0.0000050135  -0.0000003795   0.0000038156
       -0.0000054463  -0.0000024045  -0.0000013148  -0.0000019638   0.0000011092
        0.0000002238   0.0000009470   0.0000001351  -0.0000014549  -0.0000144549
        0.0000003819  -0.0000013442  -0.0000148196   0.0000002854   0.0000028810
        0.0000696584  -0.0000025708  -0.0000040379  -0.0000072328   0.0000031434
       -0.0000000671  -0.0000061152   0.0000001156  -0.0000019700   0.0000029924
        0.0000016946   0.0000024438   0.0000029583  -0.0000012570   0.0000013164
       -0.0000009287  -0.0000007087
       -0.0000013631  -0.0000025382  -0.0000128616   0.0000016773   0.0000035298
       -0.0000060405   0.0000003359   0.0000007727  -0.0000067534  -0.0000010860
       -0.0000016696  -0.0000134941   0.0000009407   0.0000015244   0.0000011749
       -0.0000000845  -0.0000004714   0.0000012941  -0.0000049273  -0.0000093562
       -0.0000100732  -0.0000001654  -0.0000002330  -0.0000131592  -0.0000011944
       -0.0000025708   0.0000623622   0.0000016498   0.0000032055   0.0000020499
        0.0000051774   0.0000107480  -0.0000086237   0.0000001779  -0.0000001536
        0.0000085337   0.0000019807   0.0000040054  -0.0000029614  -0.0000031192
       -0.0000067929  -0.0000014478
       -0.0000056999  -0.0000038726   0.0000012300  -0.0000070230  -0.0000020998
        0.0000003622  -0.0000054828   0.0000003316  -0.0000001583  -0.0000032097
        0.0000004958  -0.0000000611  -0.0000069802   0.0000023184  -0.0000007433
       -0.0000057578   0.0000046484  -0.0000012572  -0.0000056333  -0.0000032782
        0.0000010018  -0.0000066784  -0.0000055898   0.0000016955  -0.0000038098
       -0.0000040379   0.0000016498   0.0000738559  -0.0000017553  -0.0000001718
       -0.0000071720  -0.0000028836   0.0000006193  -0.0000072318   0.0000059762
       -0.0000017565  -0.0000046827   0.0000049534  -0.0000012480  -0.0000044946
        0.0000047935  -0.0000011624
        0.0000000819  -0.0000071831   0.0000001974  -0.0000005674  -0.0000085689
       -0.0000011599   0.0000002963  -0.0000061197   0.0000005911   0.0000016358
       -0.0000052242   0.0000034345  -0.0000006136  -0.0000050794  -0.0000014151
        0.0000000641  -0.0000029291   0.0000000565   0.0000000084  -0.0000042324
       -0.0000007702  -0.0000004467  -0.0000090172  -0.0000008047   0.0000011421
       -0.0000072328   0.0000032055  -0.0000017553   0.0000744750  -0.0000042861
       -0.0000005024  -0.0000117327  -0.0000002461  -0.0000008276  -0.0000021726
       -0.0000020369   0.0000009094  -0.0000045523   0.0000019904   0.0000005750
       -0.0000004305   0.0000012437
        0.0000000447   0.0000030998  -0.0000072810   0.0000001068  -0.0000047227
       -0.0000108603   0.0000001261  -0.0000010278  -0.0000041575   0.0000003576
        0.0000019257   0.0000042667  -0.0000000734  -0.0000016538  -0.0000087281
       -0.0000001264   0.0000009105  -0.0000030153   0.0000000986   0.0000118076
       -0.0000101031   0.0000001422   0.0000002312  -0.0000109864  -0.0000002923
        0.0000031434   0.0000020499  -0.0000001718  -0.0000042861   0.0000622161
        0.0000002947  -0.0000141752  -0.0000084599  -0.0000002861   0.0000006412
       -0.0000085294   0.0000007762  -0.0000045629   0.0000033139  -0.0000009967
        0.0000086693   0.0000002746
       -0.0000050203  -0.0000000787   0.0000043791  -0.0000070318  -0.0000005607
        0.0000015369  -0.0000060894  -0.0000001001  -0.0000006907  -0.0000050275
       -0.0000001314  -0.0000009198  -0.0000065796   0.0000003035  -0.0000023763
       -0.0000058763   0.0000005144  -0.0000045193  -0.0000027269   0.0000004104
        0.0000038503  -0.0000058086  -0.0000001861   0.0000062433  -0.0000050966
       -0.0000000671   0.0000051774  -0.0000071720  -0.0000005024   0.0000002947
        0.0000735879  -0.0000013744   0.0000022200  -0.0000061469   0.0000006894
       -0.0000058600  -0.0000069553   0.0000004929  -0.0000048889  -0.0000040566
        0.0000005903  -0.0000044468
        0.0000003241  -0.0000060145   0.0000008433  -0.0000010395  -0.0000124179
       -0.0000039040   0.0000004395  -0.0000066678   0.0000018935   0.0000027135
       -0.0000033641   0.0000111408  -0.0000010730  -0.0000058443  -0.0000045776
        0.0000000622  -0.0000011562   0.0000001167   0.0000007350   0.0000034422
       -0.0000022938  -0.0000006042  -0.0000105400  -0.0000022807   0.0000017647
       -0.0000061152   0.0000107480  -0.0000028836  -0.0000117327  -0.0000141752
       -0.0000013744   0.0000603041  -0.0000011870  -0.0000013563  -0.0000003632
       -0.0000067731   0.0000013177  -0.0000067785   0.0000066975   0.0000009743
        0.0000072480   0.0000037516
       -0.0000005476   0.0000001425  -0.0000092129   0.0000007262  -0.0000003729
       -0.0000079136   0.0000001971  -0.0000000067  -0.0000055439  -0.0000002726
        0.0000003038  -0.0000049231   0.0000003452  -0.0000001042  -0.0000041711
       -0.0000000863   0.0000001176  -0.0000019113  -0.0000019874   0.0000008349
       -0.0000091747  -0.0000000375  -0.0000001369  -0.0000107712  -0.0000005890
        0.0000001156  -0.0000086237   0.0000006193  -0.0000002461  -0.0000084599
        0.0000022200  -0.0000011870   0.0000747401  -0.0000000557   0.0000000613
       -0.0000011953   0.0000010912  -0.0000002088  -0.0000010606  -0.0000016230
        0.0000006870  -0.0000017789
       -0.0000059144  -0.0000018834   0.0000000681  -0.0000063070  -0.0000009990
       -0.0000000955  -0.0000056452   0.0000001657  -0.0000000714  -0.0000045818
        0.0000002196  -0.0000001076  -0.0000063963   0.0000011456   0.0000000098
       -0.0000058780   0.0000022458   0.0000000463  -0.0000061016  -0.0000016397
        0.0000000455  -0.0000063262  -0.0000026834   0.0000001081  -0.0000050355
       -0.0000019700   0.0000001779  -0.0000072318  -0.0000008276  -0.0000002861
       -0.0000061469  -0.0000013563  -0.0000000557   0.0000762283   0.0000028911
        0.0000000613  -0.0000051517   0.0000024587   0.0000000628  -0.0000055119
        0.0000022328   0.0000000364
        0.0000000778   0.0000026522   0.0000001355   0.0000017240  -0.0000015363
        0.0000002455  -0.0000011316  -0.0000066211   0.0000000614  -0.0000056228
       -0.0000067590  -0.0000000004   0.0000019947  -0.0000110674  -0.0000000578
       -0.0000002771  -0.0000160492  -0.0000003088   0.0000013083   0.0000017800
        0.0000002388   0.0000017823   0.0000062360   0.0000002279  -0.0000040817
        0.0000029924  -0.0000001536   0.0000059762  -0.0000021726   0.0000006412
        0.0000006894  -0.0000003632   0.0000000613   0.0000028911   0.0000638178
       -0.0000003247  -0.0000034906  -0.0000168801  -0.0000003453  -0.0000018401
       -0.0000160293  -0.0000004209
        0.0000013509   0.0000016894   0.0000029876  -0.0000019829  -0.0000022121
       -0.0000031761  -0.0000004635  -0.0000004062  -0.0000046744   0.0000009282
        0.0000018872   0.0000017706  -0.0000009818  -0.0000016732  -0.0000143751
        0.0000002754   0.0000001059  -0.0000167992   0.0000049337   0.0000067161
        0.0000007532  -0.0000001290  -0.0000004876   0.0000041830   0.0000018592
        0.0000016946   0.0000085337  -0.0000017565  -0.0000020369  -0.0000085294
       -0.0000058600  -0.0000067731  -0.0000011953   0.0000000613  -0.0000003247
        0.0000582568  -0.0000029965  -0.0000039249  -0.0000134288   0.0000047613
        0.0000057455  -0.0000143065
       -0.0000055966   0.0000023502   0.0000018448  -0.0000058588   0.0000011045
        0.0000009208  -0.0000063104  -0.0000002197  -0.0000000691  -0.0000072030
       -0.0000002120   0.0000001011  -0.0000055988  -0.0000014251  -0.0000012001
       -0.0000059515  -0.0000027006  -0.0000022242  -0.0000044683   0.0000022600
        0.0000016942  -0.0000054430   0.0000032536   0.0000025291  -0.0000066750
        0.0000024438   0.0000019807  -0.0000046827   0.0000009094   0.0000007762
       -0.0000069553   0.0000013177   0.0000010912  -0.0000051517  -0.0000034906
       -0.0000029965   0.0000754078  -0.0000030657  -0.0000023084  -0.0000055129
       -0.0000025254  -0.0000021397
        0.0000000509   0.0000026326   0.0000002654   0.0000013878  -0.0000040944
       -0.0000010800  -0.0000009663  -0.0000069400   0.0000013122  -0.0000047289
       -0.0000055921   0.0000058299   0.0000016660  -0.0000112649  -0.0000023311
       -0.0000001909  -0.0000141983  -0.0000005687   0.0000010362   0.0000056821
       -0.0000008966   0.0000014333   0.0000042028  -0.0000013205  -0.0000032725
        0.0000029583   0.0000040054   0.0000049534  -0.0000045523  -0.0000045629
        0.0000004929  -0.0000067785  -0.0000002088   0.0000024587  -0.0000168801
       -0.0000039249  -0.0000030657   0.0000650949   0.0000023943  -0.0000012550
       -0.0000102703   0.0000010863
        0.0000012382  -0.0000012677   0.0000012967  -0.0000015409   0.0000022519
       -0.0000006511  -0.0000004053   0.0000003840  -0.0000077776   0.0000006545
       -0.0000013352  -0.0000127028  -0.0000007709   0.0000009487  -0.0000079695
        0.0000001281  -0.0000005371  -0.0000144397   0.0000045411  -0.0000056060
        0.0000021666   0.0000001405   0.0000004392   0.0000060624   0.0000011067
       -0.0000012570  -0.0000029614  -0.0000012480   0.0000019904   0.0000033139
       -0.0000048889   0.0000066975  -0.0000010606   0.0000000628  -0.0000003453
       -0.0000134288  -0.0000023084   0.0000023943   0.0000642900   0.0000032905
       -0.0000047577  -0.0000161382
       -0.0000063085   0.0000012473  -0.0000027238  -0.0000050615   0.0000006902
       -0.0000013438  -0.0000059425  -0.0000001382  -0.0000000299  -0.0000070277
       -0.0000004131  -0.0000006198  -0.0000053226  -0.0000005638   0.0000019497
       -0.0000060456  -0.0000014734   0.0000033708  -0.0000071973   0.0000008343
       -0.0000024396  -0.0000056037   0.0000020162  -0.0000036087  -0.0000070951
        0.0000013164  -0.0000031192  -0.0000044946   0.0000005750  -0.0000009967
       -0.0000040566   0.0000009743  -0.0000016230  -0.0000055119  -0.0000018401
        0.0000047613  -0.0000055129  -0.0000012550   0.0000032905   0.0000751804
       -0.0000019702   0.0000031322
        0.0000001288  -0.0000012067  -0.0000001544   0.0000014357   0.0000003924
        0.0000022916  -0.0000008794  -0.0000059776  -0.0000020497  -0.0000044262
       -0.0000087660  -0.0000095492   0.0000015796  -0.0000081688   0.0000036273
       -0.0000002946  -0.0000141685   0.0000002908   0.0000012810  -0.0000080410
        0.0000019017   0.0000015554   0.0000041413   0.0000025948  -0.0000035013
       -0.0000009287  -0.0000067929   0.0000047935  -0.0000004305   0.0000086693
        0.0000005903   0.0000072480   0.0000006870   0.0000022328  -0.0000160293
        0.0000057455  -0.0000025254  -0.0000102703  -0.0000047577  -0.0000019702
        0.0000622056  -0.0000025042
        0.0000010986  -0.0000006867   0.0000007271  -0.0000014189   0.0000013157
       -0.0000017230  -0.0000003537   0.0000002926  -0.0000070630   0.0000006483
       -0.0000004544  -0.0000095876  -0.0000007190   0.0000003587  -0.0000087226
        0.0000001303  -0.0000004154  -0.0000137867   0.0000040406  -0.0000029820
        0.0000010146   0.0000000632   0.0000001239   0.0000043760   0.0000010911
       -0.0000007087  -0.0000014478  -0.0000011624   0.0000012437   0.0000002746
       -0.0000044468   0.0000037516  -0.0000017789   0.0000000364  -0.0000004209
       -0.0000143065  -0.0000021397   0.0000010863  -0.0000161382   0.0000031322
       -0.0000025042   0.0000681621
