           1           2   1.0202039536646237     
           2           3  0.97189304485910866     
           3           4   1.7673462692049327     
           3           5   1.1177362511407367     
           4           5  0.16951000756856405     
           5           6  0.95836773198501835     
           1           7  0.98643761650494999     
           1           8  0.98692509063848577     
           1           9  0.98629136167336973     
           2          10  0.95629677180980766     
           2          11  0.95489895567001193     
           6          12  0.98197914005379716     
           6          13  0.97756215118766232     
           6          14  0.97753976910070306     
