$hessian                                                                        
        0.4691805034   0.0250440815   0.0000124000  -0.1772709425   0.0524857497
        0.0000249933  -0.0297917947   0.0021724857   0.0000045526  -0.0030592552
       -0.0023908434   0.0000001485  -0.1500337919  -0.1225002500  -0.0000117294
       -0.0467703993   0.0168221830   0.0256604607  -0.0467838397   0.0168618745
       -0.0256949619  -0.0085581125   0.0051795638  -0.0024264928  -0.0085508001
        0.0051752747   0.0024305318   0.0008192086   0.0005750808   0.0000198290
        0.0008192238   0.0005747996  -0.0000197320
        0.0250440815   0.5165833410  -0.0000046225   0.0493194463  -0.0865942825
       -0.0000104674  -0.0146908731   0.0060945607   0.0000031347  -0.0055224598
       -0.0007222643   0.0000004684  -0.1223935128  -0.1795115897  -0.0000119606
        0.0173239327  -0.1205800662  -0.1098339138   0.0173636415  -0.1206715371
        0.1098643527   0.0176335801  -0.0078709023   0.0021489322   0.0176249960
       -0.0078663098  -0.0021563324  -0.0008513190   0.0005695642   0.0003748750
       -0.0008515134   0.0005694860  -0.0003744662
        0.0000124000  -0.0000046225   0.5246453199   0.0000248356  -0.0000110207
       -0.0674537792   0.0000020436   0.0000004527   0.0006630563  -0.0000007823
        0.0000001513   0.0003884358  -0.0000116179  -0.0000119349  -0.0448712721
        0.0258313365  -0.1096513513  -0.2057500488  -0.0258658643   0.1096822223
       -0.2056448185  -0.0227210469   0.0109215288  -0.0012721299   0.0227292671
       -0.0109253700  -0.0012839122  -0.0005143448   0.0001134794   0.0002898160
        0.0005137733  -0.0001135351   0.0002893327
       -0.1772709425   0.0493194463   0.0000248356   0.4483969125  -0.0161056294
        0.0000114926  -0.1077245473  -0.0701217819  -0.0000047926  -0.0329222511
       -0.0085703790   0.0000026471  -0.0248773925   0.0066780213   0.0000048202
       -0.0079611074   0.0053985580   0.0031897306  -0.0079682095   0.0054026166
       -0.0031860130  -0.0443527859   0.0163298991  -0.0236082060  -0.0443391233
        0.0162915875   0.0235666738  -0.0004922006  -0.0023130324  -0.0017779461
       -0.0004883526  -0.0023093062   0.0017767578
        0.0524857497  -0.0865942825  -0.0000110207  -0.0161056294   0.5010768965
       -0.0000042012  -0.0678914527  -0.1425507197  -0.0000018713   0.0069940575
        0.0069695354   0.0000000486  -0.0196623292   0.0073228453   0.0000039744
        0.0176949577  -0.0089015161  -0.0024978561   0.0177051492  -0.0089067462
        0.0024900410   0.0169219639  -0.1179188407   0.1057216033   0.0168827380
       -0.1178494413  -0.1056992499  -0.0125109129  -0.0163208437  -0.0033334862
       -0.0125142919  -0.0163268872   0.0033320181
        0.0000249933  -0.0000104674  -0.0674537792   0.0000114926  -0.0000042012
        0.5435397679  -0.0000053666  -0.0000020269  -0.0694150920   0.0000050320
        0.0000014590   0.0018156851  -0.0000005643   0.0000005262   0.0002920130
        0.0235844840  -0.0111589111  -0.0012441838  -0.0235755871   0.0111544495
       -0.0012315293  -0.0240650068   0.1047919185  -0.2016895264   0.0240237540
       -0.1047691315  -0.2017729403  -0.0154977600  -0.0200976048  -0.0014213977
        0.0154945288   0.0200939898  -0.0014190173
       -0.0297917947  -0.0146908731   0.0000020436  -0.1077245473  -0.0678914527
       -0.0000053666   0.3169155090   0.0356906441   0.0000232386  -0.1032329042
        0.0380939021   0.0000120413  -0.0050352306   0.0013545526   0.0000010785
        0.0003803585  -0.0007273241  -0.0002811250   0.0003801929  -0.0007275819
        0.0002808826  -0.0005368060  -0.0010814042   0.0014436789  -0.0005417129
       -0.0010870377  -0.0014441296  -0.0354037819   0.0055210887   0.0120933703
       -0.0354092828   0.0055454861  -0.0121257125
        0.0021724857   0.0060945607   0.0000004527  -0.0701217819  -0.1425507197
       -0.0000020269   0.0356906441   0.4458599240  -0.0000120563   0.0393852326
       -0.0442571266  -0.0000059376   0.0025286470   0.0001856443  -0.0000004667
        0.0011182693   0.0007028494   0.0002274413   0.0011184615   0.0007030567
       -0.0002276199  -0.0145021920  -0.0180620795   0.0036937490  -0.0144979347
       -0.0180546299  -0.0036945778   0.0085417484  -0.1152848952  -0.1071654533
        0.0085664200  -0.1153365842   0.1071864956
        0.0000045526   0.0000031347   0.0006630563  -0.0000047926  -0.0000018713
       -0.0694150920   0.0000232386  -0.0000120563   0.5135769730   0.0000122164
       -0.0000056949  -0.0285802918   0.0000011344  -0.0000002647   0.0005177981
        0.0008425993   0.0003942464   0.0001934951  -0.0008423090  -0.0003938651
        0.0001935918   0.0168004797   0.0207863767  -0.0016694030  -0.0168055028
       -0.0207911013  -0.0016720004   0.0151500281  -0.1086987405  -0.2069324218
       -0.0151816448   0.1087198363  -0.2068757052
       -0.0030592552  -0.0055224598  -0.0000007823  -0.0329222511   0.0069940575
        0.0000050320  -0.1032329042   0.0393852326   0.0000122164   0.1686086835
       -0.0611941672  -0.0000225613  -0.0016274535   0.0005394360   0.0000003047
        0.0004916234  -0.0000961673  -0.0001260492   0.0004919209  -0.0000962731
        0.0001257904   0.0010494168  -0.0002038868   0.0008539380   0.0010492264
       -0.0002036617  -0.0008540668  -0.0154223779   0.0101977089   0.0041230793
       -0.0154266292   0.0102001811  -0.0041169011
       -0.0023908434  -0.0007222643   0.0000001513  -0.0085703790   0.0069695354
        0.0000014590   0.0380939021  -0.0442571266  -0.0000056949  -0.0611941672
        0.0503163504   0.0000095236  -0.0005763733   0.0002486295   0.0000001355
       -0.0002661350  -0.0000346030   0.0001001914  -0.0002662997  -0.0000345178
       -0.0001001151  -0.0003042063   0.0009408925  -0.0005299048  -0.0003038035
        0.0009404611   0.0005300968   0.0178869259  -0.0071825505  -0.0015012981
        0.0178913794  -0.0071848066   0.0014954553
        0.0000001485   0.0000004684   0.0003884358   0.0000026471   0.0000000486
        0.0018156851   0.0000120413  -0.0000059376  -0.0285802918  -0.0000225613
        0.0000095236   0.0212878304   0.0000001374  -0.0000000500   0.0001556855
       -0.0001731997   0.0000722593   0.0000869492   0.0001730398  -0.0000722747
        0.0000867450   0.0002685611  -0.0003918165   0.0001127002  -0.0002686324
        0.0003920127   0.0001131215   0.0171700161  -0.0078046772   0.0022634141
       -0.0171621978   0.0078004433   0.0022697251
       -0.1500337919  -0.1223935128  -0.0000116179  -0.0248773925  -0.0196623292
       -0.0000005643  -0.0050352306   0.0025286470   0.0000011344  -0.0016274535
       -0.0005763733   0.0000001374   0.1761668449   0.1399357319   0.0000120832
        0.0021354009   0.0002926858  -0.0007940787   0.0021402718   0.0002983918
        0.0007931187   0.0005053961  -0.0004505681  -0.0001288807   0.0005056440
       -0.0004506607   0.0001285851   0.0000601959   0.0002390373   0.0001288215
        0.0000601149   0.0002389504  -0.0001287388
       -0.1225002500  -0.1795115897  -0.0000119349   0.0066780213   0.0073228453
        0.0000005262   0.0013545526   0.0001856443  -0.0000002647   0.0005394360
        0.0002486295  -0.0000000500   0.1399357319   0.2055236301   0.0000145309
       -0.0133867577  -0.0175242415  -0.0026422152  -0.0133934025  -0.0175348575
        0.0026392745   0.0001838219   0.0005151697  -0.0002435846   0.0001838254
        0.0005151288   0.0002437315   0.0002025085   0.0001297925   0.0001612266
        0.0002025125   0.0001298485  -0.0001612403
       -0.0000117294  -0.0000119606  -0.0448712721   0.0000048202   0.0000039744
        0.0002920130   0.0000010785  -0.0000004667   0.0005177981   0.0000003047
        0.0000001355   0.0001556855   0.0000120832   0.0000145309   0.0476703493
       -0.0176312035  -0.0228169657  -0.0020039761   0.0176245196   0.0228104408
       -0.0019982151  -0.0004381042  -0.0002719177   0.0000727015   0.0004381607
        0.0002722171   0.0000728000   0.0001110871   0.0000897144   0.0000460532
       -0.0001110168  -0.0000897025   0.0000460627
       -0.0467703993   0.0173239327   0.0258313365  -0.0079611074   0.0176949577
        0.0235844840   0.0003803585   0.0011182693   0.0008425993   0.0004916234
       -0.0002661350  -0.0001731997   0.0021354009  -0.0133867577  -0.0176312035
        0.0558143000  -0.0225949370  -0.0305350499   0.0012479691  -0.0020248346
       -0.0025077892   0.0008547754  -0.0002863240   0.0003795104  -0.0056608866
        0.0028238749   0.0006058426  -0.0005171525  -0.0003402401  -0.0003665162
       -0.0000148816  -0.0000618063  -0.0000300142
        0.0168221830  -0.1205800662  -0.1096513513   0.0053985580  -0.0089015161
       -0.0111589111  -0.0007273241   0.0007028494   0.0003942464  -0.0000961673
       -0.0000346030   0.0000722593   0.0002926858  -0.0175242415  -0.0228169657
       -0.0225949370   0.1374231810   0.1288797358  -0.0020220491   0.0094299526
        0.0145653887  -0.0002564793  -0.0000918426  -0.0003437280   0.0030794449
       -0.0006995310  -0.0000604596   0.0000989860   0.0003412278   0.0000514385
        0.0000050990  -0.0000654105   0.0000683469
        0.0256604607  -0.1098339138  -0.2057500488   0.0031897306  -0.0024978561
       -0.0012441838  -0.0002811250   0.0002274413   0.0001934951  -0.0001260492
        0.0001001914   0.0000869492  -0.0007940787  -0.0026422152  -0.0020039761
       -0.0305350499   0.1288797358   0.2350768022   0.0024991617  -0.0145491368
       -0.0283334716  -0.0003627633   0.0003448040   0.0007705521   0.0004134673
       -0.0002333379   0.0011791848   0.0003525341   0.0002330141   0.0003397512
       -0.0000162884  -0.0000287267  -0.0003150543
       -0.0467838397   0.0173636415  -0.0258658643  -0.0079682095   0.0177051492
       -0.0235755871   0.0003801929   0.0011184615  -0.0008423090   0.0004919209
       -0.0002662997   0.0001730398   0.0021402718  -0.0133934025   0.0176245196
        0.0012479691  -0.0020220491   0.0024991617   0.0558303451  -0.0226414009
        0.0305728613  -0.0056611893   0.0028242919  -0.0006028270   0.0008546332
       -0.0002862797  -0.0003795270  -0.0000149242  -0.0000618409   0.0000298016
       -0.0005171703  -0.0003402713   0.0003667302
        0.0168618745  -0.1206715371   0.1096822223   0.0054026166  -0.0089067462
        0.0111544495  -0.0007275819   0.0007030567  -0.0003938651  -0.0000962731
       -0.0000345178  -0.0000722747   0.0002983918  -0.0175348575   0.0228104408
       -0.0020248346   0.0094299526  -0.0145491368  -0.0226414009   0.1375301469
       -0.1289142733   0.0030794441  -0.0006996111   0.0000587793  -0.0002565448
       -0.0000918937   0.0003434022   0.0000050902  -0.0000653549  -0.0000682652
        0.0000992182   0.0003413622  -0.0000514790
       -0.0256949619   0.1098643527  -0.2056448185  -0.0031860130   0.0024900410
       -0.0012315293   0.0002808826  -0.0002276199   0.0001935918   0.0001257904
       -0.0001001151   0.0000867450   0.0007931187   0.0026392745  -0.0019982151
       -0.0025077892   0.0145653887  -0.0283334716   0.0305728613  -0.1289142733
        0.2349533254  -0.0004104501   0.0002319896   0.0011795934   0.0003625841
       -0.0003449648   0.0007703541   0.0000161247   0.0000287848  -0.0003152201
       -0.0003521476  -0.0002328582   0.0003396449
       -0.0085581125   0.0176335801  -0.0227210469  -0.0443527859   0.0169219639
       -0.0240650068  -0.0005368060  -0.0145021920   0.0168004797   0.0010494168
       -0.0003042063   0.0002685611   0.0005053961   0.0001838219  -0.0004381042
        0.0008547754  -0.0002564793  -0.0003627633  -0.0056611893   0.0030794441
       -0.0004104501   0.0570076863  -0.0178926737   0.0273362941   0.0017460525
       -0.0016581161   0.0030211462   0.0004723115   0.0005827419   0.0002968593
       -0.0025267449  -0.0037878846   0.0002740309
        0.0051795638  -0.0078709023   0.0109215288   0.0163298991  -0.1179188407
        0.1047919185  -0.0010814042  -0.0180620795   0.0207863767  -0.0002038868
        0.0009408925  -0.0003918165  -0.0004505681   0.0005151697  -0.0002719177
       -0.0002863240  -0.0000918426   0.0003448040   0.0028242919  -0.0006996111
        0.0002319896  -0.0178926737   0.1377387448  -0.1239493829  -0.0016611268
        0.0089035602  -0.0135233989   0.0006074844   0.0003883284   0.0007081596
       -0.0033652556  -0.0038434193   0.0003517388
       -0.0024264928   0.0021489322  -0.0012721299  -0.0236082060   0.1057216033
       -0.2016895264   0.0014436789   0.0036937490  -0.0016694030   0.0008539380
       -0.0005299048   0.0001127002  -0.0001288807  -0.0002435846   0.0000727015
        0.0003795104  -0.0003437280   0.0007705521  -0.0006028270   0.0000587793
        0.0011795934   0.0273362941  -0.1239493829   0.2288300825  -0.0030306260
        0.0135361116  -0.0282876470  -0.0003219284  -0.0005398495   0.0007997645
        0.0001055395   0.0004472745   0.0011533121
       -0.0085508001   0.0176249960   0.0227292671  -0.0443391233   0.0168827380
        0.0240237540  -0.0005417129  -0.0144979347  -0.0168055028   0.0010492264
       -0.0003038035  -0.0002686324   0.0005056440   0.0001838254   0.0004381607
       -0.0056608866   0.0030794449   0.0004134673   0.0008546332  -0.0002565448
        0.0003625841   0.0017460525  -0.0016611268  -0.0030306260   0.0569913447
       -0.0178467576  -0.0272916340  -0.0025268163  -0.0037878190  -0.0002741728
        0.0004724383   0.0005829823  -0.0002966652
        0.0051752747  -0.0078663098  -0.0109253700   0.0162915875  -0.1178494413
       -0.1047691315  -0.0010870377  -0.0180546299  -0.0207911013  -0.0002036617
        0.0009404611   0.0003920127  -0.0004506607   0.0005151288   0.0002722171
        0.0028238749  -0.0006995310  -0.0002333379  -0.0002862797  -0.0000918937
       -0.0003449648  -0.0016581161   0.0089035602   0.0135361116  -0.0178467576
        0.1376574447   0.1239246412  -0.0033654939  -0.0038432140  -0.0003525222
        0.0006072703   0.0003884249  -0.0007085549
        0.0024305318  -0.0021563324  -0.0012839122   0.0235666738  -0.1056992499
       -0.2017729403  -0.0014441296  -0.0036945778  -0.0016720004  -0.0008540668
        0.0005300968   0.0001131215   0.0001285851   0.0002437315   0.0000728000
        0.0006058426  -0.0000604596   0.0011791848  -0.0003795270   0.0003434022
        0.0007703541   0.0030211462  -0.0135233989  -0.0282876470  -0.0272916340
        0.1239246412   0.2289278498  -0.0001056188  -0.0004475869   0.0011532030
        0.0003221968   0.0005397338   0.0007999867
        0.0008192086  -0.0008513190  -0.0005143448  -0.0004922006  -0.0125109129
       -0.0154977600  -0.0354037819   0.0085417484   0.0151500281  -0.0154223779
        0.0178869259   0.0171700161   0.0000601959   0.0002025085   0.0001110871
       -0.0005171525   0.0000989860   0.0003525341  -0.0000149242   0.0000050902
        0.0000161247   0.0004723115   0.0006074844  -0.0003219284  -0.0025268163
       -0.0033654939  -0.0001056188   0.0511541205  -0.0094475843  -0.0153136335
        0.0018714168  -0.0011674334  -0.0010465046
        0.0005750808   0.0005695642   0.0001134794  -0.0023130324  -0.0163208437
       -0.0200976048   0.0055210887  -0.1152848952  -0.1086987405   0.0101977089
       -0.0071825505  -0.0078046772   0.0002390373   0.0001297925   0.0000897144
       -0.0003402401   0.0003412278   0.0002330141  -0.0000618409  -0.0000653549
        0.0000287848   0.0005827419   0.0003883284  -0.0005398495  -0.0037878190
       -0.0038432140  -0.0004475869  -0.0094475843   0.1325630554   0.1241199947
       -0.0011651408   0.0087048900   0.0130034715
        0.0000198290   0.0003748750   0.0002898160  -0.0017779461  -0.0033334862
       -0.0014213977   0.0120933703  -0.1071654533  -0.2069324218   0.0041230793
       -0.0015012981   0.0022634141   0.0001288215   0.0001612266   0.0000460532
       -0.0003665162   0.0000514385   0.0003397512   0.0000298016  -0.0000682652
       -0.0003152201   0.0002968593   0.0007081596   0.0007997645  -0.0002741728
       -0.0003525222   0.0011532030  -0.0153136335   0.1241199947   0.2307440996
        0.0010405076  -0.0129946695  -0.0269670621
        0.0008192238  -0.0008515134   0.0005137733  -0.0004883526  -0.0125142919
        0.0154945288  -0.0354092828   0.0085664200  -0.0151816448  -0.0154266292
        0.0178913794  -0.0171621978   0.0000601149   0.0002025125  -0.0001110168
       -0.0000148816   0.0000050990  -0.0000162884  -0.0005171703   0.0000992182
       -0.0003521476  -0.0025267449  -0.0033652556   0.0001055395   0.0004724383
        0.0006072703   0.0003221968   0.0018714168  -0.0011651408   0.0010405076
        0.0511598675  -0.0094756977   0.0153467494
        0.0005747996   0.0005694860  -0.0001135351  -0.0023093062  -0.0163268872
        0.0200939898   0.0055454861  -0.1153365842   0.1087198363   0.0102001811
       -0.0071848066   0.0078004433   0.0002389504   0.0001298485  -0.0000897025
       -0.0000618063  -0.0000654105  -0.0000287267  -0.0003402713   0.0003413622
       -0.0002328582  -0.0037878846  -0.0038434193   0.0004472745   0.0005829823
        0.0003884249   0.0005397338  -0.0011674334   0.0087048900  -0.0129946695
       -0.0094756977   0.1326230964  -0.1241417857
       -0.0000197320  -0.0003744662   0.0002893327   0.0017767578   0.0033320181
       -0.0014190173  -0.0121257125   0.1071864956  -0.2068757052  -0.0041169011
        0.0014954553   0.0022697251  -0.0001287388  -0.0001612403   0.0000460627
       -0.0000300142   0.0000683469  -0.0003150543   0.0003667302  -0.0000514790
        0.0003396449   0.0002740309   0.0003517388   0.0011533121  -0.0002966652
       -0.0007085549   0.0007999867  -0.0010465046   0.0130034715  -0.0269670621
        0.0153467494  -0.1241417857   0.2306787748
