           1           2   1.0131434773793175     
           2           3   1.0155412166076121     
           3           4  0.94443036961517668     
           1           5  0.98541593572240038     
           1           6  0.98743234492231680     
           1           7  0.98743217524338744     
           2           8  0.97656495599812199     
           2           9  0.97656560063981712     
           3          10  0.97946656320783121     
           3          11  0.97946709100685747     
