           1           2   1.0234185516310983     
           2           3   1.3976295091057678     
           3           4   1.4318119312833359     
           2           5  0.10483482713441256     
           4           5   1.3977079910334638     
           3           6  0.10470936401796052     
           5           6   1.4317229582929163     
           2           7   1.4317109611916479     
           4           7  0.10465656934202409     
           6           7   1.3977146474530753     
           6           8   1.0234272238581441     
           4           9   1.0234020468114149     
           1          10  0.97289012653296991     
           1          11  0.98613265808673400     
           1          12  0.97500700984664812     
           3          13  0.96821567566939759     
           5          14  0.96827725255056063     
           7          15  0.96818687639358847     
           8          16  0.97174157620751367     
           8          17  0.97636107159302310     
           8          18  0.98591818751952853     
           9          19  0.97417752966439397     
           9          20  0.98618574280594484     
           9          21  0.97368352786244672     
