$hessian                                                                        
        0.4322461744   0.0521723831   0.0148236842  -0.0760587399   0.0342805929
       -0.0261238356  -0.0149077931   0.0201689137  -0.0080009738   0.0088601858
       -0.0076609180   0.0054085590  -0.0014827544  -0.0043939872  -0.0005262527
        0.0018204930   0.0009127650   0.0006959604  -0.0002216200   0.0003527419
       -0.0001189571  -0.0341759673  -0.0138912564   0.0056078205   0.0015465715
        0.0012895077   0.0006518314  -0.1796649057   0.0148532108   0.0604726462
       -0.0050151467  -0.0026952144  -0.0001617131  -0.0014353139   0.0011748064
       -0.0006662913  -0.0008023969   0.0003898561   0.0004945719  -0.0029498667
        0.0029277888  -0.0055134478  -0.0425706546  -0.0049162302  -0.0242238988
       -0.0883033597  -0.0945488132  -0.0239841933  -0.0006979054  -0.0006992437
        0.0003020717   0.0013909794  -0.0004538314   0.0003331957   0.0003029382
       -0.0004374966  -0.0000917084   0.0021190820   0.0011744247   0.0006209311
        0.0521723831   0.5046648795   0.0356265341   0.0343378364  -0.1354579378
        0.0434853676   0.0025564554  -0.0025878039   0.0007993299   0.0045002126
       -0.0329765960   0.0100935930  -0.0025650529  -0.0044253605  -0.0008540773
        0.0018466992   0.0018097437   0.0004336689   0.0002029116   0.0001469782
       -0.0000348264  -0.0206949583   0.0050176502   0.0117801048  -0.0014191885
        0.0001030037   0.0009214113   0.0312677578  -0.0759686796  -0.0311278318
       -0.0078051187  -0.0040150134   0.0003116612   0.0002536617  -0.0003020381
       -0.0002744645   0.0010354285   0.0000444129   0.0008974150   0.0014498423
        0.0007019489   0.0006941635  -0.0051039750  -0.0494135106  -0.0301318864
       -0.0915470952  -0.2099915717  -0.0415269484  -0.0003407067   0.0001881847
        0.0001284525  -0.0003468136   0.0000600376   0.0005084895   0.0000111811
       -0.0000291971   0.0001519523   0.0001885390   0.0024308693  -0.0018821088
        0.0148236842   0.0356265341   0.5012389126  -0.0195933300   0.0333528322
       -0.0751064365   0.0042332138  -0.0057489846   0.0040432425   0.0016087603
       -0.0002534413   0.0039795847  -0.0006419546  -0.0009386898  -0.0001786450
        0.0000319736   0.0001986357   0.0004883060  -0.0000420796  -0.0001347646
        0.0000217838  -0.0012971890   0.0069636281   0.0008822517  -0.0035898439
       -0.0014864602   0.0022686116   0.0719469841  -0.0211403073  -0.0894276045
       -0.0038865351  -0.0011251011   0.0014348756   0.0005847231  -0.0006005054
        0.0003614789  -0.0003889995  -0.0001370773  -0.0017303867  -0.0158956843
        0.0260578756  -0.0427168877  -0.0226694243  -0.0331269836  -0.2494087103
       -0.0221793789  -0.0396136682  -0.0541010645   0.0004220396   0.0001564417
       -0.0003292461  -0.0010611376   0.0002075209  -0.0008102441   0.0002003013
        0.0000815901   0.0002730066  -0.0026061232   0.0016609247  -0.0011828285
       -0.0760587399   0.0343378364  -0.0195933300   0.5181441057  -0.0251960217
       -0.0321361753  -0.2334879554   0.0214636318   0.0684657508  -0.0957358566
       -0.0463172630  -0.0069952913   0.0056575640   0.0074057115   0.0011590918
       -0.0242650304  -0.0229804391  -0.0030592592  -0.0056141076  -0.0001094163
        0.0016123664   0.0019893225   0.0011551280  -0.0002896147  -0.0001753041
       -0.0001516102  -0.0002043345  -0.0437937114   0.0311493951  -0.0017953274
        0.0011631213  -0.0008436240  -0.0002873936   0.0006972357  -0.0000381654
       -0.0019869379   0.0014202225   0.0007378560  -0.0011874504  -0.0566005052
        0.0072008627  -0.0183835475  -0.0005988739   0.0029249107  -0.0036254643
        0.0057633174  -0.0097496670   0.0043358390  -0.0001271943   0.0001838333
       -0.0000536330   0.0009876411   0.0002253351   0.0015334105   0.0003676819
       -0.0006764878   0.0006910895   0.0002670668  -0.0007218061   0.0118002113
        0.0342805929  -0.1354579378   0.0333528322  -0.0251960217   0.4517632708
        0.0101142624   0.0222242458  -0.0444179079  -0.0075151549  -0.0429264364
       -0.1365631896  -0.0073303915  -0.0126296530  -0.0272128845  -0.0020692340
       -0.0081371637   0.0022924514   0.0024272002   0.0013947041   0.0007236006
        0.0000232051   0.0001126686   0.0013589224  -0.0003519028   0.0000738651
       -0.0000997563  -0.0001387884   0.0195081673  -0.0059686919  -0.0016971025
       -0.0000251256  -0.0006318023   0.0000592111  -0.0005270669  -0.0012650280
       -0.0016651562  -0.0039190251  -0.0070038750  -0.0095802076   0.0078586209
       -0.0722068376   0.0045708858  -0.0018582027   0.0022638639  -0.0003193916
        0.0103235755  -0.0268186304   0.0118131378  -0.0001156223   0.0003405008
        0.0000774666   0.0019646132   0.0017672958   0.0007398548  -0.0002728967
       -0.0000169334  -0.0008196544  -0.0021338392  -0.0028464309  -0.0316910721
       -0.0261238356   0.0434853676  -0.0751064365  -0.0321361753   0.0101142624
        0.4577188751   0.0669498014  -0.0077283754  -0.0603531012  -0.0040107657
       -0.0059729074  -0.0542899277   0.0060517863   0.0125848172   0.0027735382
        0.0024349362   0.0047541887   0.0060016469   0.0023455168  -0.0004649956
       -0.0002278468  -0.0010987089   0.0006690019   0.0015783988  -0.0000591351
        0.0002351659  -0.0009206678   0.0082585112  -0.0083156170   0.0014755194
        0.0006359576  -0.0003109990  -0.0007783587  -0.0028232674  -0.0020993801
       -0.0035423111  -0.0153520467  -0.0288729515  -0.0178621827  -0.0027034400
       -0.0264722656  -0.2196371385  -0.0123282475   0.0199482979  -0.0175251060
        0.0012630690  -0.0031999438   0.0012226684   0.0003824517   0.0001171424
        0.0004204145   0.0056897303   0.0031098516  -0.0018087261  -0.0010451813
       -0.0024218506  -0.0051806851   0.0036690430  -0.0091588096  -0.0139585730
       -0.0149077931   0.0025564554   0.0042332138  -0.2334879554   0.0222242458
        0.0669498014   0.2687211049  -0.0248459836  -0.0842335694  -0.0221575017
       -0.0030667268   0.0054796767   0.0005356236   0.0005239583   0.0002519500
       -0.0014389631  -0.0038413419  -0.0011864220  -0.0009812908   0.0002624864
        0.0001077350   0.0002933333  -0.0000907144   0.0002036391   0.0000284110
        0.0000118686   0.0000854996  -0.0032043953   0.0039521186  -0.0012613642
        0.0002119547  -0.0000524643  -0.0001212751   0.0003947894   0.0000410959
        0.0002171185   0.0014861067   0.0004379584  -0.0001197423   0.0054768529
        0.0025538861   0.0090582150  -0.0002189517  -0.0000264719  -0.0002698248
        0.0003959073  -0.0002811519   0.0003308402   0.0001989949  -0.0000429723
       -0.0000887438  -0.0002120902   0.0000714133  -0.0001534390   0.0000472021
        0.0006700519   0.0001252630  -0.0011813394  -0.0010577113   0.0003914284
        0.0201689137  -0.0025878039  -0.0057489846   0.0214636318  -0.0444179079
       -0.0077283754  -0.0248459836   0.0532507364   0.0120094956  -0.0263770958
       -0.0007431740   0.0065138356  -0.0003341490   0.0006045389   0.0002240793
       -0.0025331019  -0.0040510439  -0.0020695763  -0.0014947499   0.0000058483
        0.0002659546  -0.0001173508  -0.0009817167  -0.0000430656  -0.0000167628
       -0.0000181766   0.0000188276   0.0062867261  -0.0045155296   0.0011047743
        0.0001253010   0.0003011878   0.0000643889   0.0004358511   0.0003870912
        0.0002406066   0.0012448708   0.0006683730   0.0008544668   0.0058581724
        0.0021359894  -0.0038850473  -0.0000174421   0.0001947995  -0.0000493341
        0.0003787034   0.0003856600  -0.0004239665  -0.0000409874  -0.0001504340
       -0.0000251221  -0.0003709874  -0.0003574434  -0.0000371386  -0.0001148733
        0.0001778973   0.0001502668   0.0003013139  -0.0002888918  -0.0014360858
       -0.0080009738   0.0007993299   0.0040432425   0.0684657508  -0.0075151549
       -0.0603531012  -0.0842335694   0.0120094956   0.0871225900  -0.0015838437
        0.0004333267   0.0023547018   0.0001781702   0.0003131946  -0.0000461410
       -0.0004920524  -0.0006370308   0.0000332521  -0.0000964365   0.0000927447
        0.0001189997   0.0003046850   0.0001838521  -0.0000104726   0.0000179307
        0.0000024212   0.0000771583  -0.0030719382   0.0024100223   0.0001023832
       -0.0000995466  -0.0000335354   0.0000190181   0.0001925743   0.0002317685
       -0.0000620393   0.0000319798   0.0001365119   0.0006018741   0.0259175499
       -0.0089164556  -0.0309578941  -0.0003309490   0.0000757011   0.0002060011
        0.0000735272  -0.0003283550   0.0001400481   0.0000004275   0.0000068315
       -0.0000208089  -0.0003871088  -0.0004228327  -0.0001287583  -0.0000237349
        0.0000587948   0.0000000066   0.0031375578   0.0010993695  -0.0032400602
        0.0088601858   0.0045002126   0.0016087603  -0.0957358566  -0.0429264364
       -0.0040107657  -0.0221575017  -0.0263770958  -0.0015838437   0.4385397086
       -0.0127180736   0.0116427940  -0.0757970427   0.0627533989  -0.0407357891
       -0.1586441597   0.0091102784   0.0177268478  -0.0218252236  -0.0009372446
        0.0032534537  -0.0143866502   0.0118007974   0.0020300975  -0.0000660726
       -0.0001895789  -0.0001777323  -0.0023392018  -0.0041825994   0.0003620900
       -0.0013481054   0.0020695167  -0.0006905732  -0.0031144888   0.0027987461
        0.0053317348  -0.0564641251  -0.0063704009   0.0297587692   0.0029291526
       -0.0004912283  -0.0072502633   0.0004722292   0.0002108178   0.0002667112
       -0.0006621965   0.0029260313  -0.0008556907  -0.0001384429   0.0001704396
        0.0001284158   0.0027108780  -0.0013061135  -0.0001109863  -0.0003449547
       -0.0010550760  -0.0177635784  -0.0004881317   0.0002136085   0.0010695484
       -0.0076609180  -0.0329765960  -0.0002534413  -0.0463172630  -0.1365631896
       -0.0059729074  -0.0030667268  -0.0007431740   0.0004333267  -0.0127180736
        0.4910860768  -0.0251003103   0.0634923904  -0.1676192631   0.0782969398
        0.0127969302  -0.0685672333  -0.0013283037  -0.0223180289   0.0018388749
        0.0036676549   0.0216906665  -0.0028017504  -0.0045253398   0.0000570746
        0.0000802293  -0.0000392905  -0.0041985111   0.0038274160  -0.0004145013
        0.0057921856  -0.0060850768   0.0004821231   0.0005030543   0.0014295609
        0.0004479633  -0.0113964035  -0.0709126390  -0.0038358820  -0.0021524043
       -0.0036392579  -0.0087477302  -0.0006729558   0.0006111589  -0.0003789361
        0.0022552116  -0.0042683024   0.0019297115   0.0000586450   0.0001438605
       -0.0000177502   0.0006032808   0.0014405287  -0.0008411013   0.0040875245
       -0.0051211968  -0.0328098653  -0.0008356786  -0.0011600266  -0.0009923598
        0.0054085590   0.0100935930   0.0039795847  -0.0069952913  -0.0073303915
       -0.0542899277   0.0054796767   0.0065138356   0.0023547018   0.0116427940
       -0.0251003103   0.4865867758  -0.0393928218   0.0776422533  -0.0854419789
        0.0132568169   0.0009196616  -0.0550916180  -0.0077171696   0.0002063196
        0.0019053536  -0.0056182712  -0.0035602159   0.0056693789  -0.0006183927
        0.0005039108  -0.0008014444   0.0015290481  -0.0002724605  -0.0007879109
       -0.0038379830   0.0041451131  -0.0003816674   0.0310307115  -0.0037670744
       -0.0274765965   0.0143883938  -0.0264985593  -0.2321814281  -0.0136103255
       -0.0284587450  -0.0245405349   0.0001647885   0.0011834920  -0.0009345641
       -0.0016221656   0.0029171145  -0.0010709435   0.0005109997  -0.0003360571
       -0.0006365687   0.0009670995  -0.0011784759  -0.0005043702  -0.0025425024
       -0.0054599830  -0.0133593954  -0.0024239646  -0.0021630206  -0.0029968461
       -0.0014827544  -0.0025650529  -0.0006419546   0.0056575640  -0.0126296530
        0.0060517863   0.0005356236  -0.0003341490   0.0001781702  -0.0757970427
        0.0634923904  -0.0393928218   0.0886131257  -0.0725174340   0.0466582820
       -0.0193749626   0.0267123136  -0.0124060061   0.0005476327   0.0002336967
       -0.0003484086  -0.0044903201  -0.0019992864   0.0019173272   0.0001013005
       -0.0000582374   0.0001559663   0.0008040658   0.0000865981   0.0000344738
       -0.0024137541   0.0023072805   0.0001759833   0.0025917407  -0.0013096175
       -0.0010093720   0.0043081036  -0.0024092301  -0.0017316407  -0.0000153038
        0.0006221271   0.0005955305  -0.0001418535   0.0000257144  -0.0000741190
        0.0003385510  -0.0007462878   0.0003053588   0.0000743182  -0.0000409856
       -0.0002818575  -0.0002133901   0.0005934392   0.0004372902   0.0004228314
        0.0004114025  -0.0006504285  -0.0000654757   0.0001249711   0.0000264402
       -0.0043939872  -0.0044253605  -0.0009386898   0.0074057115  -0.0272128845
        0.0125848172   0.0005239583   0.0006045389   0.0003131946   0.0627533989
       -0.1676192631   0.0776422533  -0.0725174340   0.1935501633  -0.0929871017
        0.0068394908  -0.0062576267   0.0034432972  -0.0004166626   0.0003357491
        0.0000834224   0.0010752909   0.0012801173  -0.0001894493  -0.0001430693
        0.0000000820  -0.0001245369  -0.0001454579   0.0009329653  -0.0003747077
        0.0007610057  -0.0004654223  -0.0002346436  -0.0011802126   0.0008043081
       -0.0004160466  -0.0014139288   0.0062480385   0.0019286665   0.0010927656
        0.0019723669   0.0002083052  -0.0001182568   0.0002991733  -0.0004052336
        0.0006911822  -0.0013076938   0.0005501702  -0.0000190505  -0.0001293665
        0.0001647639   0.0005330703  -0.0009115838  -0.0005927084  -0.0010412631
        0.0018665835  -0.0008957832  -0.0002865515   0.0004351149   0.0002400101
       -0.0005262527  -0.0008540773  -0.0001786450   0.0011590918  -0.0020692340
        0.0027735382   0.0002519500   0.0002240793  -0.0000461410  -0.0407357891
        0.0782969398  -0.0854419789   0.0466582820  -0.0929871017   0.1200512460
        0.0021623301  -0.0028205194   0.0028646452  -0.0002311381  -0.0000882065
       -0.0000496028   0.0006380832   0.0001478798  -0.0004408921   0.0001046991
       -0.0001130841   0.0000324678   0.0000237673   0.0000703211   0.0001801778
        0.0003889216  -0.0003709297   0.0000269036  -0.0000740925  -0.0002561072
        0.0013449165  -0.0103167009   0.0212648302  -0.0420737538   0.0002197424
       -0.0000164146   0.0007271547   0.0000110459  -0.0002189008  -0.0000080834
        0.0001642761  -0.0003341376   0.0001326671   0.0000072443  -0.0000349185
        0.0000960942   0.0002553230  -0.0002984212  -0.0001495413  -0.0000938665
        0.0004018303   0.0001886910  -0.0000669171   0.0000561720  -0.0000298636
        0.0018204930   0.0018466992   0.0000319736  -0.0242650304  -0.0081371637
        0.0024349362  -0.0014389631  -0.0025331019  -0.0004920524  -0.1586441597
        0.0127969302   0.0132568169  -0.0193749626   0.0068394908   0.0021623301
        0.4818237407   0.0532150112   0.0157275056  -0.1162262788  -0.0926966285
       -0.0393418432  -0.0600297998   0.0216812849  -0.0101000020   0.0001960787
        0.0028122671  -0.0024951071   0.0013243900  -0.0224738657   0.0028256306
       -0.0378480542   0.0361058082  -0.0001686476  -0.0720509613  -0.0157525265
        0.0365256076  -0.0019351971   0.0008955474   0.0065847042   0.0007837617
        0.0013589764   0.0015426718  -0.0001844479  -0.0000744956   0.0000849154
       -0.0003686100   0.0003838391  -0.0000440987   0.0000255255   0.0006921809
       -0.0010760849   0.0037093236   0.0033511787  -0.0273691353   0.0025878909
       -0.0000513054  -0.0000735447   0.0000952607  -0.0002601266  -0.0000165762
        0.0009127650   0.0018097437   0.0001986357  -0.0229804391   0.0022924514
        0.0047541887  -0.0038413419  -0.0040510439  -0.0006370308   0.0091102784
       -0.0685672333   0.0009196616   0.0267123136  -0.0062576267  -0.0028205194
        0.0532150112   0.4658989264   0.0312870507  -0.0942992643  -0.1639103528
       -0.0517356084   0.0260198120  -0.1166602026   0.0182903600   0.0007154350
       -0.0006575518   0.0020634269  -0.0046846881  -0.0442869938   0.0037888238
        0.0152139176  -0.0110278359   0.0010735681  -0.0164584281  -0.0571102419
        0.0172438596   0.0044992357   0.0011205495  -0.0073651560   0.0012088673
        0.0007915072   0.0006188569  -0.0000618628  -0.0003045889   0.0001146581
        0.0002917162   0.0004896294  -0.0000766841   0.0011411117   0.0005292566
        0.0010680661   0.0022847674  -0.0003267732  -0.0184472195   0.0013244024
        0.0004839435  -0.0004635436  -0.0003236093  -0.0002555630   0.0001246057
        0.0006959604   0.0004336689   0.0004883060  -0.0030592592   0.0024272002
        0.0060016469  -0.0011864220  -0.0020695763   0.0000332521   0.0177268478
       -0.0013283037  -0.0550916180  -0.0124060061   0.0034432972   0.0028646452
        0.0157275056   0.0312870507   0.4606526054  -0.0418139463  -0.0530507055
       -0.0602905746  -0.0149354392   0.0322861949  -0.0613210531  -0.0097835323
        0.0206190448  -0.0147564215  -0.0022836173  -0.0127166396   0.0026757641
        0.0117500789  -0.0095107270   0.0012598847   0.0091660684   0.0031349004
       -0.2302424366   0.0302467663  -0.0068593836  -0.0262037867   0.0047373462
        0.0020900047  -0.0041614944  -0.0002320486   0.0001246855  -0.0007011803
       -0.0002347687  -0.0001243249   0.0000016382   0.0024581616  -0.0025328636
        0.0007596587  -0.0064536161  -0.0060603371  -0.0225566465   0.0008528796
       -0.0003934792  -0.0000777583  -0.0009729591  -0.0011997066   0.0006655686
       -0.0002216200   0.0002029116  -0.0000420796  -0.0056141076   0.0013947041
        0.0023455168  -0.0009812908  -0.0014947499  -0.0000964365  -0.0218252236
       -0.0223180289  -0.0077171696   0.0005476327  -0.0004166626  -0.0002311381
       -0.1162262788  -0.0942992643  -0.0418139463   0.1331550620   0.1078537233
        0.0511179968   0.0039141298   0.0049134672   0.0015479270   0.0003075074
        0.0000204607   0.0003118913   0.0006681929   0.0029308047   0.0000555546
        0.0006371117  -0.0002173931  -0.0001002543   0.0020951911   0.0007792785
       -0.0043681153   0.0021110929  -0.0000594571  -0.0015541427   0.0006986559
        0.0005365053  -0.0001458513  -0.0000381649  -0.0000471900  -0.0000315494
        0.0000648780   0.0001557569  -0.0000227076  -0.0000750790   0.0000774466
        0.0000076180   0.0013229075  -0.0005406254  -0.0003642930  -0.0004246035
        0.0005209398   0.0009618933  -0.0001159937   0.0000073726   0.0001392860
        0.0003527419   0.0001469782  -0.0001347646  -0.0001094163   0.0007236006
       -0.0004649956   0.0002624864   0.0000058483   0.0000927447  -0.0009372446
        0.0018388749   0.0002063196   0.0002336967   0.0003357491  -0.0000882065
       -0.0926966285  -0.1639103528  -0.0530507055   0.1078537233   0.1892848244
        0.0654097812  -0.0150565835  -0.0238318527  -0.0068876557  -0.0004921836
        0.0003258260  -0.0002296647   0.0006488325  -0.0095010834   0.0016449429
       -0.0002689563   0.0023125837   0.0000671001  -0.0009231276   0.0023188544
       -0.0072466638   0.0009340145   0.0004142665   0.0010298153  -0.0000312082
        0.0000053715   0.0000502030   0.0000153569  -0.0000432866  -0.0000569100
        0.0000481224   0.0001795836   0.0000141383  -0.0001001125  -0.0006419622
       -0.0004288923   0.0007985059  -0.0002024725  -0.0001731520  -0.0006250464
        0.0001862359   0.0001059322   0.0000930269   0.0000524130   0.0001406335
       -0.0001189571  -0.0000348264   0.0000217838   0.0016123664   0.0000232051
       -0.0002278468   0.0001077350   0.0002659546   0.0001189997   0.0032534537
        0.0036676549   0.0019053536  -0.0003484086   0.0000834224  -0.0000496028
       -0.0393418432  -0.0517356084  -0.0602905746   0.0511179968   0.0654097812
        0.0884172750   0.0024167506   0.0046329971   0.0028475372   0.0003865440
        0.0007547253   0.0002449064   0.0000961288   0.0027237851   0.0003102986
        0.0004183501   0.0000026252  -0.0001200714  -0.0214465511  -0.0229430245
       -0.0281537448   0.0003580768   0.0008808787   0.0014790320  -0.0007593738
       -0.0004677475   0.0001181796  -0.0000007377   0.0000072959   0.0000865388
        0.0000233231  -0.0000095330  -0.0000318376  -0.0000887303  -0.0003757481
       -0.0004436273   0.0022089380  -0.0025921361  -0.0059627016   0.0000734422
       -0.0004717695  -0.0001447246   0.0000314965   0.0001780679  -0.0001251731
       -0.0341759673  -0.0206949583  -0.0012971890   0.0019893225   0.0001126686
       -0.0010987089   0.0002933333  -0.0001173508   0.0003046850  -0.0143866502
        0.0216906665  -0.0056182712  -0.0044903201   0.0010752909   0.0006380832
       -0.0600297998   0.0260198120  -0.0149354392   0.0039141298  -0.0150565835
        0.0024167506   0.4397016965  -0.0289373754  -0.0299055544  -0.0402887117
        0.0028661866  -0.0196546785  -0.0692758348  -0.0269447527  -0.0090145342
       -0.2174729593   0.0411470950   0.0669887213  -0.0038658136   0.0043640016
       -0.0014605034   0.0001057786  -0.0007116257  -0.0003784966   0.0003616019
       -0.0011951446   0.0017424665   0.0014139117  -0.0000480990  -0.0004256814
       -0.0034758509  -0.0001108118   0.0010440595  -0.0002937308  -0.0039962870
        0.0139970842   0.0010334110   0.0006616781  -0.0019058495  -0.0000994971
       -0.0001500596   0.0003887203  -0.0009580497   0.0000256491  -0.0018256642
       -0.0138912564   0.0050176502   0.0069636281   0.0011551280   0.0013589224
        0.0006690019  -0.0000907144  -0.0009817167   0.0001838521   0.0118007974
       -0.0028017504  -0.0035602159  -0.0019992864   0.0012801173   0.0001478798
        0.0216812849  -0.1166602026   0.0322861949   0.0049134672  -0.0238318527
        0.0046329971  -0.0289373754   0.3951276154   0.0117804331   0.0020794711
       -0.0407055082   0.0008447229  -0.0508511296  -0.1519139365  -0.0433963231
        0.0561663801  -0.0645407432  -0.0182982479   0.0023593513  -0.0041408526
        0.0083942609  -0.0019470200  -0.0004427707   0.0026577581  -0.0002547545
       -0.0024775749   0.0002608088   0.0021672991   0.0010483090  -0.0006967590
        0.0005735605   0.0003284439  -0.0002940527  -0.0056128508   0.0020336374
       -0.0014893341   0.0013482973   0.0024770937   0.0005698318   0.0006770849
       -0.0008562891  -0.0008377658  -0.0013377342   0.0006814082  -0.0008186710
        0.0056078205   0.0117801048   0.0008822517  -0.0002896147  -0.0003519028
        0.0015783988   0.0002036391  -0.0000430656  -0.0000104726   0.0020300975
       -0.0045253398   0.0056693789   0.0019173272  -0.0001894493  -0.0004408921
       -0.0101000020   0.0182903600  -0.0613210531   0.0015479270  -0.0068876557
        0.0028475372  -0.0299055544   0.0117804331   0.5451365424  -0.0253507846
        0.0001743723  -0.2423045290  -0.0249096978  -0.0517234136  -0.0791669000
        0.0422021957  -0.0057590145  -0.1081495325  -0.0081803596   0.0295888656
       -0.0424923331  -0.0015937030   0.0004488393  -0.0025104340   0.0006340931
       -0.0001658745  -0.0007147862   0.0043199226   0.0028076408   0.0017140747
        0.0035846388   0.0002222371  -0.0001982420   0.0395161213  -0.0066518570
       -0.0194710789  -0.0010168032   0.0022213919  -0.0011720382   0.0006158691
       -0.0005433958   0.0003507689  -0.0008331325  -0.0004732762  -0.0002266606
        0.0015465715  -0.0014191885  -0.0035898439  -0.0001753041   0.0000738651
       -0.0000591351   0.0000284110  -0.0000167628   0.0000179307  -0.0000660726
        0.0000570746  -0.0006183927   0.0001013005  -0.0001430693   0.0001046991
        0.0001960787   0.0007154350  -0.0097835323   0.0003075074  -0.0004921836
        0.0003865440  -0.0402887117   0.0020794711  -0.0253507846   0.0586115200
        0.0051748596   0.0216871729  -0.0103971752  -0.0121981864  -0.0202680478
       -0.0060322707  -0.0001129590   0.0344361873  -0.0003399832   0.0024633982
       -0.0029231302   0.0002824254  -0.0000203646   0.0003324777   0.0000145212
       -0.0000041640   0.0004552028  -0.0000677222   0.0001545145   0.0011556167
        0.0002059596   0.0002504406   0.0002092636  -0.0039501084   0.0030712418
        0.0036702757   0.0000955380   0.0001461243   0.0000248635  -0.0001751389
        0.0002396992  -0.0000027223   0.0001026537  -0.0000192456   0.0001153549
        0.0012895077   0.0001030037  -0.0014864602  -0.0001516102  -0.0000997563
        0.0002351659   0.0000118686  -0.0000181766   0.0000024212  -0.0001895789
        0.0000802293   0.0005039108  -0.0000582374   0.0000000820  -0.0001130841
        0.0028122671  -0.0006575518   0.0206190448   0.0000204607   0.0003258260
        0.0007547253   0.0028661866  -0.0407055082   0.0001743723   0.0051748596
        0.0556428059   0.0107199209  -0.0159385300  -0.0126520815  -0.0307773320
        0.0008944957   0.0016193805  -0.0073207473   0.0018432154  -0.0043662896
        0.0055272608  -0.0001659096   0.0001270443  -0.0003948758   0.0001051439
        0.0001067872  -0.0001105816   0.0000267543   0.0004176904   0.0008831187
        0.0003243537   0.0001692495   0.0000773319   0.0010066130   0.0008404127
        0.0002437340  -0.0001875869  -0.0004251770   0.0001670092   0.0002038102
       -0.0004144305   0.0001078533   0.0001119168  -0.0000935399   0.0001872118
        0.0006518314   0.0009214113   0.0022686116  -0.0002043345  -0.0001387884
       -0.0009206678   0.0000854996   0.0000188276   0.0000771583  -0.0001777323
       -0.0000392905  -0.0008014444   0.0001559663  -0.0001245369   0.0000324678
       -0.0024951071   0.0020634269  -0.0147564215   0.0003118913  -0.0002296647
        0.0002449064  -0.0196546785   0.0008447229  -0.2423045290   0.0216871729
        0.0107199209   0.2944817530  -0.0114113551  -0.0154882010  -0.0160935977
        0.0094402906   0.0002678430  -0.0198454509  -0.0007285819   0.0032315013
       -0.0022980275   0.0008465327  -0.0003337338   0.0009076044  -0.0002086260
        0.0001134039   0.0003980283  -0.0013078605  -0.0001470480   0.0001320194
        0.0004906252   0.0002809140   0.0001548256   0.0022409246  -0.0022021050
       -0.0019108028   0.0002259419  -0.0000788119   0.0001046309  -0.0002967362
        0.0002639930  -0.0000036263   0.0003483356   0.0000562156   0.0001325622
       -0.1796649057   0.0312677578   0.0719469841  -0.0437937114   0.0195081673
        0.0082585112  -0.0032043953   0.0062867261  -0.0030719382  -0.0023392018
       -0.0041985111   0.0015290481   0.0008040658  -0.0001454579   0.0000237673
        0.0013243900  -0.0046846881  -0.0022836173   0.0006681929   0.0006488325
        0.0000961288  -0.0692758348  -0.0508511296  -0.0249096978  -0.0103971752
       -0.0159385300  -0.0114113551   0.3963641645   0.0440647037  -0.0773633266
       -0.0555740670  -0.0245765887   0.0062371608   0.0022242654   0.0000632032
        0.0034060879   0.0017733647   0.0002378517  -0.0006910071   0.0018986513
        0.0010071587   0.0022309300  -0.0122412101   0.0028237722   0.0173415575
       -0.0278623501  -0.0045598670   0.0087042040   0.0001868954   0.0010550404
       -0.0008869052  -0.0017638338  -0.0008122504   0.0002997082  -0.0005230767
        0.0006090286   0.0000390102   0.0013957718  -0.0018052194   0.0005047493
        0.0148532108  -0.0759686796  -0.0211403073   0.0311493951  -0.0059686919
       -0.0083156170   0.0039521186  -0.0045155296   0.0024100223  -0.0041825994
        0.0038274160  -0.0002724605   0.0000865981   0.0009329653   0.0000703211
       -0.0224738657  -0.0442869938  -0.0127166396   0.0029308047  -0.0095010834
        0.0027237851  -0.0269447527  -0.1519139365  -0.0517234136  -0.0121981864
       -0.0126520815  -0.0154882010   0.0440647037   0.2809494384   0.0934856719
       -0.0100274277   0.0107534351   0.0069066600   0.0004428631   0.0036037813
        0.0026662624   0.0006922565   0.0001869725  -0.0011646995   0.0002089092
        0.0027468849  -0.0031568116   0.0044238447   0.0011364909  -0.0051503614
       -0.0266482246   0.0022199644   0.0108524779   0.0005998360  -0.0002420613
       -0.0003111637  -0.0008279010  -0.0004858293  -0.0006722485  -0.0002308859
        0.0003365185   0.0005506565   0.0001293029  -0.0011589806   0.0004460663
        0.0604726462  -0.0311278318  -0.0894276045  -0.0017953274  -0.0016971025
        0.0014755194  -0.0012613642   0.0011047743   0.0001023832   0.0003620900
       -0.0004145013  -0.0007879109   0.0000344738  -0.0003747077   0.0001801778
        0.0028256306   0.0037888238   0.0026757641   0.0000555546   0.0016449429
        0.0003102986  -0.0090145342  -0.0433963231  -0.0791669000  -0.0202680478
       -0.0307773320  -0.0160935977  -0.0773633266   0.0934856719   0.1805772944
        0.0147239356   0.0113852244   0.0080536731   0.0001835179   0.0010556694
        0.0036535007   0.0002785189  -0.0004225778   0.0012397958  -0.0041793817
        0.0019970608   0.0047758406   0.0359316397  -0.0067646894  -0.0223485835
       -0.0036839482   0.0015650814   0.0029108794  -0.0005724490   0.0003802259
        0.0004895497   0.0005662390  -0.0016670609   0.0007611480  -0.0001036787
        0.0001200314  -0.0001221963   0.0028078113   0.0001146201   0.0007409680
       -0.0050151467  -0.0078051187  -0.0038865351   0.0011631213  -0.0000251256
        0.0006359576   0.0002119547   0.0001253010  -0.0000995466  -0.0013481054
        0.0057921856  -0.0038379830  -0.0024137541   0.0007610057   0.0003889216
       -0.0378480542   0.0152139176   0.0117500789   0.0006371117  -0.0002689563
        0.0004183501  -0.2174729593   0.0561663801   0.0422021957  -0.0060322707
        0.0008944957   0.0094402906  -0.0555740670  -0.0100274277   0.0147239356
        0.3669629680  -0.0736552858  -0.0541026227   0.0037084405  -0.0027830125
        0.0005303250   0.0000458796   0.0000499073   0.0010276379  -0.0002313285
        0.0002158569  -0.0009362209   0.0007515443   0.0000010085  -0.0006197070
       -0.0025275029   0.0000885684   0.0008867504  -0.0449771692   0.0153633895
       -0.0200380622  -0.0003372680  -0.0000433547   0.0010266071   0.0000469030
       -0.0000931675  -0.0003526084   0.0002497030   0.0000294324   0.0008422355
       -0.0026952144  -0.0040150134  -0.0011251011  -0.0008436240  -0.0006318023
       -0.0003109990  -0.0000524643   0.0003011878  -0.0000335354   0.0020695167
       -0.0060850768   0.0041451131   0.0023072805  -0.0004654223  -0.0003709297
        0.0361058082  -0.0110278359  -0.0095107270  -0.0002173931   0.0023125837
        0.0000026252   0.0411470950  -0.0645407432  -0.0057590145  -0.0001129590
        0.0016193805   0.0002678430  -0.0245765887   0.0107534351   0.0113852244
       -0.0736552858   0.1004822133  -0.0799155826   0.0025232646   0.0008571116
       -0.0003589290   0.0002253141   0.0003434745  -0.0011597310   0.0003971422
        0.0008146569   0.0001390034  -0.0001470358  -0.0002330525   0.0000702180
       -0.0011186539   0.0001592945   0.0003672181   0.0188241585  -0.0297030651
        0.0821309603  -0.0002636462  -0.0009468920  -0.0004437806  -0.0002319621
        0.0002851528   0.0004061248   0.0003152475  -0.0002795874   0.0000739994
       -0.0001617131   0.0003116612   0.0014348756  -0.0002873936   0.0000592111
       -0.0007783587  -0.0001212751   0.0000643889   0.0000190181  -0.0006905732
        0.0004821231  -0.0003816674   0.0001759833  -0.0002346436   0.0000269036
       -0.0001686476   0.0010735681   0.0012598847  -0.0001002543   0.0000671001
       -0.0001200714   0.0669887213  -0.0182982479  -0.1081495325   0.0344361873
       -0.0073207473  -0.0198454509   0.0062371608   0.0069066600   0.0080536731
       -0.0541026227  -0.0799155826   0.5012863446  -0.0074489107   0.0053692643
        0.0018750377   0.0004913050  -0.0001258173   0.0007436975  -0.0004294954
       -0.0002016634   0.0009726370  -0.0004682360  -0.0001246433   0.0005087556
        0.0002887645   0.0000977406   0.0001236919  -0.0453808398   0.0911459046
       -0.3864203701   0.0007553212   0.0002617828  -0.0002878889  -0.0002661902
        0.0002318318   0.0000019644   0.0002527083   0.0001501089  -0.0003231438
       -0.0014353139   0.0002536617   0.0005847231   0.0006972357  -0.0005270669
       -0.0028232674   0.0003947894   0.0004358511   0.0001925743  -0.0031144888
        0.0005030543   0.0310307115   0.0025917407  -0.0011802126  -0.0000740925
       -0.0720509613  -0.0164584281   0.0091660684   0.0020951911  -0.0009231276
       -0.0214465511  -0.0038658136   0.0023593513  -0.0081803596  -0.0003399832
        0.0018432154  -0.0007285819   0.0022242654   0.0004428631   0.0001835179
        0.0037084405   0.0025232646  -0.0074489107   0.3654316364   0.1680370957
        0.0743860762  -0.0073419415   0.0008640266   0.0082721513  -0.0129857348
       -0.0082096415   0.0038817068   0.0000885281   0.0000174817  -0.0001314994
        0.0001625383   0.0000823217  -0.0001168537   0.0015984804  -0.0033196652
        0.0028400952  -0.2767926163  -0.1473579620  -0.0893984766  -0.0004636399
       -0.0000035137  -0.0005253590  -0.0006023526   0.0006174305   0.0003363273
        0.0011748064  -0.0003020381  -0.0006005054  -0.0000381654  -0.0012650280
       -0.0020993801   0.0000410959   0.0003870912   0.0002317685   0.0027987461
        0.0014295609  -0.0037670744  -0.0013096175   0.0008043081  -0.0002561072
       -0.0157525265  -0.0571102419   0.0031349004   0.0007792785   0.0023188544
       -0.0229430245   0.0043640016  -0.0041408526   0.0295888656   0.0024633982
       -0.0043662896   0.0032315013   0.0000632032   0.0036037813   0.0010556694
       -0.0027830125   0.0008571116   0.0053692643   0.1680370957   0.1440286595
        0.0376029469   0.0013652158   0.0009830036  -0.0024257129  -0.0079250434
       -0.0015812048   0.0021738046   0.0000957128   0.0000845242   0.0002045099
       -0.0001144540   0.0001989509  -0.0000889642  -0.0036225206   0.0009741058
       -0.0017260916  -0.1506477017  -0.0876699688  -0.0493700547   0.0001279759
        0.0000397064   0.0005678509   0.0008825114   0.0007259658   0.0001158332
       -0.0006662913  -0.0002744645   0.0003614789  -0.0019869379  -0.0016651562
       -0.0035423111   0.0002171185   0.0002406066  -0.0000620393   0.0053317348
        0.0004479633  -0.0274765965  -0.0010093720  -0.0004160466   0.0013449165
        0.0365256076   0.0172438596  -0.2302424366  -0.0043681153  -0.0072466638
       -0.0281537448  -0.0014605034   0.0083942609  -0.0424923331  -0.0029231302
        0.0055272608  -0.0022980275   0.0034060879   0.0026662624   0.0036535007
        0.0005303250  -0.0003589290   0.0018750377   0.0743860762   0.0376029469
        0.4123075637   0.0088639790  -0.0014514263  -0.0073364276  -0.0031241764
       -0.0014814666   0.0057888439  -0.0001995253  -0.0003372416   0.0003193253
        0.0000447889   0.0001234343   0.0000943862  -0.0000011655  -0.0010551306
        0.0002378314  -0.1135763903  -0.0597225424  -0.0841301351  -0.0004064960
        0.0008390736   0.0005800022   0.0004163858   0.0009233990  -0.0008288351
       -0.0008023969   0.0010354285  -0.0003889995   0.0014202225  -0.0039190251
       -0.0153520467   0.0014861067   0.0012448708   0.0000319798  -0.0564641251
       -0.0113964035   0.0143883938   0.0043081036  -0.0014139288  -0.0103167009
       -0.0019351971   0.0044992357   0.0302467663   0.0021110929   0.0009340145
        0.0003580768   0.0001057786  -0.0019470200  -0.0015937030   0.0002824254
       -0.0001659096   0.0008465327   0.0017733647   0.0006922565   0.0002785189
        0.0000458796   0.0002253141   0.0004913050  -0.0073419415   0.0013652158
        0.0088639790   0.1566732758   0.1899386656  -0.0036955063  -0.0001358480
       -0.0043630120  -0.0032039144  -0.0002603811  -0.0004992297   0.0003667903
        0.0000612755   0.0002818426   0.0002761202   0.0001488679  -0.0002751462
       -0.0000365055  -0.0012865218  -0.0002023799  -0.0005670022  -0.0994056609
       -0.1756526392  -0.0203095712  -0.0007843209  -0.0003821499  -0.0006845134
        0.0003898561   0.0000444129  -0.0001370773   0.0007378560  -0.0070038750
       -0.0288729515   0.0004379584   0.0006683730   0.0001365119  -0.0063704009
       -0.0709126390  -0.0264985593  -0.0024092301   0.0062480385   0.0212648302
        0.0008955474   0.0011205495  -0.0068593836  -0.0000594571   0.0004142665
        0.0008808787  -0.0007116257  -0.0004427707   0.0004488393  -0.0000203646
        0.0001270443  -0.0003337338   0.0002378517   0.0001869725  -0.0004225778
        0.0000499073   0.0003434745  -0.0001258173   0.0008640266   0.0009830036
       -0.0014514263   0.1899386656   0.4072062814   0.0983836520  -0.0029919672
       -0.0059758789  -0.0046823664  -0.0000000602  -0.0008507584  -0.0005256871
       -0.0003882407   0.0005983692  -0.0003583935  -0.0001308932  -0.0000989280
        0.0000443422  -0.0001108396  -0.0004600956   0.0000990351  -0.1797812267
       -0.3319846108  -0.0502862043  -0.0005773632  -0.0002112295  -0.0007039111
        0.0004945719   0.0008974150  -0.0017303867  -0.0011874504  -0.0095802076
       -0.0178621827  -0.0001197423   0.0008544668   0.0006018741   0.0297587692
       -0.0038358820  -0.2321814281  -0.0017316407   0.0019286665  -0.0420737538
        0.0065847042  -0.0073651560  -0.0262037867  -0.0015541427   0.0010298153
        0.0014790320  -0.0003784966   0.0026577581  -0.0025104340   0.0003324777
       -0.0003948758   0.0009076044  -0.0006910071  -0.0011646995   0.0012397958
        0.0010276379  -0.0011597310   0.0007436975   0.0082721513  -0.0024257129
       -0.0073364276  -0.0036955063   0.0983836520   0.3754269393  -0.0020461325
       -0.0037211639   0.0000159358   0.0002426216  -0.0004220909   0.0010876484
       -0.0000438538   0.0001327753   0.0000620624  -0.0006936945   0.0006276574
        0.0000274564   0.0002670739   0.0012813471   0.0009455885  -0.0346841209
       -0.0777545002  -0.0522044267  -0.0001542201   0.0000304663  -0.0004348084
       -0.0029498667   0.0014498423  -0.0158956843  -0.0566005052   0.0078586209
       -0.0027034400   0.0054768529   0.0058581724   0.0259175499   0.0029291526
       -0.0021524043  -0.0136103255  -0.0000153038   0.0010927656   0.0002197424
        0.0007837617   0.0012088673   0.0047373462   0.0006986559  -0.0000312082
       -0.0007593738   0.0003616019  -0.0002547545   0.0006340931   0.0000145212
        0.0001051439  -0.0002086260   0.0018986513   0.0002089092  -0.0041793817
       -0.0002313285   0.0003971422  -0.0004294954  -0.0129857348  -0.0079250434
       -0.0031241764  -0.0001358480  -0.0029919672  -0.0020461325   0.1130907128
       -0.1547129243   0.0002980352  -0.0008899053   0.0022867418  -0.0019608191
        0.0002132269  -0.0001629758   0.0002928819   0.0008897344  -0.0004474969
        0.0001977042   0.0034843675   0.0035062127  -0.0017081689  -0.0002884853
        0.0001156342  -0.0004042171  -0.0557442616   0.1445907222   0.0147324877
        0.0029277888   0.0007019489   0.0260578756   0.0072008627  -0.0722068376
       -0.0264722656   0.0025538861   0.0021359894  -0.0089164556  -0.0004912283
       -0.0036392579  -0.0284587450   0.0006221271   0.0019723669  -0.0000164146
        0.0013589764   0.0007915072   0.0020900047   0.0005365053   0.0000053715
       -0.0004677475  -0.0011951446  -0.0024775749  -0.0001658745  -0.0000041640
        0.0001067872   0.0001134039   0.0010071587   0.0027468849   0.0019970608
        0.0002158569   0.0008146569  -0.0002016634  -0.0082096415  -0.0015812048
       -0.0014814666  -0.0043630120  -0.0059758789  -0.0037211639  -0.1547129243
        0.4412949026   0.0827402565   0.0029342753  -0.0036170825   0.0028579973
        0.0001293467   0.0019021788   0.0006639913   0.0001921682  -0.0005986591
        0.0001124827   0.0027263612  -0.0013462465   0.0000769266  -0.0001880277
       -0.0004468945  -0.0014044101   0.1467588291  -0.3605829578  -0.0454037924
       -0.0055134478   0.0006941635  -0.0427168877  -0.0183835475   0.0045708858
       -0.2196371385   0.0090582150  -0.0038850473  -0.0309578941  -0.0072502633
       -0.0087477302  -0.0245405349   0.0005955305   0.0002083052   0.0007271547
        0.0015426718   0.0006188569  -0.0041614944  -0.0001458513   0.0000502030
        0.0001181796   0.0017424665   0.0002608088  -0.0007147862   0.0004552028
       -0.0001105816   0.0003980283   0.0022309300  -0.0031568116   0.0047758406
       -0.0009362209   0.0001390034   0.0009726370   0.0038817068   0.0021738046
        0.0057888439  -0.0032039144  -0.0046823664   0.0000159358   0.0002980352
        0.0827402565   0.3653271375  -0.0037676452   0.0061868411  -0.0032948118
        0.0009809673  -0.0021517236   0.0018573963  -0.0003887030   0.0000827964
       -0.0004618191  -0.0052735925  -0.0026672547  -0.0016185555  -0.0001642740
       -0.0004502167  -0.0013212257   0.0242417340  -0.0718741931  -0.0505560060
       -0.0425706546  -0.0051039750  -0.0226694243  -0.0005988739  -0.0018582027
       -0.0123282475  -0.0002189517  -0.0000174421  -0.0003309490   0.0004722292
       -0.0006729558   0.0001647885  -0.0001418535  -0.0001182568   0.0000110459
       -0.0001844479  -0.0000618628  -0.0002320486  -0.0000381649   0.0000153569
       -0.0000007377   0.0014139117   0.0021672991   0.0043199226  -0.0000677222
        0.0000267543  -0.0013078605  -0.0122412101   0.0044238447   0.0359316397
        0.0007515443  -0.0001470358  -0.0004682360   0.0000885281   0.0000957128
       -0.0001995253  -0.0002603811  -0.0000000602   0.0002426216  -0.0008899053
        0.0029342753  -0.0037676452   0.0559218174   0.0017374926   0.0152067232
       -0.0009912749  -0.0036230765  -0.0145174421   0.0000279597   0.0000347239
       -0.0002553057  -0.0002594679  -0.0000504060  -0.0000180782   0.0000193288
       -0.0002113236   0.0000179188  -0.0002324111   0.0004291378   0.0002008396
       -0.0049162302  -0.0494135106  -0.0331269836   0.0029249107   0.0022638639
        0.0199482979  -0.0000264719   0.0001947995   0.0000757011   0.0002108178
        0.0006111589   0.0011834920   0.0000257144   0.0002991733  -0.0002189008
       -0.0000744956  -0.0003045889   0.0001246855  -0.0000471900  -0.0000432866
        0.0000072959  -0.0000480990   0.0010483090   0.0028076408   0.0001545145
        0.0004176904  -0.0001470480   0.0028237722   0.0011364909  -0.0067646894
        0.0000010085  -0.0002330525  -0.0001246433   0.0000174817   0.0000845242
       -0.0003372416  -0.0004992297  -0.0008507584  -0.0004220909   0.0022867418
       -0.0036170825   0.0061868411   0.0017374926   0.0542762463   0.0373602537
       -0.0049643750  -0.0056118191  -0.0264710310  -0.0000807260  -0.0000546508
       -0.0000011099   0.0002075518  -0.0000039709   0.0000610884   0.0002689527
       -0.0000475910  -0.0000758824  -0.0000021413  -0.0001519453  -0.0000656756
       -0.0242238988  -0.0301318864  -0.2494087103  -0.0036254643  -0.0003193916
       -0.0175251060  -0.0002698248  -0.0000493341   0.0002060011   0.0002667112
       -0.0003789361  -0.0009345641  -0.0000741190  -0.0004052336  -0.0000080834
        0.0000849154   0.0001146581  -0.0007011803  -0.0000315494  -0.0000569100
        0.0000865388  -0.0004256814  -0.0006967590   0.0017140747   0.0011556167
        0.0008831187   0.0001320194   0.0173415575  -0.0051503614  -0.0223485835
       -0.0006197070   0.0000702180   0.0005087556  -0.0001314994   0.0002045099
        0.0003193253   0.0003667903  -0.0005256871   0.0010876484  -0.0019608191
        0.0028579973  -0.0032948118   0.0152067232   0.0373602537   0.2987141759
       -0.0026208346  -0.0036341615  -0.0088057367  -0.0003112041  -0.0001928348
        0.0001378422   0.0000231636  -0.0002183554   0.0000348889  -0.0002936861
       -0.0003429944   0.0000108953   0.0001428100   0.0006120896   0.0000746104
       -0.0883033597  -0.0915470952  -0.0221793789   0.0057633174   0.0103235755
        0.0012630690   0.0003959073   0.0003787034   0.0000735272  -0.0006621965
        0.0022552116  -0.0016221656   0.0003385510   0.0006911822   0.0001642761
       -0.0003686100   0.0002917162  -0.0002347687   0.0000648780   0.0000481224
        0.0000233231  -0.0034758509   0.0005735605   0.0035846388   0.0002059596
        0.0003243537   0.0004906252  -0.0278623501  -0.0266482246  -0.0036839482
       -0.0025275029  -0.0011186539   0.0002887645   0.0001625383  -0.0001144540
        0.0000447889   0.0000612755  -0.0003882407  -0.0000438538   0.0002132269
        0.0001293467   0.0009809673  -0.0009912749  -0.0049643750  -0.0026208346
        0.1169709753   0.1103902581   0.0230190808   0.0000189182  -0.0000532916
       -0.0001601259  -0.0001747680   0.0000072550  -0.0000358533  -0.0000433108
        0.0001227576   0.0000161937   0.0002136761  -0.0007017079   0.0006316744
       -0.0945488132  -0.2099915717  -0.0396136682  -0.0097496670  -0.0268186304
       -0.0031999438  -0.0002811519   0.0003856600  -0.0003283550   0.0029260313
       -0.0042683024   0.0029171145  -0.0007462878  -0.0013076938  -0.0003341376
        0.0003838391   0.0004896294  -0.0001243249   0.0001557569   0.0001795836
       -0.0000095330  -0.0001108118   0.0003284439   0.0002222371   0.0002504406
        0.0001692495   0.0002809140  -0.0045598670   0.0022199644   0.0015650814
        0.0000885684   0.0001592945   0.0000977406   0.0000823217   0.0001989509
        0.0001234343   0.0002818426   0.0005983692   0.0001327753  -0.0001629758
        0.0019021788  -0.0021517236  -0.0036230765  -0.0056118191  -0.0036341615
        0.1103902581   0.2416194788   0.0428658663   0.0000344541  -0.0001238507
       -0.0000683103  -0.0002264341  -0.0002720696  -0.0001180574  -0.0000587296
        0.0001268577   0.0001959254  -0.0005256980   0.0000162771   0.0011811264
       -0.0239841933  -0.0415269484  -0.0541010645   0.0043358390   0.0118131378
        0.0012226684   0.0003308402  -0.0004239665   0.0001400481  -0.0008556907
        0.0019297115  -0.0010709435   0.0003053588   0.0005501702   0.0001326671
       -0.0000440987  -0.0000766841   0.0000016382  -0.0000227076   0.0000141383
       -0.0000318376   0.0010440595  -0.0002940527  -0.0001982420   0.0002092636
        0.0000773319   0.0001548256   0.0087042040   0.0108524779   0.0029108794
        0.0008867504   0.0003672181   0.0001236919  -0.0001168537  -0.0000889642
        0.0000943862   0.0002761202  -0.0003583935   0.0000620624   0.0002928819
        0.0006639913   0.0018573963  -0.0145174421  -0.0264710310  -0.0088057367
        0.0230190808   0.0428658663   0.0584366917  -0.0000118934  -0.0000305928
        0.0000730727   0.0001013773   0.0001152973  -0.0000422410  -0.0001275730
       -0.0000531666   0.0000745854   0.0001746770   0.0000744591  -0.0010345485
       -0.0006979054  -0.0003407067   0.0004220396  -0.0001271943  -0.0001156223
        0.0003824517   0.0001989949  -0.0000409874   0.0000004275  -0.0001384429
        0.0000586450   0.0005109997   0.0000743182  -0.0000190505   0.0000072443
        0.0000255255   0.0011411117   0.0024581616  -0.0000750790  -0.0001001125
       -0.0000887303  -0.0002937308  -0.0056128508   0.0395161213  -0.0039501084
        0.0010066130   0.0022409246   0.0001868954   0.0005998360  -0.0005724490
       -0.0449771692   0.0188241585  -0.0453808398   0.0015984804  -0.0036225206
       -0.0000011655   0.0001488679  -0.0001308932  -0.0006936945   0.0008897344
        0.0001921682  -0.0003887030   0.0000279597  -0.0000807260  -0.0003112041
        0.0000189182   0.0000344541  -0.0000118934   0.0489189295  -0.0119043379
        0.0023648180  -0.0013033774   0.0003638240  -0.0005334717  -0.0000323853
        0.0000218057   0.0001324373  -0.0004932313  -0.0002748086  -0.0000534744
       -0.0006992437   0.0001881847   0.0001564417   0.0001838333   0.0003405008
        0.0001171424  -0.0000429723  -0.0001504340   0.0000068315   0.0001704396
        0.0001438605  -0.0003360571  -0.0000409856  -0.0001293665  -0.0000349185
        0.0006921809   0.0005292566  -0.0025328636   0.0000774466  -0.0006419622
       -0.0003757481  -0.0039962870   0.0020336374  -0.0066518570   0.0030712418
        0.0008404127  -0.0022021050   0.0010550404  -0.0002420613   0.0003802259
        0.0153633895  -0.0297030651   0.0911459046  -0.0033196652   0.0009741058
       -0.0010551306  -0.0002751462  -0.0000989280   0.0006276574  -0.0004474969
       -0.0005986591   0.0000827964   0.0000347239  -0.0000546508  -0.0001928348
       -0.0000532916  -0.0001238507  -0.0000305928  -0.0119043379   0.0255907385
       -0.0790932508   0.0002864358   0.0009331024   0.0002402326   0.0000915092
       -0.0000504129  -0.0002076036  -0.0002468145   0.0002195912  -0.0000442706
        0.0003020717   0.0001284525  -0.0003292461  -0.0000536330   0.0000774666
        0.0004204145  -0.0000887438  -0.0000251221  -0.0000208089   0.0001284158
       -0.0000177502  -0.0006365687  -0.0002818575   0.0001647639   0.0000960942
       -0.0010760849   0.0010680661   0.0007596587   0.0000076180  -0.0004288923
       -0.0004436273   0.0139970842  -0.0014893341  -0.0194710789   0.0036702757
        0.0002437340  -0.0019108028  -0.0008869052  -0.0003111637   0.0004895497
       -0.0200380622   0.0821309603  -0.3864203701   0.0028400952  -0.0017260916
        0.0002378314  -0.0000365055   0.0000443422   0.0000274564   0.0001977042
        0.0001124827  -0.0004618191  -0.0002553057  -0.0000011099   0.0001378422
       -0.0001601259  -0.0000683103   0.0000730727   0.0023648180  -0.0790932508
        0.4068530410  -0.0006747259  -0.0006818563   0.0004105757   0.0000778622
       -0.0000402387  -0.0000239903  -0.0000339955  -0.0000871484   0.0002127755
        0.0013909794  -0.0003468136  -0.0010611376   0.0009876411   0.0019646132
        0.0056897303  -0.0002120902  -0.0003709874  -0.0003871088   0.0027108780
        0.0006032808   0.0009670995  -0.0002133901   0.0005330703   0.0002553230
        0.0037093236   0.0022847674  -0.0064536161   0.0013229075   0.0007985059
        0.0022089380   0.0010334110   0.0013482973  -0.0010168032   0.0000955380
       -0.0001875869   0.0002259419  -0.0017638338  -0.0008279010   0.0005662390
       -0.0003372680  -0.0002636462   0.0007553212  -0.2767926163  -0.1506477017
       -0.1135763903  -0.0012865218  -0.0001108396   0.0002670739   0.0034843675
        0.0027263612  -0.0052735925  -0.0002594679   0.0002075518   0.0000231636
       -0.0001747680  -0.0002264341   0.0001013773  -0.0013033774   0.0002864358
       -0.0006747259   0.2670001484   0.1442354371   0.1175752496   0.0002417796
       -0.0001476963  -0.0000326479   0.0003663593  -0.0018587141  -0.0001594351
       -0.0004538314   0.0000600376   0.0002075209   0.0002253351   0.0017672958
        0.0031098516   0.0000714133  -0.0003574434  -0.0004228327  -0.0013061135
        0.0014405287  -0.0011784759   0.0005934392  -0.0009115838  -0.0002984212
        0.0033511787  -0.0003267732  -0.0060603371  -0.0005406254  -0.0002024725
       -0.0025921361   0.0006616781   0.0024770937   0.0022213919   0.0001461243
       -0.0004251770  -0.0000788119  -0.0008122504  -0.0004858293  -0.0016670609
       -0.0000433547  -0.0009468920   0.0002617828  -0.1473579620  -0.0876699688
       -0.0597225424  -0.0002023799  -0.0004600956   0.0012813471   0.0035062127
       -0.0013462465  -0.0026672547  -0.0000504060  -0.0000039709  -0.0002183554
        0.0000072550  -0.0002720696   0.0001152973   0.0003638240   0.0009331024
       -0.0006818563   0.1442354371   0.0897140150   0.0681029026  -0.0001154204
       -0.0000406209  -0.0002666135  -0.0022795537  -0.0029429296   0.0005546039
        0.0003331957   0.0005084895  -0.0008102441   0.0015334105   0.0007398548
       -0.0018087261  -0.0001534390  -0.0000371386  -0.0001287583  -0.0001109863
       -0.0008411013  -0.0005043702   0.0004372902  -0.0005927084  -0.0001495413
       -0.0273691353  -0.0184472195  -0.0225566465  -0.0003642930  -0.0001731520
       -0.0059627016  -0.0019058495   0.0005698318  -0.0011720382   0.0000248635
        0.0001670092   0.0001046309   0.0002997082  -0.0006722485   0.0007611480
        0.0010266071  -0.0004437806  -0.0002878889  -0.0893984766  -0.0493700547
       -0.0841301351  -0.0005670022   0.0000990351   0.0009455885  -0.0017081689
        0.0000769266  -0.0016185555  -0.0000180782   0.0000610884   0.0000348889
       -0.0000358533  -0.0001180574  -0.0000422410  -0.0005334717   0.0002402326
        0.0004105757   0.1175752496   0.0681029026   0.1157038296   0.0001040097
        0.0000199277  -0.0001507455   0.0008304195   0.0001101627   0.0013619308
        0.0003029382   0.0000111811   0.0002003013   0.0003676819  -0.0002728967
       -0.0010451813   0.0000472021  -0.0001148733  -0.0000237349  -0.0003449547
        0.0040875245  -0.0025425024   0.0004228314  -0.0010412631  -0.0000938665
        0.0025878909   0.0013244024   0.0008528796  -0.0004246035  -0.0006250464
        0.0000734422  -0.0000994971   0.0006770849   0.0006158691  -0.0001751389
        0.0002038102  -0.0002967362  -0.0005230767  -0.0002308859  -0.0001036787
        0.0000469030  -0.0002319621  -0.0002661902  -0.0004636399   0.0001279759
       -0.0004064960  -0.0994056609  -0.1797812267  -0.0346841209  -0.0002884853
       -0.0001880277  -0.0001642740   0.0000193288   0.0002689527  -0.0002936861
       -0.0000433108  -0.0000587296  -0.0001275730  -0.0000323853   0.0000915092
        0.0000778622   0.0002417796  -0.0001154204   0.0001040097   0.0976641524
        0.1758844871   0.0381370074   0.0001000449  -0.0000165962  -0.0000133312
       -0.0004374966  -0.0000291971   0.0000815901  -0.0006764878  -0.0000169334
       -0.0024218506   0.0006700519   0.0001778973   0.0000587948  -0.0010550760
       -0.0051211968  -0.0054599830   0.0004114025   0.0018665835   0.0004018303
       -0.0000513054   0.0004839435  -0.0003934792   0.0005209398   0.0001862359
       -0.0004717695  -0.0001500596  -0.0008562891  -0.0005433958   0.0002396992
       -0.0004144305   0.0002639930   0.0006090286   0.0003365185   0.0001200314
       -0.0000931675   0.0002851528   0.0002318318  -0.0000035137   0.0000397064
        0.0008390736  -0.1756526392  -0.3319846108  -0.0777545002   0.0001156342
       -0.0004468945  -0.0004502167  -0.0002113236  -0.0000475910  -0.0003429944
        0.0001227576   0.0001268577  -0.0000531666   0.0000218057  -0.0000504129
       -0.0000402387  -0.0001476963  -0.0000406209   0.0000199277   0.1758844871
        0.3355171101   0.0859929768  -0.0001170408  -0.0000118288  -0.0000784549
       -0.0000917084   0.0001519523   0.0002730066   0.0006910895  -0.0008196544
       -0.0051806851   0.0001252630   0.0001502668   0.0000000066  -0.0177635784
       -0.0328098653  -0.0133593954  -0.0006504285  -0.0008957832   0.0001886910
       -0.0000735447  -0.0004635436  -0.0000777583   0.0009618933   0.0001059322
       -0.0001447246   0.0003887203  -0.0008377658   0.0003507689  -0.0000027223
        0.0001078533  -0.0000036263   0.0000390102   0.0005506565  -0.0001221963
       -0.0003526084   0.0004061248   0.0000019644  -0.0005253590   0.0005678509
        0.0005800022  -0.0203095712  -0.0502862043  -0.0522044267  -0.0004042171
       -0.0014044101  -0.0013212257   0.0000179188  -0.0000758824   0.0000108953
        0.0000161937   0.0001959254   0.0000745854   0.0001324373  -0.0002076036
       -0.0000239903  -0.0000326479  -0.0002666135  -0.0001507455   0.0381370074
        0.0859929768   0.0713772822  -0.0003031476  -0.0001622129  -0.0002684282
        0.0021190820   0.0001885390  -0.0026061232   0.0002670668  -0.0021338392
        0.0036690430  -0.0011813394   0.0003013139   0.0031375578  -0.0004881317
       -0.0008356786  -0.0024239646  -0.0000654757  -0.0002865515  -0.0000669171
        0.0000952607  -0.0003236093  -0.0009729591  -0.0001159937   0.0000930269
        0.0000314965  -0.0009580497  -0.0013377342  -0.0008331325   0.0001026537
        0.0001119168   0.0003483356   0.0013957718   0.0001293029   0.0028078113
        0.0002497030   0.0003152475   0.0002527083  -0.0006023526   0.0008825114
        0.0004163858  -0.0007843209  -0.0005773632  -0.0001542201  -0.0557442616
        0.1467588291   0.0242417340  -0.0002324111  -0.0000021413   0.0001428100
        0.0002136761  -0.0005256980   0.0001746770  -0.0004932313  -0.0002468145
       -0.0000339955   0.0003663593  -0.0022795537   0.0008304195   0.0001000449
       -0.0001170408  -0.0003031476   0.0557559491  -0.1401146631  -0.0286585195
        0.0011744247   0.0024308693   0.0016609247  -0.0007218061  -0.0028464309
       -0.0091588096  -0.0010577113  -0.0002888918   0.0010993695   0.0002136085
       -0.0011600266  -0.0021630206   0.0001249711   0.0004351149   0.0000561720
       -0.0002601266  -0.0002555630  -0.0011997066   0.0000073726   0.0000524130
        0.0001780679   0.0000256491   0.0006814082  -0.0004732762  -0.0000192456
       -0.0000935399   0.0000562156  -0.0018052194  -0.0011589806   0.0001146201
        0.0000294324  -0.0002795874   0.0001501089   0.0006174305   0.0007259658
        0.0009233990  -0.0003821499  -0.0002112295   0.0000304663   0.1445907222
       -0.3605829578  -0.0718741931   0.0004291378  -0.0001519453   0.0006120896
       -0.0007017079   0.0000162771   0.0000744591  -0.0002748086   0.0002195912
       -0.0000871484  -0.0018587141  -0.0029429296   0.0001101627  -0.0000165962
       -0.0000118288  -0.0001622129  -0.1401146631   0.3654222715   0.0800523119
        0.0006209311  -0.0018821088  -0.0011828285   0.0118002113  -0.0316910721
       -0.0139585730   0.0003914284  -0.0014360858  -0.0032400602   0.0010695484
       -0.0009923598  -0.0029968461   0.0000264402   0.0002400101  -0.0000298636
       -0.0000165762   0.0001246057   0.0006655686   0.0001392860   0.0001406335
       -0.0001251731  -0.0018256642  -0.0008186710  -0.0002266606   0.0001153549
        0.0001872118   0.0001325622   0.0005047493   0.0004460663   0.0007409680
        0.0008422355   0.0000739994  -0.0003231438   0.0003363273   0.0001158332
       -0.0008288351  -0.0006845134  -0.0007039111  -0.0004348084   0.0147324877
       -0.0454037924  -0.0505560060   0.0002008396  -0.0000656756   0.0000746104
        0.0006316744   0.0011811264  -0.0010345485  -0.0000534744  -0.0000442706
        0.0002127755  -0.0001594351   0.0005546039   0.0013619308  -0.0000133312
       -0.0000784549  -0.0002684282  -0.0286585195   0.0800523119   0.0720173597
