           1           2  0.98504866638019750     
           2           3  0.95863124425782675     
           2           4  0.96814809032689675     
           4           5  0.95796946981414943     
           4           6  0.96564940875762617     
           6           7  0.96010612791812333     
           6           8  0.94364565842382997     
           8           9  0.95058647756844727     
           1          10  0.98744315593604326     
           8          10  0.94479983521232414     
           8          11   1.0376495547065869     
           6          12   1.0071786820121709     
           4          13  0.99642516576794349     
           2          14  0.98899212620487409     
           1          15  0.96239153521029686     
           1          16  0.96619427685058124     
          11          17  0.86627589223024759     
          12          18  0.85496837043315932     
          13          19  0.89120775239672700     
          14          20  0.87929646179364185     
