$hessian                                                                        
        0.0025077869  -0.0000391763   0.0000061007  -0.0002823750   0.0000126653
       -0.0000022124  -0.0003198430   0.0000897169  -0.0000154930  -0.0003617164
       -0.0000374365   0.0000058854  -0.0003063374  -0.0000839073   0.0000131912
       -0.0003584987  -0.0000358569   0.0000055251  -0.0002527162   0.0000083467
       -0.0000013129  -0.0002518782   0.0000131078  -0.0000022922  -0.0003744221
        0.0000725403  -0.0000093919
       -0.0000391763   0.0024174705  -0.0000046964   0.0000872859  -0.0002810840
        0.0000076063  -0.0000053363  -0.0000780048   0.0000031783  -0.0001022135
       -0.0004257984  -0.0000098049   0.0000231368  -0.0005394187  -0.0000013293
       -0.0001315919  -0.0004035655  -0.0000120361   0.0001832251  -0.0002998553
        0.0000153039   0.0001461926  -0.0002707074   0.0000122427  -0.0001615225
       -0.0001190363  -0.0000104645
        0.0000061007  -0.0000046964   0.0023598623  -0.0000086334   0.0000055254
       -0.0002147211   0.0000288522  -0.0000125622  -0.0000140932   0.0001593768
       -0.0000833634  -0.0005149903  -0.0000057860   0.0000002749  -0.0005921204
       -0.0001242329   0.0000611278  -0.0005267860   0.0001172964  -0.0000593528
       -0.0001654870  -0.0001628031   0.0000873788  -0.0001731840  -0.0000101706
        0.0000056679  -0.0001584804
       -0.0002823750   0.0000872859  -0.0000086334   0.0024494394  -0.0000279476
        0.0000028845  -0.0003096205  -0.0002001323   0.0000162723  -0.0002192794
        0.0000824660  -0.0000086498  -0.0003349630   0.0001868579  -0.0000173413
       -0.0002142528   0.0000802912  -0.0000086182  -0.0004600866  -0.0000196918
        0.0000031123  -0.0004479182  -0.0000267335   0.0000035365  -0.0001809439
       -0.0001623958   0.0000174372
        0.0000126653  -0.0002810840   0.0000055254  -0.0000279476   0.0025110028
       -0.0000105452   0.0000023861  -0.0003900194   0.0000023466   0.0000330471
       -0.0002678876   0.0000134953  -0.0000075481  -0.0002437604  -0.0000018190
        0.0000421097  -0.0002962420   0.0000167169  -0.0000584820  -0.0003113308
       -0.0000224862  -0.0000479807  -0.0003428159  -0.0000185053   0.0000517502
       -0.0003778628   0.0000152714
       -0.0000022124   0.0000076063  -0.0002147211   0.0000028845  -0.0000105452
        0.0023799814  -0.0000102083   0.0000342675  -0.0004094144  -0.0000511615
        0.0001818359  -0.0001213253   0.0000021634  -0.0000073278  -0.0002569858
        0.0000391737  -0.0001392314  -0.0000848326  -0.0000371326   0.0001308328
       -0.0005919943   0.0000539139  -0.0001877729  -0.0005472855   0.0000025793
       -0.0000096651  -0.0001534223
       -0.0003198430  -0.0000053363   0.0000288522  -0.0003096205   0.0000023861
       -0.0000102083   0.0025078282   0.0000117781  -0.0000819976  -0.0003581449
       -0.0000074200   0.0000268723  -0.0003122116  -0.0000116695   0.0000651275
       -0.0002949275  -0.0000038732   0.0000242176  -0.0003327478  -0.0000014325
       -0.0000029843  -0.0002655282   0.0000074778  -0.0000094250  -0.0003148046
        0.0000080896  -0.0000404544
        0.0000897169  -0.0000780048  -0.0000125622  -0.0002001323  -0.0003900194
        0.0000342675   0.0000117781   0.0019561743  -0.0000128035   0.0002338819
       -0.0001381213  -0.0000383930  -0.0000529234   0.0002010637   0.0000178908
        0.0003019358  -0.0000584259  -0.0000509041  -0.0004202407  -0.0004030214
        0.0000755691  -0.0003344911  -0.0003387376   0.0000572029   0.0003704749
       -0.0007509076  -0.0000702676
       -0.0000154930   0.0000031783  -0.0000140932   0.0000162723   0.0000023466
       -0.0004094144  -0.0000819976  -0.0000128035   0.0017500578  -0.0003680330
       -0.0000191648  -0.0000378615   0.0000161316   0.0000074679   0.0003568585
        0.0002898022   0.0000176004  -0.0000574826  -0.0002794601  -0.0000211797
       -0.0003514400   0.0003954283   0.0000366891  -0.0003926173   0.0000273493
       -0.0000141342  -0.0008440075
       -0.0003617164  -0.0001022135   0.0001593768  -0.0002192794   0.0000330471
       -0.0000511615  -0.0003581449   0.0002338819  -0.0003680330   0.0022325421
       -0.0000985136   0.0001518854  -0.0002851787  -0.0002187819   0.0003420840
       -0.0002981786  -0.0000927884   0.0001447806  -0.0002741883   0.0000212760
       -0.0000331965   0.0000257415   0.0000346504  -0.0000512552  -0.0004615972
        0.0001894419  -0.0002944805
       -0.0000374365  -0.0004257984  -0.0000833634   0.0000824660  -0.0002678876
        0.0001818359  -0.0000074200  -0.0001381213  -0.0000191648  -0.0000985136
        0.0021681715  -0.0002186001   0.0000223486  -0.0005181392   0.0000474327
       -0.0001234485  -0.0002086694  -0.0002739560   0.0001718049  -0.0004811968
        0.0003812310   0.0001426802  -0.0000115204   0.0003096298  -0.0001524811
       -0.0001168383  -0.0003250452
        0.0000058854  -0.0000098049  -0.0005149903  -0.0000086498   0.0000134953
       -0.0001213253   0.0000268723  -0.0000383930  -0.0000378615   0.0001518854
       -0.0002186001   0.0022152176  -0.0000054756   0.0000065645  -0.0005525526
       -0.0001175408   0.0001654052  -0.0006636744   0.0001105341  -0.0001576510
        0.0000323602  -0.0001545121   0.0002286121  -0.0000125176  -0.0000089988
        0.0000103720  -0.0003446562
       -0.0003063374   0.0000231368  -0.0000057860  -0.0003349630  -0.0000075481
        0.0000021634  -0.0003122116  -0.0000529234   0.0000161316  -0.0002851787
        0.0000223486  -0.0000054756   0.0025173790   0.0000495763  -0.0000129037
       -0.0002921883   0.0000210732  -0.0000051040  -0.0003500906  -0.0000046486
        0.0000010314  -0.0003561528  -0.0000083737   0.0000018079  -0.0002802565
       -0.0000426411   0.0000081350
       -0.0000839073  -0.0005394187   0.0000002749   0.0001868579  -0.0002437604
       -0.0000073278  -0.0000116695   0.0002010637   0.0000074679  -0.0002187819
       -0.0005181392   0.0000065645   0.0000495763   0.0020417595  -0.0000095031
       -0.0002818327  -0.0005293843   0.0000092042   0.0003922611  -0.0002585191
       -0.0000165789   0.0003133433  -0.0002544098  -0.0000129878  -0.0003458471
        0.0001008083   0.0000228862
        0.0000131912  -0.0000013293  -0.0005921204  -0.0000173413  -0.0000018190
       -0.0002569858   0.0000651275   0.0000178908   0.0003568585   0.0003420840
        0.0000474327  -0.0005525526  -0.0000129037  -0.0000095031   0.0018867011
       -0.0002684156  -0.0000419178  -0.0005294083   0.0002549868   0.0000372804
       -0.0003266330  -0.0003533905  -0.0000515730  -0.0002809541  -0.0000233382
        0.0000035382   0.0002950947
       -0.0003584987  -0.0001315919  -0.0001242329  -0.0002142528   0.0000421097
        0.0000391737  -0.0002949275   0.0003019358   0.0002898022  -0.0002981786
       -0.0001234485  -0.0001175408  -0.0002921883  -0.0002818327  -0.0002684156
        0.0022460482  -0.0001218090  -0.0001117339   0.0000200882   0.0000302657
        0.0000238184  -0.0002835272   0.0000396402   0.0000377001  -0.0005245633
        0.0002447306   0.0002314288
       -0.0000358569  -0.0004035655   0.0000611278   0.0000802912  -0.0002962420
       -0.0001392314  -0.0000038732  -0.0000584259   0.0000176004  -0.0000927884
       -0.0002086694   0.0001654052   0.0000210732  -0.0005293843  -0.0000419178
       -0.0001218090   0.0022827578   0.0002073760   0.0001694423  -0.0001507067
       -0.0002914638   0.0001322519  -0.0004911973  -0.0002377605  -0.0001487312
       -0.0001445666   0.0002588642
        0.0000055251  -0.0000120361  -0.0005267860  -0.0000086182   0.0000167169
       -0.0000848326   0.0000242176  -0.0000509041  -0.0000574826   0.0001447806
       -0.0002739560  -0.0006636744  -0.0000051040   0.0000092042  -0.0005294083
       -0.0001117339   0.0002073760   0.0021214913   0.0001046327  -0.0001975316
        0.0001125803  -0.0001462902   0.0002870221   0.0000508008  -0.0000074096
        0.0000141085  -0.0004226886
       -0.0002527162   0.0001832251   0.0001172964  -0.0004600866  -0.0000584820
       -0.0000371326  -0.0003327478  -0.0004202407  -0.0002794601  -0.0002741883
        0.0001718049   0.0001105341  -0.0003500906   0.0003922611   0.0002549868
        0.0000200882   0.0001694423   0.0001046327   0.0021026866  -0.0000423460
       -0.0000210962  -0.0004263136  -0.0000544886  -0.0000347697  -0.0000266317
       -0.0003411762  -0.0002149914
        0.0000083467  -0.0002998553  -0.0000593528  -0.0000196918  -0.0003113308
        0.0001308328  -0.0000014325  -0.0004030214  -0.0000211797   0.0000212760
       -0.0004811968  -0.0001576510  -0.0000046486  -0.0002585191   0.0000372804
        0.0000302657  -0.0001507067  -0.0001975316  -0.0000423460   0.0023813282
        0.0002756626  -0.0000282651  -0.0001251385   0.0002247181   0.0000364956
       -0.0003515595  -0.0002327787
       -0.0000013129   0.0000153039  -0.0001654870   0.0000031123  -0.0000224862
       -0.0005919943  -0.0000029843   0.0000755691  -0.0003514400  -0.0000331965
        0.0003812310   0.0000323602   0.0000010314  -0.0000165789  -0.0003266330
        0.0000238184  -0.0002914638   0.0001125803  -0.0000210962   0.0002756626
        0.0019560148   0.0000316765  -0.0003986776  -0.0007798805  -0.0000010487
       -0.0000185600   0.0001144795
       -0.0002518782   0.0001461926  -0.0001628031  -0.0004479182  -0.0000479807
        0.0000539139  -0.0002655282  -0.0003344911   0.0003954283   0.0000257415
        0.0001426802  -0.0001545121  -0.0003561528   0.0003133433  -0.0003533905
       -0.0002835272   0.0001322519  -0.0001462902  -0.0004263136  -0.0000282651
        0.0000316765   0.0021078707  -0.0000547560   0.0000512279  -0.0001022939
       -0.0002689751   0.0002847494
        0.0000131078  -0.0002707074   0.0000873788  -0.0000267335  -0.0003428159
       -0.0001877729   0.0000074778  -0.0003387376   0.0000366891   0.0000346504
       -0.0000115204   0.0002286121  -0.0000083737  -0.0002544098  -0.0000515730
        0.0000396402  -0.0004911973   0.0002870221  -0.0000544886  -0.0001251385
       -0.0003986776  -0.0000547560   0.0022237269  -0.0003233469   0.0000494755
       -0.0003892001   0.0003216684
       -0.0000022922   0.0000122427  -0.0001731840   0.0000035365  -0.0000185053
       -0.0005472855  -0.0000094250   0.0000572029  -0.0003926173  -0.0000512552
        0.0003096298  -0.0000125176   0.0000018079  -0.0000129878  -0.0002809541
        0.0000377001  -0.0002377605   0.0000508008  -0.0000347697   0.0002247181
       -0.0007798805   0.0000512279  -0.0003233469   0.0021362363   0.0000034696
       -0.0000111931  -0.0000005982
       -0.0003744221  -0.0001615225  -0.0000101706  -0.0001809439   0.0000517502
        0.0000025793  -0.0003148046   0.0003704749   0.0000273493  -0.0004615972
       -0.0001524811  -0.0000089988  -0.0002802565  -0.0003458471  -0.0000233382
       -0.0005245633  -0.0001487312  -0.0000074096  -0.0000266317   0.0000364956
       -0.0000010487  -0.0001022939   0.0000494755   0.0000034696   0.0022655134
        0.0003003857   0.0000175678
        0.0000725403  -0.0001190363   0.0000056679  -0.0001623958  -0.0003778628
       -0.0000096651   0.0000080896  -0.0007509076  -0.0000141342   0.0001894419
       -0.0001168383   0.0000103720  -0.0000426411   0.0001008083   0.0000035382
        0.0002447306  -0.0001445666   0.0000141085  -0.0003411762  -0.0003515595
       -0.0000185600  -0.0002689751  -0.0003892001  -0.0000111931   0.0003003857
        0.0021491630   0.0000198658
       -0.0000093919  -0.0000104645  -0.0001584804   0.0000174372   0.0000152714
       -0.0001534223  -0.0000404544  -0.0000702676  -0.0008440075  -0.0002944805
       -0.0003250452  -0.0003446562   0.0000081350   0.0000228862   0.0002950947
        0.0002314288   0.0002588642  -0.0004226886  -0.0002149914  -0.0002327787
        0.0001144795   0.0002847494   0.0003216684  -0.0000005982   0.0000175678
        0.0000198658   0.0015142790
