           1           2  0.97851530228976413     
           2           3  0.95751117562216892     
           2           4  0.96370095181791893     
           4           5  0.95851037068736433     
           4           6  0.96972280070847061     
           6           7  0.95906147067982506     
           6           8  0.94595731922601589     
           8           9  0.95037021533023602     
           1          10  0.99560619654762383     
           8          10  0.94169347914600077     
           8          11   1.0382170918072020     
           6          12   1.0100706368140127     
           4          13  0.99816819275367719     
           2          14  0.99050685462508925     
           1          15  0.96216182953867069     
           1          16  0.96610658196502974     
          11          17  0.86646647152268519     
          12          18  0.86012042471591821     
          13          19  0.89270880727166058     
          14          20  0.88745640742137277     
