$hessian                                                                        
        0.4955242604  -0.0065667223   0.0358394451  -0.1067916539  -0.0132175214
        0.0695446782  -0.0252144658   0.0039332419   0.0199144511   0.0002107080
       -0.0019436444  -0.0017423705  -0.0015817126   0.0012454281  -0.0009472719
       -0.0004712322  -0.0000534220  -0.0016898540  -0.0837052557  -0.0420636218
       -0.0801877930  -0.2320840687   0.0910268153  -0.0452251064  -0.0476768346
       -0.0301012185   0.0031900942  -0.0045101419  -0.0031009491   0.0071524985
        0.0064172295   0.0009160178  -0.0057530634   0.0002565063  -0.0001116973
       -0.0000135847  -0.0002391905  -0.0000214055  -0.0000159533  -0.0001341484
        0.0000586992  -0.0000661698
       -0.0065667223   0.5250997106   0.0082975360  -0.0085449903  -0.0667584049
        0.0098905593   0.0058809563   0.0021678149  -0.0104099219   0.0008236276
       -0.0014784757   0.0015075000   0.0010497686   0.0003747250   0.0004721253
        0.0000643706   0.0000547346   0.0004801031  -0.0420650386  -0.0913217967
       -0.0839740894   0.0909841829  -0.0881020127   0.0200722577  -0.0297339973
       -0.2769069770   0.0402751571  -0.0184494723  -0.0052487505   0.0233266962
        0.0065858148   0.0020727475  -0.0099464293  -0.0000817300   0.0000030918
       -0.0000358133   0.0000141090   0.0000533415   0.0000042079   0.0000391211
       -0.0000097485   0.0000401114
        0.0358394451   0.0082975360   0.4774768650   0.0580062022   0.0145792553
       -0.1450372959   0.0090445072  -0.0048883096   0.0040745301  -0.0006801744
        0.0025563537  -0.0000197425  -0.0023229023  -0.0014210536  -0.0015273629
        0.0001172984  -0.0000399905  -0.0001402239  -0.0802870644  -0.0848859784
       -0.1992454975  -0.0453192257   0.0200360812  -0.0518172906   0.0034326350
        0.0408814143  -0.0509102120   0.0063053774   0.0036796872  -0.0069117429
        0.0159126388   0.0011243570  -0.0259188459  -0.0000016908   0.0000207910
       -0.0000016564  -0.0000029212   0.0000717624  -0.0000313547  -0.0000441255
       -0.0000119060   0.0000098300
       -0.1067916539  -0.0085449903   0.0580062022   0.4510646718   0.0327954269
        0.0359750479  -0.1406443010   0.0479632960  -0.0175625733  -0.0054628040
        0.0156501010  -0.0042864570  -0.0461999596   0.0004839469  -0.0141915175
       -0.0014996017  -0.0029053953  -0.0018560998   0.0061823883   0.0018066565
       -0.0053585695  -0.0216116125  -0.0022988231   0.0238096479  -0.0047590672
       -0.0036422832   0.0062842187  -0.0485473114  -0.0401837245   0.0024829304
       -0.0804447457  -0.0417157677  -0.0829127574   0.0002087664  -0.0000118039
       -0.0001350834  -0.0004173948   0.0000353836   0.0000300461  -0.0010773747
        0.0005679770  -0.0002850353
       -0.0132175214  -0.0667584049   0.0145792553   0.0327954269   0.5454750435
        0.0147970870   0.0448260548  -0.0844731684   0.0111927747   0.0410648487
       -0.0402383815   0.0056206247  -0.0145231699   0.0076076374  -0.0035443905
       -0.0034912198  -0.0016526614  -0.0012275599   0.0075985461   0.0016812245
       -0.0105081810   0.0082354516   0.0017874780  -0.0096437789  -0.0184500245
       -0.0056810485   0.0241092317  -0.0417293845  -0.2686327562   0.0342752961
       -0.0421727418  -0.0890867062  -0.0793931303  -0.0000262733  -0.0001868969
        0.0000164504  -0.0000370241  -0.0002212098  -0.0000252338  -0.0008729688
        0.0003798503  -0.0002484456
        0.0695446782   0.0098905593  -0.1450372959   0.0359750479   0.0147970870
        0.4690553741  -0.0255476243   0.0148025350  -0.0739129015  -0.0027870292
       -0.0012286972   0.0136188903  -0.0146062863   0.0024296599   0.0034410536
       -0.0036984213  -0.0014418522   0.0052210273   0.0155807631   0.0014833452
       -0.0250202046   0.0018271548  -0.0005374561   0.0005946694   0.0060373967
        0.0041596838  -0.0072491761   0.0028037224   0.0353151087  -0.0486909104
       -0.0846107713  -0.0797802542  -0.1920533044  -0.0009550465   0.0000743535
       -0.0003563770   0.0009647896  -0.0001719403   0.0003535043  -0.0005283740
        0.0002078677   0.0000356509
       -0.0252144658   0.0058809563   0.0090445072  -0.1406443010   0.0448260548
       -0.0255476243   0.4798088123  -0.0992271072   0.0663794279  -0.0985537451
        0.1230053693   0.0012771345  -0.1534865222  -0.0602038245  -0.0321689705
       -0.0448881354  -0.0163794118  -0.0137537466   0.0008138018  -0.0002394804
       -0.0011628068  -0.0012045466   0.0000142558   0.0018031017  -0.0006206399
       -0.0002365086   0.0003488780   0.0049532989  -0.0007878974   0.0022254809
       -0.0152608344   0.0033957265  -0.0062890642   0.0001260733  -0.0010215633
       -0.0007629831   0.0007299161  -0.0009366131   0.0004939082  -0.0065587120
        0.0019100435  -0.0018872430
        0.0039332419   0.0021678149  -0.0048883096   0.0479632960  -0.0844731684
        0.0148025350  -0.0992271072   0.9274172119   0.0324968336   0.1086109946
       -0.6876781898  -0.0188394152  -0.0768896464  -0.1591842613  -0.0297915731
       -0.0050852823   0.0151712429  -0.0003451419   0.0002506100   0.0000869217
       -0.0008413493  -0.0010190080   0.0000411734   0.0015594249  -0.0028873025
       -0.0006486201   0.0012928407   0.0230744930  -0.0193659348   0.0062570873
       -0.0083723897   0.0059510870  -0.0042662546   0.0043798012   0.0017775211
       -0.0014194118   0.0031609413   0.0013853206   0.0035961650   0.0021073581
       -0.0026481191   0.0003865690
        0.0199144511  -0.0104099219   0.0040745301  -0.0175625733   0.0111927747
       -0.0739129015   0.0663794279   0.0324968336   0.2172498809   0.0000643944
       -0.0172138586  -0.0672447423  -0.0323453768  -0.0246033063  -0.0665974811
       -0.0133668193  -0.0031633647  -0.0033996552   0.0012314855  -0.0009529121
       -0.0006972545   0.0043539745   0.0003865210  -0.0044518042   0.0003593536
       -0.0001857198   0.0008626548  -0.0041717802   0.0026994320  -0.0003112414
       -0.0234167939   0.0099318316  -0.0070837020   0.0016294446   0.0001474696
        0.0008330356  -0.0013565537  -0.0006227024   0.0006340555  -0.0017126343
        0.0002969232   0.0000446253
        0.0002107080   0.0008236276  -0.0006801744  -0.0054628040   0.0410648487
       -0.0027870292  -0.0985537451   0.1086109946   0.0000643944   0.1012610800
       -0.1066074864   0.0115157487   0.0028264927  -0.0447403391  -0.0098437729
        0.0011885190  -0.0039403158   0.0011898264  -0.0000016454   0.0001685903
        0.0001051427  -0.0000330975  -0.0001433468   0.0001246942   0.0006289933
       -0.0001011147  -0.0006057444  -0.0068121596   0.0048090909  -0.0015264088
        0.0013821817   0.0000796385   0.0013257991   0.0012978537   0.0006537679
       -0.0003715992   0.0007037219   0.0003902380   0.0012276299   0.0013639011
       -0.0010681936   0.0002614934
       -0.0019436444  -0.0014784757   0.0025563537   0.0156501010  -0.0402383815
       -0.0012286972   0.1230053693  -0.6876781898  -0.0172138586  -0.1066074864
        0.8271657247   0.0346768532  -0.0374593611  -0.0990129373  -0.0201179009
        0.0026660306   0.0016387529   0.0012236822  -0.0000264736  -0.0002865616
       -0.0000647073   0.0005000773   0.0004655913  -0.0010990874   0.0007802576
        0.0010445009  -0.0005266911   0.0065377450  -0.0031278021   0.0014857322
       -0.0020133008   0.0002511528   0.0004554755  -0.0014586766  -0.0001488909
        0.0010016981  -0.0007355896  -0.0000073333  -0.0015260994   0.0011049518
        0.0014128495   0.0003772471
       -0.0017423705   0.0015075000  -0.0000197425  -0.0042864570   0.0056206247
        0.0136188903   0.0012771345  -0.0188394152  -0.0672447423   0.0115157487
        0.0346768532   0.0328523378  -0.0095127617  -0.0224506987   0.0216437334
        0.0017079612  -0.0007402286  -0.0033170513  -0.0001605678   0.0002620268
        0.0002069781  -0.0004519194  -0.0002562893   0.0007509501  -0.0004444820
       -0.0001002117  -0.0002409744  -0.0009066717   0.0008475810   0.0009453022
        0.0019558972  -0.0007190924   0.0011142243   0.0000139491  -0.0001896728
       -0.0005317385   0.0005856837   0.0005862670   0.0000394962   0.0004488558
       -0.0002052439   0.0001823366
       -0.0015817126   0.0010497686  -0.0023229023  -0.0461999596  -0.0145231699
       -0.0146062863  -0.1534865222  -0.0768896464  -0.0323453768   0.0028264927
       -0.0374593611  -0.0095127617   0.4340813418   0.0218206479   0.1024119480
       -0.1604920723   0.0684779278  -0.0243611011   0.0003743730   0.0002906739
        0.0005045739  -0.0009215472   0.0000833273   0.0009925646   0.0003702754
       -0.0000843244  -0.0003250245   0.0003442679  -0.0002655300  -0.0002254515
       -0.0054304009   0.0023920567  -0.0016303115  -0.0296896760   0.0168031111
        0.0007668835  -0.0113478764   0.0120991772  -0.0115278779  -0.0288469836
        0.0062053413  -0.0078188764
        0.0012454281   0.0003747250  -0.0014210536   0.0004839469   0.0076076374
        0.0024296599  -0.0602038245  -0.1591842613  -0.0246033063  -0.0447403391
       -0.0990129373  -0.0224506987   0.0218206479   0.3709864498   0.0286886135
        0.0531698021  -0.1089018183   0.0108640543  -0.0000927552   0.0000863623
        0.0005918760  -0.0002427315  -0.0000945434   0.0001316832   0.0004726681
        0.0000878204  -0.0003251802   0.0004068259   0.0014775570  -0.0005698523
        0.0021497476   0.0000220084   0.0007957899   0.0223860562  -0.0111414332
        0.0027450937   0.0240203019  -0.0124644917   0.0083793186  -0.0208757745
        0.0101569250  -0.0052559980
       -0.0009472719   0.0004721253  -0.0015273629  -0.0141915175  -0.0035443905
        0.0034410536  -0.0321689705  -0.0297915731  -0.0665974811  -0.0098437729
       -0.0201179009   0.0216437334   0.1024119480   0.0286886135   0.1050289547
       -0.0253968482   0.0154424605  -0.0624666444  -0.0002396905   0.0002805178
        0.0006331366  -0.0003607719  -0.0000469264   0.0007492154   0.0001705329
       -0.0000189771  -0.0001063105   0.0009669859  -0.0003486625  -0.0005499146
       -0.0011057843   0.0004401109  -0.0002387372   0.0196469143  -0.0072529717
        0.0092374544  -0.0293769273   0.0134995653  -0.0074587396  -0.0095648261
        0.0022980090  -0.0017883579
       -0.0004712322   0.0000643706   0.0001172984  -0.0014996017  -0.0034912198
       -0.0036984213  -0.0448881354  -0.0050852823  -0.0133668193   0.0011885190
        0.0026660306   0.0017079612  -0.1604920723   0.0531698021  -0.0253968482
        0.4324271658   0.0480853682  -0.0147192227  -0.0001289137   0.0000008237
       -0.0000077096   0.0000614307  -0.0001023567   0.0002482158  -0.0000864648
        0.0001957300  -0.0000609096   0.0000086877  -0.0005228783   0.0000577631
       -0.0018329443   0.0006652367   0.0000683287  -0.0639993890   0.0368129423
        0.0627633817  -0.0423610131  -0.0168157521   0.0199614094  -0.1179260365
       -0.1156428149  -0.0276744278
       -0.0000534220   0.0000547346  -0.0000399905  -0.0029053953  -0.0016526614
       -0.0014418522  -0.0163794118   0.0151712429  -0.0031633647  -0.0039403158
        0.0016387529  -0.0007402286   0.0684779278  -0.1089018183   0.0154424605
        0.0480853682   0.5188031682   0.0148687989   0.0000714650   0.0000955341
        0.0000887724  -0.0000248522   0.0000709687   0.0000440417  -0.0000054656
       -0.0001186879  -0.0000153738   0.0002691031   0.0001577992   0.0000265085
       -0.0007015613   0.0002973703  -0.0003692605   0.0353992923  -0.1018681420
       -0.0936213240  -0.0187029744  -0.1265674511   0.1086465642  -0.1095897581
       -0.1971808103  -0.0397257518
       -0.0016898540   0.0004801031  -0.0001402239  -0.0018560998  -0.0012275599
        0.0052210273  -0.0137537466  -0.0003451419  -0.0033996552   0.0011898264
        0.0012236822  -0.0033170513  -0.0243611011   0.0108640543  -0.0624666444
       -0.0147192227   0.0148687989   0.4937253602   0.0000446051  -0.0001202274
       -0.0003207749  -0.0003199848  -0.0000569142   0.0003018339   0.0000899670
        0.0001462849  -0.0000577956  -0.0000630438  -0.0002082322   0.0001230210
        0.0002454539  -0.0001631096   0.0001823987   0.0593635848  -0.0929954585
       -0.1896002423   0.0231362876   0.1089451271  -0.1864861517  -0.0273066719
       -0.0414114066  -0.0537651018
       -0.0837052557  -0.0420650386  -0.0802870644   0.0061823883   0.0075985461
        0.0155807631   0.0008138018   0.0002506100   0.0012314855  -0.0000016454
       -0.0000264736  -0.0001605678   0.0003743730  -0.0000927552  -0.0002396905
       -0.0001289137   0.0000714650   0.0000446051   0.0947087715   0.0491648448
        0.0895187850  -0.0155430717  -0.0121076613  -0.0251863863  -0.0017107744
       -0.0030797594  -0.0040711536   0.0005676181   0.0003658294  -0.0001739381
       -0.0016073029  -0.0000725257   0.0037744119   0.0000530154  -0.0000285924
       -0.0000364615  -0.0000196273   0.0000496648  -0.0000080718   0.0000166231
       -0.0000281538   0.0000132834
       -0.0420636218  -0.0913217967  -0.0848859784   0.0018066565   0.0016812245
        0.0014833452  -0.0002394804   0.0000869217  -0.0009529121   0.0001685903
       -0.0002865616   0.0002620268   0.0002906739   0.0000863623   0.0002805178
        0.0000008237   0.0000955341  -0.0001202274   0.0491648448   0.1006239366
        0.0981302484   0.0061359246   0.0058292091   0.0104244807  -0.0152019926
       -0.0182405500  -0.0262009063   0.0002313061   0.0005590714   0.0007853085
       -0.0003144657   0.0009514529   0.0007424026  -0.0000137831  -0.0000180547
        0.0000198946   0.0000626204  -0.0000354267   0.0000203851  -0.0000280966
       -0.0000113227   0.0000114145
       -0.0801877930  -0.0839740894  -0.1992454975  -0.0053585695  -0.0105081810
       -0.0250202046  -0.0011628068  -0.0008413493  -0.0006972545   0.0001051427
       -0.0000647073   0.0002069781   0.0005045739   0.0005918760   0.0006331366
       -0.0000077096   0.0000887724  -0.0003207749   0.0895187850   0.0981302484
        0.2328441309  -0.0069320912  -0.0037034440  -0.0076607486   0.0004709567
       -0.0001342012   0.0031256118  -0.0006354054  -0.0002045238   0.0005365648
        0.0038151240   0.0005746978  -0.0044259439  -0.0000558631   0.0000356422
        0.0000189364  -0.0000559021  -0.0000033562   0.0000102314  -0.0000184417
        0.0000126155  -0.0000051660
       -0.2320840687   0.0909841829  -0.0453192257  -0.0216116125   0.0082354516
        0.0018271548  -0.0012045466  -0.0010190080   0.0043539745  -0.0000330975
        0.0005000773  -0.0004519194  -0.0009215472  -0.0002427315  -0.0003607719
        0.0000614307  -0.0000248522  -0.0003199848  -0.0155430717   0.0061359246
       -0.0069320912   0.2685327779  -0.1055901129   0.0486056238   0.0017240767
        0.0009965704  -0.0005080484   0.0002127447  -0.0000286139  -0.0004542121
        0.0008237637   0.0000675484  -0.0004456020   0.0000650539   0.0000025861
        0.0000200046   0.0000017614  -0.0000135592   0.0000072465  -0.0000236647
       -0.0000034635  -0.0000221486
        0.0910268153  -0.0881020127   0.0200360812  -0.0022988231   0.0017874780
       -0.0005374561   0.0000142558   0.0000411734   0.0003865210  -0.0001433468
        0.0004655913  -0.0002562893   0.0000833273  -0.0000945434  -0.0000469264
       -0.0001023567   0.0000709687  -0.0000569142  -0.0121076613   0.0058292091
       -0.0037034440  -0.1055901129   0.0976704910  -0.0240857924   0.0293306870
       -0.0180351878   0.0084020731  -0.0005118843   0.0004117341  -0.0000245177
        0.0003169383  -0.0000484678  -0.0001036570  -0.0000021140  -0.0000052881
        0.0000086357  -0.0000317585  -0.0000044807  -0.0000207056   0.0000160338
        0.0000133349   0.0000023918
       -0.0452251064   0.0200722577  -0.0518172906   0.0238096479  -0.0096437789
        0.0005946694   0.0018031017   0.0015594249  -0.0044518042   0.0001246942
       -0.0010990874   0.0007509501   0.0009925646   0.0001316832   0.0007492154
        0.0002482158   0.0000440417   0.0003018339  -0.0251863863   0.0104244807
       -0.0076607486   0.0486056238  -0.0240857924   0.0608849850  -0.0053661437
        0.0030838744  -0.0006484398  -0.0002011389  -0.0002529612   0.0004755819
        0.0003758456  -0.0002139726   0.0007819201  -0.0000789219   0.0000197160
        0.0000132764   0.0000661603  -0.0000304079   0.0000105489   0.0000318433
       -0.0000094781   0.0000153022
       -0.0476768346  -0.0297339973   0.0034326350  -0.0047590672  -0.0184500245
        0.0060373967  -0.0006206399  -0.0028873025   0.0003593536   0.0006289933
        0.0007802576  -0.0004444820   0.0003702754   0.0004726681   0.0001705329
       -0.0000864648  -0.0000054656   0.0000899670  -0.0017107744  -0.0152019926
        0.0004709567   0.0017240767   0.0293306870  -0.0053661437   0.0538004699
        0.0362882235  -0.0077747509  -0.0021609359  -0.0008467679   0.0036231190
        0.0004846945   0.0002229926  -0.0005525736  -0.0000033021  -0.0000064181
       -0.0000011231  -0.0000376686   0.0000022596  -0.0000440745   0.0000471777
        0.0000348801  -0.0000008131
       -0.0301012185  -0.2769069770   0.0408814143  -0.0036422832  -0.0056810485
        0.0041596838  -0.0002365086  -0.0006486201  -0.0001857198  -0.0001011147
        0.0010445009  -0.0001002117  -0.0000843244   0.0000878204  -0.0000189771
        0.0001957300  -0.0001186879   0.0001462849  -0.0030797594  -0.0182405500
       -0.0001342012   0.0009965704  -0.0180351878   0.0030838744   0.0362882235
        0.3170812275  -0.0488590333  -0.0005206637   0.0008714019   0.0012437332
        0.0002807878   0.0004910104  -0.0001853361  -0.0000083507   0.0000168968
        0.0000102941  -0.0000235629   0.0000287005  -0.0000367315   0.0000364743
        0.0000095129  -0.0000050740
        0.0031900942   0.0402751571  -0.0509102120   0.0062842187   0.0241092317
       -0.0072491761   0.0003488780   0.0012928407   0.0008626548  -0.0006057444
       -0.0005266911  -0.0002409744  -0.0003250245  -0.0003251802  -0.0001063105
       -0.0000609096  -0.0000153738  -0.0000577956  -0.0040711536  -0.0262009063
        0.0031256118  -0.0005080484   0.0084020731  -0.0006484398  -0.0077747509
       -0.0488590333   0.0587274296   0.0037040199   0.0011231733  -0.0038791546
       -0.0001472032   0.0007240462   0.0003816362   0.0000072828   0.0000151338
       -0.0000086659  -0.0000227436  -0.0000143945   0.0000248360  -0.0000189153
       -0.0000000766  -0.0000214394
       -0.0045101419  -0.0184494723   0.0063053774  -0.0485473114  -0.0417293845
        0.0028037224   0.0049532989   0.0230744930  -0.0041717802  -0.0068121596
        0.0065377450  -0.0009066717   0.0003442679   0.0004068259   0.0009669859
        0.0000086877   0.0002691031  -0.0000630438   0.0005676181   0.0002313061
       -0.0006354054   0.0002127447  -0.0005118843  -0.0002011389  -0.0021609359
       -0.0005206637   0.0037040199   0.0575854593   0.0450555104  -0.0084337700
       -0.0019450716  -0.0142015925   0.0005411432   0.0001275789  -0.0000298395
       -0.0000263427   0.0000946293  -0.0000578500   0.0001103639   0.0000813357
       -0.0000742968   0.0000065402
       -0.0031009491  -0.0052487505   0.0036796872  -0.0401837245  -0.2686327562
        0.0353151087  -0.0007878974  -0.0193659348   0.0026994320   0.0048090909
       -0.0031278021   0.0008475810  -0.0002655300   0.0014775570  -0.0003486625
       -0.0005228783   0.0001577992  -0.0002082322   0.0003658294   0.0005590714
       -0.0002045238  -0.0000286139   0.0004117341  -0.0002529612  -0.0008467679
        0.0008714019   0.0011231733   0.0450555104   0.3090949750  -0.0422995739
       -0.0039831622  -0.0163973871  -0.0002017711  -0.0001615788   0.0000196516
        0.0000174617  -0.0002059452   0.0000702176  -0.0001411078  -0.0001433834
        0.0001102227  -0.0000256114
        0.0071524985   0.0233266962  -0.0069117429   0.0024829304   0.0342752961
       -0.0486909104   0.0022254809   0.0062570873  -0.0003112414  -0.0015264088
        0.0014857322   0.0009453022  -0.0002254515  -0.0005698523  -0.0005499146
        0.0000577631   0.0000265085   0.0001230210  -0.0001739381   0.0007853085
        0.0005365648  -0.0004542121  -0.0000245177   0.0004755819   0.0036231190
        0.0012437332  -0.0038791546  -0.0084337700  -0.0422995739   0.0556694599
       -0.0049053608  -0.0244128231   0.0025705007   0.0000873634  -0.0000629254
       -0.0000221335   0.0000663089  -0.0000081426   0.0000178307   0.0000236771
       -0.0000225270   0.0000268361
        0.0064172295   0.0065858148   0.0159126388  -0.0804447457  -0.0421727418
       -0.0846107713  -0.0152608344  -0.0083723897  -0.0234167939   0.0013821817
       -0.0020133008   0.0019558972  -0.0054304009   0.0021497476  -0.0011057843
       -0.0018329443  -0.0007015613   0.0002454539  -0.0016073029  -0.0003144657
        0.0038151240   0.0008237637   0.0003169383   0.0003758456   0.0004846945
        0.0002807878  -0.0001472032  -0.0019450716  -0.0039831622  -0.0049053608
        0.0976396890   0.0482182890   0.0918315301  -0.0001231972  -0.0000205715
       -0.0000669536   0.0001902622  -0.0001104396   0.0001352932  -0.0002933235
        0.0001370551  -0.0000189157
        0.0009160178   0.0020727475   0.0011243570  -0.0417157677  -0.0890867062
       -0.0797802542   0.0033957265   0.0059510870   0.0099318316   0.0000796385
        0.0002511528  -0.0007190924   0.0023920567   0.0000220084   0.0004401109
        0.0006652367   0.0002973703  -0.0001631096  -0.0000725257   0.0009514529
        0.0005746978   0.0000675484  -0.0000484678  -0.0002139726   0.0002229926
        0.0004910104   0.0007240462  -0.0142015925  -0.0163973871  -0.0244128231
        0.0482182890   0.0954338009   0.0924899351  -0.0000422681   0.0000531283
        0.0000316808  -0.0000719089   0.0000333222  -0.0000440534   0.0001465569
       -0.0000245198   0.0000166459
       -0.0057530634  -0.0099464293  -0.0259188459  -0.0829127574  -0.0793931303
       -0.1920533044  -0.0062890642  -0.0042662546  -0.0070837020   0.0013257991
        0.0004554755   0.0011142243  -0.0016303115   0.0007957899  -0.0002387372
        0.0000683287  -0.0003692605   0.0001823987   0.0037744119   0.0007424026
       -0.0044259439  -0.0004456020  -0.0001036570   0.0007819201  -0.0005525736
       -0.0001853361   0.0003816362   0.0005411432  -0.0002017711   0.0025705007
        0.0918315301   0.0924899351   0.2246403555  -0.0000294715  -0.0000093403
        0.0000241716   0.0000877454  -0.0000572001   0.0000207431  -0.0000161148
        0.0000487761   0.0000045830
        0.0002565063  -0.0000817300  -0.0000016908   0.0002087664  -0.0000262733
       -0.0009550465   0.0001260733   0.0043798012   0.0016294446   0.0012978537
       -0.0014586766   0.0000139491  -0.0296896760   0.0223860562   0.0196469143
       -0.0639993890   0.0353992923   0.0593635848   0.0000530154  -0.0000137831
       -0.0000558631   0.0000650539  -0.0000021140  -0.0000789219  -0.0000033021
       -0.0000083507   0.0000072828   0.0001275789  -0.0001615788   0.0000873634
       -0.0001231972  -0.0000422681  -0.0000294715   0.0855633953  -0.0528414034
       -0.0727112909  -0.0001107794   0.0014602384   0.0064790564   0.0062281007
       -0.0089892100  -0.0133953107
       -0.0001116973   0.0000030918   0.0000207910  -0.0000118039  -0.0001868969
        0.0000743535  -0.0010215633   0.0017775211   0.0001474696   0.0006537679
       -0.0001488909  -0.0001896728   0.0168031111  -0.0111414332  -0.0072529717
        0.0368129423  -0.1018681420  -0.0929954585  -0.0000285924  -0.0000180547
        0.0000356422   0.0000025861  -0.0000052881   0.0000197160  -0.0000064181
        0.0000168968   0.0000151338  -0.0000298395   0.0000196516  -0.0000629254
       -0.0000205715   0.0000531283  -0.0000093403  -0.0528414034   0.1176916777
        0.1076992458  -0.0059991948   0.0085591580   0.0147769654   0.0057986769
       -0.0147524196  -0.0222789485
       -0.0000135847  -0.0000358133  -0.0000016564  -0.0001350834   0.0000164504
       -0.0003563770  -0.0007629831  -0.0014194118   0.0008330356  -0.0003715992
        0.0010016981  -0.0005317385   0.0007668835   0.0027450937   0.0092374544
        0.0627633817  -0.0936213240  -0.1896002423  -0.0000364615   0.0000198946
        0.0000189364   0.0000200046   0.0000086357   0.0000132764  -0.0000011231
        0.0000102941  -0.0000086659  -0.0000263427   0.0000174617  -0.0000221335
       -0.0000669536   0.0000316808   0.0000241716  -0.0727112909   0.1076992458
        0.2132471274   0.0089919527  -0.0114910583  -0.0262098648   0.0015831997
       -0.0049828477  -0.0066433236
       -0.0002391905   0.0000141090  -0.0000029212  -0.0004173948  -0.0000370241
        0.0009647896   0.0007299161   0.0031609413  -0.0013565537   0.0007037219
       -0.0007355896   0.0005856837  -0.0113478764   0.0240203019  -0.0293769273
       -0.0423610131  -0.0187029744   0.0231362876  -0.0000196273   0.0000626204
       -0.0000559021   0.0000017614  -0.0000317585   0.0000661603  -0.0000376686
       -0.0000235629  -0.0000227436   0.0000946293  -0.0002059452   0.0000663089
        0.0001902622  -0.0000719089   0.0000877454  -0.0001107794  -0.0059991948
        0.0089919527   0.0546890243   0.0100872540  -0.0171404659  -0.0018757651
       -0.0115372681   0.0140565856
       -0.0000214055   0.0000533415   0.0000717624   0.0000353836  -0.0002212098
       -0.0001719403  -0.0009366131   0.0013853206  -0.0006227024   0.0003902380
       -0.0000073333   0.0005862670   0.0120991772  -0.0124644917   0.0134995653
       -0.0168157521  -0.1265674511   0.1089451271   0.0000496648  -0.0000354267
       -0.0000033562  -0.0000135592  -0.0000044807  -0.0000304079   0.0000022596
        0.0000287005  -0.0000143945  -0.0000578500   0.0000702176  -0.0000081426
       -0.0001104396   0.0000333222  -0.0000572001   0.0014602384   0.0085591580
       -0.0114910583   0.0100872540   0.1467308940  -0.1311094053  -0.0061685960
       -0.0175605612   0.0204058857
       -0.0000159533   0.0000042079  -0.0000313547   0.0000300461  -0.0000252338
        0.0003535043   0.0004939082   0.0035961650   0.0006340555   0.0012276299
       -0.0015260994   0.0000394962  -0.0115278779   0.0083793186  -0.0074587396
        0.0199614094   0.1086465642  -0.1864861517  -0.0000080718   0.0000203851
        0.0000102314   0.0000072465  -0.0000207056   0.0000105489  -0.0000440745
       -0.0000367315   0.0000248360   0.0001103639  -0.0001411078   0.0000178307
        0.0001352932  -0.0000440534   0.0000207431   0.0064790564   0.0147769654
       -0.0262098648  -0.0171404659  -0.1311094053   0.2148679816   0.0002914900
       -0.0025202694   0.0042068830
       -0.0001341484   0.0000391211  -0.0000441255  -0.0010773747  -0.0008729688
       -0.0005283740  -0.0065587120   0.0021073581  -0.0017126343   0.0013639011
        0.0011049518   0.0004488558  -0.0288469836  -0.0208757745  -0.0095648261
       -0.1179260365  -0.1095897581  -0.0273066719   0.0000166231  -0.0000280966
       -0.0000184417  -0.0000236647   0.0000160338   0.0000318433   0.0000471777
        0.0000364743  -0.0000189153   0.0000813357  -0.0001433834   0.0000236771
       -0.0002933235   0.0001465569  -0.0000161148   0.0062281007   0.0057986769
        0.0015831997  -0.0018757651  -0.0061685960   0.0002914900   0.1489988703
        0.1284294045   0.0368310378
        0.0000586992  -0.0000097485  -0.0000119060   0.0005679770   0.0003798503
        0.0002078677   0.0019100435  -0.0026481191   0.0002969232  -0.0010681936
        0.0014128495  -0.0002052439   0.0062053413   0.0101569250   0.0022980090
       -0.1156428149  -0.1971808103  -0.0414114066  -0.0000281538  -0.0000113227
        0.0000126155  -0.0000034635   0.0000133349  -0.0000094781   0.0000348801
        0.0000095129  -0.0000000766  -0.0000742968   0.0001102227  -0.0000225270
        0.0001370551  -0.0000245198   0.0000487761  -0.0089892100  -0.0147524196
       -0.0049828477  -0.0115372681  -0.0175605612  -0.0025202694   0.1284294045
        0.2201048060   0.0462995638
       -0.0000661698   0.0000401114   0.0000098300  -0.0002850353  -0.0002484456
        0.0000356509  -0.0018872430   0.0003865690   0.0000446253   0.0002614934
        0.0003772471   0.0001823366  -0.0078188764  -0.0052559980  -0.0017883579
       -0.0276744278  -0.0397257518  -0.0537651018   0.0000132834   0.0000114145
       -0.0000051660  -0.0000221486   0.0000023918   0.0000153022  -0.0000008131
       -0.0000050740  -0.0000214394   0.0000065402  -0.0000256114   0.0000268361
       -0.0000189157   0.0000166459   0.0000045830  -0.0133953107  -0.0222789485
       -0.0066433236   0.0140565856   0.0204058857   0.0042068830   0.0368310378
        0.0462995638   0.0576973416
