           1           2  0.99604835038061468     
           2           3  0.96968053759340278     
           3           4   1.7616245796797214     
           3           5   1.1277914872624664     
           4           5  0.17316303708189679     
           5           6  0.95800025649950260     
           1           7  0.98828605975178641     
           1           8  0.98431839273447053     
           1           9  0.98681311017341733     
           2          10  0.97536395654233710     
           2          11  0.96524343491300946     
           6          12  0.97729360956276223     
           6          13  0.97740346914663312     
           6          14  0.98207055941890620     
