$hessian                                                                        
        0.4343671664   0.0455086236   0.0154814052  -0.0785478033   0.0340638358
       -0.0220664423  -0.0168215809   0.0208531335  -0.0055398567   0.0097545262
       -0.0058139932   0.0054964425  -0.0012977572  -0.0041511903  -0.0002332455
        0.0017923950   0.0010406373   0.0005315908  -0.0001864524   0.0003271344
       -0.0001394545  -0.0332870775  -0.0153098163   0.0033186445   0.0013636107
        0.0014792331   0.0008343943  -0.1883072226   0.0110350231   0.0605791483
       -0.0047433352  -0.0026937113  -0.0003450452  -0.0014709387   0.0012077425
       -0.0004458035  -0.0014982291  -0.0009698723  -0.0007828966  -0.0022455194
        0.0046512969  -0.0061794878  -0.0409160543  -0.0033536533  -0.0206787215
       -0.0808462224  -0.0874363770  -0.0297378476  -0.0006890863  -0.0007376656
        0.0003161338   0.0014041953  -0.0007118537   0.0004443477   0.0013027702
        0.0004880344  -0.0001656235   0.0008726155   0.0005234383  -0.0006876827
        0.0455086236   0.4915206965   0.0348223100   0.0344520751  -0.1320460495
        0.0330837982   0.0028316774  -0.0029382230   0.0007600844   0.0052716036
       -0.0305903598   0.0079817440  -0.0023296434  -0.0041008271  -0.0006071955
        0.0020893799   0.0018996212   0.0003834613   0.0002147472   0.0001205066
       -0.0000767118  -0.0219994664   0.0039546642   0.0116664621  -0.0010550280
        0.0001824299   0.0007425951   0.0277183766  -0.0742566927  -0.0275042901
       -0.0079122344  -0.0042997433   0.0001523049   0.0001383690  -0.0002764070
       -0.0004665022   0.0004836691   0.0005307362   0.0009415904   0.0026373241
       -0.0002744478   0.0034475069  -0.0028986341  -0.0454400677  -0.0111100707
       -0.0832177372  -0.2074774817  -0.0541325141  -0.0003738244   0.0001320490
        0.0001414811  -0.0000826758   0.0001738924   0.0005740570  -0.0001666764
        0.0001145914  -0.0001362024  -0.0013099255   0.0030711122  -0.0006639087
        0.0154814052   0.0348223100   0.4814760882  -0.0156427164   0.0255985800
       -0.0662322255   0.0058781942  -0.0068665684   0.0037424681   0.0015241936
       -0.0008911550   0.0043565641  -0.0007594450  -0.0009628859  -0.0002095860
       -0.0000534080   0.0003711846   0.0004752526  -0.0000313300  -0.0000843130
        0.0000430062  -0.0022226895   0.0074014114   0.0006062394  -0.0033650866
       -0.0018064442   0.0018189452   0.0668833422  -0.0185795383  -0.0851242702
       -0.0040319102  -0.0013320890   0.0014428894   0.0005466073  -0.0007768185
        0.0003251579   0.0006524244   0.0006071075  -0.0018054794  -0.0192612774
        0.0277408792  -0.0398628685  -0.0162204089  -0.0110229369  -0.2391500620
       -0.0277236868  -0.0536079307  -0.0614110522   0.0005268775   0.0001834143
       -0.0003761062  -0.0010092630   0.0005320480  -0.0009427962  -0.0008449471
       -0.0018086099   0.0003746540  -0.0003268756   0.0004823549   0.0004531812
       -0.0785478033   0.0344520751  -0.0156427164   0.4959594566  -0.0003716269
       -0.0335802973  -0.2146527723   0.0147369020   0.0767562560  -0.0929845190
       -0.0432769338  -0.0019008301   0.0058199308   0.0075232342   0.0004795806
       -0.0245633187  -0.0240945298  -0.0017387606  -0.0058487710   0.0000100146
        0.0016232741   0.0014229744  -0.0003341046  -0.0003262046  -0.0001220005
       -0.0000448759  -0.0001540890  -0.0391425902   0.0295472989  -0.0014009257
        0.0015029310  -0.0004074127  -0.0003888155   0.0001975327   0.0001781434
       -0.0014320894   0.0025089895   0.0001237058  -0.0014472781  -0.0553558052
       -0.0112895523  -0.0065373227  -0.0005154641   0.0026819641  -0.0028727055
        0.0059558898  -0.0090284670   0.0035292390  -0.0000876626   0.0000330327
       -0.0000208112   0.0013091739   0.0000192364   0.0014520109   0.0006468721
       -0.0002518681  -0.0007366038  -0.0035030438  -0.0002062361  -0.0156609107
        0.0340638358  -0.1320460495   0.0255985800  -0.0003716269   0.4438973517
        0.0066376064   0.0150495591  -0.0445915882  -0.0072836850  -0.0398620954
       -0.1320628210   0.0007004217  -0.0121469222  -0.0274152212   0.0000434407
       -0.0081410558   0.0015652191   0.0019121446   0.0011029736   0.0006613363
       -0.0002392951   0.0002004708   0.0008472193  -0.0006170194  -0.0000163789
       -0.0001552444  -0.0000843282   0.0152101081  -0.0031435828  -0.0014202023
       -0.0001012955  -0.0004553392   0.0001690028   0.0000988369  -0.0007933819
       -0.0005614631  -0.0050103649  -0.0105253600  -0.0158924133  -0.0097557908
       -0.0699746131   0.0141380515  -0.0008755918   0.0008366352   0.0002486685
        0.0106537422  -0.0275466513   0.0096653135  -0.0000933737   0.0002635762
       -0.0000034630   0.0006713706   0.0011088355   0.0003527577   0.0010987554
        0.0018398825   0.0002526982  -0.0017751566  -0.0023102032  -0.0336168162
       -0.0220664423   0.0330837982  -0.0662322255  -0.0335802973   0.0066376064
        0.4600812232   0.0744924520  -0.0069833882  -0.0698158995  -0.0044253235
       -0.0040125965  -0.0542050363   0.0061507392   0.0128270115   0.0022654652
        0.0037851458   0.0051741889   0.0055492447   0.0020245248  -0.0004983045
       -0.0003969930  -0.0017380894  -0.0005994745   0.0013521512  -0.0000107513
        0.0003032576  -0.0008176659   0.0133104142  -0.0084101195   0.0019494270
        0.0006553569   0.0000772228  -0.0007555749  -0.0026400455  -0.0011571090
       -0.0025695812  -0.0133563106  -0.0324819405  -0.0241433997  -0.0122495042
       -0.0134930221  -0.2246077617  -0.0122282178   0.0206487977  -0.0162271650
        0.0018340956  -0.0051811341   0.0021859134   0.0003162806  -0.0000586457
        0.0004620659   0.0049238567   0.0017322073  -0.0017127529  -0.0012526911
       -0.0008413165   0.0000142571  -0.0039451929  -0.0067670394  -0.0123756921
       -0.0168215809   0.0028316774   0.0058781942  -0.2146527723   0.0150495591
        0.0744924520   0.2478868371  -0.0176048490  -0.0931545746  -0.0200759145
       -0.0028593936   0.0072984165   0.0002969658   0.0004142120   0.0002211600
       -0.0014424780  -0.0038729140  -0.0008647929  -0.0009251550   0.0002974624
        0.0001113218   0.0005432718   0.0000034534   0.0003098115   0.0000228876
       -0.0000005041   0.0000269148  -0.0040450936   0.0044384010  -0.0012172474
        0.0001530834  -0.0000610780  -0.0001298202   0.0003475041   0.0000569718
        0.0001921611   0.0020604274   0.0018543041  -0.0003709449   0.0062028444
        0.0005141489   0.0076344117  -0.0001556075  -0.0002069112  -0.0002289186
        0.0002652677  -0.0002524725   0.0002590215   0.0002322413  -0.0000231668
       -0.0001018262  -0.0001042468   0.0000837621  -0.0001919898  -0.0008156431
       -0.0004063521  -0.0000275241   0.0010271610  -0.0002563108  -0.0001362263
        0.0208531335  -0.0029382230  -0.0068665684   0.0147369020  -0.0445915882
       -0.0069833882  -0.0176048490   0.0514657431   0.0086278450  -0.0248104158
       -0.0006277657   0.0089233902  -0.0003128760   0.0005208749   0.0001447521
       -0.0024652560  -0.0042199004  -0.0017162011  -0.0014479775   0.0000749351
        0.0002802671  -0.0001544584  -0.0009989766   0.0000067367  -0.0000092917
        0.0000058884   0.0000063888   0.0064050011  -0.0044945990   0.0009192571
        0.0001138151   0.0003174384   0.0000511851   0.0002914930   0.0003667120
        0.0002152539   0.0013212434   0.0017014928   0.0006297503   0.0022304506
        0.0032812113  -0.0030212658  -0.0000304509   0.0003984322  -0.0001939870
        0.0002221095   0.0003055238  -0.0002593945  -0.0000213107  -0.0001643971
       -0.0000142240  -0.0001919186  -0.0002503942  -0.0000583617  -0.0000250828
       -0.0002609145   0.0000905809   0.0008997391   0.0001085068  -0.0007820164
       -0.0055398567   0.0007600844   0.0037424681   0.0767562560  -0.0072836850
       -0.0698158995  -0.0931545746   0.0086278450   0.1026942373  -0.0015159756
        0.0001264184   0.0017576282   0.0001857387   0.0002680493  -0.0001397911
       -0.0005865359  -0.0005555016   0.0000460795  -0.0000935548   0.0000470518
        0.0001124217   0.0002819974   0.0001465133  -0.0000531423   0.0000182243
       -0.0000109204   0.0000930078  -0.0022785139   0.0017032622   0.0004533481
       -0.0000900956  -0.0000429954   0.0000485909   0.0003001996   0.0001860963
       -0.0000173463  -0.0004395239   0.0002752394   0.0009190357   0.0267717431
       -0.0036377799  -0.0400121446  -0.0005424403   0.0000907186   0.0003749611
        0.0000417787  -0.0002369222  -0.0000712703  -0.0000338680   0.0000247328
       -0.0000242496  -0.0006360087  -0.0003526866  -0.0001037629  -0.0001328220
       -0.0000065676  -0.0000620948   0.0006878320  -0.0001289527   0.0000579230
        0.0097545262   0.0052716036   0.0015241936  -0.0929845190  -0.0398620954
       -0.0044253235  -0.0200759145  -0.0248104158  -0.0015159756   0.4422549575
       -0.0436657790   0.0216848373  -0.0803407273   0.0693517835  -0.0465086897
       -0.1589968626   0.0095558315   0.0169631270  -0.0213108829  -0.0012202622
        0.0039358384  -0.0150003248   0.0117707751   0.0020433058   0.0000301314
       -0.0003247440  -0.0001112692  -0.0026441282  -0.0044790934   0.0003950780
       -0.0020622958   0.0022761472  -0.0005795893  -0.0031296178   0.0022255720
        0.0057483231  -0.0571748031   0.0232593368   0.0233657788  -0.0012700182
       -0.0042195868  -0.0055019193   0.0002630871   0.0000389644   0.0003602509
       -0.0008768304   0.0033315427  -0.0006530025  -0.0000911197   0.0002208891
        0.0001378851   0.0031723056  -0.0008324942  -0.0000240162  -0.0002618070
       -0.0081401101  -0.0168059158   0.0007448437   0.0002521349  -0.0000329167
       -0.0058139932  -0.0305903598  -0.0008911550  -0.0432769338  -0.1320628210
       -0.0040125965  -0.0028593936  -0.0006277657   0.0001264184  -0.0436657790
        0.4871922957  -0.0349869909   0.0696600845  -0.1697474963   0.0863509259
        0.0121645795  -0.0678438219   0.0012082706  -0.0228155764   0.0013167992
        0.0041667950   0.0216377127  -0.0009405616  -0.0036838297  -0.0000401824
        0.0001868437  -0.0004376194  -0.0053777875   0.0030549762  -0.0005997834
        0.0058809557  -0.0061984683   0.0003002463   0.0005510714   0.0014661970
       -0.0007528024   0.0194957634  -0.0883501879  -0.0642531149  -0.0028170614
       -0.0039999599  -0.0054475432  -0.0004904189   0.0005581380  -0.0006121018
        0.0019676377  -0.0036358263   0.0017022154   0.0000787410   0.0002254068
        0.0000328257   0.0015244127   0.0013965776  -0.0009503706  -0.0050237785
        0.0087302818   0.0228990787  -0.0007800538  -0.0001302474  -0.0001588680
        0.0054964425   0.0079817440   0.0043565641  -0.0019008301   0.0007004217
       -0.0542050363   0.0072984165   0.0089233902   0.0017576282   0.0216848373
       -0.0349869909   0.4964959279  -0.0481339193   0.0899958965  -0.0980268390
        0.0144539729   0.0009655085  -0.0564455283  -0.0069152600   0.0005510408
        0.0022423185  -0.0050973787  -0.0028204407   0.0060337936  -0.0002042844
        0.0001964659  -0.0012852611   0.0004961001  -0.0004643469  -0.0008368612
       -0.0045111044   0.0039572952  -0.0004080339   0.0313938872  -0.0048117660
       -0.0270344126   0.0056634624  -0.0415564194  -0.2185966767  -0.0163689876
       -0.0277089343  -0.0166881102   0.0000341977   0.0003258745  -0.0012580395
       -0.0016346291   0.0027944259  -0.0009564092   0.0005422182  -0.0002233152
       -0.0006890031   0.0007070854  -0.0003684851  -0.0003654597  -0.0009966131
       -0.0014276733  -0.0290993202  -0.0020076136  -0.0020236914  -0.0049912413
       -0.0012977572  -0.0023296434  -0.0007594450   0.0058199308  -0.0121469222
        0.0061507392   0.0002969658  -0.0003128760   0.0001857387  -0.0803407273
        0.0696600845  -0.0481339193   0.0936889200  -0.0780255045   0.0559092544
       -0.0182511529   0.0242043626  -0.0130334799   0.0003749715   0.0002363068
       -0.0004180387  -0.0041483260  -0.0016430411   0.0017280831   0.0001114011
       -0.0000467054   0.0001222408   0.0005499320   0.0000532467   0.0000655565
       -0.0022313207   0.0019692451   0.0001089053   0.0027091107  -0.0012843790
       -0.0011502871   0.0013138849  -0.0010970170  -0.0020512345  -0.0001134096
        0.0008530108   0.0007855979  -0.0001101230   0.0000580745  -0.0000257726
        0.0003112411  -0.0007203246   0.0002678032   0.0000368601  -0.0000020743
       -0.0002525805  -0.0001858384   0.0005731734   0.0003651205   0.0013881795
        0.0001461631   0.0000194331   0.0000772577  -0.0001451802   0.0001162850
       -0.0041511903  -0.0041008271  -0.0009628859   0.0075232342  -0.0274152212
        0.0128270115   0.0004142120   0.0005208749   0.0002680493   0.0693517835
       -0.1697474963   0.0899958965  -0.0780255045   0.1946244350  -0.1013411599
        0.0061980439  -0.0045862688   0.0025278492  -0.0004110651   0.0003664188
        0.0000066167   0.0009391818   0.0009846744  -0.0001626475  -0.0000991183
       -0.0000396312  -0.0000976295  -0.0001234767   0.0008835735  -0.0001928519
        0.0004578256  -0.0002640839  -0.0001478038  -0.0010784344   0.0005325285
       -0.0000681317  -0.0028404182   0.0067886246  -0.0014568969   0.0002727970
        0.0017782969   0.0004656675  -0.0000732325   0.0001766582  -0.0002918119
        0.0006674190  -0.0012297748   0.0004982353   0.0000204092  -0.0001121940
        0.0001176728   0.0005539304  -0.0007387646  -0.0004783762  -0.0000942603
        0.0010069363  -0.0017453587   0.0004978637   0.0005712407   0.0002385552
       -0.0002332455  -0.0006071955  -0.0002095860   0.0004795806   0.0000434407
        0.0022654652   0.0002211600   0.0001447521  -0.0001397911  -0.0465086897
        0.0863509259  -0.0980268390   0.0559092544  -0.1013411599   0.1290129117
        0.0024266419  -0.0034719064   0.0035308410  -0.0002802277  -0.0000873542
       -0.0000023664   0.0008370054   0.0001324700  -0.0006054780   0.0000366500
       -0.0000423757   0.0000613455  -0.0000256147   0.0000662007   0.0001858270
        0.0004932667  -0.0004626173  -0.0000164494  -0.0001299186  -0.0001676691
        0.0007412252  -0.0142610512   0.0207739724  -0.0303912074  -0.0000258268
       -0.0002999905   0.0004344813  -0.0000070591  -0.0000646526   0.0000242886
        0.0001357916  -0.0002261013   0.0000731889   0.0000219681  -0.0000438173
        0.0001265477   0.0003597184  -0.0003741206  -0.0001313798   0.0005614605
       -0.0002474875  -0.0068317262  -0.0000108641  -0.0000753138  -0.0001012988
        0.0017923950   0.0020893799  -0.0000534080  -0.0245633187  -0.0081410558
        0.0037851458  -0.0014424780  -0.0024652560  -0.0005865359  -0.1589968626
        0.0121645795   0.0144539729  -0.0182511529   0.0061980439   0.0024266419
        0.4783900880   0.0570931370   0.0132574335  -0.1127635665  -0.0962125810
       -0.0358415182  -0.0612811260   0.0234574744  -0.0102578273   0.0004113708
        0.0021024506  -0.0020478524   0.0018513967  -0.0218764342   0.0026070175
       -0.0388998495   0.0353609622  -0.0009427237  -0.0693673906  -0.0154152396
        0.0340559253  -0.0021176483   0.0007293434   0.0063883254   0.0000971205
        0.0006228152   0.0007161796  -0.0002337376  -0.0000445621   0.0000705184
       -0.0003615552   0.0003795971  -0.0000522334  -0.0001932856   0.0008198553
       -0.0011873080   0.0031021734   0.0023090700  -0.0263956239   0.0024434110
        0.0006005409  -0.0003235202   0.0003840162   0.0002278793  -0.0000726094
        0.0010406373   0.0018996212   0.0003711846  -0.0240945298   0.0015652191
        0.0051741889  -0.0038729140  -0.0042199004  -0.0005555016   0.0095558315
       -0.0678438219   0.0009655085   0.0242043626  -0.0045862688  -0.0034719064
        0.0570931370   0.4799856253   0.0394279656  -0.0969551820  -0.1766259074
       -0.0495134246   0.0267664227  -0.1153116540   0.0185731736   0.0004149461
        0.0003178114   0.0012890097  -0.0034365150  -0.0460274096   0.0040929732
        0.0142679326  -0.0096173385   0.0013408158  -0.0177952343  -0.0596382243
        0.0117724116   0.0091895176  -0.0007129462  -0.0092949777   0.0010094832
        0.0002410394   0.0005982242  -0.0000437629  -0.0002362544   0.0000741840
        0.0003047103   0.0004739007  -0.0000761676   0.0011492508   0.0004870369
        0.0010304838   0.0026884497  -0.0010671063  -0.0225650833  -0.0014218550
        0.0009416402   0.0007475132  -0.0000646885  -0.0000250623   0.0000194243
        0.0005315908   0.0003834613   0.0004752526  -0.0017387606   0.0019121446
        0.0055492447  -0.0008647929  -0.0017162011   0.0000460795   0.0169631270
        0.0012082706  -0.0564455283  -0.0130334799   0.0025278492   0.0035308410
        0.0132574335   0.0394279656   0.4567684998  -0.0372275782  -0.0516818618
       -0.0570341624  -0.0161091200   0.0332397381  -0.0598388120  -0.0096958011
        0.0196982207  -0.0146038944  -0.0022086585  -0.0130182842   0.0023381856
        0.0115740737  -0.0087026755   0.0011427590   0.0086446251  -0.0041640759
       -0.2332002493   0.0293435071  -0.0096108505  -0.0241615784   0.0033728251
        0.0005588762  -0.0036466138  -0.0003090354   0.0000770092  -0.0007021098
       -0.0002738859  -0.0001875403   0.0000343163   0.0026123198  -0.0024200740
        0.0008736817  -0.0056423695  -0.0076535427  -0.0214190492   0.0010309064
        0.0000516920  -0.0000442932  -0.0002269265   0.0000698784   0.0003374303
       -0.0001864524   0.0002147472  -0.0000313300  -0.0058487710   0.0011029736
        0.0020245248  -0.0009251550  -0.0014479775  -0.0000935548  -0.0213108829
       -0.0228155764  -0.0069152600   0.0003749715  -0.0004110651  -0.0002802277
       -0.1127635665  -0.0969551820  -0.0372275782   0.1291439767   0.1113258884
        0.0460155180   0.0041730920   0.0055540849   0.0014718701   0.0002453817
       -0.0000070758   0.0002832010   0.0005026251   0.0031739692  -0.0000266089
        0.0006650623  -0.0002668901  -0.0000781360   0.0016597367   0.0004300853
       -0.0041367630   0.0029907332   0.0002807439  -0.0010863501   0.0004757364
        0.0004090798   0.0000298520  -0.0000237267  -0.0000118990  -0.0000280018
        0.0000406012   0.0001593132  -0.0000231818  -0.0000675315   0.0001235404
        0.0000526379   0.0014054074  -0.0005642793  -0.0003392572  -0.0005446241
       -0.0002667746   0.0002926056  -0.0000066140  -0.0000277060   0.0000960400
        0.0003271344   0.0001205066  -0.0000843130   0.0000100146   0.0006613363
       -0.0004983045   0.0002974624   0.0000749351   0.0000470518  -0.0012202622
        0.0013167992   0.0005510408   0.0002363068   0.0003664188  -0.0000873542
       -0.0962125810  -0.1766259074  -0.0516818618   0.1113258884   0.2034935579
        0.0633385691  -0.0138721740  -0.0233667122  -0.0057406964  -0.0004280200
        0.0004308575  -0.0001561788   0.0008463714  -0.0089205569   0.0016100855
       -0.0006066784   0.0023552357   0.0000107792  -0.0015550405   0.0004874421
       -0.0071466248   0.0006016365   0.0004009482   0.0003988876  -0.0001052841
        0.0001231695   0.0000613732   0.0000281483  -0.0000131249  -0.0000513916
        0.0000595372   0.0001892682  -0.0000009008   0.0000123590  -0.0006801286
       -0.0004496838   0.0005273986  -0.0000299770  -0.0005039013  -0.0004255766
       -0.0003624371   0.0002956912   0.0001533592  -0.0000216310   0.0000877325
       -0.0001394545  -0.0000767118   0.0000430062   0.0016232741  -0.0002392951
       -0.0003969930   0.0001113218   0.0002802671   0.0001124217   0.0039358384
        0.0041667950   0.0022423185  -0.0004180387   0.0000066167  -0.0000023664
       -0.0358415182  -0.0495134246  -0.0570341624   0.0460155180   0.0633385691
        0.0827288327   0.0032541885   0.0056727341   0.0030484321   0.0003632295
        0.0005651695   0.0001206198  -0.0000304332   0.0033024330   0.0001275404
        0.0004065253  -0.0001466847  -0.0001329972  -0.0206416173  -0.0250526942
       -0.0251111069  -0.0002266092   0.0004300033   0.0007721190  -0.0005316801
       -0.0001131921   0.0002033421   0.0000064028  -0.0000057178   0.0000766342
        0.0000284299  -0.0000073871  -0.0000389344  -0.0000377086  -0.0004234627
       -0.0003938424   0.0018377165  -0.0024269191  -0.0061186314   0.0003139536
        0.0002368272  -0.0002118717  -0.0000293386   0.0000060743  -0.0000343611
       -0.0332870775  -0.0219994664  -0.0022226895   0.0014229744   0.0002004708
       -0.0017380894   0.0005432718  -0.0001544584   0.0002819974  -0.0150003248
        0.0216377127  -0.0050973787  -0.0041483260   0.0009391818   0.0008370054
       -0.0612811260   0.0267664227  -0.0161091200   0.0041730920  -0.0138721740
        0.0032541885   0.4421151516  -0.0298729486  -0.0301660228  -0.0406151295
        0.0029130508  -0.0180827561  -0.0655608131  -0.0230562662  -0.0081561659
       -0.2229792866   0.0380510146   0.0662425230  -0.0040993133   0.0044713157
       -0.0023207087  -0.0010715528  -0.0012360494  -0.0010331154   0.0008301847
       -0.0014041581   0.0019584731   0.0015246323  -0.0002927778  -0.0009481609
       -0.0035207652  -0.0003573668   0.0010774843  -0.0004410952  -0.0043206878
        0.0145259002   0.0010211924   0.0005455752  -0.0019640858   0.0013436346
        0.0007367062   0.0006437878  -0.0009693240   0.0003049031  -0.0009830666
       -0.0153098163   0.0039546642   0.0074014114  -0.0003341046   0.0008472193
       -0.0005994745   0.0000034534  -0.0009989766   0.0001465133   0.0117707751
       -0.0009405616  -0.0028204407  -0.0016430411   0.0009846744   0.0001324700
        0.0234574744  -0.1153116540   0.0332397381   0.0055540849  -0.0233667122
        0.0056727341  -0.0298729486   0.3923866234   0.0062453053   0.0015157115
       -0.0407689362   0.0034326838  -0.0472141778  -0.1548520634  -0.0448974345
        0.0529452716  -0.0622206758  -0.0161972220   0.0023620773  -0.0035770827
        0.0088551399  -0.0023771325  -0.0010439128   0.0015593808   0.0000827395
       -0.0020107969   0.0014729474   0.0022709385   0.0005729760  -0.0012040999
        0.0007046004   0.0003845420  -0.0002786899  -0.0055020342   0.0020502085
       -0.0011992244   0.0008113222   0.0026796382   0.0001721398   0.0016595609
        0.0010474957  -0.0006059054  -0.0008847548   0.0001833305  -0.0005279726
        0.0033186445   0.0116664621   0.0006062394  -0.0003262046  -0.0006170194
        0.0013521512   0.0003098115   0.0000067367  -0.0000531423   0.0020433058
       -0.0036838297   0.0060337936   0.0017280831  -0.0001626475  -0.0006054780
       -0.0102578273   0.0185731736  -0.0598388120   0.0014718701  -0.0057406964
        0.0030484321  -0.0301660228   0.0062453053   0.5334610926  -0.0260713192
        0.0021271442  -0.2324778965  -0.0202637909  -0.0503907886  -0.0772783012
        0.0400343545  -0.0044058453  -0.1063249540  -0.0090777886   0.0287570596
       -0.0462929579  -0.0010228997  -0.0000143493  -0.0024093332   0.0007497635
       -0.0005928098  -0.0005977705   0.0041180313   0.0026480152   0.0014974825
        0.0030782999   0.0001900452   0.0000802664   0.0399238240  -0.0054457844
       -0.0188435606  -0.0012007969   0.0019805836  -0.0010618846   0.0022460367
       -0.0011509887  -0.0001676991  -0.0006353751   0.0000102337  -0.0001276677
        0.0013636107  -0.0010550280  -0.0033650866  -0.0001220005  -0.0000163789
       -0.0000107513   0.0000228876  -0.0000092917   0.0000182243   0.0000301314
       -0.0000401824  -0.0002042844   0.0001114011  -0.0000991183   0.0000366500
        0.0004113708   0.0004149461  -0.0096958011   0.0002453817  -0.0004280200
        0.0003632295  -0.0406151295   0.0015157115  -0.0260713192   0.0590069825
        0.0042628963   0.0197138284  -0.0085488342  -0.0113740844  -0.0192995876
       -0.0070027209  -0.0003135367   0.0357593862  -0.0003603302   0.0024304807
       -0.0031668118  -0.0004198818   0.0004683734  -0.0002651919   0.0000492295
        0.0000441478   0.0003740351   0.0002632525   0.0003120125   0.0011524541
        0.0002318529   0.0002387041   0.0002301511  -0.0042134955   0.0030645228
        0.0035476904   0.0000469951   0.0001300483   0.0000368836  -0.0005773942
        0.0004732345   0.0007880220   0.0000766910  -0.0000194377   0.0000582793
        0.0014792331   0.0001824299  -0.0018064442  -0.0000448759  -0.0001552444
        0.0003032576  -0.0000005041   0.0000058884  -0.0000109204  -0.0003247440
        0.0001868437   0.0001964659  -0.0000467054  -0.0000396312  -0.0000423757
        0.0021024506   0.0003178114   0.0196982207  -0.0000070758   0.0004308575
        0.0005651695   0.0029130508  -0.0407689362   0.0021271442   0.0042628963
        0.0545794753   0.0101335737  -0.0154463970  -0.0131139850  -0.0316612945
        0.0009491476   0.0017998515  -0.0065881465   0.0018900271  -0.0042578427
        0.0059557486   0.0002348413  -0.0003281435  -0.0000556739   0.0000053270
       -0.0000083186  -0.0001591904   0.0001203961   0.0003949944   0.0011063352
        0.0002800296   0.0001921728   0.0001612113   0.0009250932   0.0009306101
        0.0004383342  -0.0001791311  -0.0004095413   0.0000766970   0.0007609069
        0.0000227987  -0.0004991951   0.0001260336   0.0000379092   0.0000610827
        0.0008343943   0.0007425951   0.0018189452  -0.0001540890  -0.0000843282
       -0.0008176659   0.0000269148   0.0000063888   0.0000930078  -0.0001112692
       -0.0004376194  -0.0012852611   0.0001222408  -0.0000976295   0.0000613455
       -0.0020478524   0.0012890097  -0.0146038944   0.0002832010  -0.0001561788
        0.0001206198  -0.0180827561   0.0034326838  -0.2324778965   0.0197138284
        0.0101335737   0.2867817861  -0.0119233763  -0.0170142115  -0.0170298867
        0.0103619018   0.0005158147  -0.0206138163  -0.0009421400   0.0035725282
       -0.0030733289   0.0010024520  -0.0003096646   0.0012360411  -0.0002749132
        0.0002612005   0.0003806230  -0.0013613364  -0.0001140927   0.0003403388
        0.0004445318   0.0003186049   0.0001758556   0.0023503260  -0.0022356699
       -0.0019584784   0.0003747159  -0.0001358324   0.0002358587  -0.0008797412
        0.0003215554   0.0005404662   0.0002629671  -0.0000087276   0.0000753403
       -0.1883072226   0.0277183766   0.0668833422  -0.0391425902   0.0152101081
        0.0133104142  -0.0040450936   0.0064050011  -0.0022785139  -0.0026441282
       -0.0053777875   0.0004961001   0.0005499320  -0.0001234767  -0.0000256147
        0.0018513967  -0.0034365150  -0.0022086585   0.0005026251   0.0008463714
       -0.0000304332  -0.0655608131  -0.0472141778  -0.0202637909  -0.0085488342
       -0.0154463970  -0.0119233763   0.3990182405   0.0510591408  -0.0796515022
       -0.0553495597  -0.0267148674   0.0050484435   0.0022053465   0.0002478423
        0.0028205266   0.0022419233   0.0015190947   0.0000311472   0.0034587983
       -0.0012574937  -0.0022162272  -0.0147053478   0.0030735141   0.0222011493
       -0.0283512670  -0.0059912713   0.0072773891   0.0001611060   0.0010907984
       -0.0009134240  -0.0015676936  -0.0005461279   0.0003647181  -0.0017924347
       -0.0007694088   0.0002663113   0.0000256163  -0.0002927244   0.0008119992
        0.0110350231  -0.0742566927  -0.0185795383   0.0295472989  -0.0031435828
       -0.0084101195   0.0044384010  -0.0044945990   0.0017032622  -0.0044790934
        0.0030549762  -0.0004643469   0.0000532467   0.0008835735   0.0000662007
       -0.0218764342  -0.0460274096  -0.0130182842   0.0031739692  -0.0089205569
        0.0033024330  -0.0230562662  -0.1548520634  -0.0503907886  -0.0113740844
       -0.0131139850  -0.0170142115   0.0510591408   0.2829825968   0.0914890401
       -0.0118716859   0.0099170103   0.0067962656   0.0002787566   0.0037227950
        0.0017812516   0.0013307018   0.0006586623  -0.0004904290  -0.0010997106
        0.0026713655  -0.0027843534   0.0018171409   0.0021963991  -0.0034420095
       -0.0281395633   0.0005611534   0.0102009758   0.0005713424  -0.0002488762
       -0.0003276576  -0.0007440752  -0.0001369383  -0.0006011604  -0.0009078099
       -0.0008770352  -0.0001948450   0.0002437018  -0.0005767930   0.0003783149
        0.0605791483  -0.0275042901  -0.0851242702  -0.0014009257  -0.0014202023
        0.0019494270  -0.0012172474   0.0009192571   0.0004533481   0.0003950780
       -0.0005997834  -0.0008368612   0.0000655565  -0.0001928519   0.0001858270
        0.0026070175   0.0040929732   0.0023381856  -0.0000266089   0.0016100855
        0.0001275404  -0.0081561659  -0.0448974345  -0.0772783012  -0.0192995876
       -0.0316612945  -0.0170298867  -0.0796515022   0.0914890401   0.1756256378
        0.0139967241   0.0112164072   0.0080813349   0.0002046855   0.0017647603
        0.0037360131   0.0001003635  -0.0004595595   0.0010642040  -0.0014806252
        0.0005980981   0.0046784367   0.0378483350  -0.0052549202  -0.0226181916
       -0.0056446205   0.0012745244   0.0036862995  -0.0006553900   0.0003490368
        0.0004892230   0.0008193114  -0.0019066719   0.0009483141  -0.0002976310
        0.0006455847  -0.0004204802   0.0012140847  -0.0000627590  -0.0000558002
       -0.0047433352  -0.0079122344  -0.0040319102   0.0015029310  -0.0001012955
        0.0006553569   0.0001530834   0.0001138151  -0.0000900956  -0.0020622958
        0.0058809557  -0.0045111044  -0.0022313207   0.0004578256   0.0004932667
       -0.0388998495   0.0142679326   0.0115740737   0.0006650623  -0.0006066784
        0.0004065253  -0.2229792866   0.0529452716   0.0400343545  -0.0070027209
        0.0009491476   0.0103619018  -0.0553495597  -0.0118716859   0.0139967241
        0.3750270713  -0.0660486364  -0.0526977466   0.0036053583  -0.0025287519
        0.0006462268   0.0000607680   0.0005098759   0.0012774537  -0.0002864613
        0.0004445944  -0.0008712035   0.0006495203   0.0001484124  -0.0004419156
       -0.0026498051  -0.0000347186   0.0008526387  -0.0453668998   0.0140111611
       -0.0186417718  -0.0003710965   0.0000656512   0.0009536486  -0.0000180018
       -0.0004919022  -0.0005540596   0.0002968382  -0.0001987399   0.0005876363
       -0.0026937113  -0.0042997433  -0.0013320890  -0.0004074127  -0.0004553392
        0.0000772228  -0.0000610780   0.0003174384  -0.0000429954   0.0022761472
       -0.0061984683   0.0039572952   0.0019692451  -0.0002640839  -0.0004626173
        0.0353609622  -0.0096173385  -0.0087026755  -0.0002668901   0.0023552357
       -0.0001466847   0.0380510146  -0.0622206758  -0.0044058453  -0.0003135367
        0.0017998515   0.0005158147  -0.0267148674   0.0099170103   0.0112164072
       -0.0660486364   0.0962227489  -0.0784977772   0.0026942021   0.0007915296
       -0.0003417170   0.0007397107   0.0004223090  -0.0006689912   0.0000531933
        0.0005972676  -0.0002170590  -0.0001680494  -0.0001330313   0.0000975088
       -0.0011887321   0.0001057070   0.0003793721   0.0170935361  -0.0280782631
        0.0785313736  -0.0000861702  -0.0009336577  -0.0003185714  -0.0006251857
       -0.0003146192   0.0002980665   0.0003362588  -0.0000138777   0.0000639621
       -0.0003450452   0.0001523049   0.0014428894  -0.0003888155   0.0001690028
       -0.0007555749  -0.0001298202   0.0000511851   0.0000485909  -0.0005795893
        0.0003002463  -0.0004080339   0.0001089053  -0.0001478038  -0.0000164494
       -0.0009427237   0.0013408158   0.0011427590  -0.0000781360   0.0000107792
       -0.0001329972   0.0662425230  -0.0161972220  -0.1063249540   0.0357593862
       -0.0065881465  -0.0206138163   0.0050484435   0.0067962656   0.0080813349
       -0.0526977466  -0.0784977772   0.5000332575  -0.0082653289   0.0056038174
        0.0016534570   0.0003231658   0.0000032131   0.0006456368  -0.0002675619
       -0.0000627572   0.0009345110  -0.0004233205  -0.0001607385   0.0004892940
        0.0003130530   0.0001149714   0.0001138067  -0.0440086376   0.0866177102
       -0.3861826874   0.0007895009   0.0002388924  -0.0002780634  -0.0005492124
        0.0002305900   0.0003176270   0.0000909599   0.0000246509  -0.0001905877
       -0.0014709387   0.0001383690   0.0005466073   0.0001975327   0.0000988369
       -0.0026400455   0.0003475041   0.0002914930   0.0003001996  -0.0031296178
        0.0005510714   0.0313938872   0.0027091107  -0.0010784344  -0.0001299186
       -0.0693673906  -0.0177952343   0.0086446251   0.0016597367  -0.0015550405
       -0.0206416173  -0.0040993133   0.0023620773  -0.0090777886  -0.0003603302
        0.0018900271  -0.0009421400   0.0022053465   0.0002787566   0.0002046855
        0.0036053583   0.0026942021  -0.0082653289   0.3305526993   0.1909241080
        0.0611915673  -0.0071090688   0.0022497025   0.0079543811  -0.0088028447
       -0.0060870323   0.0029057474   0.0001479098  -0.0000083475  -0.0001259064
        0.0001738246   0.0000548116  -0.0001010730   0.0020727344  -0.0034111096
        0.0032444273  -0.2473013985  -0.1717727802  -0.0749241132  -0.0005636812
       -0.0001199263  -0.0002253862  -0.0014671734   0.0002944497   0.0006871901
        0.0012077425  -0.0002764070  -0.0007768185   0.0001781434  -0.0007933819
       -0.0011571090   0.0000569718   0.0003667120   0.0001860963   0.0022255720
        0.0014661970  -0.0048117660  -0.0012843790   0.0005325285  -0.0001676691
       -0.0154152396  -0.0596382243  -0.0041640759   0.0004300853   0.0004874421
       -0.0250526942   0.0044713157  -0.0035770827   0.0287570596   0.0024304807
       -0.0042578427   0.0035725282   0.0002478423   0.0037227950   0.0017647603
       -0.0025287519   0.0007915296   0.0056038174   0.1909241080   0.1918006121
        0.0548728805   0.0019526599   0.0007632770  -0.0019587301  -0.0057925314
       -0.0005580792   0.0009174492   0.0000221281   0.0001689636   0.0002878990
       -0.0000999099   0.0002103923  -0.0000840926  -0.0036692330   0.0007550558
       -0.0018174023  -0.1755716201  -0.1318147811  -0.0563864585   0.0000531808
       -0.0003905912   0.0000019406   0.0001614345   0.0002408852   0.0004123851
       -0.0004458035  -0.0004665022   0.0003251579  -0.0014320894  -0.0005614631
       -0.0025695812   0.0001921611   0.0002152539  -0.0000173463   0.0057483231
       -0.0007528024  -0.0270344126  -0.0011502871  -0.0000681317   0.0007412252
        0.0340559253   0.0117724116  -0.2332002493  -0.0041367630  -0.0071466248
       -0.0251111069  -0.0023207087   0.0088551399  -0.0462929579  -0.0031668118
        0.0059557486  -0.0030733289   0.0028205266   0.0017812516   0.0037360131
        0.0006462268  -0.0003417170   0.0016534570   0.0611915673   0.0548728805
        0.4102945551   0.0084338055  -0.0020603336  -0.0076852338  -0.0016993630
       -0.0009986130   0.0045885787  -0.0001470544  -0.0002759733   0.0003268317
        0.0000926862   0.0001252720   0.0000995817   0.0001016477  -0.0011114129
        0.0001699494  -0.0985716896  -0.0700840986  -0.0775965275  -0.0003163104
       -0.0002141903   0.0010146067   0.0001040113   0.0005039048  -0.0003692122
       -0.0014982291   0.0004836691   0.0006524244   0.0025089895  -0.0050103649
       -0.0133563106   0.0020604274   0.0013212434  -0.0004395239  -0.0571748031
        0.0194957634   0.0056634624   0.0013138849  -0.0028404182  -0.0142610512
       -0.0021176483   0.0091895176   0.0293435071   0.0029907332   0.0006016365
       -0.0002266092  -0.0010715528  -0.0023771325  -0.0010228997  -0.0004198818
        0.0002348413   0.0010024520   0.0022419233   0.0013307018   0.0001003635
        0.0000607680   0.0007397107   0.0003231658  -0.0071090688   0.0019526599
        0.0084338055   0.1726479284  -0.1718564161   0.0909997599  -0.0003382781
       -0.0040755247  -0.0030566736  -0.0001365713   0.0003409369  -0.0003680095
        0.0000964702  -0.0000119221  -0.0001136732   0.0001803019  -0.0003372931
       -0.0001078044  -0.0012703423  -0.0004304095  -0.0004144270  -0.1124589161
        0.1514349338  -0.1024048348  -0.0005061350  -0.0001861332  -0.0007471236
       -0.0009698723   0.0005307362   0.0006071075   0.0001237058  -0.0105253600
       -0.0324819405   0.0018543041   0.0017014928   0.0002752394   0.0232593368
       -0.0883501879  -0.0415564194  -0.0010970170   0.0067886246   0.0207739724
        0.0007293434  -0.0007129462  -0.0096108505   0.0002807439   0.0004009482
        0.0004300033  -0.0012360494  -0.0010439128  -0.0000143493   0.0004683734
       -0.0003281435  -0.0003096646   0.0015190947   0.0006586623  -0.0004595595
        0.0005098759   0.0004223090   0.0000032131   0.0022497025   0.0007632770
       -0.0020603336  -0.1718564161   0.3067480785  -0.0589857046  -0.0036665289
       -0.0067078296  -0.0042497088  -0.0002023811  -0.0006400424  -0.0008553765
       -0.0001028906   0.0003112297  -0.0002242062  -0.0002728031  -0.0001902614
        0.0000451283  -0.0003243561  -0.0003602613   0.0003447626   0.1491195072
       -0.2091733896   0.1298448480  -0.0003856732  -0.0002930236  -0.0015161611
       -0.0007828966   0.0009415904  -0.0018054794  -0.0014472781  -0.0158924133
       -0.0241433997  -0.0003709449   0.0006297503   0.0009190357   0.0233657788
       -0.0642531149  -0.2185966767  -0.0020512345  -0.0014568969  -0.0303912074
        0.0063883254  -0.0092949777  -0.0241615784  -0.0010863501   0.0003988876
        0.0007721190  -0.0010331154   0.0015593808  -0.0024093332  -0.0002651919
       -0.0000556739   0.0012360411   0.0000311472  -0.0004904290   0.0010642040
        0.0012774537  -0.0006689912   0.0006456368   0.0079543811  -0.0019587301
       -0.0076852338   0.0909997599  -0.0589857046   0.4645340696  -0.0031474687
       -0.0054960103  -0.0011852652   0.0003275898   0.0003220215   0.0013413621
        0.0000455212  -0.0001334446   0.0002082570  -0.0006590467   0.0004999333
       -0.0000122895   0.0001555989   0.0007350123   0.0008656421  -0.1193603586
        0.1540810848  -0.1596494766  -0.0003416706  -0.0004812745  -0.0015464273
       -0.0022455194   0.0026373241  -0.0192612774  -0.0553558052  -0.0097557908
       -0.0122495042   0.0062028444   0.0022304506   0.0267717431  -0.0012700182
       -0.0028170614  -0.0163689876  -0.0001134096   0.0002727970  -0.0000258268
        0.0000971205   0.0010094832   0.0033728251   0.0004757364  -0.0001052841
       -0.0005316801   0.0008301847   0.0000827395   0.0007497635   0.0000492295
        0.0000053270  -0.0002749132   0.0034587983  -0.0010997106  -0.0014806252
       -0.0002864613   0.0000531933  -0.0002675619  -0.0088028447  -0.0057925314
       -0.0016993630  -0.0003382781  -0.0036665289  -0.0031474687   0.1294952002
        0.1687949421   0.0495529370  -0.0013146148   0.0025739692  -0.0027287785
        0.0002486901  -0.0007028993   0.0007530612   0.0007241916  -0.0001952846
        0.0001322078  -0.0004815643   0.0020799357  -0.0006782753  -0.0004632186
       -0.0000603111   0.0003538097  -0.0709102615  -0.1555447596  -0.0229720855
        0.0046512969  -0.0002744478   0.0277408792  -0.0112895523  -0.0699746131
       -0.0134930221   0.0005141489   0.0032812113  -0.0036377799  -0.0042195868
       -0.0039999599  -0.0277089343   0.0008530108   0.0017782969  -0.0002999905
        0.0006228152   0.0002410394   0.0005588762   0.0004090798   0.0001231695
       -0.0001131921  -0.0014041581  -0.0020107969  -0.0005928098   0.0000441478
       -0.0000083186   0.0002612005  -0.0012574937   0.0026713655   0.0005980981
        0.0004445944   0.0005972676  -0.0000627572  -0.0060870323  -0.0005580792
       -0.0009986130  -0.0040755247  -0.0067078296  -0.0054960103   0.1687949421
        0.4360354797   0.0654720911   0.0032707380  -0.0039973444   0.0037239502
        0.0003736272   0.0021031950   0.0008304415  -0.0001175886  -0.0004106086
        0.0000670394   0.0018739390  -0.0015742074   0.0012019873  -0.0000772082
       -0.0004222440   0.0001052224  -0.1533241955  -0.3568925755  -0.0481566769
       -0.0061794878   0.0034475069  -0.0398628685  -0.0065373227   0.0141380515
       -0.2246077617   0.0076344117  -0.0030212658  -0.0400121446  -0.0055019193
       -0.0054475432  -0.0166881102   0.0007855979   0.0004656675   0.0004344813
        0.0007161796   0.0005982242  -0.0036466138   0.0000298520   0.0000613732
        0.0002033421   0.0019584731   0.0014729474  -0.0005977705   0.0003740351
       -0.0001591904   0.0003806230  -0.0022162272  -0.0027843534   0.0046784367
       -0.0008712035  -0.0002170590   0.0009345110   0.0029057474   0.0009174492
        0.0045885787  -0.0030566736  -0.0042497088  -0.0011852652   0.0495529370
        0.0654720911   0.3719159133  -0.0037296734   0.0059220106  -0.0033352581
        0.0015213153  -0.0018893594   0.0017152318  -0.0003674377   0.0002090749
       -0.0004620217  -0.0031270221  -0.0007479408  -0.0013389267   0.0008412998
        0.0003768685   0.0005069328  -0.0347328814  -0.0745648443  -0.0536213096
       -0.0409160543  -0.0028986341  -0.0162204089  -0.0005154641  -0.0008755918
       -0.0122282178  -0.0001556075  -0.0000304509  -0.0005424403   0.0002630871
       -0.0004904189   0.0000341977  -0.0001101230  -0.0000732325  -0.0000070591
       -0.0002337376  -0.0000437629  -0.0003090354  -0.0000237267   0.0000281483
        0.0000064028   0.0015246323   0.0022709385   0.0041180313   0.0002632525
        0.0001203961  -0.0013613364  -0.0147053478   0.0018171409   0.0378483350
        0.0006495203  -0.0001680494  -0.0004233205   0.0001479098   0.0000221281
       -0.0001470544  -0.0001365713  -0.0002023811   0.0003275898  -0.0013146148
        0.0032707380  -0.0037296734   0.0554543583  -0.0006900575   0.0070169913
       -0.0004696415  -0.0023167626  -0.0141491529   0.0000418627   0.0000652568
       -0.0002676680  -0.0003089859  -0.0000059293  -0.0000180996   0.0004161080
       -0.0001108500  -0.0001333274   0.0001291435   0.0003113743   0.0001852461
       -0.0033536533  -0.0454400677  -0.0110229369   0.0026819641   0.0008366352
        0.0206487977  -0.0002069112   0.0003984322   0.0000907186   0.0000389644
        0.0005581380   0.0003258745   0.0000580745   0.0001766582  -0.0000646526
       -0.0000445621  -0.0002362544   0.0000770092  -0.0000118990  -0.0000131249
       -0.0000057178  -0.0002927778   0.0005729760   0.0026480152   0.0003120125
        0.0003949944  -0.0001140927   0.0030735141   0.0021963991  -0.0052549202
        0.0001484124  -0.0001330313  -0.0001607385  -0.0000083475   0.0001689636
       -0.0002759733   0.0003409369  -0.0006400424   0.0003220215   0.0025739692
       -0.0039973444   0.0059220106  -0.0006900575   0.0500044684   0.0150928666
       -0.0041809593  -0.0035793424  -0.0274635323  -0.0000763507  -0.0000735296
       -0.0000006545   0.0001715033  -0.0001127604   0.0000903848  -0.0006636327
       -0.0008927828  -0.0007256465   0.0001297998  -0.0001893847  -0.0001288334
       -0.0206787215  -0.0111100707  -0.2391500620  -0.0028727055   0.0002486685
       -0.0162271650  -0.0002289186  -0.0001939870   0.0003749611   0.0003602509
       -0.0006121018  -0.0012580395  -0.0000257726  -0.0002918119   0.0000242886
        0.0000705184   0.0000741840  -0.0007021098  -0.0000280018  -0.0000513916
        0.0000766342  -0.0009481609  -0.0012040999   0.0014974825   0.0011524541
        0.0011063352   0.0003403388   0.0222011493  -0.0034420095  -0.0226181916
       -0.0004419156   0.0000975088   0.0004892940  -0.0001259064   0.0002878990
        0.0003268317  -0.0003680095  -0.0008553765   0.0013413621  -0.0027287785
        0.0037239502  -0.0033352581   0.0070169913   0.0150928666   0.2906570067
       -0.0028489134  -0.0035320134  -0.0127523603  -0.0003751641  -0.0002235211
        0.0001588824   0.0000082783  -0.0002976416   0.0001319971   0.0004829645
        0.0008392925   0.0004307876   0.0003783617   0.0003433204   0.0001933194
       -0.0808462224  -0.0832177372  -0.0277236868   0.0059558898   0.0106537422
        0.0018340956   0.0002652677   0.0002221095   0.0000417787  -0.0008768304
        0.0019676377  -0.0016346291   0.0003112411   0.0006674190   0.0001357916
       -0.0003615552   0.0003047103  -0.0002738859   0.0000406012   0.0000595372
        0.0000284299  -0.0035207652   0.0007046004   0.0030782999   0.0002318529
        0.0002800296   0.0004445318  -0.0283512670  -0.0281395633  -0.0056446205
       -0.0026498051  -0.0011887321   0.0003130530   0.0001738246  -0.0000999099
        0.0000926862   0.0000964702  -0.0001028906   0.0000455212   0.0002486901
        0.0003736272   0.0015213153  -0.0004696415  -0.0041809593  -0.0028489134
        0.1097410078   0.1024397600   0.0308655275   0.0000331544  -0.0000565660
       -0.0001884257  -0.0001831478  -0.0000170922  -0.0000479501  -0.0001242242
       -0.0000873886   0.0000956555   0.0002854591  -0.0005823340  -0.0001345746
       -0.0874363770  -0.2074774817  -0.0536079307  -0.0090284670  -0.0275466513
       -0.0051811341  -0.0002524725   0.0003055238  -0.0002369222   0.0033315427
       -0.0036358263   0.0027944259  -0.0007203246  -0.0012297748  -0.0002261013
        0.0003795971   0.0004739007  -0.0001875403   0.0001593132   0.0001892682
       -0.0000073871  -0.0003573668   0.0003845420   0.0001900452   0.0002387041
        0.0001921728   0.0003186049  -0.0059912713   0.0005611534   0.0012745244
       -0.0000347186   0.0001057070   0.0001149714   0.0000548116   0.0002103923
        0.0001252720  -0.0000119221   0.0003112297  -0.0001334446  -0.0007028993
        0.0021031950  -0.0018893594  -0.0023167626  -0.0035793424  -0.0035320134
        0.1024397600   0.2390246434   0.0589212092   0.0000228573  -0.0001234603
       -0.0000714386  -0.0001824810  -0.0003116497  -0.0000633371   0.0000206497
        0.0001091849   0.0001320512   0.0003878271  -0.0000667268   0.0012655047
       -0.0297378476  -0.0541325141  -0.0614110522   0.0035292390   0.0096653135
        0.0021859134   0.0002590215  -0.0002593945  -0.0000712703  -0.0006530025
        0.0017022154  -0.0009564092   0.0002678032   0.0004982353   0.0000731889
       -0.0000522334  -0.0000761676   0.0000343163  -0.0000231818  -0.0000009008
       -0.0000389344   0.0010774843  -0.0002786899   0.0000802664   0.0002301511
        0.0001612113   0.0001758556   0.0072773891   0.0102009758   0.0036862995
        0.0008526387   0.0003793721   0.0001138067  -0.0001010730  -0.0000840926
        0.0000995817  -0.0001136732  -0.0002242062   0.0002082570   0.0007530612
        0.0008304415   0.0017152318  -0.0141491529  -0.0274635323  -0.0127523603
        0.0308655275   0.0589212092   0.0671582901  -0.0000117281  -0.0000377155
        0.0000761447   0.0000731936   0.0001306371  -0.0000565465   0.0001897979
        0.0002349076   0.0001773627  -0.0005334145  -0.0001673055  -0.0004979420
       -0.0006890863  -0.0003738244   0.0005268775  -0.0000876626  -0.0000933737
        0.0003162806   0.0002322413  -0.0000213107  -0.0000338680  -0.0000911197
        0.0000787410   0.0005422182   0.0000368601   0.0000204092   0.0000219681
       -0.0001932856   0.0011492508   0.0026123198  -0.0000675315   0.0000123590
       -0.0000377086  -0.0004410952  -0.0055020342   0.0399238240  -0.0042134955
        0.0009250932   0.0023503260   0.0001611060   0.0005713424  -0.0006553900
       -0.0453668998   0.0170935361  -0.0440086376   0.0020727344  -0.0036692330
        0.0001016477   0.0001803019  -0.0002728031  -0.0006590467   0.0007241916
       -0.0001175886  -0.0003674377   0.0000418627  -0.0000763507  -0.0003751641
        0.0000331544   0.0000228573  -0.0000117281   0.0493947367  -0.0102359953
        0.0002666762  -0.0014681402   0.0003034526  -0.0005866507  -0.0000252237
        0.0001218390   0.0001119367  -0.0002336491   0.0000636332  -0.0000384431
       -0.0007376656   0.0001320490   0.0001834143   0.0000330327   0.0002635762
       -0.0000586457  -0.0000231668  -0.0001643971   0.0000247328   0.0002208891
        0.0002254068  -0.0002233152  -0.0000020743  -0.0001121940  -0.0000438173
        0.0008198553   0.0004870369  -0.0024200740   0.0001235404  -0.0006801286
       -0.0004234627  -0.0043206878   0.0020502085  -0.0054457844   0.0030645228
        0.0009306101  -0.0022356699   0.0010907984  -0.0002488762   0.0003490368
        0.0140111611  -0.0280782631   0.0866177102  -0.0034111096   0.0007550558
       -0.0011114129  -0.0003372931  -0.0001902614   0.0004999333  -0.0001952846
       -0.0004106086   0.0002090749   0.0000652568  -0.0000735296  -0.0002235211
       -0.0000565660  -0.0001234603  -0.0000377155  -0.0102359953   0.0241098974
       -0.0757773057   0.0001007822   0.0008667220   0.0002245907   0.0000097112
        0.0002558087  -0.0000833319  -0.0002197070   0.0000053476  -0.0000244365
        0.0003161338   0.0001414811  -0.0003761062  -0.0000208112  -0.0000034630
        0.0004620659  -0.0001018262  -0.0000142240  -0.0000242496   0.0001378851
        0.0000328257  -0.0006890031  -0.0002525805   0.0001176728   0.0001265477
       -0.0011873080   0.0010304838   0.0008736817   0.0000526379  -0.0004496838
       -0.0003938424   0.0145259002  -0.0011992244  -0.0188435606   0.0035476904
        0.0004383342  -0.0019584784  -0.0009134240  -0.0003276576   0.0004892230
       -0.0186417718   0.0785313736  -0.3861826874   0.0032444273  -0.0018174023
        0.0001699494  -0.0001078044   0.0000451283  -0.0000122895   0.0001322078
        0.0000670394  -0.0004620217  -0.0002676680  -0.0000006545   0.0001588824
       -0.0001884257  -0.0000714386   0.0000761447   0.0002666762  -0.0757773057
        0.4060918457  -0.0006613117  -0.0006594753   0.0004583765   0.0001408993
       -0.0000568148  -0.0000750059  -0.0000215263  -0.0000269950   0.0001105279
        0.0014041953  -0.0000826758  -0.0010092630   0.0013091739   0.0006713706
        0.0049238567  -0.0001042468  -0.0001919186  -0.0006360087   0.0031723056
        0.0015244127   0.0007070854  -0.0001858384   0.0005539304   0.0003597184
        0.0031021734   0.0026884497  -0.0056423695   0.0014054074   0.0005273986
        0.0018377165   0.0010211924   0.0008113222  -0.0012007969   0.0000469951
       -0.0001791311   0.0003747159  -0.0015676936  -0.0007440752   0.0008193114
       -0.0003710965  -0.0000861702   0.0007895009  -0.2473013985  -0.1755716201
       -0.0985716896  -0.0012703423  -0.0003243561   0.0001555989  -0.0004815643
        0.0018739390  -0.0031270221  -0.0003089859   0.0001715033   0.0000082783
       -0.0001831478  -0.0001824810   0.0000731936  -0.0014681402   0.0001007822
       -0.0006613117   0.2403535885   0.1695687859   0.1019355877   0.0003264967
        0.0001033531  -0.0000623930   0.0011009260  -0.0012328196  -0.0010737092
       -0.0007118537   0.0001738924   0.0005320480   0.0000192364   0.0011088355
        0.0017322073   0.0000837621  -0.0002503942  -0.0003526866  -0.0008324942
        0.0013965776  -0.0003684851   0.0005731734  -0.0007387646  -0.0003741206
        0.0023090700  -0.0010671063  -0.0076535427  -0.0005642793  -0.0000299770
       -0.0024269191   0.0005455752   0.0026796382   0.0019805836   0.0001300483
       -0.0004095413  -0.0001358324  -0.0005461279  -0.0001369383  -0.0019066719
        0.0000656512  -0.0009336577   0.0002388924  -0.1717727802  -0.1318147811
       -0.0700840986  -0.0004304095  -0.0003602613   0.0007350123   0.0020799357
       -0.0015742074  -0.0007479408  -0.0000059293  -0.0001127604  -0.0002976416
       -0.0000170922  -0.0003116497   0.0001306371   0.0003034526   0.0008667220
       -0.0006594753   0.1695687859   0.1323152279   0.0798732547   0.0001398609
        0.0000965614   0.0000972602  -0.0009375854  -0.0008974157  -0.0003124808
        0.0004443477   0.0005740570  -0.0009427962   0.0014520109   0.0003527577
       -0.0017127529  -0.0001919898  -0.0000583617  -0.0001037629  -0.0000240162
       -0.0009503706  -0.0003654597   0.0003651205  -0.0004783762  -0.0001313798
       -0.0263956239  -0.0225650833  -0.0214190492  -0.0003392572  -0.0005039013
       -0.0061186314  -0.0019640858   0.0001721398  -0.0010618846   0.0000368836
        0.0000766970   0.0002358587   0.0003647181  -0.0006011604   0.0009483141
        0.0009536486  -0.0003185714  -0.0002780634  -0.0749241132  -0.0563864585
       -0.0775965275  -0.0004144270   0.0003447626   0.0008656421  -0.0006782753
        0.0012019873  -0.0013389267  -0.0000180996   0.0000903848   0.0001319971
       -0.0000479501  -0.0000633371  -0.0000565465  -0.0005866507   0.0002245907
        0.0004583765   0.1019355877   0.0798732547   0.1077456747   0.0000326373
       -0.0001784690  -0.0001606024  -0.0000004657  -0.0008065421   0.0009005199
        0.0013027702  -0.0001666764  -0.0008449471   0.0006468721   0.0010987554
       -0.0012526911  -0.0008156431  -0.0000250828  -0.0001328220  -0.0002618070
       -0.0050237785  -0.0009966131   0.0013881795  -0.0000942603   0.0005614605
        0.0024434110  -0.0014218550   0.0010309064  -0.0005446241  -0.0004255766
        0.0003139536   0.0013436346   0.0016595609   0.0022460367  -0.0005773942
        0.0007609069  -0.0008797412  -0.0017924347  -0.0009078099  -0.0002976310
       -0.0000180018  -0.0006251857  -0.0005492124  -0.0005636812   0.0000531808
       -0.0003163104  -0.1124589161   0.1491195072  -0.1193603586  -0.0004632186
       -0.0000772082   0.0008412998   0.0004161080  -0.0006636327   0.0004829645
       -0.0001242242   0.0000206497   0.0001897979  -0.0000252237   0.0000097112
        0.0001408993   0.0003264967   0.0001398609   0.0000326373   0.1097140661
       -0.1433251413   0.1189531219   0.0000636304  -0.0001059257  -0.0001627507
        0.0004880344   0.0001145914  -0.0018086099  -0.0002518681   0.0018398825
       -0.0008413165  -0.0004063521  -0.0002609145  -0.0000065676  -0.0081401101
        0.0087302818  -0.0014276733   0.0001461631   0.0010069363  -0.0002474875
        0.0006005409   0.0009416402   0.0000516920  -0.0002667746  -0.0003624371
        0.0002368272   0.0007367062   0.0010474957  -0.0011509887   0.0004732345
        0.0000227987   0.0003215554  -0.0007694088  -0.0008770352   0.0006455847
       -0.0004919022  -0.0003146192   0.0002305900  -0.0001199263  -0.0003905912
       -0.0002141903   0.1514349338  -0.2091733896   0.1540810848  -0.0000603111
       -0.0004222440   0.0003768685  -0.0001108500  -0.0008927828   0.0008392925
       -0.0000873886   0.0001091849   0.0002349076   0.0001218390   0.0002558087
       -0.0000568148   0.0001033531   0.0000965614  -0.0001784690  -0.1433251413
        0.1984978643  -0.1508109435  -0.0000747719   0.0000309679  -0.0002753417
       -0.0001656235  -0.0001362024   0.0003746540  -0.0007366038   0.0002526982
        0.0000142571  -0.0000275241   0.0000905809  -0.0000620948  -0.0168059158
        0.0228990787  -0.0290993202   0.0000194331  -0.0017453587  -0.0068317262
       -0.0003235202   0.0007475132  -0.0000442932   0.0002926056   0.0002956912
       -0.0002118717   0.0006437878  -0.0006059054  -0.0001676991   0.0007880220
       -0.0004991951   0.0005404662   0.0002663113  -0.0001948450  -0.0004204802
       -0.0005540596   0.0002980665   0.0003176270  -0.0002253862   0.0000019406
        0.0010146067  -0.1024048348   0.1298448480  -0.1596494766   0.0003538097
        0.0001052224   0.0005069328  -0.0001333274  -0.0007256465   0.0004307876
        0.0000956555   0.0001320512   0.0001773627   0.0001119367  -0.0000833319
       -0.0000750059  -0.0000623930   0.0000972602  -0.0001606024   0.1189531219
       -0.1508109435   0.1933685189  -0.0000854949   0.0000364772  -0.0000226430
        0.0008726155  -0.0013099255  -0.0003268756  -0.0035030438  -0.0017751566
       -0.0039451929   0.0010271610   0.0008997391   0.0006878320   0.0007448437
       -0.0007800538  -0.0020076136   0.0000772577   0.0004978637  -0.0000108641
        0.0003840162  -0.0000646885  -0.0002269265  -0.0000066140   0.0001533592
       -0.0000293386  -0.0009693240  -0.0008847548  -0.0006353751   0.0000766910
        0.0001260336   0.0002629671   0.0000256163   0.0002437018   0.0012140847
        0.0002968382   0.0003362588   0.0000909599  -0.0014671734   0.0001614345
        0.0001040113  -0.0005061350  -0.0003856732  -0.0003416706  -0.0709102615
       -0.1533241955  -0.0347328814   0.0001291435   0.0001297998   0.0003783617
        0.0002854591   0.0003878271  -0.0005334145  -0.0002336491  -0.0002197070
       -0.0000215263   0.0011009260  -0.0009375854  -0.0000004657   0.0000636304
       -0.0000747719  -0.0000854949   0.0725120021   0.1568204946   0.0401594230
        0.0005234383   0.0030711122   0.0004823549  -0.0002062361  -0.0023102032
       -0.0067670394  -0.0002563108   0.0001085068  -0.0001289527   0.0002521349
       -0.0001302474  -0.0020236914  -0.0001451802   0.0005712407  -0.0000753138
        0.0002278793  -0.0000250623   0.0000698784  -0.0000277060  -0.0000216310
        0.0000060743   0.0003049031   0.0001833305   0.0000102337  -0.0000194377
        0.0000379092  -0.0000087276  -0.0002927244  -0.0005767930  -0.0000627590
       -0.0001987399  -0.0000138777   0.0000246509   0.0002944497   0.0002408852
        0.0005039048  -0.0001861332  -0.0002930236  -0.0004812745  -0.1555447596
       -0.3568925755  -0.0745648443   0.0003113743  -0.0001893847   0.0003433204
       -0.0005823340  -0.0000667268  -0.0001673055   0.0000636332   0.0000053476
       -0.0000269950  -0.0012328196  -0.0008974157  -0.0008065421  -0.0001059257
        0.0000309679   0.0000364772   0.1568204946   0.3571676409   0.0836365507
       -0.0006876827  -0.0006639087   0.0004531812  -0.0156609107  -0.0336168162
       -0.0123756921  -0.0001362263  -0.0007820164   0.0000579230  -0.0000329167
       -0.0001588680  -0.0049912413   0.0001162850   0.0002385552  -0.0001012988
       -0.0000726094   0.0000194243   0.0003374303   0.0000960400   0.0000877325
       -0.0000343611  -0.0009830666  -0.0005279726  -0.0001276677   0.0000582793
        0.0000610827   0.0000753403   0.0008119992   0.0003783149  -0.0000558002
        0.0005876363   0.0000639621  -0.0001905877   0.0006871901   0.0004123851
       -0.0003692122  -0.0007471236  -0.0015161611  -0.0015464273  -0.0229720855
       -0.0481566769  -0.0536213096   0.0001852461  -0.0001288334   0.0001933194
       -0.0001345746   0.0012655047  -0.0004979420  -0.0000384431  -0.0000244365
        0.0001105279  -0.0010737092  -0.0003124808   0.0009005199  -0.0001627507
       -0.0002753417  -0.0000226430   0.0401594230   0.0836365507   0.0718059410
