           1           2  0.97737321083240225     
           2           3  0.95885697608239406     
           2           4  0.96274809134999129     
           4           5  0.95574301017600594     
           4           6  0.96507753352869463     
           6           7  0.95979130730575668     
           6           8  0.94368737923132584     
           8           9  0.94775281634963027     
           1          10  0.99321366989982984     
           8          10  0.94422744251108137     
           8          11   1.0396267503635792     
           6          12   1.0107477731987689     
           4          13   1.0045368696631118     
           2          14  0.99104753797008149     
           1          15  0.96107472348669909     
           1          16  0.96550079562138891     
          11          17  0.86313618013719584     
          12          18  0.85892188779717960     
          13          19  0.89327917441834981     
          14          20  0.88870135576078402     
