$hessian                                                                        
        0.4678467793   0.0399874829   0.0000001807  -0.1316673165   0.0598012115
       -0.0000008492  -0.0487237969   0.0013981423   0.0000029948  -0.1937372362
       -0.1175900525   0.0000228680  -0.0440320532   0.0023800861   0.0048854892
       -0.0440337120   0.0023955165  -0.0049098370  -0.0047314169   0.0057855834
        0.0024691494  -0.0047341734   0.0057870698  -0.0024698333   0.0019064837
        0.0000273530  -0.0009232618   0.0019064422   0.0000276071   0.0009230991
        0.0399874829   0.4999165583  -0.0000014321   0.0581757438  -0.1069770492
       -0.0000005170  -0.0173260096   0.0080233712   0.0000005805  -0.1184249218
       -0.1330416078   0.0000176371   0.0028943002  -0.1226809078  -0.1103151507
        0.0029096213  -0.1226374801   0.1102992913   0.0166652337  -0.0129436331
       -0.0029666204   0.0166625026  -0.0129406227   0.0029662740  -0.0007719364
        0.0016405518  -0.0009629471  -0.0007720167   0.0016408193   0.0009628843
        0.0000001807  -0.0000014321   0.5189432992  -0.0000008053  -0.0000006112
       -0.0685053695   0.0000044370  -0.0000004109   0.0036092784   0.0000228961
        0.0000175364  -0.0446119363   0.0058374117  -0.1107069898  -0.2029389070
       -0.0058618170   0.1106910251  -0.2029811284   0.0197842898  -0.0165143030
       -0.0022438766  -0.0197865329   0.0165153296  -0.0022441550   0.0008686347
       -0.0008801445   0.0004865481  -0.0008686947   0.0008800004   0.0004862470
       -0.1316673165   0.0581757438  -0.0000008053   0.4253841012   0.0091656609
        0.0000067292  -0.1733159241  -0.0968679978   0.0000119031  -0.0223774691
        0.0103111761   0.0000006170  -0.0035767022   0.0039337685   0.0026340059
       -0.0035800320   0.0039355968  -0.0026343107  -0.0393161570   0.0052203254
        0.0062735167  -0.0393178729   0.0052309943  -0.0062921907  -0.0061146161
        0.0004485429   0.0022907423  -0.0061180113   0.0004461892  -0.0022902074
        0.0598012115  -0.1069770492  -0.0000006112   0.0091656609   0.4917559677
        0.0000037558  -0.0573694154  -0.1038697447   0.0000049521  -0.0145004833
        0.0080437749   0.0000003411   0.0170969308  -0.0132189993  -0.0034564729
        0.0170933922  -0.0132154514   0.0034561057   0.0056366643  -0.1166840234
       -0.1036091345   0.0056472352  -0.1166544971   0.1035967255  -0.0212836249
       -0.0145885607   0.0042972703  -0.0212875712  -0.0145914168  -0.0042929319
       -0.0000008492  -0.0000005170  -0.0685053695   0.0000067292   0.0000037558
        0.5514225931   0.0000095040   0.0000074037  -0.0814198804   0.0000029878
       -0.0000015211   0.0001266864   0.0211930258  -0.0156648535  -0.0016762210
       -0.0211959870   0.0156663283  -0.0016763462   0.0085401871  -0.1009348652
       -0.1975004928  -0.0085590048   0.1009225559  -0.1975283818   0.0257817011
        0.0162479006  -0.0016243838  -0.0257782939  -0.0162461876  -0.0016182041
       -0.0487237969  -0.0173260096   0.0000044370  -0.1733159241  -0.0573694154
        0.0000095040   0.2976860560   0.1340467360   0.0000105398  -0.0090532624
        0.0042157919   0.0000002066   0.0021723081  -0.0011978795  -0.0003521931
        0.0021720678  -0.0011976948   0.0003521012  -0.0062177856  -0.0079083186
       -0.0052703383  -0.0062144569  -0.0079054175   0.0052718206  -0.0292532997
       -0.0226677278   0.0089223155  -0.0292519064  -0.0226900646  -0.0089483934
        0.0013981423   0.0080233712  -0.0000004109  -0.0968679978  -0.1038697447
        0.0000074037   0.1340467360   0.4391678125   0.0000037224   0.0024721392
        0.0003872164  -0.0000001353   0.0002936035   0.0010751548   0.0009901431
        0.0002933551   0.0010747994  -0.0009902362  -0.0191758060  -0.0151848680
       -0.0046702526  -0.0191719481  -0.0151816777   0.0046742665  -0.0016363903
       -0.1577248009   0.1474453876  -0.0016518339  -0.1577672630  -0.1474598884
        0.0000029948   0.0000005805   0.0036092784   0.0000119031   0.0000049521
       -0.0814198804   0.0000105398   0.0000037224   0.6135110115   0.0000004285
       -0.0000002190   0.0006610013   0.0004730769   0.0006633914   0.0003749188
       -0.0004732457  -0.0006633293   0.0003751817  -0.0231939414  -0.0182162542
       -0.0023341402   0.0231971048   0.0182189926  -0.0023406975  -0.0204187242
        0.1726432982  -0.2662386903   0.0203898635  -0.1726551347  -0.2661979835
       -0.1937372362  -0.1184249218   0.0000228961  -0.0223774691  -0.0145004833
        0.0000029878  -0.0090532624   0.0024721392   0.0000004285   0.2255924965
        0.1358678925  -0.0000266229  -0.0009546234  -0.0026483798  -0.0012348176
       -0.0009512012  -0.0026453280   0.0012351906   0.0004028177  -0.0004350557
        0.0002033051   0.0004027880  -0.0004352080  -0.0002032778   0.0003378112
        0.0003746440  -0.0004800188   0.0003378789   0.0003747009   0.0004799290
       -0.1175900525  -0.1330416078   0.0000175364   0.0103111761   0.0080437749
       -0.0000015211   0.0042157919   0.0003872164  -0.0000002190   0.1358678925
        0.1523367672  -0.0000205957  -0.0167244668  -0.0143606042  -0.0023587489
       -0.0167198054  -0.0143564062   0.0023637112   0.0001806647   0.0005038872
        0.0002170835   0.0001806559   0.0005039520  -0.0002172331   0.0001390655
       -0.0000084892  -0.0000666386   0.0001390782  -0.0000084902   0.0000666254
        0.0000228680   0.0000176371  -0.0446119363   0.0000006170   0.0000003411
        0.0001266864   0.0000002066  -0.0000001353   0.0006610013  -0.0000266229
       -0.0000205957   0.0474983464  -0.0218084503  -0.0189100240  -0.0019009314
        0.0218116163   0.0189128841  -0.0019085915   0.0003761656   0.0001086915
        0.0000343216  -0.0003763254  -0.0001087317   0.0000345047  -0.0000633636
       -0.0000547036   0.0000333403   0.0000632886   0.0000546366   0.0000332586
       -0.0440320532   0.0028943002   0.0058374117  -0.0035767022   0.0170969308
        0.0211930258   0.0021723081   0.0002936035   0.0004730769  -0.0009546234
       -0.0167244668  -0.0218084503   0.0498859275  -0.0060432164  -0.0065896302
        0.0007489208  -0.0003449554   0.0002386402  -0.0044967525   0.0036651464
        0.0005936934   0.0007254076  -0.0005602778   0.0005058803  -0.0002379636
        0.0001968685  -0.0000164473  -0.0002344690  -0.0004739328  -0.0004272004
        0.0023800861  -0.1226809078  -0.1107069898   0.0039337685  -0.0132189993
       -0.0156648535  -0.0011978795   0.0010751548   0.0006633914  -0.0026483798
       -0.0143606042  -0.0189100240  -0.0060432164   0.1411125015   0.1302349891
       -0.0003427669   0.0097939943   0.0148761853   0.0038675193  -0.0020667363
       -0.0001821010  -0.0004405622   0.0001267198  -0.0004981029   0.0001665003
       -0.0002469319   0.0000623196   0.0003249306   0.0004658091   0.0001251859
        0.0048854892  -0.1103151507  -0.2029389070   0.0026340059  -0.0034564729
       -0.0016762210  -0.0003521931   0.0009901431   0.0003749188  -0.0012348176
       -0.0023587489  -0.0019009314  -0.0065896302   0.1302349891   0.2327444939
       -0.0002429565  -0.0148836786  -0.0285459813   0.0004344974  -0.0004227190
        0.0012598036  -0.0003118393   0.0004479534   0.0007697354   0.0001936654
       -0.0002984616  -0.0003224434   0.0005837788   0.0000621461   0.0002355323
       -0.0440337120   0.0029096213  -0.0058618170  -0.0035800320   0.0170933922
       -0.0211959870   0.0021720678   0.0002933551  -0.0004732457  -0.0009512012
       -0.0167198054   0.0218116163   0.0007489208  -0.0003427669  -0.0002429565
        0.0498877540  -0.0060614274   0.0066180762   0.0007254745  -0.0005604321
       -0.0005058349  -0.0044968423   0.0036650711  -0.0005935836  -0.0002344554
       -0.0004739203   0.0004272890  -0.0002379743   0.0001969124   0.0000164432
        0.0023955165  -0.1226374801   0.1106910251   0.0039355968  -0.0132154514
        0.0156663283  -0.0011976948   0.0010747994  -0.0006633293  -0.0026453280
       -0.0143564062   0.0189128841  -0.0003449554   0.0097939943  -0.0148836786
       -0.0060614274   0.1410615627  -0.1302162045  -0.0004404551   0.0001267596
        0.0004983269   0.0038675591  -0.0020666438   0.0001822532   0.0003247441
        0.0004657685  -0.0001252404   0.0001664442  -0.0002469029  -0.0000623649
       -0.0049098370   0.1102992913  -0.2029811284  -0.0026343107   0.0034561057
       -0.0016763462   0.0003521012  -0.0009902362   0.0003751817   0.0012351906
        0.0023637112  -0.0019085915   0.0002386402   0.0148761853  -0.0285459813
        0.0066180762  -0.1302162045   0.2327940107   0.0003119479  -0.0004478357
        0.0007698673  -0.0004343777   0.0004226939   0.0012598453  -0.0005837709
       -0.0000621551   0.0002355580  -0.0001936596   0.0002984440  -0.0003224155
       -0.0047314169   0.0166652337   0.0197842898  -0.0393161570   0.0056366643
        0.0085401871  -0.0062177856  -0.0191758060  -0.0231939414   0.0004028177
        0.0001806647   0.0003761656  -0.0044967525   0.0038675193   0.0004344974
        0.0007254745  -0.0004404551   0.0003119479   0.0560752928  -0.0014781141
       -0.0041061367   0.0012108683  -0.0003851677  -0.0007341905   0.0008880400
        0.0000592158  -0.0009740242  -0.0045403813  -0.0049297549  -0.0004387950
        0.0057855834  -0.0129436331  -0.0165143030   0.0052203254  -0.1166840234
       -0.1009348652  -0.0079083186  -0.0151848680  -0.0182162542  -0.0004350557
        0.0005038872   0.0001086915   0.0036651464  -0.0020667363  -0.0004227190
       -0.0005604321   0.0001267596  -0.0004478357  -0.0014781141   0.1400150369
        0.1242403188  -0.0003835143   0.0092132035   0.0136963475   0.0003996647
       -0.0001188180  -0.0011334740  -0.0043052850  -0.0028608084  -0.0003759068
        0.0024691494  -0.0029666204  -0.0022438766   0.0062735167  -0.1036091345
       -0.1975004928  -0.0052703383  -0.0046702526  -0.0023341402   0.0002033051
        0.0002170835   0.0000343216   0.0005936934  -0.0001821010   0.0012598036
       -0.0005058349   0.0004983269   0.0007698673  -0.0041061367   0.1242403188
        0.2250334592   0.0007309518  -0.0137016530  -0.0277298121   0.0000751204
        0.0007980684   0.0007155836  -0.0004634269  -0.0006240362   0.0019952864
       -0.0047341734   0.0166625026  -0.0197865329  -0.0393178729   0.0056472352
       -0.0085590048  -0.0062144569  -0.0191719481   0.0231971048   0.0004027880
        0.0001806559  -0.0003763254   0.0007254076  -0.0004405622  -0.0003118393
       -0.0044968423   0.0038675591  -0.0004343777   0.0012108683  -0.0003835143
        0.0007309518   0.0560763947  -0.0014916141   0.0041257690  -0.0045402880
       -0.0049295637   0.0004402515   0.0008881750   0.0000592497   0.0009740031
        0.0057870698  -0.0129406227   0.0165153296   0.0052309943  -0.1166544971
        0.1009225559  -0.0079054175  -0.0151816777   0.0182189926  -0.0004352080
        0.0005039520  -0.0001087317  -0.0005602778   0.0001267198   0.0004479534
        0.0036650711  -0.0020666438   0.0004226939  -0.0003851677   0.0092132035
       -0.0137016530  -0.0014916141   0.1399789285  -0.1242278268  -0.0043052404
       -0.0028606047   0.0003771193   0.0003997904  -0.0001187577   0.0011335667
       -0.0024698333   0.0029662740  -0.0022441550  -0.0062921907   0.1035967255
       -0.1975283818   0.0052718206   0.0046742665  -0.0023406975  -0.0002032778
       -0.0002172331   0.0000345047   0.0005058803  -0.0004981029   0.0007697354
       -0.0005935836   0.0001822532   0.0012598453  -0.0007341905   0.0136963475
       -0.0277298121   0.0041257690  -0.1242278268   0.2250684576   0.0004648114
        0.0006252645   0.0019950394  -0.0000752055  -0.0007979684   0.0007154637
        0.0019064837  -0.0007719364   0.0008686347  -0.0061146161  -0.0212836249
        0.0257817011  -0.0292532997  -0.0016363903  -0.0204187242   0.0003378112
        0.0001390655  -0.0000633636  -0.0002379636   0.0001665003   0.0001936654
       -0.0002344554   0.0003247441  -0.0005837709   0.0008880400   0.0003996647
        0.0000751204  -0.0045402880  -0.0043052404   0.0004648114   0.0361122017
        0.0260110252  -0.0080004236   0.0011360863   0.0009561921   0.0016823493
        0.0000273530   0.0016405518  -0.0008801445   0.0004485429  -0.0145885607
        0.0162479006  -0.0226677278  -0.1577248009   0.1726432982   0.0003746440
       -0.0000084892  -0.0000547036   0.0001968685  -0.0002469319  -0.0002984616
       -0.0004739203   0.0004657685  -0.0000621551   0.0000592158  -0.0001188180
        0.0007980684  -0.0049295637  -0.0028606047   0.0006252645   0.0260110252
        0.1632649219  -0.1694536471   0.0009535624   0.0101769632  -0.0195654198
       -0.0009232618  -0.0009629471   0.0004865481   0.0022907423   0.0042972703
       -0.0016243838   0.0089223155   0.1474453876  -0.2662386903  -0.0004800188
       -0.0000666386   0.0000333403  -0.0000164473   0.0000623196  -0.0003224434
        0.0004272890  -0.0001252404   0.0002355580  -0.0009740242  -0.0011334740
        0.0007155836   0.0004402515   0.0003771193   0.0019950394  -0.0080004236
       -0.1694536471   0.2957176346  -0.0016864228   0.0195598504  -0.0309981865
        0.0019064422  -0.0007720167  -0.0008686947  -0.0061180113  -0.0212875712
       -0.0257782939  -0.0292519064  -0.0016518339   0.0203898635   0.0003378789
        0.0001390782   0.0000632886  -0.0002344690   0.0003249306   0.0005837788
       -0.0002379743   0.0001664442  -0.0001936596  -0.0045403813  -0.0043052850
       -0.0004634269   0.0008881750   0.0003997904  -0.0000752055   0.0011360863
        0.0009535624  -0.0016864228   0.0361141599   0.0260329009   0.0080287725
        0.0000276071   0.0016408193   0.0008800004   0.0004461892  -0.0145914168
       -0.0162461876  -0.0226900646  -0.1577672630  -0.1726551347   0.0003747009
       -0.0000084902   0.0000546366  -0.0004739328   0.0004658091   0.0000621461
        0.0001969124  -0.0002469029   0.0002984440  -0.0049297549  -0.0028608084
       -0.0006240362   0.0000592497  -0.0001187577  -0.0007979684   0.0009561921
        0.0101769632   0.0195598504   0.0260329009   0.1633100472   0.1694682494
        0.0009230991   0.0009628843   0.0004862470  -0.0022902074  -0.0042929319
       -0.0016182041  -0.0089483934  -0.1474598884  -0.2661979835   0.0004799290
        0.0000666254   0.0000332586  -0.0004272004   0.0001251859   0.0002355323
        0.0000164432  -0.0000623649  -0.0003224155  -0.0004387950  -0.0003759068
        0.0019952864   0.0009740031   0.0011335667   0.0007154637   0.0016823493
       -0.0195654198  -0.0309981865   0.0080287725   0.1694682494   0.2956710015
