$hessian                                                                        
        0.4355657073   0.0474539964   0.0186918082  -0.0780320728   0.0353981268
       -0.0191768299  -0.0161592092   0.0208398578  -0.0052328724   0.0095254026
       -0.0085813916   0.0043394799  -0.0015610854  -0.0043868703  -0.0003631562
        0.0009801843   0.0008164794   0.0006404628  -0.0002898234   0.0002879558
       -0.0001064701  -0.0329803761  -0.0150425553   0.0018486899   0.0020655874
        0.0012839376   0.0001323346  -0.1879738572   0.0120746136   0.0546607608
       -0.0040620024  -0.0024031458   0.0001955899  -0.0009342157   0.0011398943
       -0.0005482423  -0.0010378019   0.0003418005   0.0005037258  -0.0025072906
        0.0059526255  -0.0094656103  -0.0398911551  -0.0024619580  -0.0116752498
       -0.0832984622  -0.0900225470  -0.0352476846  -0.0010346468  -0.0003398422
       -0.0001491073  -0.0003337018  -0.0008203954   0.0007057316   0.0002504394
       -0.0004624024  -0.0001385357   0.0017083795  -0.0010681798   0.0003851751
        0.0474539964   0.4954637251   0.0468693645   0.0319062797  -0.1312517538
        0.0291308461   0.0034581116  -0.0032408915   0.0009609004   0.0055883879
       -0.0337227483   0.0083152579  -0.0025682120  -0.0045346630  -0.0005839209
        0.0024633308   0.0020403267   0.0002475102   0.0002242535   0.0002624986
       -0.0001272649  -0.0242534755   0.0043514146   0.0100349260  -0.0010373105
        0.0001818130   0.0006297258   0.0314684806  -0.0741398140  -0.0255565486
       -0.0083115817  -0.0039886508   0.0006557833   0.0001381947   0.0000768938
        0.0000038015   0.0006244290   0.0001143934   0.0003205683   0.0020615575
        0.0024207351   0.0063783134  -0.0029737078  -0.0453100461  -0.0134402408
       -0.0857861001  -0.2093807562  -0.0641978623   0.0001107462  -0.0003651422
       -0.0001851895  -0.0002123473  -0.0000169545   0.0001084357  -0.0000068325
        0.0000394386  -0.0000489407  -0.0003482007   0.0010001814   0.0004845346
        0.0186918082   0.0468693645   0.4920182729  -0.0118858186   0.0265497851
       -0.0661188748   0.0058068154  -0.0075180774   0.0030949100   0.0012243227
       -0.0004778559   0.0040112791  -0.0006958015  -0.0009915264  -0.0001587006
        0.0000689549   0.0003886047   0.0005905957  -0.0000770523  -0.0002209859
        0.0000120857  -0.0034227266   0.0063223176   0.0009300241  -0.0032250597
       -0.0014687998   0.0017326836   0.0607130400  -0.0174297351  -0.0787132267
       -0.0032433907  -0.0015165051   0.0007389704   0.0002226674  -0.0007570036
        0.0002776343  -0.0001216509   0.0001743992  -0.0014899437  -0.0224072223
        0.0262619428  -0.0384997863  -0.0097749852  -0.0159396367  -0.2517341118
       -0.0315244575  -0.0618500631  -0.0666772026   0.0001196474   0.0001181542
        0.0004621240   0.0004440019   0.0004206536  -0.0003397594   0.0001153758
        0.0002701646   0.0003166622  -0.0010284684   0.0007948026  -0.0004536360
       -0.0780320728   0.0319062797  -0.0118858186   0.5275973179  -0.0046491769
       -0.0443094536  -0.2249109369   0.0167549352   0.0853740698  -0.0948013120
       -0.0455313633  -0.0032138559   0.0056733211   0.0077590826   0.0007562600
       -0.0237154859  -0.0227899611  -0.0019462209  -0.0055822675   0.0000372596
        0.0013869349   0.0018176159   0.0006778169  -0.0001740962  -0.0001583555
       -0.0001008715  -0.0003536718  -0.0365817310   0.0289250337  -0.0044269433
        0.0011496581  -0.0006737441  -0.0003441385   0.0006731959  -0.0003286080
       -0.0018290886   0.0011861524   0.0006650004  -0.0017064111  -0.0900220813
       -0.0077965511  -0.0516450530  -0.0002035581   0.0018671621  -0.0023134963
        0.0058003088  -0.0092005328   0.0039200204   0.0001391941   0.0000186480
        0.0000718189   0.0001073338   0.0001324273   0.0001031202   0.0004738117
       -0.0005396752   0.0008981761   0.0093898911   0.0028668384   0.0316378475
        0.0353981268  -0.1312517538   0.0265497851  -0.0046491769   0.4213331165
        0.0061726413   0.0165949330  -0.0438460537  -0.0076922200  -0.0418806183
       -0.1342988485  -0.0057656656  -0.0124269181  -0.0269386380  -0.0015478339
       -0.0082494363   0.0025220154   0.0020216560   0.0018562787   0.0007889654
       -0.0000553433   0.0011242284   0.0026157044  -0.0004210098   0.0000063982
       -0.0003712990  -0.0001709001   0.0122213799  -0.0041900378  -0.0010729449
       -0.0004407860  -0.0007873046   0.0001424325  -0.0000678060  -0.0011229515
       -0.0007324379  -0.0040242041  -0.0069044705  -0.0078741216  -0.0072561190
       -0.0505352070  -0.0210150868  -0.0000265013   0.0003830659   0.0006207592
        0.0097371231  -0.0265383340   0.0100206398   0.0001792998   0.0002067169
        0.0001205521   0.0002235186   0.0004025746   0.0001217174  -0.0004399577
        0.0002751432  -0.0007948259   0.0021202373  -0.0017424038   0.0013722064
       -0.0191768299   0.0291308461  -0.0661188748  -0.0443094536   0.0061726413
        0.4827174735   0.0878192306  -0.0076771380  -0.0788374647  -0.0025913570
       -0.0036472663  -0.0539889382   0.0059721539   0.0127440855   0.0021664417
        0.0038227807   0.0058175444   0.0058410119   0.0027630089  -0.0002976698
       -0.0003806163  -0.0022054003   0.0003647334   0.0016848423  -0.0000381839
        0.0002286279  -0.0008593835   0.0128943618  -0.0087577768   0.0022354287
        0.0009137545  -0.0000631108  -0.0011864898  -0.0033621608  -0.0026933878
       -0.0034066178  -0.0154946820  -0.0281078760  -0.0156078940  -0.0225327938
       -0.0139930478  -0.2301897463  -0.0115857764   0.0211536493  -0.0162838361
        0.0028073697  -0.0063080148   0.0036520554  -0.0001689407   0.0000692582
        0.0003584339   0.0003371453   0.0003676965   0.0005002008  -0.0010659229
       -0.0024785504  -0.0049278584   0.0052016960  -0.0020252440  -0.0273681684
       -0.0161592092   0.0034581116   0.0058068154  -0.2249109369   0.0165949330
        0.0878192306   0.2576842844  -0.0193901637  -0.1032913203  -0.0199748983
       -0.0028085777   0.0070997577   0.0003952887   0.0004755095   0.0002103850
       -0.0015871550  -0.0035898132  -0.0006687241  -0.0009349848   0.0002437701
        0.0000948729   0.0002348521  -0.0000215715   0.0002174906  -0.0000016399
        0.0000148100   0.0000667804  -0.0030983313   0.0038871894  -0.0011963607
        0.0002719154  -0.0001599231  -0.0001491979   0.0004614963   0.0000044994
       -0.0001329949   0.0013714607   0.0006318359   0.0001347430   0.0048907671
       -0.0002859503   0.0042542036  -0.0001170794  -0.0002499180  -0.0000165434
        0.0001978356  -0.0001696862   0.0001847136   0.0001611401  -0.0000090634
        0.0000203312   0.0000988506   0.0000508960  -0.0001613239   0.0000641529
        0.0006839206   0.0001522251   0.0009521908   0.0006391915  -0.0004450841
        0.0208398578  -0.0032408915  -0.0075180774   0.0167549352  -0.0438460537
       -0.0076771380  -0.0193901637   0.0520519242   0.0088247128  -0.0243623044
       -0.0005757897   0.0089569645  -0.0002449772   0.0004265317   0.0001872255
       -0.0024884347  -0.0037823638  -0.0015705137  -0.0014767237  -0.0000080527
        0.0002395170  -0.0001734112  -0.0006686961  -0.0000176697  -0.0000194470
       -0.0000023512   0.0000074729   0.0059363760  -0.0046735129   0.0011103552
        0.0001412247   0.0000839990   0.0000534682   0.0005236533   0.0001912246
       -0.0000438606   0.0012199058   0.0008650513   0.0009755311   0.0025132620
        0.0013645811  -0.0026186383   0.0001640102   0.0005190082  -0.0003199256
        0.0002882051   0.0001097942  -0.0002352036  -0.0000892410   0.0000424939
       -0.0000460508  -0.0000704556  -0.0000994130  -0.0000225002  -0.0001496039
        0.0001931793   0.0001960125   0.0000833324   0.0010493372  -0.0004816817
       -0.0052328724   0.0009609004   0.0030949100   0.0853740698  -0.0076922200
       -0.0788374647  -0.1032913203   0.0088247128   0.1085739538  -0.0014077289
        0.0004284858   0.0019668245   0.0001660287   0.0002455110  -0.0001441677
       -0.0006335881  -0.0006837179  -0.0001765033  -0.0001200147   0.0000784542
        0.0001323655   0.0002134069   0.0001123810  -0.0000573611   0.0000128551
        0.0000004221   0.0000778705  -0.0023763544   0.0017091144   0.0003630549
       -0.0000405234  -0.0000604692   0.0001081354   0.0004093073   0.0003421841
        0.0001325177  -0.0002824250  -0.0000345859   0.0006025835   0.0287746003
       -0.0017532863  -0.0296151729  -0.0009690495   0.0003661619   0.0003135788
        0.0000710663  -0.0002310905  -0.0000441485   0.0000148981   0.0000146563
       -0.0000372161  -0.0000402588   0.0000114593  -0.0000450384  -0.0000978206
       -0.0000412360  -0.0000953317  -0.0005442762  -0.0025978374  -0.0063133900
        0.0095254026   0.0055883879   0.0012243227  -0.0948013120  -0.0418806183
       -0.0025913570  -0.0199748983  -0.0243623044  -0.0014077289   0.4405329853
       -0.0142395969   0.0195378236  -0.0762843042   0.0637541825  -0.0422206411
       -0.1597162489   0.0107253844   0.0192162558  -0.0230506084  -0.0014215878
        0.0034704189  -0.0157812955   0.0127977825   0.0015067592   0.0000979526
       -0.0004306248  -0.0001147054  -0.0030566909  -0.0040057994   0.0005195347
        0.0001270872   0.0015902927  -0.0009778471  -0.0001222841   0.0013698485
        0.0052175891  -0.0537803397  -0.0059204152   0.0230338486  -0.0026620100
       -0.0072828918  -0.0097279145   0.0002067120   0.0001870097   0.0002931427
       -0.0008759440   0.0030384915  -0.0009187191  -0.0006701023   0.0003246676
        0.0002654151  -0.0005886130  -0.0003322455  -0.0004094892  -0.0013262880
       -0.0014545071  -0.0164043204   0.0022007996   0.0019545440   0.0004876124
       -0.0085813916  -0.0337227483  -0.0004778559  -0.0455313633  -0.1342988485
       -0.0036472663  -0.0028085777  -0.0005757897   0.0004284858  -0.0142395969
        0.4923067420  -0.0265887537   0.0636197729  -0.1679780831   0.0805835026
        0.0141464919  -0.0682414310  -0.0015473231  -0.0236979392   0.0014259953
        0.0037502371   0.0226338581  -0.0040697450  -0.0047767974  -0.0001152900
        0.0003412825  -0.0001126956  -0.0035094250   0.0046945690  -0.0007038200
        0.0026214846  -0.0050975212   0.0011256921   0.0028888082   0.0008823445
       -0.0004773651  -0.0109609450  -0.0728652596  -0.0042277522  -0.0036903952
       -0.0046850527  -0.0092089520  -0.0004333160   0.0003913030  -0.0002576486
        0.0023291726  -0.0044729227   0.0019681859   0.0014756949  -0.0005686837
       -0.0002330946   0.0012853444   0.0002822252  -0.0010520857   0.0030669303
       -0.0058495557  -0.0339984801  -0.0004993181   0.0021011796  -0.0005462133
        0.0043394799   0.0083152579   0.0040112791  -0.0032138559  -0.0057656656
       -0.0539889382   0.0070997577   0.0089569645   0.0019668245   0.0195378236
       -0.0265887537   0.4862245241  -0.0415857315   0.0803878067  -0.0890351453
        0.0151980075   0.0023166740  -0.0567870338  -0.0064029078  -0.0003708926
        0.0016389210  -0.0077036495  -0.0032372081   0.0073041273  -0.0008539957
        0.0006197435  -0.0014095839   0.0011588822  -0.0004937330  -0.0007506741
       -0.0020120336   0.0038158251  -0.0015931527   0.0292846715  -0.0065647966
       -0.0200066277   0.0106793314  -0.0292555960  -0.2311555798  -0.0217508214
       -0.0287179249  -0.0280337502   0.0000801764   0.0008383946  -0.0008838735
       -0.0014928047   0.0022655082  -0.0008701067  -0.0008220152   0.0003828395
        0.0002938558   0.0021914443   0.0001076802  -0.0047190989  -0.0031192303
       -0.0057210018  -0.0121843767  -0.0006125289  -0.0012911219  -0.0000215903
       -0.0015610854  -0.0025682120  -0.0006958015   0.0056733211  -0.0124269181
        0.0059721539   0.0003952887  -0.0002449772   0.0001660287  -0.0762843042
        0.0636197729  -0.0415857315   0.0897189612  -0.0731983309   0.0496781494
       -0.0196379465   0.0263829320  -0.0126413530   0.0006433080   0.0002200581
       -0.0003851551  -0.0052121403  -0.0013410343   0.0021607809   0.0001168733
       -0.0000778986   0.0001771307   0.0006814097  -0.0000125704   0.0000951549
       -0.0010934497   0.0017791216  -0.0001932942   0.0016084234  -0.0010481144
       -0.0006069421   0.0038233863  -0.0019637640  -0.0024256026   0.0004632451
        0.0007168134   0.0008775617  -0.0001077243   0.0000184087  -0.0000748060
        0.0003445140  -0.0007422621   0.0002984255  -0.0004158806   0.0002244177
       -0.0000314885   0.0004524619  -0.0000815601  -0.0002544938   0.0005111696
        0.0004233597  -0.0006635909  -0.0001198311   0.0003207581   0.0001328736
       -0.0043868703  -0.0045346630  -0.0009915264   0.0077590826  -0.0269386380
        0.0127440855   0.0004755095   0.0004265317   0.0002455110   0.0637541825
       -0.1679780831   0.0803878067  -0.0731983309   0.1932744471  -0.0947989223
        0.0067374632  -0.0060784227   0.0036625675  -0.0004968729   0.0003970736
        0.0000975482   0.0013516455   0.0012630012  -0.0002763822  -0.0001810036
        0.0000214051  -0.0001760797  -0.0002281229   0.0008611050  -0.0002476205
        0.0003969047  -0.0003990781  -0.0001527899  -0.0007203175   0.0001633682
       -0.0004870606  -0.0014344914   0.0063376768   0.0006239386   0.0008689005
        0.0031407324   0.0003854347  -0.0000528461   0.0002150339  -0.0003417525
        0.0007353820  -0.0012364115   0.0005408899  -0.0000373992  -0.0000200254
        0.0000286097  -0.0004404502   0.0000891846   0.0001194180  -0.0011845921
        0.0021206951  -0.0010156641   0.0002822266  -0.0011249329  -0.0003480113
       -0.0003631562  -0.0005839209  -0.0001587006   0.0007562600  -0.0015478339
        0.0021664417   0.0002103850   0.0001872255  -0.0001441677  -0.0422206411
        0.0805835026  -0.0890351453   0.0496781494  -0.0947989223   0.1225295123
        0.0019970082  -0.0032222417   0.0039539213  -0.0002093322  -0.0001415566
       -0.0000427358   0.0009913267   0.0001513511  -0.0006226123   0.0001219583
       -0.0001231085   0.0000692551  -0.0000971163   0.0000463819   0.0001623405
        0.0002132878  -0.0004201503   0.0002163838  -0.0002846795   0.0001416701
        0.0008434963  -0.0112639428   0.0205929360  -0.0411162231   0.0002493858
       -0.0003748525   0.0008424413   0.0000185527  -0.0001709918   0.0000235367
        0.0001303847  -0.0002346662   0.0000823629   0.0001519652  -0.0001116813
       -0.0000357161  -0.0000752018   0.0000300551   0.0000270376  -0.0000249135
        0.0003177124   0.0002661420   0.0000203196  -0.0003209087  -0.0000275708
        0.0009801843   0.0024633308   0.0000689549  -0.0237154859  -0.0082494363
        0.0038227807  -0.0015871550  -0.0024884347  -0.0006335881  -0.1597162489
        0.0141464919   0.0151980075  -0.0196379465   0.0067374632   0.0019970082
        0.4797556918   0.0189098852   0.0020395512  -0.1084921351  -0.0862543782
       -0.0309234612  -0.0684715367   0.0271169701  -0.0104739442   0.0010215744
        0.0023840070  -0.0027314232   0.0032960238  -0.0216079176   0.0034626957
       -0.0259914538   0.0338353031  -0.0049521602  -0.0732819938   0.0071137166
       -0.0188789343  -0.0020552567   0.0011060571   0.0088840584   0.0003878868
        0.0006793608   0.0012883179  -0.0001797116  -0.0000935701  -0.0000448875
       -0.0002387765   0.0003802430  -0.0000918350  -0.0061593936   0.0025479996
       -0.0000509042   0.0008443886   0.0012932179   0.0336328155   0.0025331903
        0.0000104357  -0.0002495167   0.0007081542  -0.0000307452  -0.0013635351
        0.0008164794   0.0020403267   0.0003886047  -0.0227899611   0.0025220154
        0.0058175444  -0.0035898132  -0.0037823638  -0.0006837179   0.0107253844
       -0.0682414310   0.0023166740   0.0263829320  -0.0060784227  -0.0032222417
        0.0189098852   0.4736679855   0.0242848133  -0.0884953990  -0.1613225201
       -0.0430211797   0.0315711254  -0.1256965880   0.0269815005   0.0003896908
        0.0002970941   0.0018210703  -0.0031196431  -0.0454879817   0.0049508478
        0.0125675135  -0.0111082102   0.0006974907   0.0083717864  -0.0561252976
        0.0034346265   0.0047314082   0.0006724070  -0.0088559200   0.0009599276
       -0.0001270376   0.0002816208  -0.0001321306  -0.0001905613  -0.0000003880
        0.0003007843   0.0004412268  -0.0001019556   0.0020808510  -0.0010080024
        0.0014313218  -0.0004378770  -0.0011218922  -0.0149855673   0.0015919422
        0.0003537557  -0.0006132817  -0.0008348864   0.0002954974  -0.0009218628
        0.0006404628   0.0002475102   0.0005905957  -0.0019462209   0.0020216560
        0.0058410119  -0.0006687241  -0.0015705137  -0.0001765033   0.0192162558
       -0.0015473231  -0.0567870338  -0.0126413530   0.0036625675   0.0039539213
        0.0020395512   0.0242848133   0.4631748721  -0.0302655275  -0.0394096112
       -0.0503141035  -0.0171237430   0.0407831261  -0.0677152517  -0.0094660590
        0.0213407746  -0.0179410939  -0.0001606945  -0.0096780875   0.0029014098
        0.0039518101  -0.0080624317   0.0001841713   0.0048057166  -0.0160648750
       -0.2325645238   0.0314465684  -0.0081982678  -0.0304516181   0.0019614197
        0.0007408750  -0.0031849497  -0.0003438975   0.0001205872  -0.0007174163
       -0.0001742956  -0.0001425073   0.0000887241   0.0024318081  -0.0006504479
        0.0004469438   0.0093352030  -0.0048390105  -0.0163515444   0.0011769294
       -0.0004097278  -0.0002300595  -0.0042152098  -0.0026291064  -0.0007475522
       -0.0002898234   0.0002242535  -0.0000770523  -0.0055822675   0.0018562787
        0.0027630089  -0.0009349848  -0.0014767237  -0.0001200147  -0.0230506084
       -0.0236979392  -0.0064029078   0.0006433080  -0.0004968729  -0.0002093322
       -0.1084921351  -0.0884953990  -0.0302655275   0.1256147547   0.1028647491
        0.0405976534   0.0038582898   0.0048614713   0.0012109554   0.0001444388
       -0.0000749789   0.0004100331   0.0006674262   0.0030260850  -0.0000037864
        0.0006214573  -0.0001892067   0.0000529404   0.0044564778   0.0000865635
       -0.0076991066   0.0020906434   0.0000564450  -0.0011236020   0.0004444234
        0.0001042517  -0.0004172070  -0.0000250393  -0.0000118446  -0.0000419189
        0.0000501379   0.0001721457  -0.0000150754   0.0000184059   0.0000115756
       -0.0000928540   0.0003762526   0.0006166072   0.0003513537  -0.0004499445
        0.0005796634   0.0009201459  -0.0001612126  -0.0000171246   0.0001622943
        0.0002879558   0.0002624986  -0.0002209859   0.0000372596   0.0007889654
       -0.0002976698   0.0002437701  -0.0000080527   0.0000784542  -0.0014215878
        0.0014259953  -0.0003708926   0.0002200581   0.0003970736  -0.0001415566
       -0.0862543782  -0.1613225201  -0.0394096112   0.1028647491   0.1890270178
        0.0565561498  -0.0156303435  -0.0251032676  -0.0057328350  -0.0002126771
        0.0002422404  -0.0000149495   0.0012835868  -0.0093998790   0.0022783712
        0.0000534695   0.0014622416   0.0002720677  -0.0012989306   0.0008056398
       -0.0134533898   0.0011637656   0.0005504876   0.0011440518  -0.0001885872
        0.0001235046  -0.0001104794   0.0000496653  -0.0000307140  -0.0000334677
        0.0000942992   0.0002095674   0.0000045167  -0.0003701978   0.0005762553
       -0.0001916303  -0.0004782542  -0.0001224093  -0.0006657504  -0.0007643329
        0.0001647624   0.0002124257   0.0003207104  -0.0000494071   0.0000971810
       -0.0001064701  -0.0001272649   0.0000120857   0.0013869349  -0.0000553433
       -0.0003806163   0.0000948729   0.0002395170   0.0001323655   0.0034704189
        0.0037502371   0.0016389210  -0.0003851551   0.0000975482  -0.0000427358
       -0.0309234612  -0.0430211797  -0.0503141035   0.0405976534   0.0565561498
        0.0812315410   0.0037705661   0.0065243454   0.0032773282   0.0003432562
        0.0004421641   0.0002923818  -0.0002935648   0.0031420132   0.0001247768
        0.0004766804  -0.0002540771   0.0000545352  -0.0183243746  -0.0271453106
       -0.0368312301   0.0003283949   0.0009092227   0.0015944200  -0.0004274270
       -0.0001202224   0.0000598686   0.0000043908  -0.0000071583   0.0001030009
        0.0000162529  -0.0000046635  -0.0000287706   0.0000210454   0.0001460256
       -0.0001796936  -0.0007094086  -0.0008817506  -0.0004505007  -0.0000140637
       -0.0004683418  -0.0001081477   0.0006734583   0.0002780890  -0.0001854266
       -0.0329803761  -0.0242534755  -0.0034227266   0.0018176159   0.0011242284
       -0.0022054003   0.0002348521  -0.0001734112   0.0002134069  -0.0157812955
        0.0226338581  -0.0077036495  -0.0052121403   0.0013516455   0.0009913267
       -0.0684715367   0.0315711254  -0.0171237430   0.0038582898  -0.0156303435
        0.0037705661   0.4470309044  -0.0225700787  -0.0250222197  -0.0374607661
        0.0032648409  -0.0121709204  -0.0833793141  -0.0377122231  -0.0121396044
       -0.1932492092   0.0330446072   0.0722020509  -0.0017990491   0.0020469320
       -0.0036270486   0.0003031723  -0.0006035421  -0.0004542155   0.0003316729
       -0.0012636198   0.0021052720   0.0011339139  -0.0000214233  -0.0005424451
       -0.0049981788  -0.0005405639   0.0013405985  -0.0140269043   0.0082690151
        0.0022070203   0.0022457713  -0.0014912436   0.0028406722  -0.0001817568
       -0.0000750726   0.0002626008   0.0005843344   0.0010287447  -0.0015215414
       -0.0150425553   0.0043514146   0.0063223176   0.0006778169   0.0026157044
        0.0003647334  -0.0000215715  -0.0006686961   0.0001123810   0.0127977825
       -0.0040697450  -0.0032372081  -0.0013410343   0.0012630012   0.0001513511
        0.0271169701  -0.1256965880   0.0407831261   0.0048614713  -0.0251032676
        0.0065243454  -0.0225700787   0.4531201313   0.0123046329   0.0037552593
       -0.0431957594  -0.0043532059  -0.0565162080  -0.1778304392  -0.0506887107
        0.0079102097  -0.0800099608   0.0021416169   0.0005343425  -0.0028084810
        0.0048182544  -0.0018490179  -0.0003289194   0.0024169367   0.0000681147
       -0.0025984802   0.0005660910   0.0022878399   0.0010802542  -0.0007391993
        0.0003048054   0.0004543686  -0.0001934109   0.0354385097  -0.0044009485
       -0.0165174108   0.0005787474   0.0028067595   0.0000237663   0.0006262480
       -0.0008864194  -0.0006977168   0.0003823482   0.0019060709  -0.0001026903
        0.0018486899   0.0100349260   0.0009300241  -0.0001740962  -0.0004210098
        0.0016848423   0.0002174906  -0.0000176697  -0.0000573611   0.0015067592
       -0.0047767974   0.0073041273   0.0021607809  -0.0002763822  -0.0006226123
       -0.0104739442   0.0269815005  -0.0677152517   0.0012109554  -0.0057328350
        0.0032773282  -0.0250222197   0.0123046329   0.4922100005  -0.0124211467
       -0.0071687802  -0.2187874808  -0.0211082681  -0.0520834935  -0.0781921492
        0.0717672244  -0.0099889836  -0.0913130705  -0.0116079380   0.0277079353
       -0.0450736187  -0.0019551662   0.0004246212  -0.0036738960   0.0006929614
       -0.0005034927  -0.0007187673   0.0042412019   0.0027588457   0.0011513385
        0.0023006354   0.0000503791   0.0002121952  -0.0022764650  -0.0024152108
        0.0022761221  -0.0008191830   0.0030689231  -0.0024305771   0.0007932233
       -0.0006499746   0.0005158393  -0.0008814952   0.0007028660  -0.0009770328
        0.0020655874  -0.0010373105  -0.0032250597  -0.0001583555   0.0000063982
       -0.0000381839  -0.0000016399  -0.0000194470   0.0000128551   0.0000979526
       -0.0001152900  -0.0008539957   0.0001168733  -0.0001810036   0.0001219583
        0.0010215744   0.0003896908  -0.0094660590   0.0001444388  -0.0002126771
        0.0003432562  -0.0374607661   0.0037552593  -0.0124211467   0.0576835231
        0.0028051570   0.0083427693  -0.0079220899  -0.0133439042  -0.0206053716
       -0.0153996488   0.0044051326   0.0374604818  -0.0005487287   0.0025777889
       -0.0032297583   0.0001670815   0.0001791206   0.0003668876   0.0001337477
        0.0000238443   0.0003649195   0.0002470393   0.0002503854   0.0011367463
        0.0001590350   0.0002374085   0.0002764517   0.0003173092  -0.0000639332
        0.0013219652  -0.0004724922   0.0001366791   0.0000453115  -0.0001987830
        0.0002204886  -0.0000163918   0.0000083417  -0.0000137877   0.0000623643
        0.0012839376   0.0001818130  -0.0014687998  -0.0001008715  -0.0003712990
        0.0002286279   0.0000148100  -0.0000023512   0.0000004221  -0.0004306248
        0.0003412825   0.0006197435  -0.0000778986   0.0000214051  -0.0001231085
        0.0023840070   0.0002970941   0.0213407746  -0.0000749789   0.0002422404
        0.0004421641   0.0032648409  -0.0431957594  -0.0071687802   0.0028051570
        0.0590127643   0.0206234742  -0.0147567608  -0.0151147248  -0.0333227118
        0.0020417874   0.0032436074  -0.0073017664   0.0026436334  -0.0045081908
        0.0063350254  -0.0000329351   0.0000124242  -0.0004083074   0.0000264821
        0.0002327675  -0.0000944585   0.0000712219   0.0003254835   0.0009918589
        0.0002879372   0.0001819945   0.0001918704   0.0004602326  -0.0000622705
       -0.0007759262   0.0001533608  -0.0000413535  -0.0003400251   0.0002013506
       -0.0004381598   0.0001312779  -0.0001646888  -0.0003587675   0.0000986449
        0.0001323346   0.0006297258   0.0017326836  -0.0003536718  -0.0001709001
       -0.0008593835   0.0000667804   0.0000074729   0.0000778705  -0.0001147054
       -0.0001126956  -0.0014095839   0.0001771307  -0.0001760797   0.0000692551
       -0.0027314232   0.0018210703  -0.0179410939   0.0004100331  -0.0000149495
        0.0002923818  -0.0121709204  -0.0043532059  -0.2187874808   0.0083427693
        0.0206234742   0.2738237205  -0.0111580695  -0.0185029512  -0.0169881289
        0.0185381211  -0.0032609561  -0.0188801259  -0.0014117886   0.0042096604
       -0.0033594389   0.0013217910  -0.0005127251   0.0013675656  -0.0000475643
        0.0002637811   0.0003914205  -0.0013988201  -0.0002667375   0.0002656323
        0.0004229184   0.0003306190   0.0001814653  -0.0000266854  -0.0000033557
       -0.0004130075   0.0001878015  -0.0007205404   0.0004296706  -0.0004092075
        0.0003448643  -0.0000584950   0.0002231759  -0.0001355713   0.0000650723
       -0.1879738572   0.0314684806   0.0607130400  -0.0365817310   0.0122213799
        0.0128943618  -0.0030983313   0.0059363760  -0.0023763544  -0.0030566909
       -0.0035094250   0.0011588822   0.0006814097  -0.0002281229  -0.0000971163
        0.0032960238  -0.0031196431  -0.0001606945   0.0006674262   0.0012835868
       -0.0002935648  -0.0833793141  -0.0565162080  -0.0211082681  -0.0079220899
       -0.0147567608  -0.0111580695   0.4071242634   0.0622334535  -0.0677932291
       -0.0534138390  -0.0331299185   0.0024310483   0.0023291274   0.0002333853
        0.0027797196   0.0019649945  -0.0000348868  -0.0005212996   0.0019459685
       -0.0003903231  -0.0038854191  -0.0173000886   0.0020714815   0.0203936838
       -0.0260624140  -0.0049344479   0.0065297553   0.0028401851   0.0008836575
        0.0004752943  -0.0009116319   0.0007681490  -0.0006209977  -0.0005102515
        0.0006230107   0.0000047458  -0.0006391592  -0.0011032247   0.0006344823
        0.0120746136  -0.0741398140  -0.0174297351   0.0289250337  -0.0041900378
       -0.0087577768   0.0038871894  -0.0046735129   0.0017091144  -0.0040057994
        0.0046945690  -0.0004937330  -0.0000125704   0.0008611050   0.0000463819
       -0.0216079176  -0.0454879817  -0.0096780875   0.0030260850  -0.0093998790
        0.0031420132  -0.0377122231  -0.1778304392  -0.0520834935  -0.0133439042
       -0.0151147248  -0.0185029512   0.0622334535   0.3100648802   0.0950645578
       -0.0072388537   0.0058521339   0.0016236251   0.0002772949   0.0043915571
        0.0001114210   0.0008740254   0.0001389076  -0.0008863003  -0.0010022890
        0.0023298748  -0.0013996192   0.0020861211   0.0017549474  -0.0036308214
       -0.0277282041   0.0000623209   0.0092921892   0.0002020352   0.0012187183
        0.0018769573   0.0001544745  -0.0004259707  -0.0001869871  -0.0002529234
        0.0004267511   0.0005203366  -0.0008356414  -0.0005334051  -0.0003370915
        0.0546607608  -0.0255565486  -0.0787132267  -0.0044269433  -0.0010729449
        0.0022354287  -0.0011963607   0.0011103552   0.0003630549   0.0005195347
       -0.0007038200  -0.0007506741   0.0000951549  -0.0002476205   0.0001623405
        0.0034626957   0.0049508478   0.0029014098  -0.0000037864   0.0022783712
        0.0001247768  -0.0121396044  -0.0506887107  -0.0781921492  -0.0206053716
       -0.0333227118  -0.0169881289  -0.0677932291   0.0950645578   0.1673796230
        0.0154089903   0.0119064300   0.0074201947   0.0009627575   0.0016269588
        0.0043222791   0.0003842011  -0.0004037480   0.0011858079  -0.0004972881
        0.0008935335   0.0041205231   0.0380949391  -0.0042348560  -0.0188266827
       -0.0070199183   0.0008480269   0.0033398256  -0.0001134874   0.0002009293
       -0.0010175145  -0.0009196063  -0.0011932539   0.0001183608  -0.0001181784
        0.0001920475  -0.0001528623   0.0012447399  -0.0016478436   0.0009676134
       -0.0040620024  -0.0083115817  -0.0032433907   0.0011496581  -0.0004407860
        0.0009137545   0.0002719154   0.0001412247  -0.0000405234   0.0001270872
        0.0026214846  -0.0020120336  -0.0010934497   0.0003969047   0.0002132878
       -0.0259914538   0.0125675135   0.0039518101   0.0006214573   0.0000534695
        0.0004766804  -0.1932492092   0.0079102097   0.0717672244  -0.0153996488
        0.0020417874   0.0185381211  -0.0534138390  -0.0072388537   0.0154089903
        0.3380293339  -0.0949345663  -0.1118984372   0.0002732674   0.0015561933
        0.0013984851  -0.0004175923   0.0002672856   0.0002138073  -0.0002600883
        0.0003689473  -0.0010587065   0.0006343783   0.0000480186  -0.0006290090
       -0.0022709467   0.0000568375   0.0007021144  -0.0442344159   0.0848634872
        0.0049728954  -0.0007132480  -0.0015840827  -0.0001749302   0.0001788434
       -0.0001116266  -0.0001940438  -0.0001800471  -0.0002718664   0.0006939037
       -0.0024031458  -0.0039886508  -0.0015165051  -0.0006737441  -0.0007873046
       -0.0000631108  -0.0001599231   0.0000839990  -0.0000604692   0.0015902927
       -0.0050975212   0.0038158251   0.0017791216  -0.0003990781  -0.0004201503
        0.0338353031  -0.0111082102  -0.0080624317  -0.0001892067   0.0014622416
       -0.0002540771   0.0330446072  -0.0800099608  -0.0099889836   0.0044051326
        0.0032436074  -0.0032609561  -0.0331299185   0.0058521339   0.0119064300
       -0.0949345663   0.5075915005  -0.0453639092   0.0027795908   0.0008705883
       -0.0026164075  -0.0000510947   0.0003153571  -0.0004433023  -0.0000007508
        0.0007501399   0.0000795797  -0.0002101622  -0.0001956964  -0.0000274048
       -0.0012099241   0.0000178502   0.0003284379   0.0577438671  -0.4178148292
        0.0559032244  -0.0020736269  -0.0003664259  -0.0001693627  -0.0001251324
        0.0002070864   0.0002116633  -0.0000167196  -0.0006268273   0.0000019101
        0.0001955899   0.0006557833   0.0007389704  -0.0003441385   0.0001424325
       -0.0011864898  -0.0001491979   0.0000534682   0.0001081354  -0.0009778471
        0.0011256921  -0.0015931527  -0.0001932942  -0.0001527899   0.0002163838
       -0.0049521602   0.0006974907   0.0001841713   0.0000529404   0.0002720677
        0.0000545352   0.0722020509   0.0021416169  -0.0913130705   0.0374604818
       -0.0073017664  -0.0188801259   0.0024310483   0.0016236251   0.0074201947
       -0.1118984372  -0.0453639092   0.1134339878  -0.0050855675   0.0037355813
        0.0043349877   0.0009205503  -0.0002314145   0.0014915955  -0.0002228622
       -0.0000065813   0.0011767800  -0.0006872977  -0.0001905074   0.0007382567
        0.0002038250   0.0001207854   0.0001929277   0.0091951981   0.0448156204
       -0.0181397745   0.0014409891  -0.0025200905   0.0012825734  -0.0004176612
        0.0003403593  -0.0001034926   0.0008257900   0.0000425365  -0.0001573938
       -0.0009342157   0.0001381947   0.0002226674   0.0006731959  -0.0000678060
       -0.0033621608   0.0004614963   0.0005236533   0.0004093073  -0.0001222841
        0.0028888082   0.0292846715   0.0016084234  -0.0007203175  -0.0002846795
       -0.0732819938   0.0083717864   0.0048057166   0.0044564778  -0.0012989306
       -0.0183243746  -0.0017990491   0.0005343425  -0.0116079380  -0.0005487287
        0.0026436334  -0.0014117886   0.0023291274   0.0002772949   0.0009627575
        0.0002732674   0.0027795908  -0.0050855675   0.4119348537  -0.1725015225
       -0.0553328016  -0.0068916571   0.0014652193   0.0072950234  -0.0090913750
       -0.0045236407   0.0036908954  -0.0000226555  -0.0000009656   0.0000299053
        0.0000526375   0.0001787134  -0.0000695362   0.0000125502  -0.0004581721
       -0.0006884033  -0.3301193849   0.1583969351   0.0499398275  -0.0004627901
        0.0000541674  -0.0000648312   0.0014721043   0.0013190156  -0.0004086907
        0.0011398943   0.0000768938  -0.0007570036  -0.0003286080  -0.0011229515
       -0.0026933878   0.0000044994   0.0001912246   0.0003421841   0.0013698485
        0.0008823445  -0.0065647966  -0.0010481144   0.0001633682   0.0001416701
        0.0071137166  -0.0561252976  -0.0160648750   0.0000865635   0.0008056398
       -0.0271453106   0.0020469320  -0.0028084810   0.0277079353   0.0025777889
       -0.0045081908   0.0042096604   0.0002333853   0.0043915571   0.0016269588
        0.0015561933   0.0008705883   0.0037355813  -0.1725015225   0.1408571378
        0.0414929188   0.0025480680   0.0006347977  -0.0026303112  -0.0046588402
        0.0004474798   0.0017591400   0.0001730193  -0.0000017883   0.0003463867
        0.0000147001   0.0002118929  -0.0001216380  -0.0009159064   0.0004088586
       -0.0000768606   0.1585699959  -0.0838374055  -0.0270925623  -0.0000009024
        0.0002080525   0.0005895072   0.0020192887  -0.0017457208   0.0011948030
       -0.0005482423   0.0000038015   0.0002776343  -0.0018290886  -0.0007324379
       -0.0034066178  -0.0001329949  -0.0000438606   0.0001325177   0.0052175891
       -0.0004773651  -0.0200066277  -0.0006069421  -0.0004870606   0.0008434963
       -0.0188789343   0.0034346265  -0.2325645238  -0.0076991066  -0.0134533898
       -0.0368312301  -0.0036270486   0.0048182544  -0.0450736187  -0.0032297583
        0.0063350254  -0.0033594389   0.0027797196   0.0001114210   0.0043222791
        0.0013984851  -0.0026164075   0.0043349877  -0.0553328016   0.0414929188
        0.3852574900   0.0057760383  -0.0010091601  -0.0028907503  -0.0008098897
       -0.0007074535   0.0045212096  -0.0001780609  -0.0003713707   0.0003191363
        0.0000538435   0.0001372020   0.0000163385   0.0011044659  -0.0008303988
       -0.0005122422   0.0748530828  -0.0384203115  -0.0542340645  -0.0007398109
        0.0008376458   0.0005737520   0.0024294545   0.0019783210  -0.0017197275
       -0.0010378019   0.0006244290  -0.0001216509   0.0011861524  -0.0040242041
       -0.0154946820   0.0013714607   0.0012199058  -0.0002824250  -0.0537803397
       -0.0109609450   0.0106793314   0.0038233863  -0.0014344914  -0.0112639428
       -0.0020552567   0.0047314082   0.0314465684   0.0020906434   0.0011637656
        0.0003283949   0.0003031723  -0.0018490179  -0.0019551662   0.0001670815
       -0.0000329351   0.0013217910   0.0019649945   0.0008740254   0.0003842011
       -0.0004175923  -0.0000510947   0.0009205503  -0.0068916571   0.0025480680
        0.0057760383   0.1383166873   0.1776259847  -0.0074064641  -0.0016790918
       -0.0046869468  -0.0035394168  -0.0002007182  -0.0004002382   0.0002271287
        0.0000307203   0.0001934798   0.0002506210   0.0003318865  -0.0001711655
       -0.0002153964  -0.0003282235  -0.0001710454   0.0014148605  -0.0822328902
       -0.1650758942  -0.0125188153  -0.0009626137  -0.0001230883   0.0000484739
        0.0003418005   0.0001143934   0.0001743992   0.0006650004  -0.0069044705
       -0.0281078760   0.0006318359   0.0008650513  -0.0000345859  -0.0059204152
       -0.0728652596  -0.0292555960  -0.0019637640   0.0063376768   0.0205929360
        0.0011060571   0.0006724070  -0.0081982678   0.0000564450   0.0005504876
        0.0009092227  -0.0006035421  -0.0003289194   0.0004246212   0.0001791206
        0.0000124242  -0.0005127251  -0.0000348868   0.0001389076  -0.0004037480
        0.0002672856   0.0003153571  -0.0002314145   0.0014652193   0.0006347977
       -0.0010091601   0.1776259847   0.4286900982   0.0900460651  -0.0047138903
       -0.0055111384  -0.0059595629  -0.0000160529  -0.0003575106  -0.0003144825
       -0.0003211865   0.0005003832  -0.0001050377  -0.0002953102   0.0001195857
        0.0000573664  -0.0001585337  -0.0000445479  -0.0001745654  -0.1681071868
       -0.3524983014  -0.0383679733  -0.0002039804  -0.0004414220   0.0004703846
        0.0005037258   0.0003205683  -0.0014899437  -0.0017064111  -0.0078741216
       -0.0156078940   0.0001347430   0.0009755311   0.0006025835   0.0230338486
       -0.0042277522  -0.2311555798  -0.0024256026   0.0006239386  -0.0411162231
        0.0088840584  -0.0088559200  -0.0304516181  -0.0011236020   0.0011440518
        0.0015944200  -0.0004542155   0.0024169367  -0.0036738960   0.0003668876
       -0.0004083074   0.0013675656  -0.0005212996  -0.0008863003   0.0011858079
        0.0002138073  -0.0004433023   0.0014915955   0.0072950234  -0.0026303112
       -0.0028907503  -0.0074064641   0.0900460651   0.3692033709  -0.0021039851
       -0.0046080245  -0.0011208076   0.0001878875  -0.0004550738   0.0010486661
       -0.0000009724   0.0000932317   0.0000889505  -0.0000936725  -0.0000283949
       -0.0002288182   0.0003052515   0.0004556974  -0.0018407114  -0.0250032103
       -0.0666425276  -0.0475776784  -0.0000857980   0.0009840153   0.0005709605
       -0.0025072906   0.0020615575  -0.0224072223  -0.0900220813  -0.0072561190
       -0.0225327938   0.0048907671   0.0025132620   0.0287746003  -0.0026620100
       -0.0036903952  -0.0217508214   0.0004632451   0.0008689005   0.0002493858
        0.0003878868   0.0009599276   0.0019614197   0.0004444234  -0.0001885872
       -0.0004274270   0.0003316729   0.0000681147   0.0006929614   0.0001337477
        0.0000264821  -0.0000475643   0.0019459685  -0.0010022890  -0.0004972881
       -0.0002600883  -0.0000007508  -0.0002228622  -0.0090913750  -0.0046588402
       -0.0008098897  -0.0016790918  -0.0047138903  -0.0021039851   0.4347622853
        0.0580519956  -0.0866423509  -0.0013949270   0.0031487579  -0.0027885959
        0.0001942865  -0.0012189012   0.0007017204   0.0002425587  -0.0000112857
        0.0000110322   0.0000065436  -0.0007022305  -0.0004865759  -0.0003816842
       -0.0002288482  -0.0010782330  -0.3358048374  -0.0440268605   0.1294044897
        0.0059526255   0.0024207351   0.0262619428  -0.0077965511  -0.0505352070
       -0.0139930478  -0.0002859503   0.0013645811  -0.0017532863  -0.0072828918
       -0.0046850527  -0.0287179249   0.0007168134   0.0031407324  -0.0003748525
        0.0006793608  -0.0001270376   0.0007408750   0.0001042517   0.0001235046
       -0.0001202224  -0.0012636198  -0.0025984802  -0.0005034927   0.0000238443
        0.0002327675   0.0002637811  -0.0003903231   0.0023298748   0.0008935335
        0.0003689473   0.0007501399  -0.0000065813  -0.0045236407   0.0004474798
       -0.0007074535  -0.0046869468  -0.0055111384  -0.0046080245   0.0580519956
        0.0671534908   0.0063582568   0.0031042807  -0.0038017235   0.0038927691
       -0.0004905964   0.0030930761  -0.0006661620  -0.0003273563  -0.0000732640
       -0.0001783646  -0.0004457552  -0.0008650242  -0.0000402903  -0.0001438971
       -0.0005655565  -0.0013170641  -0.0413645908  -0.0122938979   0.0145756088
       -0.0094656103   0.0063783134  -0.0384997863  -0.0516450530  -0.0210150868
       -0.2301897463   0.0042542036  -0.0026186383  -0.0296151729  -0.0097279145
       -0.0092089520  -0.0280337502   0.0008775617   0.0003854347   0.0008424413
        0.0012883179   0.0002816208  -0.0031849497  -0.0004172070  -0.0001104794
        0.0000598686   0.0021052720   0.0005660910  -0.0007187673   0.0003649195
       -0.0000944585   0.0003914205  -0.0038854191  -0.0013996192   0.0041205231
       -0.0010587065   0.0000795797   0.0011767800   0.0036908954   0.0017591400
        0.0045212096  -0.0035394168  -0.0059595629  -0.0011208076  -0.0866423509
        0.0063582568   0.4383226268  -0.0032803045   0.0058802059  -0.0032116089
        0.0006966198  -0.0013361766   0.0008083011   0.0002657705  -0.0000917397
       -0.0003817707  -0.0004268882   0.0002446423  -0.0005588516  -0.0006860160
       -0.0006047384  -0.0017349589   0.1572313265   0.0205061672  -0.1129930006
       -0.0398911551  -0.0029737078  -0.0097749852  -0.0002035581  -0.0000265013
       -0.0115857764  -0.0001170794   0.0001640102  -0.0009690495   0.0002067120
       -0.0004333160   0.0000801764  -0.0001077243  -0.0000528461   0.0000185527
       -0.0001797116  -0.0001321306  -0.0003438975  -0.0000250393   0.0000496653
        0.0000043908   0.0011339139   0.0022878399   0.0042412019   0.0002470393
        0.0000712219  -0.0013988201  -0.0173000886   0.0020861211   0.0380949391
        0.0006343783  -0.0002101622  -0.0006872977  -0.0000226555   0.0001730193
       -0.0001780609  -0.0002007182  -0.0000160529   0.0001878875  -0.0013949270
        0.0031042807  -0.0032803045   0.0569263149  -0.0021109776  -0.0009860806
        0.0002358138  -0.0018604405  -0.0134613492   0.0002243510  -0.0000562334
        0.0000332750   0.0000530090   0.0000176938  -0.0000501955   0.0000213606
       -0.0001299116   0.0000162666  -0.0002402356   0.0000484278   0.0000391271
       -0.0024619580  -0.0453100461  -0.0159396367   0.0018671621   0.0003830659
        0.0211536493  -0.0002499180   0.0005190082   0.0003661619   0.0001870097
        0.0003913030   0.0008383946   0.0000184087   0.0002150339  -0.0001709918
       -0.0000935701  -0.0001905613   0.0001205872  -0.0000118446  -0.0000307140
       -0.0000071583  -0.0000214233   0.0010802542   0.0027588457   0.0002503854
        0.0003254835  -0.0002667375   0.0020714815   0.0017549474  -0.0042348560
        0.0000480186  -0.0001956964  -0.0001905074  -0.0000009656  -0.0000017883
       -0.0003713707  -0.0004002382  -0.0003575106  -0.0004550738   0.0031487579
       -0.0038017235   0.0058802059  -0.0021109776   0.0482909882   0.0169808428
       -0.0027351808  -0.0029337397  -0.0263323086  -0.0000092880   0.0000149352
       -0.0000749856  -0.0000293994  -0.0000291297   0.0000327808   0.0002333458
        0.0000191330  -0.0000657236   0.0003001939  -0.0001432429  -0.0000221182
       -0.0116752498  -0.0134402408  -0.2517341118  -0.0023134963   0.0006207592
       -0.0162838361  -0.0000165434  -0.0003199256   0.0003135788   0.0002931427
       -0.0002576486  -0.0008838735  -0.0000748060  -0.0003417525   0.0000235367
       -0.0000448875  -0.0000003880  -0.0007174163  -0.0000419189  -0.0000334677
        0.0001030009  -0.0005424451  -0.0007391993   0.0011513385   0.0011367463
        0.0009918589   0.0002656323   0.0203936838  -0.0036308214  -0.0188266827
       -0.0006290090  -0.0000274048   0.0007382567   0.0000299053   0.0003463867
        0.0003191363   0.0002271287  -0.0003144825   0.0010486661  -0.0027885959
        0.0038927691  -0.0032116089  -0.0009860806   0.0169808428   0.2997979331
       -0.0021236441  -0.0030363347  -0.0123700938  -0.0002665212   0.0000762160
       -0.0001956269  -0.0001902678  -0.0002099269   0.0001210198  -0.0002084021
       -0.0003485687  -0.0000121933  -0.0001787391  -0.0002086713   0.0003533440
       -0.0832984622  -0.0857861001  -0.0315244575   0.0058003088   0.0097371231
        0.0028073697   0.0001978356   0.0002882051   0.0000710663  -0.0008759440
        0.0023291726  -0.0014928047   0.0003445140   0.0007353820   0.0001303847
       -0.0002387765   0.0003007843  -0.0001742956   0.0000501379   0.0000942992
        0.0000162529  -0.0049981788   0.0003048054   0.0023006354   0.0001590350
        0.0002879372   0.0004229184  -0.0260624140  -0.0277282041  -0.0070199183
       -0.0022709467  -0.0012099241   0.0002038250   0.0000526375   0.0000147001
        0.0000538435   0.0000307203  -0.0003211865  -0.0000009724   0.0001942865
       -0.0004905964   0.0006966198   0.0002358138  -0.0027351808  -0.0021236441
        0.1107675780   0.1044865208   0.0356688995   0.0000770184  -0.0002192758
       -0.0000164559   0.0000255560   0.0000218699  -0.0001276001  -0.0000241731
        0.0000999148  -0.0000001990  -0.0001665466  -0.0002102468   0.0001085325
       -0.0900225470  -0.2093807562  -0.0618500631  -0.0092005328  -0.0265383340
       -0.0063080148  -0.0001696862   0.0001097942  -0.0002310905   0.0030384915
       -0.0044729227   0.0022655082  -0.0007422621  -0.0012364115  -0.0002346662
        0.0003802430   0.0004412268  -0.0001425073   0.0001721457   0.0002095674
       -0.0000046635  -0.0005405639   0.0004543686   0.0000503791   0.0002374085
        0.0001819945   0.0003306190  -0.0049344479   0.0000623209   0.0008480269
        0.0000568375   0.0000178502   0.0001207854   0.0001787134   0.0002118929
        0.0001372020   0.0001934798   0.0005003832   0.0000932317  -0.0012189012
        0.0030930761  -0.0013361766  -0.0018604405  -0.0029337397  -0.0030363347
        0.1044865208   0.2398955331   0.0692544823   0.0000094516  -0.0000307215
       -0.0000759019  -0.0000668256  -0.0000610311  -0.0000984316  -0.0000653244
        0.0001102220   0.0001458762   0.0000682397  -0.0006343130   0.0000717393
       -0.0352476846  -0.0641978623  -0.0666772026   0.0039200204   0.0100206398
        0.0036520554   0.0001847136  -0.0002352036  -0.0000441485  -0.0009187191
        0.0019681859  -0.0008701067   0.0002984255   0.0005408899   0.0000823629
       -0.0000918350  -0.0001019556   0.0000887241  -0.0000150754   0.0000045167
       -0.0000287706   0.0013405985  -0.0001934109   0.0002121952   0.0002764517
        0.0001918704   0.0001814653   0.0065297553   0.0092921892   0.0033398256
        0.0007021144   0.0003284379   0.0001929277  -0.0000695362  -0.0001216380
        0.0000163385   0.0002506210  -0.0001050377   0.0000889505   0.0007017204
       -0.0006661620   0.0008083011  -0.0134613492  -0.0263323086  -0.0123700938
        0.0356688995   0.0692544823   0.0713614904  -0.0000115521   0.0000249631
       -0.0000160627   0.0000329944   0.0000357209   0.0000267925  -0.0000928179
       -0.0000763870   0.0000887111   0.0000022548   0.0003680697  -0.0001337555
       -0.0010346468   0.0001107462   0.0001196474   0.0001391941   0.0001792998
       -0.0001689407   0.0001611401  -0.0000892410   0.0000148981  -0.0006701023
        0.0014756949  -0.0008220152  -0.0004158806  -0.0000373992   0.0001519652
       -0.0061593936   0.0020808510   0.0024318081   0.0000184059  -0.0003701978
        0.0000210454  -0.0140269043   0.0354385097  -0.0022764650   0.0003173092
        0.0004602326  -0.0000266854   0.0028401851   0.0002020352  -0.0001134874
       -0.0442344159   0.0577438671   0.0091951981   0.0000125502  -0.0009159064
        0.0011044659   0.0003318865  -0.0002953102  -0.0000936725   0.0002425587
       -0.0003273563   0.0002657705   0.0002243510  -0.0000092880  -0.0002665212
        0.0000770184   0.0000094516  -0.0000115521   0.0616262338  -0.0962014224
       -0.0088780434   0.0007996394   0.0002595782  -0.0004615455  -0.0000732903
        0.0000134647  -0.0000017687  -0.0001758384   0.0002723903  -0.0001841018
       -0.0003398422  -0.0003651422   0.0001181542   0.0000186480   0.0002067169
        0.0000692582  -0.0000090634   0.0000424939   0.0000146563   0.0003246676
       -0.0005686837   0.0003828395   0.0002244177  -0.0000200254  -0.0001116813
        0.0025479996  -0.0010080024  -0.0006504479   0.0000115756   0.0005762553
        0.0001460256   0.0082690151  -0.0044009485  -0.0024152108  -0.0000639332
       -0.0000622705  -0.0000033557   0.0008836575   0.0012187183   0.0002009293
        0.0848634872  -0.4178148292   0.0448156204  -0.0004581721   0.0004088586
       -0.0008303988  -0.0001711655   0.0001195857  -0.0000283949  -0.0000112857
       -0.0000732640  -0.0000917397  -0.0000562334   0.0000149352   0.0000762160
       -0.0002192758  -0.0000307215   0.0000249631  -0.0962014224   0.4222922723
       -0.0414159321   0.0003239619  -0.0005363820  -0.0003201087   0.0000457627
       -0.0000285327   0.0000504393   0.0000172008   0.0000289659  -0.0000318320
       -0.0001491073  -0.0001851895   0.0004621240   0.0000718189   0.0001205521
        0.0003584339   0.0000203312  -0.0000460508  -0.0000372161   0.0002654151
       -0.0002330946   0.0002938558  -0.0000314885   0.0000286097  -0.0000357161
       -0.0000509042   0.0014313218   0.0004469438  -0.0000928540  -0.0001916303
       -0.0001796936   0.0022070203  -0.0165174108   0.0022761221   0.0013219652
       -0.0007759262  -0.0004130075   0.0004752943   0.0018769573  -0.0010175145
        0.0049728954   0.0559032244  -0.0181397745  -0.0006884033  -0.0000768606
       -0.0005122422  -0.0002153964   0.0000573664  -0.0002288182   0.0000110322
       -0.0001783646  -0.0003817707   0.0000332750  -0.0000749856  -0.0001956269
       -0.0000164559  -0.0000759019  -0.0000160627  -0.0088780434  -0.0414159321
        0.0167543049   0.0007981887   0.0002650700   0.0004892106   0.0000864492
       -0.0001091136   0.0000230638  -0.0001410325   0.0001973586   0.0000533838
       -0.0003337018  -0.0002123473   0.0004440019   0.0001073338   0.0002235186
        0.0003371453   0.0000988506  -0.0000704556  -0.0000402588  -0.0005886130
        0.0012853444   0.0021914443   0.0004524619  -0.0004404502  -0.0000752018
        0.0008443886  -0.0004378770   0.0093352030   0.0003762526  -0.0004782542
       -0.0007094086   0.0022457713   0.0005787474  -0.0008191830  -0.0004724922
        0.0001533608   0.0001878015  -0.0009116319   0.0001544745  -0.0009196063
       -0.0007132480  -0.0020736269   0.0014409891  -0.3301193849   0.1585699959
        0.0748530828  -0.0003282235  -0.0001585337   0.0003052515   0.0000065436
       -0.0004457552  -0.0004268882   0.0000530090  -0.0000293994  -0.0001902678
        0.0000255560  -0.0000668256   0.0000329944   0.0007996394   0.0003239619
        0.0007981887   0.3297952824  -0.1573084491  -0.0870416315  -0.0000316117
       -0.0000253850  -0.0000778501  -0.0013061822   0.0004579556   0.0003741937
       -0.0008203954  -0.0000169545   0.0004206536   0.0001324273   0.0004025746
        0.0003676965   0.0000508960  -0.0000994130   0.0000114593  -0.0003322455
        0.0002822252   0.0001076802  -0.0000815601   0.0000891846   0.0000300551
        0.0012932179  -0.0011218922  -0.0048390105   0.0006166072  -0.0001224093
       -0.0008817506  -0.0014912436   0.0028067595   0.0030689231   0.0001366791
       -0.0000413535  -0.0007205404   0.0007681490  -0.0004259707  -0.0011932539
       -0.0015840827  -0.0003664259  -0.0025200905   0.1583969351  -0.0838374055
       -0.0384203115  -0.0001710454  -0.0000445479   0.0004556974  -0.0007022305
       -0.0008650242   0.0002446423   0.0000176938  -0.0000291297  -0.0002099269
        0.0000218699  -0.0000610311   0.0000357209   0.0002595782  -0.0005363820
        0.0002650700  -0.1573084491   0.0828032613   0.0445722951   0.0000248380
        0.0000043725  -0.0001448829   0.0007723607   0.0011795616  -0.0006501262
        0.0007057316   0.0001084357  -0.0003397594   0.0001031202   0.0001217174
        0.0005002008  -0.0001613239  -0.0000225002  -0.0000450384  -0.0004094892
       -0.0010520857  -0.0047190989  -0.0002544938   0.0001194180   0.0000270376
        0.0336328155  -0.0149855673  -0.0163515444   0.0003513537  -0.0006657504
       -0.0004505007   0.0028406722   0.0000237663  -0.0024305771   0.0000453115
       -0.0003400251   0.0004296706  -0.0006209977  -0.0001869871   0.0001183608
       -0.0001749302  -0.0001693627   0.0012825734   0.0499398275  -0.0270925623
       -0.0542340645   0.0014148605  -0.0001745654  -0.0018407114  -0.0004865759
       -0.0000402903  -0.0005588516  -0.0000501955   0.0000327808   0.0001210198
       -0.0001276001  -0.0000984316   0.0000267925  -0.0004615455  -0.0003201087
        0.0004892106  -0.0870416315   0.0445722951   0.0771661615   0.0002739086
       -0.0000695521  -0.0000356465   0.0004811820   0.0002393757   0.0008447654
        0.0002504394  -0.0000068325   0.0001153758   0.0004738117  -0.0004399577
       -0.0010659229   0.0000641529  -0.0001496039  -0.0000978206  -0.0013262880
        0.0030669303  -0.0031192303   0.0005111696  -0.0011845921  -0.0000249135
        0.0025331903   0.0015919422   0.0011769294  -0.0004499445  -0.0007643329
       -0.0000140637  -0.0001817568   0.0006262480   0.0007932233  -0.0001987830
        0.0002013506  -0.0004092075  -0.0005102515  -0.0002529234  -0.0001181784
        0.0001788434  -0.0001251324  -0.0004176612  -0.0004627901  -0.0000009024
       -0.0007398109  -0.0822328902  -0.1681071868  -0.0250032103  -0.0003816842
       -0.0001438971  -0.0006860160   0.0000213606   0.0002333458  -0.0002084021
       -0.0000241731  -0.0000653244  -0.0000928179  -0.0000732903   0.0000457627
        0.0000864492  -0.0000316117   0.0000248380   0.0002739086   0.0816712321
        0.1655443366   0.0293929259   0.0001692635  -0.0000940686   0.0001584430
       -0.0004624024   0.0000394386   0.0002701646  -0.0005396752   0.0002751432
       -0.0024785504   0.0006839206   0.0001931793  -0.0000412360  -0.0014545071
       -0.0058495557  -0.0057210018   0.0004233597   0.0021206951   0.0003177124
        0.0000104357   0.0003537557  -0.0004097278   0.0005796634   0.0001647624
       -0.0004683418  -0.0000750726  -0.0008864194  -0.0006499746   0.0002204886
       -0.0004381598   0.0003448643   0.0006230107   0.0004267511   0.0001920475
       -0.0001116266   0.0002070864   0.0003403593   0.0000541674   0.0002080525
        0.0008376458  -0.1650758942  -0.3524983014  -0.0666425276  -0.0002288482
       -0.0005655565  -0.0006047384  -0.0001299116   0.0000191330  -0.0003485687
        0.0000999148   0.0001102220  -0.0000763870   0.0000134647  -0.0000285327
       -0.0001091136  -0.0000253850   0.0000043725  -0.0000695521   0.1655443366
        0.3561912235   0.0752848265  -0.0001494394  -0.0000472899   0.0000320996
       -0.0001385357  -0.0000489407   0.0003166622   0.0008981761  -0.0007948259
       -0.0049278584   0.0001522251   0.0001960125  -0.0000953317  -0.0164043204
       -0.0339984801  -0.0121843767  -0.0006635909  -0.0010156641   0.0002661420
       -0.0002495167  -0.0006132817  -0.0002300595   0.0009201459   0.0002124257
       -0.0001081477   0.0002626008  -0.0006977168   0.0005158393  -0.0000163918
        0.0001312779  -0.0000584950   0.0000047458   0.0005203366  -0.0001528623
       -0.0001940438   0.0002116633  -0.0001034926  -0.0000648312   0.0005895072
        0.0005737520  -0.0125188153  -0.0383679733  -0.0475776784  -0.0010782330
       -0.0013170641  -0.0017349589   0.0000162666  -0.0000657236  -0.0000121933
       -0.0000001990   0.0001458762   0.0000887111  -0.0000017687   0.0000504393
        0.0000230638  -0.0000778501  -0.0001448829  -0.0000356465   0.0293929259
        0.0752848265   0.0654326518  -0.0002389895  -0.0002778118   0.0000042788
        0.0017083795  -0.0003482007  -0.0010284684   0.0093898911   0.0021202373
        0.0052016960   0.0009521908   0.0000833324  -0.0005442762   0.0022007996
       -0.0004993181  -0.0006125289  -0.0001198311   0.0002822266   0.0000203196
        0.0007081542  -0.0008348864  -0.0042152098  -0.0001612126   0.0003207104
        0.0006734583   0.0005843344   0.0003823482  -0.0008814952   0.0000083417
       -0.0001646888   0.0002231759  -0.0006391592  -0.0008356414   0.0012447399
       -0.0001800471  -0.0000167196   0.0008257900   0.0014721043   0.0020192887
        0.0024294545  -0.0009626137  -0.0002039804  -0.0000857980  -0.3358048374
       -0.0413645908   0.1572313265  -0.0002402356   0.0003001939  -0.0001787391
       -0.0001665466   0.0000682397   0.0000022548  -0.0001758384   0.0000172008
       -0.0001410325  -0.0013061822   0.0007723607   0.0004811820   0.0001692635
       -0.0001494394  -0.0002389895   0.3225630448   0.0380513267  -0.1604068600
       -0.0010681798   0.0010001814   0.0007948026   0.0028668384  -0.0017424038
       -0.0020252440   0.0006391915   0.0010493372  -0.0025978374   0.0019545440
        0.0021011796  -0.0012911219   0.0003207581  -0.0011249329  -0.0003209087
       -0.0000307452   0.0002954974  -0.0026291064  -0.0000171246  -0.0000494071
        0.0002780890   0.0010287447   0.0019060709   0.0007028660  -0.0000137877
       -0.0003587675  -0.0001355713  -0.0011032247  -0.0005334051  -0.0016478436
       -0.0002718664  -0.0006268273   0.0000425365   0.0013190156  -0.0017457208
        0.0019783210  -0.0001230883  -0.0004414220   0.0009840153  -0.0440268605
       -0.0122938979   0.0205061672   0.0000484278  -0.0001432429  -0.0002086713
       -0.0002102468  -0.0006343130   0.0003680697   0.0002723903   0.0000289659
        0.0001973586   0.0004579556   0.0011795616   0.0002393757  -0.0000940686
       -0.0000472899  -0.0002778118   0.0380513267   0.0121808364  -0.0149574851
        0.0003851751   0.0004845346  -0.0004536360   0.0316378475   0.0013722064
       -0.0273681684  -0.0004450841  -0.0004816817  -0.0063133900   0.0004876124
       -0.0005462133  -0.0000215903   0.0001328736  -0.0003480113  -0.0000275708
       -0.0013635351  -0.0009218628  -0.0007475522   0.0001622943   0.0000971810
       -0.0001854266  -0.0015215414  -0.0001026903  -0.0009770328   0.0000623643
        0.0000986449   0.0000650723   0.0006344823  -0.0003370915   0.0009676134
        0.0006939037   0.0000019101  -0.0001573938  -0.0004086907   0.0011948030
       -0.0017197275   0.0000484739   0.0004703846   0.0005709605   0.1294044897
        0.0145756088  -0.1129930006   0.0000391271  -0.0000221182   0.0003533440
        0.0001085325   0.0000717393  -0.0001337555  -0.0001841018  -0.0000318320
        0.0000533838   0.0003741937  -0.0006501262   0.0008447654   0.0001584430
        0.0000320996   0.0000042788  -0.1604068600  -0.0149574851   0.1482388263
