$hessian                                                                        
        0.6709957341  -0.0138110260   0.0000041268  -0.0943882755   0.0395744209
        0.0000022825   0.0261627069   0.0259913092   0.0000017194  -0.0123371799
       -0.0292339719  -0.0000018911  -0.0693798114   0.0296404532   0.0000012412
       -0.2730047876  -0.1443924186  -0.0000115662  -0.0016031569   0.0016637328
        0.0000001188  -0.0010433248   0.0011582484  -0.0000000622  -0.2386191427
        0.1141454719   0.0000055255  -0.0016245294  -0.0257810705  -0.0000017613
       -0.0041392365   0.0032743921   0.0000002993  -0.0010189962  -0.0022295413
       -0.0000000326
       -0.0138110260   0.6570783009   0.0000351517  -0.0395945193  -0.3306237155
       -0.0000186687   0.0842970586  -0.0367440334  -0.0000018069  -0.0301417675
       -0.0481576270  -0.0000031356  -0.0315076365   0.0581125680   0.0000034578
       -0.0645237545  -0.1549478694  -0.0000076909   0.0047685921  -0.0004980383
       -0.0000004375   0.0007453733   0.0006352416   0.0000001301   0.1141756306
       -0.1100320948  -0.0000041226  -0.0022914374  -0.0170920467  -0.0000011147
        0.0028621464  -0.0006303850  -0.0000004743  -0.0249786597  -0.0171003006
       -0.0000012883
        0.0000041268   0.0000351517   0.1151538861  -0.0000031255  -0.0000179297
       -0.0480041037   0.0000058526  -0.0000023891   0.0018880202  -0.0000019667
       -0.0000029915  -0.0044370656  -0.0000028084   0.0000040633   0.0007398993
       -0.0000060856  -0.0000085085  -0.0454249334   0.0000001623  -0.0000004228
        0.0053280016  -0.0000000041   0.0000000514  -0.0002107395   0.0000056065
       -0.0000039803  -0.0338486059  -0.0000001549  -0.0000013722   0.0005289684
        0.0000000510  -0.0000005069   0.0076183978  -0.0000016539  -0.0000011655
        0.0006682745
       -0.0943882755  -0.0395945193  -0.0000031255   0.6709980801   0.0138098380
        0.0000058485  -0.2729870071   0.1444024643   0.0000073827  -0.0693796507
       -0.0296296052  -0.0000025259  -0.0123321275   0.0292309267   0.0000017225
        0.0261533209  -0.0259966632  -0.0000013860  -0.0010434874  -0.0011581045
        0.0000000886  -0.0016037026  -0.0016636377  -0.0000002194  -0.0016221408
        0.0257797526   0.0000017628  -0.2386385711  -0.1141345270  -0.0000090676
       -0.0010166826   0.0022281730  -0.0000000001  -0.0041397556  -0.0032740977
       -0.0000004807
        0.0395744209  -0.3306237155  -0.0000179297   0.0138098380   0.6570759569
        0.0000352953   0.0645337991  -0.1549656537  -0.0000066080   0.0315184878
        0.0581124081   0.0000040466   0.0301387200  -0.0481626794  -0.0000026003
       -0.0843024107  -0.0367346479  -0.0000034191  -0.0007452302   0.0006354010
        0.0000001454  -0.0047684991  -0.0004974898  -0.0000005203   0.0022901197
       -0.0170944333  -0.0000010760  -0.1141646868  -0.1100126671  -0.0000060788
        0.0249772938  -0.0171026191  -0.0000007757  -0.0028618525  -0.0006298603
       -0.0000004795
        0.0000022825  -0.0000186687  -0.0480041037   0.0000058485   0.0000352953
        0.1151540086   0.0000018990  -0.0000058604  -0.0454250027   0.0000014795
        0.0000034714   0.0007397711   0.0000018358  -0.0000024817  -0.0044369317
       -0.0000054806  -0.0000028009   0.0018880270   0.0000000487   0.0000000702
       -0.0002108728  -0.0000002391  -0.0000004651   0.0053281409   0.0000001235
       -0.0000009000   0.0005289371  -0.0000091802  -0.0000059617  -0.0338486330
        0.0000016398  -0.0000011328   0.0006682216  -0.0000002573  -0.0000005657
        0.0076184377
        0.0261627069   0.0842970586   0.0000058526  -0.2729870071   0.0645337991
        0.0000018990   0.6417608671  -0.0121687557   0.0000041522  -0.2472875949
       -0.0730938103  -0.0000067810   0.0214644535  -0.0799343333  -0.0000049985
       -0.0617146217  -0.0011424518  -0.0000005003   0.0018233908   0.0029015867
        0.0000000202  -0.0411411193   0.0006179503  -0.0000000665   0.0009981821
        0.0002195048  -0.0000000892  -0.0263319010   0.0117157392   0.0000005632
       -0.0421789453   0.0020096421  -0.0000000732  -0.0005684111   0.0000440704
        0.0000000215
        0.0259913092  -0.0367440334  -0.0000023891   0.1444024643  -0.1549656537
       -0.0000058604  -0.0121687557   0.6787531713   0.0000369202  -0.1412826387
       -0.1533251305  -0.0000083113  -0.0230951742  -0.0329226705  -0.0000023672
        0.0011479599   0.0029394412   0.0000005253   0.0000359159  -0.0039059454
       -0.0000004966   0.0133029872   0.0059775357   0.0000003915   0.0003457260
       -0.0060157887  -0.0000007296  -0.0116981390   0.0065039925   0.0000004030
        0.0028700337  -0.3070628891  -0.0000179998   0.0001483115   0.0007679706
       -0.0000000862
        0.0000017194  -0.0000018069   0.0018880202   0.0000073827  -0.0000066080
       -0.0454250027   0.0000041522   0.0000369202   0.1115322026  -0.0000110808
       -0.0000078277  -0.0455718757  -0.0000012297  -0.0000030449  -0.0003793289
       -0.0000004226   0.0000005386  -0.0029679005   0.0000000599  -0.0000004455
        0.0048264959   0.0000003486   0.0000003535   0.0023946551  -0.0000000088
       -0.0000008322   0.0071579651  -0.0000010208   0.0000005362   0.0002892676
        0.0000000971  -0.0000178312  -0.0335640862   0.0000000027   0.0000000478
       -0.0001804126
       -0.0123371799  -0.0301417675  -0.0000019667  -0.0693796507   0.0315184878
        0.0000014795  -0.2472875949  -0.1412826387  -0.0000110808   0.5174043368
        0.0632580978   0.0000076521  -0.0675211266   0.0287260900   0.0000016626
        0.0214732299   0.0230905408   0.0000016258  -0.0157550239  -0.0298061162
       -0.0000021205  -0.1178057195   0.0525179608   0.0000027723   0.0001830780
       -0.0007916474  -0.0000000734  -0.0035659129   0.0025519330  -0.0000000144
       -0.0020195359  -0.0020816525  -0.0000001015  -0.0033889004   0.0024407120
        0.0000001650
       -0.0292339719  -0.0481576270  -0.0000029915  -0.0296296052   0.0581124081
        0.0000034714  -0.0730938103  -0.1533251305  -0.0000078277   0.0632580978
        0.5747930655   0.0000315161  -0.0287456559  -0.2973880200  -0.0000160490
        0.0799297021  -0.0329314394  -0.0000014007  -0.0149900411  -0.0241343930
       -0.0000021592   0.0546975117  -0.0569275881  -0.0000019893  -0.0005339514
       -0.0003781505  -0.0000002034   0.0027615295  -0.0004640310  -0.0000006444
       -0.0263579332  -0.0187355723  -0.0000014174   0.0019381279  -0.0004635218
       -0.0000003050
       -0.0000018911  -0.0000031356  -0.0044370656  -0.0000025259   0.0000040466
        0.0007397711  -0.0000067810  -0.0000083113  -0.0455718757   0.0000076521
        0.0000315161   0.0990526260  -0.0000019791  -0.0000155882  -0.0472966820
        0.0000053920  -0.0000019483  -0.0003793777  -0.0000013176  -0.0000020739
        0.0020107031   0.0000031099  -0.0000021499  -0.0203802158  -0.0000000353
       -0.0000000419   0.0003357199   0.0000000604  -0.0000005274   0.0078062559
       -0.0000017173  -0.0000012844   0.0006285926   0.0000000329  -0.0000005017
        0.0074915481
       -0.0693798114  -0.0315076365  -0.0000028084  -0.0123321275   0.0301387200
        0.0000018358   0.0214644535  -0.0230951742  -0.0000012297  -0.0675211266
       -0.0287456559  -0.0000019791   0.5173935808  -0.0632532021  -0.0000001909
       -0.2472693774   0.1412906286   0.0000073715  -0.1178148400  -0.0525127842
       -0.0000043844  -0.0157512014   0.0298053982   0.0000018734  -0.0035663621
       -0.0025516674  -0.0000001864   0.0001831903   0.0007916032   0.0000000326
       -0.0033892665  -0.0024404598  -0.0000003897  -0.0020171117   0.0020802300
        0.0000000554
        0.0296404532   0.0581125680   0.0000040633   0.0292309267  -0.0481626794
       -0.0000024817  -0.0799343333  -0.0329226705  -0.0000030449   0.0287260900
       -0.2973880200  -0.0000155882  -0.0632532021   0.5748038511   0.0000301812
        0.0731017926  -0.1533433874  -0.0000063465  -0.0546923419  -0.0569184739
       -0.0000029246   0.0149893377  -0.0241382063  -0.0000017700  -0.0027612662
       -0.0004635766  -0.0000006978   0.0005339020  -0.0003782638  -0.0000001673
       -0.0019378792  -0.0004631502  -0.0000003307   0.0263565205  -0.0187379910
       -0.0000008927
        0.0000012412   0.0000034578   0.0007398993   0.0000017225  -0.0000026003
       -0.0044369317  -0.0000049985  -0.0000023672  -0.0003793289   0.0000016626
       -0.0000160490  -0.0472966820  -0.0000001909   0.0000301812   0.0990521474
        0.0000030702  -0.0000056629  -0.0455719862  -0.0000046807  -0.0000029986
       -0.0203794075   0.0000009839  -0.0000015709   0.0020103433  -0.0000002625
       -0.0000005782   0.0078064054   0.0000000372  -0.0000000308   0.0003357174
       -0.0000002291  -0.0000005500   0.0074916854   0.0000016442  -0.0000012311
        0.0006281382
       -0.2730047876  -0.0645237545  -0.0000060856   0.0261533209  -0.0843024107
       -0.0000054806  -0.0617146217   0.0011479599  -0.0000004226   0.0214732299
        0.0799297021   0.0000053920  -0.2472693774   0.0731017926   0.0000030702
        0.6417629427   0.0121718953   0.0000058456  -0.0411422831  -0.0006139322
       -0.0000008461   0.0018231300  -0.0029020673  -0.0000000812  -0.0263318983
       -0.0117129452  -0.0000011040   0.0009981341  -0.0002201003  -0.0000000733
       -0.0005684246  -0.0000439526  -0.0000000755  -0.0421793649  -0.0020321872
       -0.0000001390
       -0.1443924186  -0.1549478694  -0.0000085085  -0.0259966632  -0.0367346479
       -0.0000028009  -0.0011424518   0.0029394412   0.0000005386   0.0230905408
       -0.0329314394  -0.0000019483   0.1412906286  -0.1533433874  -0.0000056629
        0.0121718953   0.6787511022   0.0000368470  -0.0132989579   0.0059787374
        0.0000001718  -0.0000364096  -0.0039056940  -0.0000005038   0.0117009383
        0.0065039909   0.0000006243  -0.0003463216  -0.0060157385  -0.0000007584
       -0.0001482024   0.0007679874  -0.0000001009  -0.0028925780  -0.3070624826
       -0.0000178979
       -0.0000115662  -0.0000076909  -0.0454249334  -0.0000013860  -0.0000034191
        0.0018880270  -0.0000005003   0.0000005253  -0.0029679005   0.0000016258
       -0.0000014007  -0.0003793777   0.0000073715  -0.0000063465  -0.0455719862
        0.0000058456   0.0000368470   0.1115321392  -0.0000013724   0.0000001856
        0.0023947641  -0.0000001184  -0.0000005247   0.0048265141   0.0000005263
        0.0000003068   0.0002892563  -0.0000000946  -0.0000008172   0.0071580040
       -0.0000000393   0.0000000491  -0.0001804182  -0.0000002922  -0.0000177146
       -0.0335640888
       -0.0016031569   0.0047685921   0.0000001623  -0.0010434874  -0.0007452302
        0.0000000487   0.0018233908   0.0000359159   0.0000000599  -0.0157550239
       -0.0149900411  -0.0000013176  -0.1178148400  -0.0546923419  -0.0000046807
       -0.0411422831  -0.0132989579  -0.0000013724   0.1694136271   0.0793538276
        0.0000069561   0.0064982485  -0.0001195705  -0.0000000017  -0.0010491685
       -0.0006739517   0.0000000805   0.0003998681   0.0002384944   0.0000001392
       -0.0005020340   0.0000527456   0.0000000234   0.0007748593   0.0000705178
       -0.0000000976
        0.0016637328  -0.0004980383  -0.0000004228  -0.0011581045   0.0006354010
        0.0000000702   0.0029015867  -0.0039059454  -0.0000004455  -0.0298061162
       -0.0241343930  -0.0000020739  -0.0525127842  -0.0569184739  -0.0000029986
       -0.0006139322   0.0059787374   0.0000001856   0.0793538276   0.0805090294
        0.0000054533   0.0001187860  -0.0027031785  -0.0000000997   0.0003685064
        0.0001278549   0.0000001148   0.0001875047   0.0002363469   0.0000001863
       -0.0013344119  -0.0005902775  -0.0000000801   0.0008314048   0.0012629370
        0.0000001104
        0.0000001188  -0.0000004375   0.0053280016   0.0000000886   0.0000001454
       -0.0002108728   0.0000000202  -0.0000004966   0.0048264959  -0.0000021205
       -0.0000021592   0.0020107031  -0.0000043844  -0.0000029246  -0.0203794075
       -0.0000008461   0.0000001718   0.0023947641   0.0000069561   0.0000054533
        0.0105502410   0.0000000308  -0.0000000419  -0.0011076456   0.0000000411
        0.0000000228  -0.0000702755   0.0000000422   0.0000000985  -0.0012592634
       -0.0000000648  -0.0000000082  -0.0001069582   0.0000001179   0.0000001760
       -0.0019757827
       -0.0010433248   0.0007453733  -0.0000000041  -0.0016037026  -0.0047684991
       -0.0000002391  -0.0411411193   0.0133029872   0.0000003486  -0.1178057195
        0.0546975117   0.0000031099  -0.0157512014   0.0149893377   0.0000009839
        0.0018231300  -0.0000364096  -0.0000001184   0.0064982485   0.0001187860
        0.0000000308   0.1694001362  -0.0793613911  -0.0000041611   0.0003998323
       -0.0002385110  -0.0000000734  -0.0010491402   0.0006740491  -0.0000000636
        0.0007747816  -0.0000704770   0.0000001581  -0.0005019209  -0.0000527572
        0.0000000285
        0.0011582484   0.0006352416   0.0000000514  -0.0016636377  -0.0004974898
       -0.0000004651   0.0006179503   0.0059775357   0.0000003535   0.0525179608
       -0.0569275881  -0.0000021499   0.0298053982  -0.0241382063  -0.0000015709
       -0.0029020673  -0.0039056940  -0.0000005247  -0.0001195705  -0.0027031785
       -0.0000000419  -0.0793613911   0.0805225352   0.0000040716  -0.0001875190
        0.0002363846   0.0000001716  -0.0003684067   0.0001278304   0.0000000875
       -0.0008313672   0.0012630124   0.0000000960   0.0013344019  -0.0005903832
       -0.0000000791
       -0.0000000622   0.0000001301  -0.0002107395  -0.0000002194  -0.0000005203
        0.0053281409  -0.0000000665   0.0000003915   0.0023946551   0.0000027723
       -0.0000019893  -0.0203802158   0.0000018734  -0.0000017700   0.0020103433
       -0.0000000812  -0.0000005038   0.0048265141  -0.0000000017  -0.0000000997
       -0.0011076456  -0.0000041611   0.0000040716   0.0105511181  -0.0000000039
        0.0000000964  -0.0012591544  -0.0000000544   0.0000000348  -0.0000700900
       -0.0000000614   0.0000001770  -0.0019760750   0.0000000662  -0.0000000182
       -0.0001068514
       -0.2386191427   0.1141756306   0.0000056065  -0.0016221408   0.0022901197
        0.0000001235   0.0009981821   0.0003457260  -0.0000000088   0.0001830780
       -0.0005339514  -0.0000000353  -0.0035663621  -0.0027612662  -0.0000002625
       -0.0263318983   0.0117009383   0.0000005263  -0.0010491685   0.0003685064
        0.0000000411   0.0003998323  -0.0001875190  -0.0000000039   0.2681926864
       -0.1252702267  -0.0000059749   0.0008561761  -0.0007602068   0.0000000001
       -0.0000957294  -0.0000382183  -0.0000000375   0.0006544868   0.0006704675
        0.0000000254
        0.1141454719  -0.1100320948  -0.0000039803   0.0257797526  -0.0170944333
       -0.0000009000   0.0002195048  -0.0060157887  -0.0000008322  -0.0007916474
       -0.0003781505  -0.0000000419  -0.0025516674  -0.0004635766  -0.0000005782
       -0.0117129452   0.0065039909   0.0000003068  -0.0006739517   0.0001278549
        0.0000000228  -0.0002385110   0.0002363846   0.0000000964  -0.1252702267
        0.1264688248   0.0000055783   0.0007601853   0.0006083485   0.0000001975
        0.0012477882  -0.0008137203  -0.0000000640  -0.0009137535   0.0008523604
        0.0000001948
        0.0000055255  -0.0000041226  -0.0338486059   0.0000017628  -0.0000010760
        0.0005289371  -0.0000000892  -0.0000007296   0.0071579651  -0.0000000734
       -0.0000002034   0.0003357199  -0.0000001864  -0.0000006978   0.0078064054
       -0.0000011040   0.0000006243   0.0002892563   0.0000000805   0.0000001148
       -0.0000702755  -0.0000000734   0.0000001716  -0.0012591544  -0.0000059749
        0.0000055783   0.0239348317   0.0000000607   0.0000001878  -0.0023010724
        0.0000000892  -0.0000000623  -0.0000378717  -0.0000000174   0.0000002149
       -0.0025361354
       -0.0016245294  -0.0022914374  -0.0000001549  -0.2386385711  -0.1141646868
       -0.0000091802  -0.0263319010  -0.0116981390  -0.0000010208  -0.0035659129
        0.0027615295   0.0000000604   0.0001831903   0.0005339020   0.0000000372
        0.0009981341  -0.0003463216  -0.0000000946   0.0003998681   0.0001875047
        0.0000000422  -0.0010491402  -0.0003684067  -0.0000000544   0.0008561761
        0.0007601853   0.0000000607   0.2682140081   0.1252581649   0.0000102524
        0.0006545093  -0.0006704516   0.0000000333  -0.0000958316   0.0000381568
        0.0000000186
       -0.0257810705  -0.0170920467  -0.0000013722  -0.1141345270  -0.1100126671
       -0.0000059617   0.0117157392   0.0065039925   0.0000005362   0.0025519330
       -0.0004640310  -0.0000005274   0.0007916032  -0.0003782638  -0.0000000308
       -0.0002201003  -0.0060157385  -0.0000008172   0.0002384944   0.0002363469
        0.0000000985   0.0006740491   0.0001278304   0.0000000348  -0.0007602068
        0.0006083485   0.0000001878   0.1252581649   0.1264475063   0.0000077561
        0.0009137707   0.0008523395   0.0000001898  -0.0012478497  -0.0008136169
       -0.0000000940
       -0.0000017613  -0.0000011147   0.0005289684  -0.0000090676  -0.0000060788
       -0.0338486330   0.0000005632   0.0000004030   0.0002892676  -0.0000000144
       -0.0000006444   0.0078062559   0.0000000326  -0.0000001673   0.0003357174
       -0.0000000733  -0.0000007584   0.0071580040   0.0000001392   0.0000001863
       -0.0012592634  -0.0000000636   0.0000000875  -0.0000700900   0.0000000001
        0.0000001975  -0.0023010724   0.0000102524   0.0000077561   0.0239348404
        0.0000000801   0.0000002035  -0.0025361882  -0.0000000874  -0.0000000703
       -0.0000378066
       -0.0041392365   0.0028621464   0.0000000510  -0.0010166826   0.0249772938
        0.0000016398  -0.0421789453   0.0028700337   0.0000000971  -0.0020195359
       -0.0263579332  -0.0000017173  -0.0033892665  -0.0019378792  -0.0000002291
       -0.0005684246  -0.0001482024  -0.0000000393  -0.0005020340  -0.0013344119
       -0.0000000648   0.0007747816  -0.0008313672  -0.0000000614  -0.0000957294
        0.0012477882   0.0000000892   0.0006545093   0.0009137707   0.0000000801
        0.0524927131  -0.0022404946   0.0000001370  -0.0000121492  -0.0000207441
        0.0000000177
        0.0032743921  -0.0006303850  -0.0000005069   0.0022281730  -0.0171026191
       -0.0000011328   0.0020096421  -0.3070628891  -0.0000178312  -0.0020816525
       -0.0187355723  -0.0000012844  -0.0024404598  -0.0004631502  -0.0000005500
       -0.0000439526   0.0007679874   0.0000000491   0.0000527456  -0.0005902775
       -0.0000000082  -0.0000704770   0.0012630124   0.0000001770  -0.0000382183
       -0.0008137203  -0.0000000623  -0.0006704516   0.0008523395   0.0000002035
       -0.0022404946   0.3424245959   0.0000208222   0.0000207537   0.0000906781
        0.0000001239
        0.0000002993  -0.0000004743   0.0076183978  -0.0000000001  -0.0000007757
        0.0006682216  -0.0000000732  -0.0000179998  -0.0335640862  -0.0000001015
       -0.0000014174   0.0006285926  -0.0000003897  -0.0000003307   0.0074916854
       -0.0000000755  -0.0000001009  -0.0001804182   0.0000000234  -0.0000000801
       -0.0001069582   0.0000001581   0.0000000960  -0.0019760750  -0.0000000375
       -0.0000000640  -0.0000378717   0.0000000333   0.0000001898  -0.0025361882
        0.0000001370   0.0000208222   0.0235528015   0.0000000265   0.0000001348
       -0.0015581014
       -0.0010189962  -0.0249786597  -0.0000016539  -0.0041397556  -0.0028618525
       -0.0000002573  -0.0005684111   0.0001483115   0.0000000027  -0.0033889004
        0.0019381279   0.0000000329  -0.0020171117   0.0263565205   0.0000016442
       -0.0421793649  -0.0028925780  -0.0000002922   0.0007748593   0.0008314048
        0.0000001179  -0.0005019209   0.0013344019   0.0000000662   0.0006544868
       -0.0009137535  -0.0000000174  -0.0000958316  -0.0012478497  -0.0000000874
       -0.0000121492   0.0000207537   0.0000000265   0.0524930955   0.0022651730
        0.0000004178
       -0.0022295413  -0.0171003006  -0.0000011655  -0.0032740977  -0.0006298603
       -0.0000005657   0.0000440704   0.0007679706   0.0000000478   0.0024407120
       -0.0004635218  -0.0000005017   0.0020802300  -0.0187379910  -0.0000012311
       -0.0020321872  -0.3070624826  -0.0000177146   0.0000705178   0.0012629370
        0.0000001760  -0.0000527572  -0.0005903832  -0.0000000182   0.0006704675
        0.0008523604   0.0000002149   0.0000381568  -0.0008136169  -0.0000000703
       -0.0000207441   0.0000906781   0.0000001348   0.0022651730   0.3424242104
        0.0000206936
       -0.0000000326  -0.0000012883   0.0006682745  -0.0000004807  -0.0000004795
        0.0076184377   0.0000000215  -0.0000000862  -0.0001804126   0.0000001650
       -0.0000003050   0.0074915481   0.0000000554  -0.0000008927   0.0006281382
       -0.0000001390  -0.0000178979  -0.0335640888  -0.0000000976   0.0000001104
       -0.0019757827   0.0000000285  -0.0000000791  -0.0001068514   0.0000000254
        0.0000001948  -0.0025361354   0.0000000186  -0.0000000940  -0.0000378066
        0.0000000177   0.0000001239  -0.0015581014   0.0000004178   0.0000206936
        0.0235527804
