           1           2   1.4309328581733760     
           2           3   1.4401727836547822     
           3           4   1.4010497662424379     
           4           5   1.3629807865100849     
           1           6   1.4401727887085187     
           3           6  0.10685261491868338     
           5           6   1.4010497683182319     
           5           7  0.99177230204754097     
           4           8  0.99177232746632205     
           1           9  0.96828478706234133     
           2          10  0.96828477858227613     
           3          11  0.96536161747838245     
           6          12  0.96536164008964065     
