$hessian                                                                        
        0.4828927892  -0.0331260675   0.0000005799  -0.1269397689  -0.0765977425
       -0.0000009194  -0.0337169055  -0.0066005822   0.0000014789  -0.0446463893
        0.0116945915  -0.0154438842  -0.2295849347   0.0998361251   0.0000147118
       -0.0446432456   0.0116814654   0.0154283432  -0.0016816821  -0.0034447066
       -0.0019507080  -0.0016798631  -0.0034430832   0.0019503980
       -0.0331260675   0.5013182736   0.0000003691  -0.0715136932  -0.1373279532
        0.0000001388   0.0075703895   0.0078683905  -0.0000000914   0.0125782050
       -0.1235255347   0.1133260985   0.1005065134  -0.0952562272  -0.0000078269
        0.0125649254  -0.1235021802  -0.1133187090  -0.0142894331  -0.0147863407
       -0.0025953523  -0.0142908396  -0.0147884281   0.0025953732
        0.0000005799   0.0000003691   0.5275576674  -0.0000006911   0.0000003536
       -0.0686377498   0.0000021757   0.0000005908   0.0022813412  -0.0158747879
        0.1126049897  -0.2076866000   0.0000147331  -0.0000077885  -0.0438077168
        0.0158593466  -0.1125974843  -0.2077131441  -0.0168557151  -0.0185023153
       -0.0009970160   0.0168543588   0.0185012849  -0.0009967820
       -0.1269397689  -0.0715136932  -0.0000006911   0.3202688834   0.0504162361
        0.0000119113  -0.0962543483   0.0407190585   0.0000052418  -0.0010984573
       -0.0018505254   0.0023189140  -0.0255873143  -0.0164488432   0.0000006120
       -0.0011007325  -0.0018521896  -0.0023190850  -0.0346437549   0.0002593485
        0.0048802128  -0.0346445071   0.0002706085  -0.0048971158
       -0.0765977425  -0.1373279532   0.0000003536   0.0504162361   0.4457223030
       -0.0000058750   0.0423470735  -0.0495985940  -0.0000030733  -0.0156333248
       -0.0167935039   0.0035182749   0.0070081513   0.0072743728  -0.0000000749
       -0.0156316549  -0.0167912390  -0.0035182818   0.0040400843  -0.1162319567
       -0.1087807909   0.0040511770  -0.1162534291   0.1087894675
       -0.0000009194   0.0000001388  -0.0686377498   0.0000119113  -0.0000058750
        0.5160250093   0.0000054252  -0.0000030293  -0.0289376287   0.0186689227
        0.0190801594  -0.0011804680   0.0000016883   0.0000011832   0.0004415109
       -0.0186705416  -0.0190815596  -0.0011806284   0.0080170782  -0.1100998889
       -0.2082763728  -0.0080335647   0.1101088714  -0.2082536725
       -0.0337169055   0.0075703895   0.0000021757  -0.0962543483   0.0423470735
        0.0000054252   0.1599343681  -0.0672996339  -0.0000101197   0.0010951215
       -0.0001663307   0.0006449866  -0.0046733292  -0.0041924782  -0.0000000960
        0.0010952108  -0.0001662874  -0.0006450907  -0.0137388743   0.0109530341
        0.0041079841  -0.0137412431   0.0109542330  -0.0041052653
       -0.0066005822   0.0078683905   0.0000005908   0.0407190585  -0.0495985940
       -0.0000030293  -0.0672996339   0.0582850966   0.0000051034  -0.0002197143
        0.0010408904  -0.0005243409  -0.0027960093  -0.0004588207   0.0000001488
       -0.0002197086   0.0010408122   0.0005244522   0.0182073057  -0.0090883805
       -0.0017348568   0.0182092841  -0.0090893945   0.0017319319
        0.0000014789  -0.0000000914   0.0022813412   0.0000052418  -0.0000030733
       -0.0289376287  -0.0000101197   0.0000051034   0.0212558671   0.0002636629
       -0.0004538755   0.0000893450   0.0000001376   0.0000001533   0.0006069823
       -0.0002637764   0.0004539973   0.0000895505   0.0165904544  -0.0089537689
        0.0023057320  -0.0165870796   0.0089515551   0.0023088106
       -0.0446463893   0.0125782050  -0.0158747879  -0.0010984573  -0.0156333248
        0.0186689227   0.0010951215  -0.0002197143   0.0002636629   0.0504585616
       -0.0098893440   0.0172434066  -0.0044988887   0.0178654714  -0.0238450344
        0.0010738867  -0.0012022482   0.0027079929   0.0004918579   0.0005782063
        0.0003891970  -0.0028756925  -0.0040772514   0.0004466402
        0.0116945915  -0.1235255347   0.1126049897  -0.0018505254  -0.0167935039
        0.0190801594  -0.0001663307   0.0010408904  -0.0004538755  -0.0098893440
        0.1427594457  -0.1323805493   0.0045159298  -0.0103533356   0.0145675636
       -0.0012033987   0.0096631450  -0.0141236565   0.0005818933   0.0003010161
        0.0006307632  -0.0036828158  -0.0030921229   0.0000746053
       -0.0154438842   0.1133260985  -0.2076866000   0.0023189140   0.0035182749
       -0.0011804680   0.0006449866  -0.0005243409   0.0000893450   0.0172434066
       -0.1323805493   0.2361862804  -0.0017495439   0.0020544107  -0.0016517386
       -0.0027110898   0.0141276517  -0.0277544878  -0.0003514198  -0.0004800710
        0.0008263775   0.0000486304   0.0003585254   0.0011712914
       -0.2295849347   0.1005065134   0.0000147331  -0.0255873143   0.0070081513
        0.0000016883  -0.0046733292  -0.0027960093   0.0000001376  -0.0044988887
        0.0045159298  -0.0017495439   0.2681947646  -0.1143884372  -0.0000173151
       -0.0044962485   0.0045142514   0.0017502953   0.0003229913   0.0003198157
       -0.0001838021   0.0003229595   0.0003197849   0.0001838067
        0.0998361251  -0.0952562272  -0.0000077885  -0.0164488432   0.0072743728
        0.0000011832  -0.0041924782  -0.0004588207   0.0000001533   0.0178654714
       -0.0103533356   0.0020544107  -0.1143884372   0.1082271950   0.0000091094
        0.0178627849  -0.0103516156  -0.0020571442  -0.0002673144   0.0004592188
        0.0000933071  -0.0002673085   0.0004592126  -0.0000932310
        0.0000147118  -0.0000078269  -0.0438077168   0.0000006120  -0.0000000749
        0.0004415109  -0.0000000960   0.0000001488   0.0006069823  -0.0238450344
        0.0145675636  -0.0016517386  -0.0000173151   0.0000091094   0.0460099699
        0.0238471751  -0.0145689613  -0.0016561362  -0.0002637103  -0.0000347240
        0.0000286150   0.0002636570   0.0000347654   0.0000285135
       -0.0446432456   0.0125649254   0.0158593466  -0.0011007325  -0.0156316549
       -0.0186705416   0.0010952108  -0.0002197086  -0.0002637764   0.0010738867
       -0.0012033987  -0.0027110898  -0.0044962485   0.0178627849   0.0238471751
        0.0504550225  -0.0098739623  -0.0172253639  -0.0028757411  -0.0040772578
       -0.0004466812   0.0004918478   0.0005782719  -0.0003890688
        0.0116814654  -0.1235021802  -0.1125974843  -0.0018521896  -0.0167912390
       -0.0190815596  -0.0001662874   0.0010408122   0.0004539973  -0.0012022482
        0.0096631450   0.0141276517   0.0045142514  -0.0103516156  -0.0145689613
       -0.0098739623   0.1427321130   0.1323718950  -0.0036827602  -0.0030920692
       -0.0000746554   0.0005817311   0.0003010338  -0.0006308834
        0.0154283432  -0.1133187090  -0.2077131441  -0.0023190850  -0.0035182818
       -0.0011806284  -0.0006450907   0.0005244522   0.0000895505   0.0027079929
       -0.0141236565  -0.0277544878   0.0017502953  -0.0020571442  -0.0016561362
       -0.0172253639   0.1323718950   0.2362171518  -0.0000485089  -0.0003585222
        0.0011713096   0.0003514171   0.0004799666   0.0008263846
       -0.0016816821  -0.0142894331  -0.0168557151  -0.0346437549   0.0040400843
        0.0080170782  -0.0137388743   0.0182073057   0.0165904544   0.0004918579
        0.0005818933  -0.0003514198   0.0003229913  -0.0002673144  -0.0002637103
       -0.0028757411  -0.0036827602  -0.0000485089   0.0504448420  -0.0038733296
       -0.0069408181   0.0016803612  -0.0007164460  -0.0001473604
       -0.0034447066  -0.0147863407  -0.0185023153   0.0002593485  -0.1162319567
       -0.1100998889   0.0109530341  -0.0090883805  -0.0089537689   0.0005782063
        0.0003010161  -0.0004800710   0.0003198157   0.0004592188  -0.0000347240
       -0.0040772578  -0.0030920692  -0.0003585222  -0.0038733296   0.1336264340
        0.1254436537  -0.0007151106   0.0088120782   0.0129856366
       -0.0019507080  -0.0025953523  -0.0009970160   0.0048802128  -0.1087807909
       -0.2082763728   0.0041079841  -0.0017348568   0.0023057320   0.0003891970
        0.0006307632   0.0008263775  -0.0001838021   0.0000933071   0.0000286150
       -0.0004466812  -0.0000746554   0.0011713096  -0.0069408181   0.1254436537
        0.2317755615   0.0001446155  -0.0129820686  -0.0268342068
       -0.0016798631  -0.0142908396   0.0168543588  -0.0346445071   0.0040511770
       -0.0080335647  -0.0137412431   0.0182092841  -0.0165870796  -0.0028756925
       -0.0036828158   0.0000486304   0.0003229595  -0.0002673085   0.0002636570
        0.0004918478   0.0005817311   0.0003514171   0.0016803612  -0.0007151106
        0.0001446155   0.0504461374  -0.0038861177   0.0069579655
       -0.0034430832  -0.0147884281   0.0185012849   0.0002706085  -0.1162534291
        0.1101088714   0.0109542330  -0.0090893945   0.0089515551  -0.0040772514
       -0.0030921229   0.0003585254   0.0003197849   0.0004592126   0.0000347654
        0.0005782719   0.0003010338   0.0004799666  -0.0007164460   0.0088120782
       -0.0129820686  -0.0038861177   0.1336510500  -0.1254529002
        0.0019503980   0.0025953732  -0.0009967820  -0.0048971158   0.1087894675
       -0.2082536725  -0.0041052653   0.0017319319   0.0023088106   0.0004466402
        0.0000746053   0.0011712914   0.0001838067  -0.0000932310   0.0000285135
       -0.0003890688  -0.0006308834   0.0008263846  -0.0001473604   0.0129856366
       -0.0268342068   0.0069579655  -0.1254529002   0.2317496612
