$hessian                                                                        
        0.4785135304   0.0263241642   0.0005358047  -0.1866726293   0.0588683397
        0.0059363260  -0.0085113075   0.0091596756   0.0005163887   0.0007355924
        0.0003963783   0.0003185373  -0.0004653577   0.0006582011   0.0000074453
       -0.0010052415  -0.0039451977   0.0004374104  -0.0319256282   0.0069899276
        0.0015390800   0.0002620932   0.0006895840  -0.0001648891  -0.0018556652
        0.0004107641   0.0000771921  -0.0420165692   0.0066590020   0.0138292147
       -0.0465419066   0.0173590678  -0.0291887227  -0.1602258582  -0.1216299965
        0.0062910093   0.0011842806  -0.0019188175  -0.0001636974  -0.0002320339
        0.0000523093  -0.0000015172   0.0001043467  -0.0000237935  -0.0000735263
       -0.0011668268  -0.0006438788   0.0000881592  -0.0001561787   0.0002236759
        0.0000774546  -0.0001872805   0.0002657532  -0.0000610550   0.0001626398
        0.0001048412  -0.0000006148
        0.0263241642   0.5127313131  -0.0013931848   0.0516645951  -0.0916011619
       -0.0023907817   0.0283179979  -0.0205771438  -0.0012803234  -0.0007047702
       -0.0047655801   0.0000950585   0.0005514246  -0.0003996826  -0.0000245893
       -0.0027076546  -0.0011976203   0.0001719065  -0.0097979645   0.0065245700
        0.0004450614  -0.0006022246  -0.0001556994   0.0000199177  -0.0014201238
        0.0002578197   0.0000672708   0.0091134863  -0.1176581065  -0.1102794582
        0.0196179297  -0.1155010052   0.1080578272  -0.1212908758  -0.1675724977
        0.0065677219   0.0020919429   0.0005758136  -0.0001140284   0.0013312465
       -0.0008412675  -0.0000596384  -0.0000104194   0.0001261492  -0.0000117047
       -0.0017400725  -0.0004144121   0.0000940432  -0.0004308447   0.0002379244
        0.0000536084  -0.0004373147   0.0002426432  -0.0000129335   0.0001294775
       -0.0000120560  -0.0000057731
        0.0005358047  -0.0013931848   0.4921060723   0.0059725210  -0.0027571069
       -0.0605001582   0.0004303223  -0.0003437128   0.0029299098   0.0003407581
        0.0000419936   0.0073598074   0.0000005332  -0.0000302596  -0.0001773099
        0.0004286274   0.0002240381   0.0074372306   0.0016174799  -0.0003663268
       -0.0001653581  -0.0001476552  -0.0000436469  -0.0028333642   0.0000858663
       -0.0000214769  -0.0002627685   0.0166601918  -0.1117762480  -0.1998071066
       -0.0320425015   0.1097909360  -0.1974528305   0.0062745421   0.0065939317
       -0.0453584825  -0.0001820811   0.0000830878  -0.0023208189  -0.0000037298
        0.0000014272  -0.0001496636  -0.0000814535  -0.0000067336  -0.0015646256
        0.0000952007   0.0000345014   0.0006529903   0.0002691353  -0.0004606671
       -0.0000155191  -0.0002498675   0.0004324264   0.0000159060  -0.0000036942
       -0.0000029788   0.0001060893
       -0.1866726293   0.0516645951   0.0059725210   0.6179205147   0.0071015694
       -0.0231694090  -0.0920397511   0.0543249837   0.0019127982   0.0205510471
        0.0276351593  -0.0011426612  -0.0093278505  -0.0256646378   0.0003908764
       -0.0640101827   0.0200385375   0.0028713232  -0.2357033689  -0.1350336327
        0.0098859355  -0.0003197542  -0.0059618169   0.0001136812  -0.0034667457
        0.0023663698   0.0005036489  -0.0060846517   0.0079191452   0.0038417069
       -0.0086030610   0.0089364229  -0.0031887515  -0.0264201117   0.0052861342
        0.0012938155  -0.0023598773  -0.0250663205   0.0002383406  -0.0043948921
        0.0030322070   0.0005780648   0.0005454070  -0.0006983965  -0.0000152801
        0.0000525669   0.0017794067   0.0000101465   0.0000818496   0.0014965399
        0.0003651126   0.0000664142   0.0016133448  -0.0004460564   0.0001850768
       -0.0007696110  -0.0000158130
        0.0588683397  -0.0916011619  -0.0027571069   0.0071015694   0.6491300991
       -0.0026972321  -0.0253709494  -0.3161681543   0.0025014941   0.0875409380
       -0.0296871432  -0.0041594722  -0.0288219556  -0.0502111361   0.0016243430
       -0.0374668636   0.0593076000   0.0015515134  -0.0610008589  -0.1550270520
        0.0034982118  -0.0233852548  -0.0226080721   0.0012776914   0.0054964432
       -0.0020677887  -0.0002384974   0.0183686801  -0.0109562891  -0.0034703896
        0.0184149164  -0.0108238676   0.0017562202  -0.0181393933   0.0077361597
        0.0008724518  -0.0025027031  -0.0198288102   0.0002049124   0.0024628023
       -0.0002821456  -0.0000755905  -0.0003501416  -0.0004693170   0.0000311383
       -0.0004398845   0.0008151283   0.0000291621  -0.0003153130  -0.0032123969
        0.0002090380  -0.0003275715  -0.0031990725  -0.0001571682  -0.0001327997
       -0.0008465798  -0.0000007197
        0.0059363260  -0.0023907817  -0.0605001582  -0.0231694090  -0.0026972321
        0.1479929191   0.0022869850  -0.0014176473  -0.0481226521  -0.0014252764
       -0.0012049018  -0.0000751737   0.0004010731   0.0014696332  -0.0037409189
        0.0031456658  -0.0012877611  -0.0036534556   0.0095418541   0.0071284964
       -0.0475920548   0.0001763970   0.0004151443   0.0009927482   0.0004927896
       -0.0000657629   0.0069984592   0.0222908380  -0.0110719461  -0.0009925868
       -0.0217276248   0.0103474398   0.0014040881   0.0014117942  -0.0002935795
        0.0003066896   0.0001325036   0.0013243533   0.0000983503   0.0005795502
       -0.0001143018   0.0076195368  -0.0000199965   0.0000385155   0.0000733795
        0.0000126842  -0.0000924096   0.0002402389  -0.0002794550  -0.0013043352
       -0.0005315124   0.0002201386   0.0011766354  -0.0005257459  -0.0000068378
        0.0000404413   0.0000078487
       -0.0085113075   0.0283179979   0.0004303223  -0.0920397511  -0.0253709494
        0.0022869850   0.6764321832  -0.0013149127  -0.0277187231  -0.2859389681
        0.1378607495   0.0111155685  -0.0686498032  -0.0367003203   0.0036381473
       -0.0171049383   0.0335616455   0.0004279333   0.0312410903  -0.0212772917
       -0.0014295010  -0.0034465478  -0.0025643392   0.0005333739  -0.0011273801
       -0.0017841032   0.0000651892  -0.0027119249   0.0022009549   0.0001691086
       -0.0027841140   0.0022245975   0.0000622087   0.0005314478   0.0028862628
       -0.0000505917  -0.2200134063  -0.1175543151   0.0097734567  -0.0024179731
        0.0027479364   0.0001270508  -0.0033696817  -0.0030946730   0.0005564018
       -0.0002150749   0.0003007658  -0.0000005894  -0.0000599527  -0.0002008313
        0.0001652390  -0.0000855872  -0.0003587627  -0.0001429866   0.0002716895
        0.0001195882  -0.0000085931
        0.0091596756  -0.0205771438  -0.0003437128   0.0543249837  -0.3161681543
       -0.0014176473  -0.0013149127   0.6504329903  -0.0024567824   0.0595863432
       -0.1445019343  -0.0024636023   0.0211897350   0.0568108745  -0.0012968885
        0.0325140480  -0.0448652675  -0.0014111327  -0.0757694491  -0.0400116286
        0.0039106707  -0.0019661435  -0.0002443733   0.0001237875  -0.0014006608
        0.0005565776   0.0000727568   0.0005310313  -0.0005560593   0.0003199132
        0.0004887184  -0.0005586562  -0.0003653247  -0.0021941051   0.0008488090
        0.0001143633  -0.1175852905  -0.1218749259   0.0061879405   0.0266940201
       -0.0170558105  -0.0012320587  -0.0037529790  -0.0009260843   0.0002290524
       -0.0000130152   0.0002544551  -0.0000075947  -0.0001032334  -0.0010349233
        0.0001161476  -0.0001148296  -0.0010516312  -0.0000940935  -0.0002739363
        0.0005228860   0.0000142053
        0.0005163887  -0.0012803234   0.0029299098   0.0019127982   0.0025014941
       -0.0481226521  -0.0277187231  -0.0024567824   0.1123840045   0.0114817063
       -0.0063005139  -0.0464983151   0.0033684282   0.0015482909   0.0017941461
        0.0004351729  -0.0014565745  -0.0051387466  -0.0011759772   0.0012288429
        0.0000449118   0.0005436157   0.0001579749   0.0074038084   0.0000535484
        0.0000829963  -0.0000494999   0.0007648272  -0.0003530928  -0.0002968456
       -0.0005242801   0.0001365928  -0.0002268666  -0.0000207448  -0.0001459449
       -0.0001125009   0.0097640193   0.0061828834  -0.0325884940   0.0000232559
       -0.0000508883   0.0006140500   0.0005622627   0.0001915970   0.0077283306
        0.0000085329  -0.0000146158  -0.0000405577   0.0000917862   0.0016322075
        0.0000992839  -0.0000727061  -0.0015948197   0.0001392113  -0.0000139115
       -0.0000093243  -0.0000631778
        0.0007355924  -0.0007047702   0.0003407581   0.0205510471   0.0875409380
       -0.0014252764  -0.2859389681   0.0595863432   0.0114817063   0.6632888615
        0.0030202988  -0.0269262367  -0.2720358201  -0.0787527787   0.0116262480
        0.0349721281  -0.0808353038  -0.0014344408  -0.0632932396  -0.0033750775
        0.0029456814  -0.0005410301  -0.0007246334   0.0000344038   0.0002729942
        0.0035417645   0.0002160124  -0.0005500261   0.0003798907  -0.0001043152
       -0.0003979441   0.0002858498   0.0001588513   0.0000317000  -0.0001164025
       -0.0000159794  -0.0268559988   0.0097850030   0.0012548034  -0.0450647400
        0.0142131278   0.0004959260  -0.0253483636  -0.0131896592   0.0012818602
        0.0000090494   0.0001013235   0.0000051394   0.0001369473  -0.0005181286
        0.0000020685   0.0001382246  -0.0005151808  -0.0000037338  -0.0001104141
        0.0002773954   0.0000665233
        0.0003963783  -0.0047655801   0.0000419936   0.0276351593  -0.0296871432
       -0.0012049018   0.1378607495  -0.1445019343  -0.0063005139   0.0030202988
        0.6803446033  -0.0027848358  -0.1546499745  -0.1702193055   0.0081848257
       -0.0230409816  -0.0397491745   0.0013087627  -0.0024869884   0.0042750322
        0.0000820227  -0.0004565698  -0.0008196789   0.0000155491   0.0020137601
       -0.0052937022  -0.0000520667   0.0006779583  -0.0004216621   0.0001503908
        0.0006726057  -0.0004301256  -0.0002034119  -0.0003937651  -0.0000240073
        0.0000059214  -0.0145401931   0.0064025578   0.0006865320   0.0143553957
       -0.3008438030   0.0005314087   0.0101465039   0.0068586975  -0.0005399492
       -0.0001385378   0.0002878057  -0.0000009605   0.0001575261   0.0000269926
        0.0001157401   0.0001436324   0.0000280824  -0.0001253451  -0.0013729578
       -0.0014676546   0.0000888381
        0.0003185373   0.0000950585   0.0073598074  -0.0011426612  -0.0041594722
       -0.0000751737   0.0111155685  -0.0024636023  -0.0464983151  -0.0269262367
       -0.0027848358   0.1156540457   0.0119735647   0.0044601213  -0.0431528062
       -0.0017103887   0.0041432138  -0.0021620596   0.0029676370   0.0001344497
       -0.0033591013   0.0000172861   0.0000383522  -0.0002120491   0.0002362946
       -0.0001270063   0.0054175165  -0.0012268800   0.0009649916   0.0001994985
        0.0012806556  -0.0009931824   0.0000745403  -0.0000007777   0.0000055197
       -0.0000271304   0.0013796044  -0.0005088538  -0.0001654309   0.0004738923
        0.0005393950  -0.0340444593   0.0011807766   0.0006126902  -0.0003730919
        0.0000008008  -0.0000060961   0.0000105281  -0.0000085056   0.0000132260
        0.0000085585  -0.0000057270   0.0000362762   0.0000104228   0.0000765591
       -0.0000002453   0.0013346997
       -0.0004653577   0.0005514246   0.0000005332  -0.0093278505  -0.0288219556
        0.0004010731  -0.0686498032   0.0211897350   0.0033684282  -0.2720358201
       -0.1546499745   0.0119735647   0.6977121583   0.0116319674  -0.0290129032
       -0.0930057873   0.0638823116   0.0018082223   0.0195569363   0.0252228968
       -0.0010928876  -0.0040777916   0.0030402204   0.0005155651  -0.0044375971
       -0.0413967785   0.0006301957   0.0002002976  -0.0001160361  -0.0000811874
        0.0001993781  -0.0001203156   0.0000594238   0.0003604782   0.0001303603
        0.0000008931  -0.0045706428   0.0025730296   0.0005650964   0.0002931282
       -0.0013050043  -0.0000013556  -0.2570937724   0.1012688581   0.0105664023
        0.0000009871   0.0013381126   0.0000054268  -0.0002490052  -0.0001235205
       -0.0000950789  -0.0002061111  -0.0002416028   0.0001149566  -0.0042038248
       -0.0040537285   0.0002736313
        0.0006582011  -0.0003996826  -0.0000302596  -0.0256646378  -0.0502111361
        0.0014696332  -0.0367003203   0.0568108745   0.0015482909  -0.0787527787
       -0.1702193055   0.0044601213   0.0116319674   0.6531127316  -0.0031325704
       -0.0141373135  -0.3125179467   0.0019256231   0.0770768626  -0.0273678629
       -0.0036561348   0.0026523570   0.0016383417  -0.0000982045  -0.0144677873
       -0.0365444039   0.0009091228   0.0002752904   0.0001690929   0.0001730588
        0.0002596709   0.0001671826  -0.0002039185   0.0000130723   0.0000805106
       -0.0000009962   0.0031338978  -0.0001564570  -0.0001214455  -0.0251559404
       -0.0202005198   0.0013322595   0.1024459029  -0.0924516132  -0.0047448247
        0.0001470168  -0.0007322406   0.0000023863  -0.0003026905   0.0004867860
        0.0001717808  -0.0003151209   0.0004729734  -0.0001494233  -0.0027976499
       -0.0021373251   0.0001455008
        0.0000074453  -0.0000245893  -0.0001773099   0.0003908764   0.0016243430
       -0.0037409189   0.0036381473  -0.0012968885   0.0017941461   0.0116262480
        0.0081848257  -0.0431528062  -0.0290129032  -0.0031325704   0.1089046980
        0.0021949982  -0.0018918224  -0.0499900521  -0.0013412012  -0.0011100618
       -0.0004579301   0.0005167093  -0.0001218565   0.0066827441   0.0004789100
        0.0022172482   0.0041031214  -0.0000129048   0.0000378633   0.0000214879
       -0.0000069465  -0.0000273951   0.0000156522  -0.0000158513  -0.0000068515
        0.0000220185   0.0005611991  -0.0000914450   0.0071759962   0.0001174075
        0.0001588068   0.0003073719   0.0105487626  -0.0046859178  -0.0328107104
        0.0000067685  -0.0000602140   0.0001723150  -0.0003065605   0.0012016353
        0.0000301032   0.0003330323  -0.0011903486   0.0000004307   0.0002758630
        0.0002152385   0.0010996425
       -0.0010052415  -0.0027076546   0.0004286274  -0.0640101827  -0.0374668636
        0.0031456658  -0.0171049383   0.0325140480   0.0004351729   0.0349721281
       -0.0230409816  -0.0017103887  -0.0930057873  -0.0141373135   0.0021949982
        0.6273398217  -0.0098161311  -0.0244151550  -0.2347222629   0.1296457174
        0.0083836053  -0.0066547533   0.0103266739   0.0002941488  -0.2424661927
       -0.0990840656   0.0105991454   0.0003218258   0.0000543791  -0.0001372554
        0.0004547691   0.0000307882   0.0001129522  -0.0007150583   0.0006063980
        0.0000377152   0.0003102969   0.0006820754  -0.0000045750  -0.0037259456
       -0.0032681884   0.0006158358  -0.0051933701   0.0297255120   0.0001854490
       -0.0014322998   0.0005738485   0.0000982172  -0.0006972603  -0.0026439516
       -0.0019109711  -0.0005133479  -0.0025891972   0.0020529073   0.0078477990
       -0.0094050933  -0.0004060955
       -0.0039451977  -0.0011976203   0.0002240381   0.0200385375   0.0593076000
       -0.0012877611   0.0335616455  -0.0448652675  -0.0014565745  -0.0808353038
       -0.0397491745   0.0041432138   0.0638823116  -0.3125179467  -0.0018918224
       -0.0098161311   0.6719021423  -0.0020996464   0.0485060580  -0.1339706717
       -0.0019808515   0.0239030643  -0.0251927292  -0.0010507371  -0.0656164126
       -0.1207205939   0.0036417195  -0.0000042653  -0.0004812325  -0.0002728190
        0.0000326057  -0.0004821454   0.0002761175  -0.0010117234   0.0001014323
        0.0000649215   0.0006353925  -0.0003144605  -0.0000354705  -0.0025071247
       -0.0004327967   0.0001601840   0.0041281638  -0.0155864624  -0.0001149362
       -0.0004523188  -0.0065363545   0.0000625083   0.0011856710  -0.0012733916
       -0.0009444120   0.0012729138  -0.0012649368   0.0008364253  -0.0329578863
       -0.0267253903   0.0017259026
        0.0004374104   0.0001719065   0.0074372306   0.0028713232   0.0015515134
       -0.0036534556   0.0004279333  -0.0014111327  -0.0051387466  -0.0014344408
        0.0013087627  -0.0021620596   0.0018082223   0.0019256231  -0.0499900521
       -0.0244151550  -0.0020996464   0.1303628980   0.0087499049  -0.0059745490
       -0.0519553728   0.0002499051  -0.0003817532   0.0007586295   0.0104392499
        0.0052807202  -0.0366767199  -0.0012477973   0.0002974738   0.0000685572
        0.0012113631  -0.0002994760  -0.0000626072   0.0000530187  -0.0000279748
        0.0002631137   0.0000080487  -0.0000277788   0.0004954304   0.0006056367
        0.0002022523   0.0083699944   0.0003152880  -0.0013761239   0.0016234703
        0.0001013270   0.0000022108   0.0004972288   0.0001546280  -0.0001850754
        0.0006439408  -0.0000521255   0.0004592565   0.0004470083  -0.0002837408
        0.0005837908  -0.0013284881
       -0.0319256282  -0.0097979645   0.0016174799  -0.2357033689  -0.0610008589
        0.0095418541   0.0312410903  -0.0757694491  -0.0011759772  -0.0632932396
       -0.0024869884   0.0029676370   0.0195569363   0.0770768626  -0.0013412012
       -0.2347222629   0.0485060580   0.0087499049   0.6423302937   0.0174884791
       -0.0248091762  -0.0664410868   0.0010969274   0.0003579858  -0.0539148751
        0.0033623697   0.0028925552  -0.0003087691  -0.0013026249  -0.0002400425
       -0.0003011247  -0.0012998420   0.0003439268  -0.0052689291   0.0019374406
        0.0002798269   0.0006704347   0.0007952368   0.0002980407  -0.0006421496
       -0.0000270971   0.0000425380   0.0006159470  -0.0003998929   0.0003083050
       -0.0022796578   0.0289559736  -0.0000100165   0.0003753575  -0.0159860076
       -0.0003257522   0.0004055662  -0.0135782108   0.0005159793  -0.0003945338
        0.0024295885  -0.0000138678
        0.0069899276   0.0065245700  -0.0003663268  -0.1350336327  -0.1550270520
        0.0071284964  -0.0212772917  -0.0400116286   0.0012288429  -0.0033750775
        0.0042750322   0.0001344497   0.0252228968  -0.0273678629  -0.0011100618
        0.1296457174  -0.1339706717  -0.0059745490   0.0174884791   0.6132890930
       -0.0030824784   0.0060779137  -0.2057177455   0.0003829322  -0.0246519546
        0.0027628281   0.0012194946   0.0011801965  -0.0003778081  -0.0006631679
        0.0012382180  -0.0003716069   0.0005497973   0.0023241110  -0.0014630686
       -0.0001125197  -0.0000064427  -0.0056165892   0.0000626161  -0.0001963492
        0.0008825525   0.0000092275   0.0003915378  -0.0055905296   0.0000351668
        0.0053408840  -0.0138080234  -0.0001927795  -0.0049006144  -0.0197764166
       -0.0047040739  -0.0043968268  -0.0195095258   0.0053592567  -0.0020616924
        0.0008744531   0.0000956769
        0.0015390800   0.0004450614  -0.0001653581   0.0098859355   0.0034982118
       -0.0475920548  -0.0014295010   0.0039106707   0.0000449118   0.0029456814
        0.0000820227  -0.0033591013  -0.0010928876  -0.0036561348  -0.0004579301
        0.0083836053  -0.0019808515  -0.0519553728  -0.0248091762  -0.0030824784
        0.1397851238   0.0003269438   0.0006287448  -0.0592361045   0.0030179362
       -0.0001569815   0.0051144417   0.0003052840   0.0000760276   0.0006135698
       -0.0002263979   0.0000634768   0.0006031490   0.0002917240  -0.0000851034
        0.0008979224   0.0003037446   0.0000163160   0.0068646271   0.0000398885
       -0.0000020070   0.0001040820   0.0003132389   0.0000799643   0.0070534092
        0.0000955267  -0.0013724159   0.0001765961   0.0001833238  -0.0233369161
        0.0010728093  -0.0000865686   0.0249978496   0.0007714137   0.0000126187
       -0.0001254572  -0.0003361344
        0.0002620932  -0.0006022246  -0.0001476552  -0.0003197542  -0.0233852548
        0.0001763970  -0.0034465478  -0.0019661435   0.0005436157  -0.0005410301
       -0.0004565698   0.0000172861  -0.0040777916   0.0026523570   0.0005167093
       -0.0066547533   0.0239030643   0.0002499051  -0.0664410868   0.0060779137
        0.0003269438   0.5258218110  -0.0161391736  -0.0020093347   0.0017956809
        0.0064692284  -0.0002441819  -0.0002297126  -0.0004926703   0.0000103747
       -0.0002588041  -0.0004850150   0.0000314479   0.0000825250  -0.0003045285
        0.0000147597  -0.0000798288  -0.0012527863   0.0000170423   0.0001144980
        0.0000360072  -0.0000874310  -0.0002094454   0.0015251174  -0.0000067849
       -0.2651234313   0.0789755257   0.0106457911  -0.0994037081  -0.0406804387
       -0.0908690399  -0.0823718654  -0.0331450069   0.0808055348   0.0010811516
       -0.0007294017   0.0000086203
        0.0006895840  -0.0001556994  -0.0000436469  -0.0059618169  -0.0226080721
        0.0004151443  -0.0025643392  -0.0002443733   0.0001579749  -0.0007246334
       -0.0008196789   0.0000383522   0.0030402204   0.0016383417  -0.0001218565
        0.0103266739  -0.0251927292  -0.0003817532   0.0010969274  -0.2057177455
        0.0006287448  -0.0161391736   0.4576984060   0.0009007421  -0.0014994478
       -0.0000629850   0.0000597687  -0.0002185049  -0.0000342495  -0.0002202442
       -0.0002023052  -0.0000296881   0.0002526850   0.0005251593  -0.0002407576
       -0.0000304371   0.0001510151  -0.0009093413  -0.0000027088   0.0000063580
        0.0001354447  -0.0000105527  -0.0000205171  -0.0008809065  -0.0000000673
        0.0793511294  -0.0686615801  -0.0038365313  -0.0374460759  -0.0676643624
       -0.0629531231  -0.0302946023  -0.0664310026   0.0651277246  -0.0001156511
        0.0001809791   0.0000197844
       -0.0001648891   0.0000199177  -0.0028333642   0.0001136812   0.0012776914
        0.0009927482   0.0005333739   0.0001237875   0.0074038084   0.0000344038
        0.0000155491  -0.0002120491   0.0005155651  -0.0000982045   0.0066827441
        0.0002941488  -0.0010507371   0.0007586295   0.0003579858   0.0003829322
       -0.0592361045  -0.0020093347   0.0009007421   0.4838464656  -0.0001997754
       -0.0003314244  -0.0025620686   0.0004032721  -0.0000208317   0.0000921032
       -0.0003657639   0.0000697305   0.0001284517   0.0000095101   0.0000167639
        0.0003502550   0.0000099420   0.0000660508   0.0001306994  -0.0000877172
       -0.0000089100  -0.0016296697   0.0000003867  -0.0000743714  -0.0001940212
        0.0106449603  -0.0038061661  -0.0439691446  -0.0902150552  -0.0665826608
       -0.1863000743   0.0801256183   0.0690574097  -0.2045632607  -0.0000003125
        0.0000427310   0.0011138516
       -0.0018556652  -0.0014201238   0.0000858663  -0.0034667457   0.0054964432
        0.0004927896  -0.0011273801  -0.0014006608   0.0000535484   0.0002729942
        0.0020137601   0.0002362946  -0.0044375971  -0.0144677873   0.0004789100
       -0.2424661927  -0.0656164126   0.0104392499  -0.0539148751  -0.0246519546
        0.0030179362   0.0017956809  -0.0014994478  -0.0001997754   0.3646023959
        0.0216893447  -0.0167148344   0.0000030716   0.0000004717   0.0000009784
       -0.0000007407  -0.0000072753  -0.0000052540  -0.0006063928   0.0000991669
        0.0000281739   0.0001942695   0.0001063583  -0.0000580554   0.0001044472
       -0.0000407957  -0.0000117268   0.0011578364  -0.0001432358  -0.0002028299
        0.0008494623  -0.0013802353  -0.0000335427   0.0003011797   0.0014222203
        0.0011784382   0.0001508603   0.0014007832  -0.0011883539  -0.0615566086
        0.0783993805   0.0024021872
        0.0004107641   0.0002578197  -0.0000214769   0.0023663698  -0.0020677887
       -0.0000657629  -0.0017841032   0.0005565776   0.0000829963   0.0035417645
       -0.0052937022  -0.0001270063  -0.0413967785  -0.0365444039   0.0022172482
       -0.0990840656  -0.1207205939   0.0052807202   0.0033623697   0.0027628281
       -0.0001569815   0.0064692284  -0.0000629850  -0.0003314244   0.0216893447
        0.5655099809  -0.0037839487  -0.0001295638   0.0000614730   0.0001874718
       -0.0001515405   0.0000583441  -0.0001775605   0.0002064252   0.0000302040
       -0.0000118920   0.0001761746   0.0001311323  -0.0000082866  -0.0013456852
       -0.0011496946   0.0000665863  -0.0001051180   0.0022633101  -0.0000178688
        0.0010434713  -0.0003474837  -0.0000549243   0.0003750665   0.0012119087
        0.0013770961   0.0002297700   0.0011980726  -0.0014127159   0.1041261063
       -0.4078549990  -0.0030422700
        0.0000771921   0.0000672708  -0.0002627685   0.0005036489  -0.0002384974
        0.0069984592   0.0000651892   0.0000727568  -0.0000494999   0.0002160124
       -0.0000520667   0.0054175165   0.0006301957   0.0009091228   0.0041031214
        0.0105991454   0.0036417195  -0.0366767199   0.0028925552   0.0012194946
        0.0051144417  -0.0002441819   0.0000597687  -0.0025620686  -0.0167148344
       -0.0037839487   0.0261492084  -0.0000055319   0.0000461777   0.0000402223
        0.0000087251  -0.0000439626   0.0000399555   0.0000222657  -0.0000064092
       -0.0001137818  -0.0000767919  -0.0000146484  -0.0013145400   0.0000048121
        0.0000070623   0.0000379985  -0.0002081515  -0.0000185535  -0.0030821551
       -0.0000338434   0.0000719212   0.0002993544   0.0003814861  -0.0000071454
        0.0001868963  -0.0003774141  -0.0001380188   0.0003543231   0.0022595213
       -0.0017920438  -0.0046799635
       -0.0420165692   0.0091134863   0.0166601918  -0.0060846517   0.0183686801
        0.0222908380  -0.0027119249   0.0005310313   0.0007648272  -0.0005500261
        0.0006779583  -0.0012268800   0.0002002976   0.0002752904  -0.0000129048
        0.0003218258  -0.0000042653  -0.0012477973  -0.0003087691   0.0011801965
        0.0003052840  -0.0002297126  -0.0002185049   0.0004032721   0.0000030716
       -0.0001295638  -0.0000055319   0.0503558255  -0.0115578723  -0.0172863486
        0.0014031432  -0.0024618922  -0.0035246862   0.0005596371  -0.0143908483
       -0.0183178819  -0.0000835346  -0.0000546716   0.0002805878  -0.0001620955
        0.0000954054  -0.0000068788   0.0000580480  -0.0000424445   0.0002424790
       -0.0006997641  -0.0013137789   0.0009286447  -0.0003047177  -0.0000664180
       -0.0001100726   0.0003050308  -0.0000558841  -0.0001746825  -0.0000551141
        0.0000540957   0.0000375401
        0.0066590020  -0.1176581065  -0.1117762480   0.0079191452  -0.0109562891
       -0.0110719461   0.0022009549  -0.0005560593  -0.0003530928   0.0003798907
       -0.0004216621   0.0009649916  -0.0001160361   0.0001690929   0.0000378633
        0.0000543791  -0.0004812325   0.0002974738  -0.0013026249  -0.0003778081
        0.0000760276  -0.0004926703  -0.0000342495  -0.0000208317   0.0000004717
        0.0000614730   0.0000461777  -0.0115578723   0.1378928489   0.1290558435
       -0.0010019446   0.0096015957   0.0144885698  -0.0016634068  -0.0171678691
       -0.0217614704   0.0000867447   0.0002339471  -0.0003535499   0.0000802161
       -0.0000552406  -0.0000228691  -0.0000112634   0.0000071119  -0.0001590501
       -0.0012077992  -0.0003111750   0.0006064378  -0.0001524786   0.0000195715
       -0.0000174898   0.0001534995   0.0000142097   0.0000009509  -0.0000282076
        0.0000198412  -0.0000377882
        0.0138292147  -0.1102794582  -0.1998071066   0.0038417069  -0.0034703896
       -0.0009925868   0.0001691086   0.0003199132  -0.0002968456  -0.0001043152
        0.0001503908   0.0001994985  -0.0000811874   0.0001730588   0.0000214879
       -0.0001372554  -0.0002728190   0.0000685572  -0.0002400425  -0.0006631679
        0.0006135698   0.0000103747  -0.0002202442   0.0000921032   0.0000009784
        0.0001874718   0.0000402223  -0.0172863486   0.1290558435   0.2301718313
        0.0005529490  -0.0146976423  -0.0289167897  -0.0010660211  -0.0019340575
       -0.0007433785   0.0000694797   0.0001443742  -0.0000950421  -0.0000188032
        0.0000204296   0.0000151980  -0.0000090959   0.0000330193  -0.0000377629
        0.0008357918   0.0012953397  -0.0003631705  -0.0001887153   0.0001546533
        0.0000344570  -0.0002708286   0.0000706251   0.0000384931   0.0000930094
       -0.0000673404  -0.0000427354
       -0.0465419066   0.0196179297  -0.0320425015  -0.0086030610   0.0184149164
       -0.0217276248  -0.0027841140   0.0004887184  -0.0005242801  -0.0003979441
        0.0006726057   0.0012806556   0.0001993781   0.0002596709  -0.0000069465
        0.0004547691   0.0000326057   0.0012113631  -0.0003011247   0.0012382180
       -0.0002263979  -0.0002588041  -0.0002023052  -0.0003657639  -0.0000007407
       -0.0001515405   0.0000087251   0.0014031432  -0.0010019446   0.0005529490
        0.0554900291  -0.0238830514   0.0348274938   0.0024493319  -0.0139427839
        0.0181315875  -0.0001177698  -0.0000697451  -0.0002797719  -0.0001598087
        0.0000944444   0.0000232820   0.0000335880  -0.0000482506  -0.0002486482
       -0.0008697660  -0.0014386558  -0.0008648515   0.0003444649  -0.0000615451
        0.0001443830  -0.0002719777  -0.0000803621   0.0001409145  -0.0000676869
        0.0000610750  -0.0000345673
        0.0173590678  -0.1155010052   0.1097909360   0.0089364229  -0.0108238676
        0.0103474398   0.0022245975  -0.0005586562   0.0001365928   0.0002858498
       -0.0004301256  -0.0009931824  -0.0001203156   0.0001671826  -0.0000273951
        0.0000307882  -0.0004821454  -0.0002994760  -0.0012998420  -0.0003716069
        0.0000634768  -0.0004850150  -0.0000296881   0.0000697305  -0.0000072753
        0.0000583441  -0.0000439626  -0.0024618922   0.0096015957  -0.0146976423
       -0.0238830514   0.1353817792  -0.1264035348   0.0005007630  -0.0169263293
        0.0219711579   0.0001196945   0.0002356476   0.0003419876   0.0000819306
       -0.0000554957   0.0000145419   0.0000043225   0.0000085646   0.0001591339
       -0.0012666957  -0.0003269085  -0.0004861399   0.0001542764   0.0000136976
       -0.0000160797  -0.0001483710   0.0000183131   0.0000325162  -0.0000252550
        0.0000207039   0.0000398996
       -0.0291887227   0.1080578272  -0.1974528305  -0.0031887515   0.0017562202
        0.0014040881   0.0000622087  -0.0003653247  -0.0002268666   0.0001588513
       -0.0002034119   0.0000745403   0.0000594238  -0.0002039185   0.0000156522
        0.0001129522   0.0002761175  -0.0000626072   0.0003439268   0.0005497973
        0.0006031490   0.0000314479   0.0002526850   0.0001284517  -0.0000052540
       -0.0001775605   0.0000399555  -0.0035246862   0.0144885698  -0.0289167897
        0.0348274938  -0.1264035348   0.2275492769   0.0007446962   0.0034803387
       -0.0028788773  -0.0000696474  -0.0001409998  -0.0000645931   0.0000358196
       -0.0000305658   0.0000120910   0.0000030203  -0.0000280528  -0.0000154255
       -0.0007718728  -0.0011580653  -0.0001808053   0.0002391997  -0.0000644745
       -0.0000016606   0.0002196577  -0.0001469544   0.0000037576  -0.0000897634
        0.0000613072  -0.0000305063
       -0.1602258582  -0.1212908758   0.0062745421  -0.0264201117  -0.0181393933
        0.0014117942   0.0005314478  -0.0021941051  -0.0000207448   0.0000317000
       -0.0003937651  -0.0000007777   0.0003604782   0.0000130723  -0.0000158513
       -0.0007150583  -0.0010117234   0.0000530187  -0.0052689291   0.0023241110
        0.0002917240   0.0000825250   0.0005251593   0.0000095101  -0.0006063928
        0.0002064252   0.0000222657   0.0005596371  -0.0016634068  -0.0010660211
        0.0024493319   0.0005007630   0.0007446962   0.1885897300   0.1390663751
       -0.0076575378   0.0002049918   0.0016658766  -0.0000091178   0.0001921256
       -0.0000482473  -0.0000100426   0.0000767988   0.0000451391  -0.0000059266
       -0.0001008604   0.0000728865  -0.0000122168   0.0000769959   0.0001289431
        0.0000733796   0.0000585367   0.0001289059  -0.0000768784   0.0001229117
        0.0000638599  -0.0000058159
       -0.1216299965  -0.1675724977   0.0065939317   0.0052861342   0.0077361597
       -0.0002935795   0.0028862628   0.0008488090  -0.0001459449  -0.0001164025
       -0.0000240073   0.0000055197   0.0001303603   0.0000805106  -0.0000068515
        0.0006063980   0.0001014323  -0.0000279748   0.0019374406  -0.0014630686
       -0.0000851034  -0.0003045285  -0.0002407576   0.0000167639   0.0000991669
        0.0000302040  -0.0000064092  -0.0143908483  -0.0171678691  -0.0019340575
       -0.0139427839  -0.0169263293   0.0034803387   0.1390663751   0.1948420290
       -0.0075779003   0.0006936353  -0.0007177529  -0.0000307913   0.0000091801
        0.0000304928  -0.0000006292  -0.0000288712   0.0000235099   0.0000005809
       -0.0003166271   0.0002419075   0.0000126560  -0.0000397733   0.0001024110
        0.0000506377  -0.0000456141   0.0001022332  -0.0000468035   0.0001004922
       -0.0000274165  -0.0000043837
        0.0062910093   0.0065677219  -0.0453584825   0.0012938155   0.0008724518
        0.0003066896  -0.0000505917   0.0001143633  -0.0001125009  -0.0000159794
        0.0000059214  -0.0000271304   0.0000008931  -0.0000009962   0.0000220185
        0.0000377152   0.0000649215   0.0002631137   0.0002798269  -0.0001125197
        0.0008979224   0.0000147597  -0.0000304371   0.0003502550   0.0000281739
       -0.0000118920  -0.0001137818  -0.0183178819  -0.0217614704  -0.0007433785
        0.0181315875   0.0219711579  -0.0028788773  -0.0076575378  -0.0075779003
        0.0474940156  -0.0000019595  -0.0000812319   0.0001921742  -0.0000085978
        0.0000034094  -0.0000220294  -0.0000058808  -0.0000026292  -0.0000069416
       -0.0000102315  -0.0000055179  -0.0003353861   0.0001092622  -0.0000077084
        0.0000326336  -0.0001102963  -0.0000034279   0.0000491913  -0.0000080866
       -0.0000042160  -0.0000095053
        0.0011842806   0.0020919429  -0.0001820811  -0.0023598773  -0.0025027031
        0.0001325036  -0.2200134063  -0.1175852905   0.0097640193  -0.0268559988
       -0.0145401931   0.0013796044  -0.0045706428   0.0031338978   0.0005611991
        0.0003102969   0.0006353925   0.0000080487   0.0006704347  -0.0000064427
        0.0003037446  -0.0000798288   0.0001510151   0.0000099420   0.0001942695
        0.0001761746  -0.0000767919  -0.0000835346   0.0000867447   0.0000694797
       -0.0001177698   0.0001196945  -0.0000696474   0.0002049918   0.0006936353
       -0.0000019595   0.2517645356   0.1289138433  -0.0118030314   0.0007722283
       -0.0006063853  -0.0001598821  -0.0012108742  -0.0007804121   0.0000789000
        0.0000793456   0.0000035807  -0.0000017873   0.0000076893   0.0000117886
        0.0000216000   0.0000070144   0.0000035210  -0.0000205059   0.0000968457
        0.0000001958  -0.0000133548
       -0.0019188175   0.0005758136   0.0000830878  -0.0250663205  -0.0198288102
        0.0013243533  -0.1175543151  -0.1218749259   0.0061828834   0.0097850030
        0.0064025578  -0.0005088538   0.0025730296  -0.0001564570  -0.0000914450
        0.0006820754  -0.0003144605  -0.0000277788   0.0007952368  -0.0056165892
        0.0000163160  -0.0012527863  -0.0009093413   0.0000660508   0.0001063583
        0.0001311323  -0.0000146484  -0.0000546716   0.0002339471   0.0001443742
       -0.0000697451   0.0002356476  -0.0001409998   0.0016658766  -0.0007177529
       -0.0000812319   0.1289138433   0.1408146513  -0.0068694310   0.0008827815
        0.0009737074  -0.0000582412   0.0005739566   0.0002604450  -0.0000296128
       -0.0001185399   0.0001310538   0.0000058250  -0.0000191088  -0.0002208598
        0.0000402073  -0.0000227028  -0.0002212196  -0.0000351306   0.0000988463
        0.0001014605  -0.0000057245
       -0.0001636974  -0.0001140284  -0.0023208189   0.0002383406   0.0002049124
        0.0000983503   0.0097734567   0.0061879405  -0.0325884940   0.0012548034
        0.0006865320  -0.0001654309   0.0005650964  -0.0001214455   0.0071759962
       -0.0000045750  -0.0000354705   0.0004954304   0.0002980407   0.0000626161
        0.0068646271   0.0000170423  -0.0000027088   0.0001306994  -0.0000580554
       -0.0000082866  -0.0013145400   0.0002805878  -0.0003535499  -0.0000950421
       -0.0002797719   0.0003419876  -0.0000645931  -0.0000091178  -0.0000307913
        0.0001921742  -0.0118030314  -0.0068694310   0.0239512339  -0.0001658916
        0.0000119280  -0.0025470836   0.0000719181   0.0000394917   0.0002888158
       -0.0000029239  -0.0000010632   0.0000129934  -0.0000089594   0.0000813084
        0.0000184677   0.0000106515  -0.0000800903   0.0000207649  -0.0000139136
        0.0000001488  -0.0001535507
       -0.0002320339   0.0013312465  -0.0000037298  -0.0043948921   0.0024628023
        0.0005795502  -0.0024179731   0.0266940201   0.0000232559  -0.0450647400
        0.0143553957   0.0004738923   0.0002931282  -0.0251559404   0.0001174075
       -0.0037259456  -0.0025071247   0.0006056367  -0.0006421496  -0.0001963492
        0.0000398885   0.0001144980   0.0000063580  -0.0000877172   0.0001044472
       -0.0013456852   0.0000048121  -0.0001620955   0.0000802161  -0.0000188032
       -0.0001598087   0.0000819306   0.0000358196   0.0001921256   0.0000091801
       -0.0000085978   0.0007722283   0.0008827815  -0.0001658916   0.0546933600
       -0.0155130851  -0.0014286627   0.0008919399  -0.0007845731  -0.0001718093
        0.0000231567  -0.0000572703  -0.0000028102  -0.0000082486   0.0000062377
        0.0000257841  -0.0000152147   0.0000358691  -0.0000262456  -0.0002617820
       -0.0003860098   0.0000082206
        0.0000523093  -0.0008412675   0.0000014272   0.0030322070  -0.0002821456
       -0.0001143018   0.0027479364  -0.0170558105  -0.0000508883   0.0142131278
       -0.3008438030   0.0005393950  -0.0013050043  -0.0202005198   0.0001588068
       -0.0032681884  -0.0004327967   0.0002022523  -0.0000270971   0.0008825525
       -0.0000020070   0.0000360072   0.0001354447  -0.0000089100  -0.0000407957
       -0.0011496946   0.0000070623   0.0000954054  -0.0000552406   0.0000204296
        0.0000944444  -0.0000554957  -0.0000305658  -0.0000482473   0.0000304928
        0.0000034094  -0.0006063853   0.0009737074   0.0000119280  -0.0155130851
        0.3379212570  -0.0006944247   0.0006505129   0.0009601972  -0.0000475454
        0.0000228474   0.0000492195   0.0000001341  -0.0000213611   0.0000462037
        0.0000129199  -0.0000226412   0.0000487006  -0.0000120524  -0.0000919924
       -0.0001310015   0.0000029309
       -0.0000015172  -0.0000596384  -0.0001496636   0.0005780648  -0.0000755905
        0.0076195368   0.0001270508  -0.0012320587   0.0006140500   0.0004959260
        0.0005314087  -0.0340444593  -0.0000013556   0.0013322595   0.0003073719
        0.0006158358   0.0001601840   0.0083699944   0.0000425380   0.0000092275
        0.0001040820  -0.0000874310  -0.0000105527  -0.0016296697  -0.0000117268
        0.0000665863   0.0000379985  -0.0000068788  -0.0000228691   0.0000151980
        0.0000232820   0.0000145419   0.0000120910  -0.0000100426  -0.0000006292
       -0.0000220294  -0.0001598821  -0.0000582412  -0.0025470836  -0.0014286627
       -0.0006944247   0.0241943124  -0.0001791688   0.0000199546  -0.0026970747
       -0.0000024025   0.0000029290  -0.0000128769   0.0000430137  -0.0003093855
       -0.0000129733  -0.0000427175   0.0003060251  -0.0000084836   0.0000060746
        0.0000202734  -0.0001503209
        0.0001043467  -0.0000104194  -0.0000814535   0.0005454070  -0.0003501416
       -0.0000199965  -0.0033696817  -0.0037529790   0.0005622627  -0.0253483636
        0.0101465039   0.0011807766  -0.2570937724   0.1024459029   0.0105487626
       -0.0051933701   0.0041281638   0.0003152880   0.0006159470   0.0003915378
        0.0003132389  -0.0002094454  -0.0000205171   0.0000003867   0.0011578364
       -0.0001051180  -0.0002081515   0.0000580480  -0.0000112634  -0.0000090959
        0.0000335880   0.0000043225   0.0000030203   0.0000767988  -0.0000288712
       -0.0000058808  -0.0012108742   0.0005739566   0.0000719181   0.0008919399
        0.0006505129  -0.0001791688   0.2889029467  -0.1134752254  -0.0124925729
        0.0000646263   0.0000200481  -0.0000069058   0.0000167081  -0.0000199441
        0.0000095255   0.0000138209  -0.0000143441  -0.0000127653  -0.0000565063
       -0.0005721251   0.0000108118
       -0.0000237935   0.0001261492  -0.0000067336  -0.0006983965  -0.0004693170
        0.0000385155  -0.0030946730  -0.0009260843   0.0001915970  -0.0131896592
        0.0068586975   0.0006126902   0.1012688581  -0.0924516132  -0.0046859178
        0.0297255120  -0.0155864624  -0.0013761239  -0.0003998929  -0.0055905296
        0.0000799643   0.0015251174  -0.0008809065  -0.0000743714  -0.0001432358
        0.0022633101  -0.0000185535  -0.0000424445   0.0000071119   0.0000330193
       -0.0000482506   0.0000085646  -0.0000280528   0.0000451391   0.0000235099
       -0.0000026292  -0.0007804121   0.0002604450   0.0000394917  -0.0007845731
        0.0009601972   0.0000199546  -0.1134752254   0.1047780451   0.0051856457
       -0.0000051606  -0.0004577855   0.0000007244   0.0000206885   0.0001190843
        0.0000551803   0.0000147528   0.0001191120  -0.0000577281   0.0000856493
        0.0008384716  -0.0000066728
       -0.0000735263  -0.0000117047  -0.0015646256  -0.0000152801   0.0000311383
        0.0000733795   0.0005564018   0.0002290524   0.0077283306   0.0012818602
       -0.0005399492  -0.0003730919   0.0105664023  -0.0047448247  -0.0328107104
        0.0001854490  -0.0001149362   0.0016234703   0.0003083050   0.0000351668
        0.0070534092  -0.0000067849  -0.0000000673  -0.0001940212  -0.0002028299
       -0.0000178688  -0.0030821551   0.0002424790  -0.0001590501  -0.0000377629
       -0.0002486482   0.0001591339  -0.0000154255  -0.0000059266   0.0000005809
       -0.0000069416   0.0000789000  -0.0000296128   0.0002888158  -0.0001718093
       -0.0000475454  -0.0026970747  -0.0124925729   0.0051856457   0.0240362182
       -0.0000052394   0.0000010242  -0.0000479114   0.0000140267  -0.0000571201
       -0.0000269389  -0.0000172241   0.0000586811  -0.0000255238   0.0000060179
        0.0000222559   0.0000785595
       -0.0011668268  -0.0017400725   0.0000952007   0.0000525669  -0.0004398845
        0.0000126842  -0.0002150749  -0.0000130152   0.0000085329   0.0000090494
       -0.0001385378   0.0000008008   0.0000009871   0.0001470168   0.0000067685
       -0.0014322998  -0.0004523188   0.0001013270  -0.0022796578   0.0053408840
        0.0000955267  -0.2651234313   0.0793511294   0.0106449603   0.0008494623
        0.0010434713  -0.0000338434  -0.0006997641  -0.0012077992   0.0008357918
       -0.0008697660  -0.0012666957  -0.0007718728  -0.0001008604  -0.0003166271
       -0.0000102315   0.0000793456  -0.0001185399  -0.0000029239   0.0000231567
        0.0000228474  -0.0000024025   0.0000646263  -0.0000051606  -0.0000052394
        0.3093448218  -0.0886415174  -0.0126230372  -0.0209719594   0.0045561693
       -0.0022745037  -0.0178351876   0.0038641602   0.0039590846   0.0002708121
        0.0000144904  -0.0000366233
       -0.0006438788  -0.0004144121   0.0000345014   0.0017794067   0.0008151283
       -0.0000924096   0.0003007658   0.0002544551  -0.0000146158   0.0001013235
        0.0002878057  -0.0000060961   0.0013381126  -0.0007322406  -0.0000602140
        0.0005738485  -0.0065363545   0.0000022108   0.0289559736  -0.0138080234
       -0.0013724159   0.0789755257  -0.0686615801  -0.0038061661  -0.0013802353
       -0.0003474837   0.0000719212  -0.0013137789  -0.0003111750   0.0012953397
       -0.0014386558  -0.0003269085  -0.0011580653   0.0000728865   0.0002419075
       -0.0000055179   0.0000035807   0.0001310538  -0.0000010632  -0.0000572703
        0.0000492195   0.0000029290   0.0000200481  -0.0004577855   0.0000010242
       -0.0886415174   0.0817399344   0.0042437860  -0.0094349929   0.0039948663
        0.0000934151  -0.0091367323   0.0039304003   0.0007726983  -0.0000744098
        0.0001511925  -0.0000012616
        0.0000881592   0.0000940432   0.0006529903   0.0000101465   0.0000291621
        0.0002402389  -0.0000005894  -0.0000075947  -0.0000405577   0.0000051394
       -0.0000009605   0.0000105281   0.0000054268   0.0000023863   0.0001723150
        0.0000982172   0.0000625083   0.0004972288  -0.0000100165  -0.0001927795
        0.0001765961   0.0106457911  -0.0038365313  -0.0439691446  -0.0000335427
       -0.0000549243   0.0002993544   0.0009286447   0.0006064378  -0.0003631705
       -0.0008648515  -0.0004861399  -0.0001808053  -0.0000122168   0.0000126560
       -0.0003353861  -0.0000017873   0.0000058250   0.0000129934  -0.0000028102
        0.0000001341  -0.0000128769  -0.0000069058   0.0000007244  -0.0000479114
       -0.0126230372   0.0042437860   0.0475933952  -0.0274702630   0.0070323109
       -0.0005596231   0.0292822011  -0.0075069196  -0.0036346883  -0.0000377058
       -0.0000041242  -0.0005114762
       -0.0001561787  -0.0004308447   0.0002691353   0.0000818496  -0.0003153130
       -0.0002794550  -0.0000599527  -0.0001032334   0.0000917862   0.0001369473
        0.0001575261  -0.0000085056  -0.0002490052  -0.0003026905  -0.0003065605
       -0.0006972603   0.0011856710   0.0001546280   0.0003753575  -0.0049006144
        0.0001833238  -0.0994037081  -0.0374460759  -0.0902150552   0.0003011797
        0.0003750665   0.0003814861  -0.0003047177  -0.0001524786  -0.0001887153
        0.0003444649   0.0001542764   0.0002391997   0.0000769959  -0.0000397733
        0.0001092622   0.0000076893  -0.0000191088  -0.0000089594  -0.0000082486
       -0.0000213611   0.0000430137   0.0000167081   0.0000206885   0.0000140267
       -0.0209719594  -0.0094349929  -0.0274702630   0.1149048923   0.0464497440
        0.1058509781   0.0068244181   0.0038637169   0.0106584907  -0.0012194721
        0.0009597973   0.0004821836
        0.0002236759   0.0002379244  -0.0004606671   0.0014965399  -0.0032123969
       -0.0013043352  -0.0002008313  -0.0010349233   0.0016322075  -0.0005181286
        0.0000269926   0.0000132260  -0.0001235205   0.0004867860   0.0012016353
       -0.0026439516  -0.0012733916  -0.0001850754  -0.0159860076  -0.0197764166
       -0.0233369161  -0.0406804387  -0.0676643624  -0.0665826608   0.0014222203
        0.0012119087  -0.0000071454  -0.0000664180   0.0000195715   0.0001546533
       -0.0000615451   0.0000136976  -0.0000644745   0.0001289431   0.0001024110
       -0.0000077084   0.0000117886  -0.0002208598   0.0000813084   0.0000062377
        0.0000462037  -0.0003093855  -0.0000199441   0.0001190843  -0.0000571201
        0.0045561693   0.0039948663   0.0070323109   0.0464497440   0.0827796819
        0.0758404498   0.0045298286   0.0041647902   0.0075010523   0.0014756381
       -0.0000215676  -0.0011413550
        0.0000774546   0.0000536084  -0.0000155191   0.0003651126   0.0002090380
       -0.0005315124   0.0001652390   0.0001161476   0.0000992839   0.0000020685
        0.0001157401   0.0000085585  -0.0000950789   0.0001717808   0.0000301032
       -0.0019109711  -0.0009444120   0.0006439408  -0.0003257522  -0.0047040739
        0.0010728093  -0.0908690399  -0.0629531231  -0.1863000743   0.0011784382
        0.0013770961   0.0001868963  -0.0001100726  -0.0000174898   0.0000344570
        0.0001443830  -0.0000160797  -0.0000016606   0.0000733796   0.0000506377
        0.0000326336   0.0000216000   0.0000402073   0.0000184677   0.0000257841
        0.0000129199  -0.0000129733   0.0000095255   0.0000551803  -0.0000269389
       -0.0022745037   0.0000934151  -0.0005596231   0.1058509781   0.0758404498
        0.2151263588  -0.0142453321  -0.0082249260  -0.0287862945   0.0019167873
       -0.0012761165  -0.0010189128
       -0.0001872805  -0.0004373147  -0.0002498675   0.0000664142  -0.0003275715
        0.0002201386  -0.0000855872  -0.0001148296  -0.0000727061   0.0001382246
        0.0001436324  -0.0000057270  -0.0002061111  -0.0003151209   0.0003330323
       -0.0005133479   0.0012729138  -0.0000521255   0.0004055662  -0.0043968268
       -0.0000865686  -0.0823718654  -0.0302946023   0.0801256183   0.0001508603
        0.0002297700  -0.0003774141   0.0003050308   0.0001534995  -0.0002708286
       -0.0002719777  -0.0001483710   0.0002196577   0.0000585367  -0.0000456141
       -0.0001102963   0.0000070144  -0.0000227028   0.0000106515  -0.0000152147
       -0.0000226412  -0.0000427175   0.0000138209   0.0000147528  -0.0000172241
       -0.0178351876  -0.0091367323   0.0292822011   0.0068244181   0.0045298286
       -0.0142453321   0.0949693587   0.0378426028  -0.0942094766  -0.0014526726
        0.0010753274  -0.0004510156
        0.0002657532   0.0002426432   0.0004324264   0.0016133448  -0.0031990725
        0.0011766354  -0.0003587627  -0.0010516312  -0.0015948197  -0.0005151808
        0.0000280824   0.0000362762  -0.0002416028   0.0004729734  -0.0011903486
       -0.0025891972  -0.0012649368   0.0004592565  -0.0135782108  -0.0195095258
        0.0249978496  -0.0331450069  -0.0664310026   0.0690574097   0.0014007832
        0.0011980726  -0.0001380188  -0.0000558841   0.0000142097   0.0000706251
       -0.0000803621   0.0000183131  -0.0001469544   0.0001289059   0.0001022332
       -0.0000034279   0.0000035210  -0.0002212196  -0.0000800903   0.0000358691
        0.0000487006   0.0003060251  -0.0000143441   0.0001191120   0.0000586811
        0.0038641602   0.0039304003  -0.0075069196   0.0038637169   0.0041647902
       -0.0082249260   0.0378426028   0.0813380430  -0.0786907385   0.0015598944
       -0.0000001852   0.0009810585
       -0.0000610550  -0.0000129335   0.0000159060  -0.0004460564  -0.0001571682
       -0.0005257459  -0.0001429866  -0.0000940935   0.0001392113  -0.0000037338
       -0.0001253451   0.0000104228   0.0001149566  -0.0001494233   0.0000004307
        0.0020529073   0.0008364253   0.0004470083   0.0005159793   0.0053592567
        0.0007714137   0.0808055348   0.0651277246  -0.2045632607  -0.0011883539
       -0.0014127159   0.0003543231  -0.0001746825   0.0000009509   0.0000384931
        0.0001409145   0.0000325162   0.0000037576  -0.0000768784  -0.0000468035
        0.0000491913  -0.0000205059  -0.0000351306   0.0000207649  -0.0000262456
       -0.0000120524  -0.0000084836  -0.0000127653  -0.0000577281  -0.0000255238
        0.0039590846   0.0007726983  -0.0036346883   0.0106584907   0.0075010523
       -0.0287862945  -0.0942094766  -0.0786907385   0.2364983049  -0.0018851279
        0.0011635083  -0.0008052308
        0.0001626398   0.0001294775  -0.0000036942   0.0001850768  -0.0001327997
       -0.0000068378   0.0002716895  -0.0002739363  -0.0000139115  -0.0001104141
       -0.0013729578   0.0000765591  -0.0042038248  -0.0027976499   0.0002758630
        0.0078477990  -0.0329578863  -0.0002837408  -0.0003945338  -0.0020616924
        0.0000126187   0.0010811516  -0.0001156511  -0.0000003125  -0.0615566086
        0.1041261063   0.0022595213  -0.0000551141  -0.0000282076   0.0000930094
       -0.0000676869  -0.0000252550  -0.0000897634   0.0001229117   0.0001004922
       -0.0000080866   0.0000968457   0.0000988463  -0.0000139136  -0.0002617820
       -0.0000919924   0.0000060746  -0.0000565063   0.0000856493   0.0000060179
        0.0002708121  -0.0000744098  -0.0000377058  -0.0012194721   0.0014756381
        0.0019167873  -0.0014526726   0.0015598944  -0.0018851279   0.0593396892
       -0.0676436658  -0.0023033571
        0.0001048412  -0.0000120560  -0.0000029788  -0.0007696110  -0.0008465798
        0.0000404413   0.0001195882   0.0005228860  -0.0000093243   0.0002773954
       -0.0014676546  -0.0000002453  -0.0040537285  -0.0021373251   0.0002152385
       -0.0094050933  -0.0267253903   0.0005837908   0.0024295885   0.0008744531
       -0.0001254572  -0.0007294017   0.0001809791   0.0000427310   0.0783993805
       -0.4078549990  -0.0017920438   0.0000540957   0.0000198412  -0.0000673404
        0.0000610750   0.0000207039   0.0000613072   0.0000638599  -0.0000274165
       -0.0000042160   0.0000001958   0.0001014605   0.0000001488  -0.0003860098
       -0.0001310015   0.0000202734  -0.0005721251   0.0008384716   0.0000222559
        0.0000144904   0.0001511925  -0.0000041242   0.0009597973  -0.0000215676
       -0.0012761165   0.0010753274  -0.0000001852   0.0011635083  -0.0676436658
        0.4365141876   0.0011321514
       -0.0000006148  -0.0000057731   0.0001060893  -0.0000158130  -0.0000007197
        0.0000078487  -0.0000085931   0.0000142053  -0.0000631778   0.0000665233
        0.0000888381   0.0013346997   0.0002736313   0.0001455008   0.0010996425
       -0.0004060955   0.0017259026  -0.0013284881  -0.0000138678   0.0000956769
       -0.0003361344   0.0000086203   0.0000197844   0.0011138516   0.0024021872
       -0.0030422700  -0.0046799635   0.0000375401  -0.0000377882  -0.0000427354
       -0.0000345673   0.0000398996  -0.0000305063  -0.0000058159  -0.0000043837
       -0.0000095053  -0.0000133548  -0.0000057245  -0.0001535507   0.0000082206
        0.0000029309  -0.0001503209   0.0000108118  -0.0000066728   0.0000785595
       -0.0000366233  -0.0000012616  -0.0005114762   0.0004821836  -0.0011413550
       -0.0010189128  -0.0004510156   0.0009810585  -0.0008052308  -0.0023033571
        0.0011321514   0.0053893110
