$hessian                                                                        
        0.0000803193  -0.0000002604   0.0000013768  -0.0000057674  -0.0000000242
        0.0000006805  -0.0000058387   0.0000000827  -0.0000001606  -0.0000055828
        0.0000000990  -0.0000002670  -0.0000062414   0.0000001448  -0.0000007982
       -0.0000063539   0.0000001975  -0.0000015935  -0.0000065625  -0.0000003356
        0.0000020269  -0.0000073322  -0.0000003259   0.0000009974  -0.0000065885
       -0.0000002926   0.0000016000  -0.0000050556   0.0000000357   0.0000010644
       -0.0000058318   0.0000000075   0.0000004529  -0.0000056242   0.0000005560
       -0.0000018781  -0.0000068300   0.0000001153  -0.0000022505  -0.0000067102
        0.0000000003  -0.0000012509
       -0.0000002604   0.0000734919   0.0000000879  -0.0000009850  -0.0000074449
       -0.0000008941   0.0000010007  -0.0000041720   0.0000008932   0.0000043721
       -0.0000027876   0.0000041458  -0.0000014791  -0.0000030798  -0.0000016026
        0.0000000809  -0.0000001409  -0.0000002184  -0.0000015863  -0.0000158349
       -0.0000011055  -0.0000014796  -0.0000147808  -0.0000010455   0.0000028264
       -0.0000141220   0.0000031446   0.0000002156  -0.0000061665   0.0000002247
       -0.0000040648  -0.0000067294  -0.0000039580   0.0000010466   0.0000038435
        0.0000005452  -0.0000022164   0.0000001192  -0.0000024515   0.0000025295
       -0.0000021958   0.0000022342
        0.0000013768   0.0000000879   0.0000751619  -0.0000019134  -0.0000001213
       -0.0000091992  -0.0000013745  -0.0000000888  -0.0000056615  -0.0000020770
       -0.0000001341  -0.0000052348   0.0000000953   0.0000000042  -0.0000030220
        0.0000008384   0.0000000538   0.0000004118   0.0000009794   0.0000000644
       -0.0000143703   0.0000039189   0.0000002474  -0.0000104963   0.0000016519
        0.0000001051  -0.0000123430  -0.0000044462  -0.0000002802  -0.0000105232
       -0.0000021370  -0.0000001349  -0.0000085469  -0.0000017364  -0.0000001229
        0.0000017008   0.0000022243   0.0000001420   0.0000021388   0.0000025996
        0.0000001774  -0.0000000160
       -0.0000057674  -0.0000009850  -0.0000019134   0.0000798641  -0.0000006737
       -0.0000010019  -0.0000065173   0.0000000452   0.0000001675  -0.0000061592
        0.0000001313   0.0000002322  -0.0000064423   0.0000005879   0.0000011370
       -0.0000058968   0.0000012961   0.0000022785  -0.0000061471  -0.0000015120
       -0.0000027781  -0.0000050862  -0.0000006305  -0.0000014408  -0.0000051115
       -0.0000010437  -0.0000021935  -0.0000077486  -0.0000010374  -0.0000014909
       -0.0000077029  -0.0000005970  -0.0000006949  -0.0000066339   0.0000014053
        0.0000027006  -0.0000058250   0.0000016706   0.0000029457  -0.0000048260
        0.0000013429   0.0000020518
       -0.0000000242  -0.0000074449  -0.0000001213  -0.0000006737   0.0000767138
        0.0000010864   0.0000003792  -0.0000076097  -0.0000010792   0.0000020096
       -0.0000081727  -0.0000050260  -0.0000007250  -0.0000044355   0.0000019547
        0.0000001392  -0.0000016452   0.0000002757  -0.0000007331  -0.0000093570
        0.0000013197  -0.0000004263  -0.0000036387   0.0000012670   0.0000015594
       -0.0000073089  -0.0000038452  -0.0000002823  -0.0000140415  -0.0000002832
       -0.0000022590  -0.0000102485   0.0000048170   0.0000004155  -0.0000041018
       -0.0000006547  -0.0000009186   0.0000008925   0.0000030251   0.0000015394
        0.0000003982  -0.0000027360
        0.0000006805  -0.0000008941  -0.0000091992  -0.0000010019   0.0000010864
        0.0000785150  -0.0000006988   0.0000008230  -0.0000053982  -0.0000010334
        0.0000012344  -0.0000032408   0.0000000509   0.0000000045  -0.0000054192
        0.0000004659  -0.0000004024  -0.0000026842   0.0000004556  -0.0000006985
       -0.0000113248   0.0000019504  -0.0000023740  -0.0000092150   0.0000008590
       -0.0000010644  -0.0000076487  -0.0000022703   0.0000025589  -0.0000084425
       -0.0000011679   0.0000012279  -0.0000099170  -0.0000008181   0.0000012281
       -0.0000015003   0.0000011171  -0.0000012277  -0.0000032176   0.0000014110
       -0.0000015021  -0.0000013076
       -0.0000058387   0.0000010007  -0.0000013745  -0.0000065173   0.0000003792
       -0.0000006988   0.0000802311  -0.0000001864   0.0000000897  -0.0000074043
       -0.0000003367   0.0000000372  -0.0000059509  -0.0000004991   0.0000008627
       -0.0000060154  -0.0000010333   0.0000016460  -0.0000057247   0.0000014153
       -0.0000019575  -0.0000050376   0.0000009649  -0.0000010075  -0.0000062579
        0.0000010809  -0.0000016590  -0.0000073137   0.0000004239  -0.0000010780
       -0.0000060874   0.0000002892  -0.0000003922  -0.0000067845  -0.0000014038
        0.0000019267  -0.0000053297  -0.0000012108   0.0000021668  -0.0000059689
       -0.0000008839   0.0000014384
        0.0000000827  -0.0000041720  -0.0000000888   0.0000000452  -0.0000076097
        0.0000008230  -0.0000001864   0.0000793379  -0.0000008171  -0.0000006516
       -0.0000083630  -0.0000037999   0.0000001992  -0.0000065168   0.0000014728
        0.0000000349  -0.0000062923   0.0000002054   0.0000002348  -0.0000041830
        0.0000010037   0.0000003370  -0.0000019414   0.0000009566  -0.0000003016
       -0.0000038662  -0.0000029027  -0.0000002072  -0.0000098266  -0.0000002080
        0.0000004265  -0.0000078781   0.0000036428  -0.0000001893  -0.0000088573
       -0.0000005151   0.0000003771  -0.0000052345   0.0000022823  -0.0000002013
       -0.0000045969  -0.0000020550
       -0.0000001606   0.0000008932  -0.0000056615   0.0000001675  -0.0000010792
       -0.0000053982   0.0000000897  -0.0000008171   0.0000800984   0.0000000603
       -0.0000012780  -0.0000088537   0.0000000589   0.0000000498  -0.0000055883
       -0.0000000037   0.0000003914  -0.0000067511  -0.0000001135   0.0000007019
       -0.0000046514  -0.0000003956   0.0000023745  -0.0000051680  -0.0000002422
        0.0000010549  -0.0000073807   0.0000003961  -0.0000025577  -0.0000058848
        0.0000002149  -0.0000012143  -0.0000036696   0.0000002491  -0.0000009356
       -0.0000073152  -0.0000001381   0.0000011026  -0.0000057911  -0.0000001827
        0.0000013138  -0.0000079847
       -0.0000055828   0.0000043721  -0.0000020770  -0.0000061592   0.0000020096
       -0.0000010334  -0.0000074043  -0.0000006516   0.0000000603   0.0000768393
       -0.0000012504  -0.0000002334  -0.0000050875  -0.0000022782   0.0000013999
       -0.0000059408  -0.0000048436   0.0000025245  -0.0000047651   0.0000063240
       -0.0000028733  -0.0000038727   0.0000038432  -0.0000014863  -0.0000077106
        0.0000046961  -0.0000026568  -0.0000078569   0.0000025765  -0.0000016464
       -0.0000040335   0.0000016329  -0.0000004085  -0.0000074737  -0.0000060788
        0.0000029134  -0.0000038725  -0.0000058859   0.0000033159  -0.0000070796
       -0.0000044658   0.0000022012
        0.0000000990  -0.0000027876  -0.0000001341   0.0000001313  -0.0000081727
        0.0000012344  -0.0000003367  -0.0000083630  -0.0000012780  -0.0000012504
        0.0000773121  -0.0000058782   0.0000004124  -0.0000068196   0.0000022589
        0.0000000870  -0.0000067063   0.0000003429   0.0000004031  -0.0000026396
        0.0000015596   0.0000005092   0.0000005390   0.0000014319  -0.0000006661
       -0.0000023090  -0.0000044230  -0.0000002789  -0.0000114792  -0.0000003145
        0.0000008721  -0.0000085973   0.0000055433  -0.0000002608  -0.0000105538
       -0.0000007801   0.0000006907  -0.0000052681   0.0000034038  -0.0000004118
       -0.0000041548  -0.0000029667
       -0.0000002670   0.0000041458  -0.0000052348   0.0000002322  -0.0000050260
       -0.0000032408   0.0000000372  -0.0000037999  -0.0000088537  -0.0000002334
       -0.0000058782   0.0000690105   0.0000002248   0.0000001709  -0.0000025033
        0.0000001164   0.0000018362  -0.0000069410  -0.0000001575   0.0000032453
       -0.0000013626  -0.0000005565   0.0000110319  -0.0000025425  -0.0000005388
        0.0000049079  -0.0000133353   0.0000005044  -0.0000118938  -0.0000059022
        0.0000004083  -0.0000056633   0.0000048987   0.0000004599  -0.0000046723
       -0.0000092057  -0.0000000220   0.0000052822  -0.0000017398  -0.0000002079
        0.0000063133  -0.0000130475
       -0.0000062414  -0.0000014791   0.0000000953  -0.0000064423  -0.0000007250
        0.0000000509  -0.0000059509   0.0000001992   0.0000000589  -0.0000050875
        0.0000004124   0.0000002248   0.0000803234   0.0000007644  -0.0000001297
       -0.0000062407   0.0000016823  -0.0000001573  -0.0000065647  -0.0000021587
        0.0000000698  -0.0000065176  -0.0000012552   0.0000000643  -0.0000054715
       -0.0000015824   0.0000002013  -0.0000061662  -0.0000009601   0.0000000884
       -0.0000071898  -0.0000006024  -0.0000000701  -0.0000060376   0.0000019528
       -0.0000001637  -0.0000067663   0.0000021070  -0.0000001200  -0.0000056471
        0.0000016449  -0.0000002127
        0.0000001448  -0.0000030798   0.0000000042   0.0000005879  -0.0000044355
        0.0000000045  -0.0000004991  -0.0000065168   0.0000000498  -0.0000022782
       -0.0000068196   0.0000001709   0.0000007644   0.0000789330  -0.0000000523
       -0.0000001180  -0.0000099879  -0.0000000385   0.0000008774  -0.0000015597
       -0.0000000451   0.0000007733  -0.0000038145   0.0000000041  -0.0000015250
       -0.0000028601   0.0000000673  -0.0000000262  -0.0000036684   0.0000000091
        0.0000022755  -0.0000047020  -0.0000000692  -0.0000006146  -0.0000108283
       -0.0000000174   0.0000011337  -0.0000108457   0.0000000208  -0.0000014958
       -0.0000098146  -0.0000001081
       -0.0000007982  -0.0000016026  -0.0000030220   0.0000011370   0.0000019547
       -0.0000054192   0.0000008627   0.0000014728  -0.0000055883   0.0000013999
        0.0000022589  -0.0000025033  -0.0000001297  -0.0000000523   0.0000773112
       -0.0000005585  -0.0000007210  -0.0000101491  -0.0000005857  -0.0000012464
       -0.0000027930  -0.0000023312  -0.0000042770  -0.0000048533  -0.0000008784
       -0.0000019016   0.0000003690   0.0000026687   0.0000046204  -0.0000035694
        0.0000012104   0.0000022052  -0.0000088697   0.0000009790   0.0000018897
       -0.0000101317  -0.0000014111  -0.0000020998  -0.0000132491  -0.0000015649
       -0.0000025011  -0.0000075320
       -0.0000063539   0.0000000809   0.0000008384  -0.0000058968   0.0000001392
        0.0000004659  -0.0000060154   0.0000000349  -0.0000000037  -0.0000059408
        0.0000000870   0.0000001164  -0.0000062407  -0.0000001180  -0.0000005585
        0.0000805223  -0.0000001818  -0.0000010567  -0.0000062618   0.0000001539
        0.0000011547  -0.0000066578  -0.0000000421   0.0000006521  -0.0000064480
        0.0000000870   0.0000010065  -0.0000055873   0.0000002668   0.0000006677
       -0.0000057792   0.0000001304   0.0000002674  -0.0000061067  -0.0000003384
       -0.0000012445  -0.0000065006  -0.0000001817  -0.0000011879  -0.0000067333
       -0.0000001181  -0.0000011177
        0.0000001975  -0.0000001409   0.0000000538   0.0000012961  -0.0000016452
       -0.0000004024  -0.0000010333  -0.0000062923   0.0000003914  -0.0000048436
       -0.0000067063   0.0000018362   0.0000016823  -0.0000099879  -0.0000007210
       -0.0000001818   0.0000723499  -0.0000001054   0.0000017579   0.0000032623
       -0.0000004702   0.0000013986  -0.0000027601  -0.0000004646  -0.0000033745
        0.0000001988   0.0000014312   0.0000001172   0.0000010337   0.0000001080
        0.0000048635  -0.0000021052  -0.0000017806  -0.0000010897  -0.0000150044
        0.0000002493   0.0000023605  -0.0000171090  -0.0000011504  -0.0000031507
       -0.0000150935   0.0000010246
       -0.0000015935  -0.0000002184   0.0000004118   0.0000022785   0.0000002757
       -0.0000026842   0.0000016460   0.0000002054  -0.0000067511   0.0000025245
        0.0000003429  -0.0000069410  -0.0000001573  -0.0000000385  -0.0000101491
       -0.0000010567  -0.0000001054   0.0000727831  -0.0000011197  -0.0000001690
        0.0000033841  -0.0000045825  -0.0000005955  -0.0000011551  -0.0000019013
       -0.0000002550   0.0000013161   0.0000052617   0.0000006541  -0.0000010508
        0.0000025514   0.0000003059  -0.0000036970   0.0000019600   0.0000001139
       -0.0000156457  -0.0000026622  -0.0000002410  -0.0000162062  -0.0000031490
       -0.0000002752  -0.0000136148
       -0.0000065625  -0.0000015863   0.0000009794  -0.0000061471  -0.0000007331
        0.0000004556  -0.0000057247   0.0000002348  -0.0000001135  -0.0000047651
        0.0000004031  -0.0000001575  -0.0000065647   0.0000008774  -0.0000005857
       -0.0000062618   0.0000017579  -0.0000011197   0.0000800841  -0.0000022923
        0.0000014317  -0.0000073528  -0.0000013843   0.0000006759  -0.0000058192
       -0.0000017115   0.0000011955  -0.0000053691  -0.0000009532   0.0000007594
       -0.0000069287  -0.0000005898   0.0000002405  -0.0000055196   0.0000024576
       -0.0000012993  -0.0000071447   0.0000020385  -0.0000016870  -0.0000059240
        0.0000014811  -0.0000007752
       -0.0000003356  -0.0000158349   0.0000000644  -0.0000015120  -0.0000093570
       -0.0000006985   0.0000014153  -0.0000041830   0.0000007019   0.0000063240
       -0.0000026396   0.0000032453  -0.0000021587  -0.0000015597  -0.0000012464
        0.0000001539   0.0000032623  -0.0000001690  -0.0000022923   0.0000673045
       -0.0000008739  -0.0000020325  -0.0000160165  -0.0000008127   0.0000041936
       -0.0000166396   0.0000024492   0.0000001575  -0.0000092607   0.0000001676
       -0.0000060317  -0.0000084707  -0.0000030908   0.0000014818   0.0000073105
        0.0000004495  -0.0000031648   0.0000046221  -0.0000019004   0.0000038015
        0.0000014623   0.0000017137
        0.0000020269  -0.0000011055  -0.0000143703  -0.0000027781   0.0000013197
       -0.0000113248  -0.0000019575   0.0000010037  -0.0000046514  -0.0000028733
        0.0000015596  -0.0000013626   0.0000000698  -0.0000000451  -0.0000027930
        0.0000011547  -0.0000004702   0.0000033841   0.0000014317  -0.0000008739
        0.0000677313   0.0000057105  -0.0000029208  -0.0000133662   0.0000024967
       -0.0000013064  -0.0000127802  -0.0000064436   0.0000031307  -0.0000124104
       -0.0000031475   0.0000014881  -0.0000128145  -0.0000025908   0.0000012161
        0.0000058883   0.0000031556  -0.0000013632   0.0000042786   0.0000037450
       -0.0000016327   0.0000045910
       -0.0000073322  -0.0000014796   0.0000039189  -0.0000050862  -0.0000004263
        0.0000019504  -0.0000050376   0.0000003370  -0.0000003956  -0.0000038727
        0.0000005092  -0.0000005565  -0.0000065176   0.0000007733  -0.0000023312
       -0.0000066578   0.0000013986  -0.0000045825  -0.0000073528  -0.0000020325
        0.0000057105   0.0000774586  -0.0000015613   0.0000028497  -0.0000068733
       -0.0000016202   0.0000046122  -0.0000029673  -0.0000003645   0.0000030393
       -0.0000056355  -0.0000002768   0.0000012310  -0.0000045306   0.0000024609
       -0.0000053920  -0.0000082396   0.0000014117  -0.0000063386  -0.0000073554
        0.0000008704  -0.0000037156
       -0.0000003259  -0.0000147808   0.0000002474  -0.0000006305  -0.0000036387
       -0.0000023740   0.0000009649  -0.0000019414   0.0000023745   0.0000038432
        0.0000005390   0.0000110319  -0.0000012552  -0.0000038145  -0.0000042770
       -0.0000000421  -0.0000027601  -0.0000005955  -0.0000013843  -0.0000160165
       -0.0000029208  -0.0000015613   0.0000662646  -0.0000027781   0.0000022112
       -0.0000158614   0.0000083877   0.0000005912   0.0000021794   0.0000006126
       -0.0000031539  -0.0000026233  -0.0000105323   0.0000009759   0.0000052856
        0.0000014160  -0.0000020528  -0.0000051158  -0.0000065501   0.0000018195
       -0.0000077161   0.0000059578
        0.0000009974  -0.0000010455  -0.0000104963  -0.0000014408   0.0000012670
       -0.0000092150  -0.0000010075   0.0000009566  -0.0000051680  -0.0000014863
        0.0000014319  -0.0000025425   0.0000000643   0.0000000041  -0.0000048533
        0.0000006521  -0.0000004646  -0.0000011551   0.0000006759  -0.0000008127
       -0.0000133662   0.0000028497  -0.0000027781   0.0000765871   0.0000012488
       -0.0000012460  -0.0000087386  -0.0000032888   0.0000029909  -0.0000094223
       -0.0000016671   0.0000014356  -0.0000109068  -0.0000012223   0.0000014123
        0.0000004038   0.0000016254  -0.0000014322  -0.0000015263   0.0000019990
       -0.0000017191   0.0000003995
       -0.0000065885   0.0000028264   0.0000016519  -0.0000051115   0.0000015594
        0.0000008590  -0.0000062579  -0.0000003016  -0.0000002422  -0.0000077106
       -0.0000006661  -0.0000005388  -0.0000054715  -0.0000015250  -0.0000008784
       -0.0000064480  -0.0000033745  -0.0000019013  -0.0000058192   0.0000041936
        0.0000024967  -0.0000068733   0.0000022112   0.0000012488   0.0000787368
        0.0000030131   0.0000017695  -0.0000048271   0.0000021967   0.0000012677
       -0.0000035585   0.0000013301   0.0000007386  -0.0000060199  -0.0000037914
       -0.0000022831  -0.0000058430  -0.0000042847  -0.0000025967  -0.0000082078
       -0.0000033872  -0.0000015917
       -0.0000002926  -0.0000141220   0.0000001051  -0.0000010437  -0.0000073089
       -0.0000010644   0.0000010809  -0.0000038662   0.0000010549   0.0000046961
       -0.0000023090   0.0000049079  -0.0000015824  -0.0000028601  -0.0000019016
        0.0000000870   0.0000001988  -0.0000002550  -0.0000017115  -0.0000166396
       -0.0000013064  -0.0000016202  -0.0000158614  -0.0000012460   0.0000030131
        0.0000720431   0.0000037342   0.0000002634  -0.0000056388   0.0000002687
       -0.0000043448  -0.0000065126  -0.0000047000   0.0000011424   0.0000047921
        0.0000006424  -0.0000023891   0.0000002983  -0.0000029232   0.0000027016
       -0.0000022136   0.0000026834
        0.0000016000   0.0000031446  -0.0000123430  -0.0000021935  -0.0000038452
       -0.0000076487  -0.0000016590  -0.0000029027  -0.0000073807  -0.0000026568
       -0.0000044230  -0.0000133353   0.0000002013   0.0000000673   0.0000003690
        0.0000010065   0.0000014312   0.0000013161   0.0000011955   0.0000024492
       -0.0000127802   0.0000046122   0.0000083877  -0.0000087386   0.0000017695
        0.0000037342   0.0000679434  -0.0000051966  -0.0000090687  -0.0000112784
       -0.0000023165  -0.0000043358  -0.0000009068  -0.0000020287  -0.0000039263
        0.0000012027   0.0000027141   0.0000042037   0.0000075815   0.0000029520
        0.0000050838  -0.0000040011
       -0.0000050556   0.0000002156  -0.0000044462  -0.0000077486  -0.0000002823
       -0.0000022703  -0.0000073137  -0.0000002072   0.0000003961  -0.0000078569
       -0.0000002789   0.0000005044  -0.0000061662  -0.0000000262   0.0000026687
       -0.0000055873   0.0000001172   0.0000052617  -0.0000053691   0.0000001575
       -0.0000064436  -0.0000029673   0.0000005912  -0.0000032888  -0.0000048271
        0.0000002634  -0.0000051966   0.0000771066  -0.0000006533  -0.0000034600
       -0.0000079105  -0.0000003213  -0.0000014697  -0.0000077080  -0.0000004527
        0.0000062075  -0.0000044261   0.0000003940   0.0000070083  -0.0000041697
        0.0000004831   0.0000045286
        0.0000000357  -0.0000061665  -0.0000002802  -0.0000010374  -0.0000140415
        0.0000025589   0.0000004239  -0.0000098266  -0.0000025577   0.0000025765
       -0.0000114792  -0.0000118938  -0.0000009601  -0.0000036684   0.0000046204
        0.0000002668   0.0000010337   0.0000006541  -0.0000009532  -0.0000092607
        0.0000031307  -0.0000003645   0.0000021794   0.0000029909   0.0000021967
       -0.0000056388  -0.0000090687  -0.0000006533   0.0000645302  -0.0000006696
       -0.0000032085  -0.0000143655   0.0000113660   0.0000005026  -0.0000054429
       -0.0000015216  -0.0000011022   0.0000061865   0.0000071020   0.0000022770
        0.0000059602  -0.0000064313
        0.0000010644   0.0000002247  -0.0000105232  -0.0000014909  -0.0000002832
       -0.0000084425  -0.0000010780  -0.0000002080  -0.0000058848  -0.0000016464
       -0.0000003145  -0.0000059022   0.0000000884   0.0000000091  -0.0000035694
        0.0000006677   0.0000001080  -0.0000010508   0.0000007594   0.0000001676
       -0.0000124104   0.0000030393   0.0000006126  -0.0000094223   0.0000012677
        0.0000002687  -0.0000112784  -0.0000034600  -0.0000006696   0.0000773487
       -0.0000016588  -0.0000003210  -0.0000076216  -0.0000013304  -0.0000002625
       -0.0000001135   0.0000017358   0.0000003155   0.0000004825   0.0000020420
        0.0000003526  -0.0000016123
       -0.0000058318  -0.0000040648  -0.0000021370  -0.0000077029  -0.0000022590
       -0.0000011679  -0.0000060874   0.0000004265   0.0000002149  -0.0000040335
        0.0000008721   0.0000004083  -0.0000071898   0.0000022755   0.0000012104
       -0.0000057792   0.0000048635   0.0000025514  -0.0000069287  -0.0000060317
       -0.0000031475  -0.0000056355  -0.0000031539  -0.0000016671  -0.0000035585
       -0.0000043448  -0.0000023165  -0.0000079105  -0.0000032085  -0.0000016588
        0.0000769716  -0.0000019195  -0.0000009558  -0.0000061584   0.0000058449
        0.0000030645  -0.0000068287   0.0000060277   0.0000031573  -0.0000033266
        0.0000046720   0.0000024438
        0.0000000075  -0.0000067294  -0.0000001349  -0.0000005970  -0.0000102485
        0.0000012279   0.0000002892  -0.0000078781  -0.0000012143   0.0000016329
       -0.0000085973  -0.0000056633  -0.0000006024  -0.0000047020   0.0000022052
        0.0000001304  -0.0000021052   0.0000003059  -0.0000005898  -0.0000084707
        0.0000014881  -0.0000002768  -0.0000026233   0.0000014356   0.0000013301
       -0.0000065126  -0.0000043358  -0.0000003213  -0.0000143655  -0.0000003210
       -0.0000019195   0.0000765702   0.0000054350   0.0000003080  -0.0000051040
       -0.0000007285  -0.0000007202   0.0000005298   0.0000034146   0.0000013288
        0.0000002365  -0.0000031145
        0.0000004529  -0.0000039580  -0.0000085469  -0.0000006949   0.0000048170
       -0.0000099170  -0.0000003922   0.0000036428  -0.0000036696  -0.0000004085
        0.0000055433   0.0000048987  -0.0000000701  -0.0000000692  -0.0000088697
        0.0000002674  -0.0000017806  -0.0000036970   0.0000002405  -0.0000030908
       -0.0000128145   0.0000012310  -0.0000105323  -0.0000109068   0.0000007386
       -0.0000047000  -0.0000009068  -0.0000014697   0.0000113660  -0.0000076216
       -0.0000009558   0.0000054350   0.0000693997  -0.0000005372   0.0000049846
       -0.0000011289   0.0000005956  -0.0000052722  -0.0000087526   0.0000010023
       -0.0000063855   0.0000025329
       -0.0000056242   0.0000010466  -0.0000017364  -0.0000066339   0.0000004155
       -0.0000008181  -0.0000067845  -0.0000001893   0.0000002491  -0.0000074737
       -0.0000002608   0.0000004599  -0.0000060376  -0.0000006146   0.0000009790
       -0.0000061067  -0.0000010897   0.0000019600  -0.0000055196   0.0000014818
       -0.0000025908  -0.0000045306   0.0000009759  -0.0000012223  -0.0000060199
        0.0000011424  -0.0000020287  -0.0000077080   0.0000005026  -0.0000013304
       -0.0000061584   0.0000003080  -0.0000005372   0.0000797168  -0.0000019173
        0.0000023025  -0.0000051593  -0.0000011124   0.0000029670  -0.0000059602
       -0.0000006886   0.0000013466
        0.0000005560   0.0000038435  -0.0000001229   0.0000014053  -0.0000041018
        0.0000012281  -0.0000014038  -0.0000088573  -0.0000009356  -0.0000060788
       -0.0000105538  -0.0000046723   0.0000019528  -0.0000108283   0.0000018897
       -0.0000003384  -0.0000150044   0.0000001139   0.0000024576   0.0000073105
        0.0000012161   0.0000024609   0.0000052856   0.0000014123  -0.0000037914
        0.0000047921  -0.0000039263  -0.0000004527  -0.0000054429  -0.0000002625
        0.0000058449  -0.0000051040   0.0000049846  -0.0000019173   0.0000660092
       -0.0000008614   0.0000031314  -0.0000153267   0.0000034949  -0.0000038264
       -0.0000120217  -0.0000035586
       -0.0000018781   0.0000005452   0.0000017008   0.0000027006  -0.0000006547
       -0.0000015003   0.0000019267  -0.0000005151  -0.0000073152   0.0000029134
       -0.0000007801  -0.0000092057  -0.0000001637  -0.0000000174  -0.0000101317
       -0.0000012445   0.0000002493  -0.0000156457  -0.0000012993   0.0000004495
        0.0000058883  -0.0000053920   0.0000014160   0.0000004038  -0.0000022831
        0.0000006424   0.0000012027   0.0000062075  -0.0000015216  -0.0000001135
        0.0000030645  -0.0000007285  -0.0000011289   0.0000023025  -0.0000008614
        0.0000690192  -0.0000031171   0.0000007364  -0.0000169139  -0.0000037372
        0.0000010400  -0.0000162598
       -0.0000068300  -0.0000022164   0.0000022243  -0.0000058250  -0.0000009186
        0.0000011171  -0.0000053297   0.0000003771  -0.0000001381  -0.0000038725
        0.0000006907  -0.0000000220  -0.0000067663   0.0000011337  -0.0000014111
       -0.0000065006   0.0000023605  -0.0000026622  -0.0000071447  -0.0000031648
        0.0000031556  -0.0000082396  -0.0000020528   0.0000016254  -0.0000058430
       -0.0000023891   0.0000027141  -0.0000044261  -0.0000011022   0.0000017358
       -0.0000068287  -0.0000007202   0.0000005956  -0.0000051593   0.0000031314
       -0.0000031171   0.0000790724   0.0000027981  -0.0000035238  -0.0000063067
        0.0000020724  -0.0000022938
        0.0000001153   0.0000001192   0.0000001420   0.0000016706   0.0000008925
       -0.0000012277  -0.0000012108  -0.0000052345   0.0000011026  -0.0000058859
       -0.0000052681   0.0000052822   0.0000021070  -0.0000108457  -0.0000020998
       -0.0000001817  -0.0000171090  -0.0000002410   0.0000020385   0.0000046221
       -0.0000013632   0.0000014117  -0.0000051158  -0.0000014322  -0.0000042847
        0.0000002983   0.0000042037   0.0000003940   0.0000061865   0.0000003155
        0.0000060277   0.0000005298  -0.0000052722  -0.0000011124  -0.0000153267
        0.0000007364   0.0000027981   0.0000654748  -0.0000034826  -0.0000038875
       -0.0000192234   0.0000033362
       -0.0000022505  -0.0000024515   0.0000021388   0.0000029457   0.0000030251
       -0.0000032176   0.0000021668   0.0000022823  -0.0000057911   0.0000033159
        0.0000034038  -0.0000017398  -0.0000001200   0.0000000208  -0.0000132491
       -0.0000011879  -0.0000011504  -0.0000162062  -0.0000016870  -0.0000019004
        0.0000042786  -0.0000063386  -0.0000065501  -0.0000015263  -0.0000025967
       -0.0000029232   0.0000075815   0.0000070083   0.0000071020   0.0000004825
        0.0000031573   0.0000034146  -0.0000087526   0.0000029670   0.0000034949
       -0.0000169139  -0.0000035238  -0.0000034826   0.0000644106  -0.0000038566
       -0.0000042855  -0.0000114954
       -0.0000067102   0.0000025295   0.0000025996  -0.0000048260   0.0000015394
        0.0000014110  -0.0000059689  -0.0000002013  -0.0000001827  -0.0000070796
       -0.0000004118  -0.0000002079  -0.0000056471  -0.0000014958  -0.0000015649
       -0.0000067333  -0.0000031507  -0.0000031490  -0.0000059240   0.0000038015
        0.0000037450  -0.0000073554   0.0000018195   0.0000019990  -0.0000082078
        0.0000027016   0.0000029520  -0.0000041697   0.0000022770   0.0000020420
       -0.0000033266   0.0000013288   0.0000010023  -0.0000059602  -0.0000038264
       -0.0000037372  -0.0000063067  -0.0000038875  -0.0000038566   0.0000782157
       -0.0000030236  -0.0000030527
        0.0000000003  -0.0000021958   0.0000001774   0.0000013429   0.0000003982
       -0.0000015021  -0.0000008839  -0.0000045969   0.0000013138  -0.0000044658
       -0.0000041548   0.0000063133   0.0000016449  -0.0000098146  -0.0000025011
       -0.0000001181  -0.0000150935  -0.0000002752   0.0000014811   0.0000014623
       -0.0000016327   0.0000008704  -0.0000077161  -0.0000017191  -0.0000033872
       -0.0000022136   0.0000050838   0.0000004831   0.0000059602   0.0000003526
        0.0000046720   0.0000002365  -0.0000063855  -0.0000006886  -0.0000120217
        0.0000010400   0.0000020724  -0.0000192234  -0.0000042855  -0.0000030236
        0.0000689732   0.0000040203
       -0.0000012509   0.0000022342  -0.0000000160   0.0000020518  -0.0000027360
       -0.0000013076   0.0000014384  -0.0000020550  -0.0000079847   0.0000022012
       -0.0000029667  -0.0000130475  -0.0000002127  -0.0000001081  -0.0000075320
       -0.0000011177   0.0000010246  -0.0000136148  -0.0000007752   0.0000017137
        0.0000045910  -0.0000037156   0.0000059578   0.0000003995  -0.0000015917
        0.0000026834  -0.0000040011   0.0000045286  -0.0000064313  -0.0000016123
        0.0000024438  -0.0000031145   0.0000025329   0.0000013466  -0.0000035586
       -0.0000162598  -0.0000022938   0.0000033362  -0.0000114954  -0.0000030527
        0.0000040203   0.0000693478
