           1           2   1.0276438279965285     
           2           3   1.4276460558731046     
           3           4   1.4293486434927580     
           2           5  0.10234803847277618     
           4           5   1.4410696356904273     
           5           6   1.4148668587183013     
           2           7   1.3410993905659625     
           6           7   1.3592393575404607     
           7           8   1.0642595478192176     
           6           9   1.0199326167043596     
           1          10  0.97074916546885981     
           1          11  0.98624871952539028     
           1          12  0.97074830932790268     
           3          13  0.96893117054507305     
           4          14  0.97119036016505444     
           5          15  0.96906838761501402     
           8          16  0.88301949136923141     
           9          17  0.97277243076077657     
           9          18  0.97277117035773097     
           9          19  0.98346843050278387     
