$hessian                                                                        
        0.4283490196   0.0453000348   0.0220647883  -0.1494067116  -0.0064534754
        0.0348260464  -0.0254625673  -0.0175353608   0.0009510671  -0.0020433186
        0.0018887435  -0.0000443384   0.0099362613  -0.0098019866   0.0060042441
       -0.1013177765   0.0742770471  -0.0422390352  -0.0416187825  -0.0033558969
        0.0101869364  -0.0920031580  -0.0867245852  -0.0412526096  -0.0157331881
        0.0029928826   0.0041281288  -0.0060706389   0.0002815877   0.0050398052
        0.0001748281   0.0004136586   0.0000681462  -0.0000398428  -0.0001818167
        0.0000300806   0.0002772242  -0.0001131140   0.0003706177  -0.0007686930
       -0.0034691334  -0.0008823198  -0.0042726557   0.0024814147   0.0007484422
        0.0453000348   0.5033304745   0.0297635914  -0.0001607702  -0.0537127457
        0.0023574915  -0.0373381210  -0.0165596871   0.0007137449   0.0029241301
        0.0050560966  -0.0000556112   0.0098271382  -0.0398407083   0.0042737883
        0.0498262013  -0.1595290557   0.0367555464  -0.0030895930  -0.0439961327
       -0.0011909749  -0.0892767844  -0.1852657943  -0.0713571790   0.0201117740
       -0.0014610242  -0.0053054882  -0.0005709026   0.0010990033   0.0014801911
        0.0006879719   0.0002063626  -0.0000424587   0.0000389257  -0.0003536354
        0.0003946612   0.0003591251   0.0005221209   0.0007495255  -0.0025010683
       -0.0060269444  -0.0016772151   0.0038619384  -0.0034683303   0.0031403868
        0.0220647883   0.0297635914   0.5315164471   0.0368799381   0.0002280694
       -0.0802788709  -0.0117947130  -0.0028597498   0.0055869841  -0.0004148033
       -0.0007067687   0.0012063274   0.0060062089  -0.0042699632   0.0028327924
       -0.0211544345   0.0229620476  -0.0886905325   0.0099359796  -0.0030744402
       -0.2670570168  -0.0409704755  -0.0676794470  -0.0787370414  -0.0101413308
        0.0011861301   0.0029851838   0.0306265092   0.0000489935  -0.0160077648
       -0.0002060073  -0.0000999699  -0.0000380305   0.0001361991  -0.0001762755
       -0.0004750661   0.0000095353  -0.0025018539   0.0007069617  -0.0010389606
       -0.0027633536   0.0005277038  -0.0199384336   0.0299429897  -0.0140780772
       -0.1494067116  -0.0001607702   0.0368799381   0.4452626367  -0.0534216153
        0.0248920021  -0.1127124519  -0.0668737141  -0.0457256505   0.0150399731
        0.0060926244   0.0088571920  -0.0020409053  -0.0029277045  -0.0004150984
       -0.0285974700   0.0233017654  -0.0005171084  -0.0060870706  -0.0003470941
        0.0054557096  -0.0149251602  -0.0041366686   0.0040331797  -0.1034729623
        0.0901818285  -0.0488079560  -0.0435874341   0.0048744063   0.0150875995
       -0.0004208147   0.0029268298  -0.0007365667   0.0001399894   0.0010299641
        0.0003064190  -0.0001748787   0.0001266572   0.0001031977   0.0001746459
       -0.0007228130   0.0000493852   0.0008086144   0.0000563041   0.0005377572
       -0.0064534754  -0.0537127457   0.0002280694  -0.0534216153   0.4758578044
       -0.0415828274  -0.0466464072  -0.1470054813  -0.0346387904  -0.0060615564
       -0.0464025491  -0.0047387335  -0.0018923171   0.0050536872   0.0007064902
        0.0359263486  -0.0159706707  -0.0010674823   0.0007215913   0.0010318593
       -0.0010420564  -0.0217988494  -0.0032575601   0.0054595420   0.0946133972
       -0.1691108584   0.0727394161   0.0041241814  -0.0430273898   0.0047586637
        0.0023544332  -0.0062870489   0.0016894555  -0.0005899273   0.0020254934
       -0.0013283995   0.0001255197  -0.0002248103  -0.0002555399  -0.0004281032
        0.0003690285   0.0000277066  -0.0005732203   0.0006612414  -0.0009555141
        0.0348260464   0.0023574915  -0.0802788709   0.0248920021  -0.0415828274
        0.4838804983  -0.0412561929  -0.0440988048  -0.0820033795   0.0088549228
        0.0047440401   0.0024510534  -0.0000443414   0.0000555228   0.0012063130
       -0.0094878317   0.0013557171   0.0056712274   0.0304487765   0.0012688600
       -0.0154762901  -0.0099407757  -0.0018450467   0.0026004475  -0.0492021771
        0.0692357459  -0.0831274348   0.0126832788   0.0017661267  -0.2373005159
       -0.0010176319   0.0021157311   0.0004613456   0.0006162860   0.0043067192
        0.0016486005   0.0002507899  -0.0001242999  -0.0005725295  -0.0000742039
        0.0001149116  -0.0001921968  -0.0015489480   0.0003301127   0.0010317317
       -0.0254625673  -0.0373381210  -0.0117947130  -0.1127124519  -0.0466464072
       -0.0412561929   0.2695822527  -0.0000371182   0.1196540647  -0.1127695877
        0.0466629728  -0.0412792424  -0.0254901531   0.0373334241  -0.0117968223
        0.0086444912   0.0000014193  -0.0004737945   0.0022515475   0.0003825868
       -0.0012121265  -0.0095217211  -0.0013898214   0.0018736128   0.0080575598
        0.0107879158   0.0050841596  -0.0015696393  -0.0074453814  -0.0120809011
        0.0080575825  -0.0107667908   0.0050806222  -0.0015782557   0.0074521227
       -0.0120910752   0.0022520590  -0.0003816219  -0.0012120460  -0.0095240816
        0.0013846469   0.0018741277  -0.0002170351   0.0000001734  -0.0003696732
       -0.0175353608  -0.0165596871  -0.0028597498  -0.0668737141  -0.1470054813
       -0.0440988048  -0.0000371182   0.4211306738   0.0000279184   0.0668901898
       -0.1469471430   0.0440792532   0.0175308847  -0.0165320510   0.0028542147
        0.0000014002   0.0029943991  -0.0000001456   0.0006537034   0.0002992928
        0.0001522298  -0.0033285576   0.0008055797   0.0010636622  -0.0107121601
       -0.0337653495  -0.0074202120  -0.0097135036  -0.0154323464  -0.0200060431
        0.0107332768  -0.0337654269   0.0074234268   0.0097201155  -0.0154227877
        0.0199998861  -0.0006527200   0.0002987470  -0.0001528223   0.0033233780
        0.0008079313  -0.0010627231   0.0000001859  -0.0009063508  -0.0000000902
        0.0009510671   0.0007137449   0.0055869841  -0.0457256505  -0.0346387904
       -0.0820033795   0.1196540647   0.0000279184   0.1814749898  -0.0457442489
        0.0346169656  -0.0820047789   0.0009510931  -0.0007128568   0.0055869342
       -0.0010967857  -0.0000003069  -0.0006469164  -0.0010769952   0.0002199116
        0.0013837290   0.0012829694   0.0004871963   0.0007737729   0.0053376670
        0.0094562732   0.0045659416  -0.0201928995  -0.0341176243  -0.0205512011
        0.0053422391  -0.0094529300   0.0045659861  -0.0202102074   0.0341073873
       -0.0205521454  -0.0010768772  -0.0002204245   0.0013837313   0.0012831477
       -0.0004865498   0.0007738024   0.0003214161   0.0000000854  -0.0003374503
       -0.0020433186   0.0029241301  -0.0004148033   0.0150399731  -0.0060615564
        0.0088549228  -0.1127695877   0.0668901898  -0.0457442489   0.4452087856
        0.0534064519   0.0248701807  -0.1494099455   0.0001133117   0.0368799272
       -0.0285676550  -0.0233080821  -0.0005172297  -0.0001747486  -0.0001266276
        0.0001030729   0.0001740643   0.0007227145   0.0000493845  -0.0004181548
       -0.0029238937  -0.0007356635   0.0001402076  -0.0010309045   0.0003057602
       -0.1033799450  -0.0901495370  -0.0487698541  -0.0435829222  -0.0048744472
        0.0150902579  -0.0060869062   0.0003436031   0.0054551829  -0.0149382092
        0.0041308661   0.0040358371   0.0008083621  -0.0000562189   0.0005372731
        0.0018887435   0.0050560966  -0.0007067687   0.0060926244  -0.0464025491
        0.0047440401   0.0466629728  -0.1469471430   0.0346169656   0.0534064519
        0.4759130413   0.0415954917   0.0064059626  -0.0537094972  -0.0002099940
       -0.0359328383  -0.0160004570   0.0010676007  -0.0001254942  -0.0002249312
        0.0002555867   0.0004279969   0.0003696024  -0.0000276956  -0.0023515086
       -0.0062897619  -0.0016897045   0.0005889921   0.0020252224   0.0013285478
       -0.0945810860  -0.1692061977  -0.0727625834  -0.0041242519  -0.0430320228
       -0.0047543850  -0.0007246171   0.0010316791   0.0010444861   0.0217927970
       -0.0032445928  -0.0054573762   0.0005732549   0.0006615108   0.0009557886
       -0.0000443384  -0.0000556112   0.0012063274   0.0088571920  -0.0047387335
        0.0024510534  -0.0412792424   0.0440792532  -0.0820047789   0.0248701807
        0.0415954917   0.4838790903   0.0348270039  -0.0023404593  -0.0802787461
       -0.0094864954  -0.0013600947   0.0056712287   0.0002507328   0.0001244176
       -0.0005725369  -0.0000741478  -0.0001149606  -0.0001921930  -0.0010165232
       -0.0021161360   0.0004614096   0.0006184424  -0.0043064153   0.0016486560
       -0.0491657428  -0.0692591071  -0.0831251090   0.0126844147  -0.0017630509
       -0.2373003812   0.0304494308  -0.0012538713  -0.0154762466  -0.0099421267
        0.0018401598   0.0026005101  -0.0015487807  -0.0003308823   0.0010317163
        0.0099362613   0.0098271382   0.0060062089  -0.0020409053  -0.0018923171
       -0.0000443414  -0.0254901531   0.0175308847   0.0009510931  -0.1494099455
        0.0064059626   0.0348270039   0.4283944117  -0.0453371883   0.0220805330
       -0.1012553158  -0.0742484875  -0.0422191210   0.0002773489   0.0001129918
        0.0003709938  -0.0007716965   0.0034717545  -0.0008832250   0.0001753828
       -0.0004136696   0.0000681315  -0.0000399184   0.0001819658   0.0000302816
       -0.0157215605  -0.0029999795   0.0041255019  -0.0060708161  -0.0002850956
        0.0050405519  -0.0416220435   0.0033572738   0.0101865040  -0.0920915966
        0.0867705621  -0.0412901793  -0.0042694535  -0.0024817959   0.0007500631
       -0.0098019866  -0.0398407083  -0.0042699632  -0.0029277045   0.0050536872
        0.0000555228   0.0373334241  -0.0165320510  -0.0007128568   0.0001133117
       -0.0537094972  -0.0023404593  -0.0453371883   0.5032837290  -0.0297519707
       -0.0497972758  -0.1595925951  -0.0367754886  -0.0003592483   0.0005220334
       -0.0007493364   0.0025036956  -0.0060238565   0.0016768943  -0.0006879935
        0.0002058132   0.0000424919  -0.0000387678  -0.0003535694  -0.0003946486
       -0.0201191326  -0.0014725669   0.0053076224   0.0005678345   0.0010991171
       -0.0014779607   0.0030909786  -0.0439928284   0.0011918019   0.0893227654
       -0.1851745670   0.0713385621  -0.0038627125  -0.0034721401  -0.0031402114
        0.0060042441   0.0042737883   0.0028327924  -0.0004150984   0.0007064902
        0.0012063130  -0.0117968223   0.0028542147   0.0055869342   0.0368799272
       -0.0002099940  -0.0802787461   0.0220805330  -0.0297519707   0.5315175414
       -0.0211419385  -0.0229713834  -0.0886894306   0.0000082810   0.0025018612
        0.0007069311  -0.0010404011   0.0027629601   0.0005276198  -0.0002060520
        0.0000998655  -0.0000380325   0.0001361118   0.0001763408  -0.0004750620
       -0.0101403911  -0.0011911533   0.0029851065   0.0306265252  -0.0000338820
       -0.0160077004   0.0099346121   0.0030751162  -0.2670570087  -0.0410062353
        0.0676609581  -0.0787398021  -0.0199232955  -0.0299532118  -0.0140774559
       -0.1013177765   0.0498262013  -0.0211544345  -0.0285974700   0.0359263486
       -0.0094878317   0.0086444912   0.0000014002  -0.0010967857  -0.0285676550
       -0.0359328383  -0.0094864954  -0.1012553158  -0.0497972758  -0.0211419385
        0.2794287361  -0.0000457280   0.1048413755  -0.0019015597   0.0033275240
       -0.0068533985   0.0069937897  -0.0084545630   0.0037789145  -0.0091527311
        0.0007055331   0.0018468321   0.0015801882  -0.0001840709  -0.0012677187
       -0.0091507407  -0.0007104616   0.0018463301   0.0015796993   0.0001847253
       -0.0012677287  -0.0018979203  -0.0033261839  -0.0068491851   0.0069955610
        0.0084738303   0.0037826430  -0.0233812962   0.0000055585  -0.0374905785
        0.0742770471  -0.1595290557   0.0229620476   0.0233017654  -0.0159706707
        0.0013557171   0.0000014193   0.0029943991  -0.0000003069  -0.0233080821
       -0.0160004570  -0.0013600947  -0.0742484875  -0.1595925951  -0.0229713834
       -0.0000457280   0.4649138276   0.0000272896   0.0038755110  -0.0047658517
        0.0082413566   0.0120259991  -0.0311504461   0.0077421705   0.0032256091
        0.0007119467  -0.0010118796  -0.0007680046   0.0002502868  -0.0000305943
       -0.0032305317   0.0007099885   0.0010128044   0.0007686715   0.0002507792
        0.0000299807  -0.0038744140  -0.0047701765  -0.0082450600  -0.0120067096
       -0.0311521993  -0.0077396228   0.0000059350  -0.0468997756  -0.0000124249
       -0.0422390352   0.0367555464  -0.0886905325  -0.0005171084  -0.0010674823
        0.0056712274  -0.0004737945  -0.0000001456  -0.0006469164  -0.0005172297
        0.0010676007   0.0056712287  -0.0422191210  -0.0367754886  -0.0886894306
        0.1048413755   0.0000272896   0.5603693492  -0.0179478165   0.0290161480
       -0.0178981440   0.0052678212  -0.0094803287   0.0033968420   0.0014393675
       -0.0003158614   0.0005464356   0.0001416636  -0.0007262669   0.0011925001
        0.0014392490   0.0003165774   0.0005464146   0.0001412779   0.0007263486
        0.0011924833  -0.0179331329  -0.0290254197  -0.0178974432   0.0052632768
        0.0094836406   0.0033968140   0.0033132068  -0.0000021581  -0.3681608283
       -0.0416187825  -0.0030895930   0.0099359796  -0.0060870706   0.0007215913
        0.0304487765   0.0022515475   0.0006537034  -0.0010769952  -0.0001747486
       -0.0001254942   0.0002507328   0.0002773489  -0.0003592483   0.0000082810
       -0.0019015597   0.0038755110  -0.0179478165   0.0520056772  -0.0032304780
       -0.0086870999   0.0009278916  -0.0013569256  -0.0151055692   0.0007731591
       -0.0000935430   0.0005531176  -0.0059693713  -0.0004069116   0.0031105291
       -0.0000700580   0.0000341694   0.0000112859  -0.0001389604   0.0001835377
       -0.0000708887   0.0002369331  -0.0001808206   0.0000482148  -0.0000824620
       -0.0002448601   0.0000546164  -0.0004295442   0.0036193615  -0.0015331642
       -0.0033558969  -0.0439961327  -0.0030744402  -0.0003470941   0.0010318593
        0.0012688600   0.0003825868   0.0002992928   0.0002199116  -0.0001266276
       -0.0002249312   0.0001244176   0.0001129918   0.0005220334   0.0025018612
        0.0033275240  -0.0047658517   0.0290161480  -0.0032304780   0.0527653070
       -0.0058701592  -0.0002604146  -0.0013258206  -0.0256121018   0.0003552813
        0.0000489961  -0.0004668501   0.0002148260   0.0007387143  -0.0000078240
        0.0000317816  -0.0000183279  -0.0000157742   0.0001660789  -0.0000989928
       -0.0003103188   0.0001812410  -0.0005917922  -0.0004297293   0.0000179000
        0.0004949940  -0.0002094923   0.0025302996  -0.0048793478   0.0028654915
        0.0101869364  -0.0011909749  -0.2670570168   0.0054557096  -0.0010420564
       -0.0154762901  -0.0012121265   0.0001522298   0.0013837290   0.0001030729
        0.0002555867  -0.0005725369   0.0003709938  -0.0007493364   0.0007069311
       -0.0068533985   0.0082413566  -0.0178981440  -0.0086870999  -0.0058701592
        0.3143456109  -0.0009166421  -0.0027978367  -0.0156919550  -0.0003968311
       -0.0001576408   0.0004005722   0.0027821981   0.0000763273  -0.0003658923
       -0.0000701024  -0.0000458836   0.0000434108  -0.0000931453  -0.0002159502
        0.0001471587   0.0000479932   0.0004297707   0.0004114249   0.0000481629
       -0.0004592338   0.0002757844  -0.0007657211   0.0033738011  -0.0006527870
       -0.0920031580  -0.0892767844  -0.0409704755  -0.0149251602  -0.0217988494
       -0.0099407757  -0.0095217211  -0.0033285576   0.0012829694   0.0001740643
        0.0004279969  -0.0000741478  -0.0007716965   0.0025036956  -0.0010404011
        0.0069937897   0.0120259991   0.0052678212   0.0009278916  -0.0002604146
       -0.0009166421   0.1072042373   0.0989424743   0.0465169579   0.0000931912
       -0.0001491504  -0.0002073006   0.0007654796  -0.0002500682  -0.0003342315
        0.0000704199   0.0001048837   0.0000260477  -0.0000318436  -0.0000035007
       -0.0000244717  -0.0000825763  -0.0000181868   0.0000479336   0.0002625528
        0.0010229329   0.0001853250   0.0008445293   0.0000575296   0.0001813913
       -0.0867245852  -0.1852657943  -0.0676794470  -0.0041366686  -0.0032575601
       -0.0018450467  -0.0013898214   0.0008055797   0.0004871963   0.0007227145
        0.0003696024  -0.0001149606   0.0034717545  -0.0060238565   0.0027629601
       -0.0084545630  -0.0311504461  -0.0094803287  -0.0013569256  -0.0013258206
       -0.0027978367   0.0989424743   0.2264429085   0.0790205523   0.0000335016
        0.0002671682  -0.0000499608   0.0002463800   0.0000734345   0.0001860003
        0.0001878919   0.0001808920   0.0000122177   0.0000081384   0.0000065081
       -0.0000240918   0.0002445690   0.0004951217   0.0004592529  -0.0010219673
       -0.0016503456  -0.0003871908  -0.0007728930   0.0000326081  -0.0005493165
       -0.0412526096  -0.0713571790  -0.0787370414   0.0040331797   0.0054595420
        0.0026004475   0.0018736128   0.0010636622   0.0007737729   0.0000493845
       -0.0000276956  -0.0001921930  -0.0008832250   0.0016768943   0.0005276198
        0.0037789145   0.0077421705   0.0033968420  -0.0151055692  -0.0256121018
       -0.0156919550   0.0465169579   0.0790205523   0.0857476923  -0.0002571710
        0.0000547246  -0.0000435003   0.0003952342   0.0004460407   0.0003733712
       -0.0000109946  -0.0000005003  -0.0000041999  -0.0000117293  -0.0000195532
        0.0000677052   0.0000545051   0.0002095174   0.0002757722   0.0001851499
        0.0003873214   0.0003464320   0.0006343601   0.0009566044   0.0005592344
       -0.0157331881   0.0201117740  -0.0101413308  -0.1034729623   0.0946133972
       -0.0492021771   0.0080575598  -0.0107121601   0.0053376670  -0.0004181548
       -0.0023515086  -0.0010165232   0.0001753828  -0.0006879935  -0.0002060520
       -0.0091527311   0.0032256091   0.0014393675   0.0007731591   0.0003552813
       -0.0003968311   0.0000931912   0.0000335016  -0.0002571710   0.1183380415
       -0.1033825942   0.0544479502   0.0010546813   0.0000866401  -0.0006440196
        0.0001834445  -0.0008135366   0.0001452592  -0.0000525543  -0.0000878984
        0.0001023413  -0.0000700261  -0.0000318071  -0.0000701206   0.0000705667
       -0.0001879483  -0.0000109904   0.0001535897  -0.0001707567   0.0004726306
        0.0029928826  -0.0014610242   0.0011861301   0.0901818285  -0.1691108584
        0.0692357459   0.0107879158  -0.0337653495   0.0094562732  -0.0029238937
       -0.0062897619  -0.0021161360  -0.0004136696   0.0002058132   0.0000998655
        0.0007055331   0.0007119467  -0.0003158614  -0.0000935430   0.0000489961
       -0.0001576408  -0.0001491504   0.0002671682   0.0000547246  -0.1033825942
        0.2109149685  -0.0801689259   0.0019390754  -0.0008179277   0.0030467849
        0.0008142510  -0.0012299891   0.0003250049  -0.0002337020   0.0003625009
       -0.0005708797  -0.0000341932  -0.0000183596   0.0000458473  -0.0001049371
        0.0001807421   0.0000004911  -0.0000858031   0.0000011346  -0.0001214238
        0.0041281288  -0.0053054882   0.0029851838  -0.0488079560   0.0727394161
       -0.0831274348   0.0050841596  -0.0074202120   0.0045659416  -0.0007356635
       -0.0016897045   0.0004614096   0.0000681315   0.0000424919  -0.0000380325
        0.0018468321  -0.0010118796   0.0005464356   0.0005531176  -0.0004668501
        0.0004005722  -0.0002073006  -0.0000499608  -0.0000435003   0.0544479502
       -0.0801689259   0.0904853529  -0.0167699737   0.0240894809  -0.0170306362
        0.0001454093  -0.0003249030   0.0003311694   0.0000384751  -0.0002972886
        0.0002629406   0.0000112781   0.0000157815   0.0000434107   0.0000260550
       -0.0000122062  -0.0000041996   0.0001713565  -0.0001397514   0.0001613869
       -0.0060706389  -0.0005709026   0.0306265092  -0.0435874341   0.0041241814
        0.0126832788  -0.0015696393  -0.0097135036  -0.0201928995   0.0001402076
        0.0005889921   0.0006184424  -0.0000399184  -0.0000387678   0.0001361118
        0.0015801882  -0.0007680046   0.0001416636  -0.0059693713   0.0002148260
        0.0027821981   0.0007654796   0.0002463800   0.0003952342   0.0010546813
        0.0019390754  -0.0167699737   0.0536537560   0.0036970866  -0.0102011997
       -0.0000527152   0.0002334948   0.0000383223   0.0002101727  -0.0000567500
        0.0004925319  -0.0001387833  -0.0001661016  -0.0000932511  -0.0000318418
       -0.0000081579  -0.0000117400   0.0000558569   0.0002781517  -0.0006452282
        0.0002815877   0.0010990033   0.0000489935   0.0048744063  -0.0430273898
        0.0017661267  -0.0074453814  -0.0154323464  -0.0341176243  -0.0010309045
        0.0020252224  -0.0043064153   0.0001819658  -0.0003535694   0.0001763408
       -0.0001840709   0.0002502868  -0.0007262669  -0.0004069116   0.0007387143
        0.0000763273  -0.0002500682   0.0000734345   0.0004460407   0.0000866401
       -0.0008179277   0.0240894809   0.0036970866   0.0544676807   0.0105936572
        0.0000876909   0.0003626781   0.0002973058   0.0000565564   0.0006096225
        0.0013755941  -0.0001835580  -0.0000991581   0.0002159066   0.0000034821
        0.0000065070   0.0000195481   0.0002314788   0.0000972419   0.0000449848
        0.0050398052   0.0014801911  -0.0160077648   0.0150875995   0.0047586637
       -0.2373005159  -0.0120809011  -0.0200060431  -0.0205512011   0.0003057602
        0.0013285478   0.0016486560   0.0000302816  -0.0003946486  -0.0004750620
       -0.0012677187  -0.0000305943   0.0011925001   0.0031105291  -0.0000078240
       -0.0003658923  -0.0003342315   0.0001860003   0.0003733712  -0.0006440196
        0.0030467849  -0.0170306362  -0.0102011997   0.0105936572   0.2870301038
        0.0001020547   0.0005709310   0.0002629267   0.0004932211  -0.0013753457
        0.0006247482  -0.0000710405   0.0003102892   0.0001471497  -0.0000244824
        0.0000240803   0.0000677043   0.0004543423  -0.0004846898   0.0003839124
        0.0001748281   0.0006879719  -0.0002060073  -0.0004208147   0.0023544332
       -0.0010176319   0.0080575825   0.0107332768   0.0053422391  -0.1033799450
       -0.0945810860  -0.0491657428  -0.0157215605  -0.0201191326  -0.0101403911
       -0.0091507407  -0.0032305317   0.0014392490  -0.0000700580   0.0000317816
       -0.0000701024   0.0000704199   0.0001878919  -0.0000109946   0.0001834445
        0.0008142510   0.0001454093  -0.0000527152   0.0000876909   0.0001020547
        0.1182339560   0.1033368145   0.0544058684   0.0010557181  -0.0000856845
       -0.0006424685   0.0007732944  -0.0003549282  -0.0003969068   0.0000931310
       -0.0000335897  -0.0002571459   0.0001534597   0.0001708411   0.0004725710
        0.0004136586   0.0002063626  -0.0000999699   0.0029268298  -0.0062870489
        0.0021157311  -0.0107667908  -0.0337654269  -0.0094529300  -0.0901495370
       -0.1692061977  -0.0692591071  -0.0029999795  -0.0014725669  -0.0011911533
       -0.0007104616   0.0007099885   0.0003165774   0.0000341694  -0.0000183279
       -0.0000458836   0.0001048837   0.0001808920  -0.0000005003  -0.0008135366
       -0.0012299891  -0.0003249030   0.0002334948   0.0003626781   0.0005709310
        0.1033368145   0.2110216757   0.0801943391  -0.0019384131  -0.0008194108
       -0.0030473850   0.0000939218   0.0000488764   0.0001574455   0.0001490610
        0.0002672230  -0.0000548576   0.0000858852   0.0000012718   0.0001216660
        0.0000681462  -0.0000424587  -0.0000380305  -0.0007365667   0.0016894555
        0.0004613456   0.0050806222   0.0074234268   0.0045659861  -0.0487698541
       -0.0727625834  -0.0831251090   0.0041255019   0.0053076224   0.0029851065
        0.0018463301   0.0010128044   0.0005464146   0.0000112859  -0.0000157742
        0.0000434108   0.0000260477   0.0000122177  -0.0000041999   0.0001452592
        0.0003250049   0.0003311694   0.0000383223   0.0002973058   0.0002629267
        0.0544058684   0.0801943391   0.0904827275  -0.0167578088  -0.0240981899
       -0.0170301904   0.0005528860   0.0004671346   0.0004005633  -0.0002073277
        0.0000498512  -0.0000435026   0.0001712874   0.0001398436   0.0001613819
       -0.0000398428   0.0000389257   0.0001361991   0.0001399894  -0.0005899273
        0.0006162860  -0.0015782557   0.0097201155  -0.0202102074  -0.0435829222
       -0.0041242519   0.0126844147  -0.0060708161   0.0005678345   0.0306265252
        0.0015796993   0.0007686715   0.0001412779  -0.0001389604   0.0001660789
       -0.0000931453  -0.0000318436   0.0000081384  -0.0000117293  -0.0000525543
       -0.0002337020   0.0000384751   0.0002101727   0.0000565564   0.0004932211
        0.0010557181  -0.0019384131  -0.0167578088   0.0536574943  -0.0036976717
       -0.0101960141  -0.0059694712  -0.0002181460   0.0027822385   0.0007654783
       -0.0002460246   0.0003954673   0.0000561143  -0.0002781842  -0.0006451998
       -0.0001818167  -0.0003536354  -0.0001762755   0.0010299641   0.0020254934
        0.0043067192   0.0074521227  -0.0154227877   0.0341073873  -0.0048744472
       -0.0430320228  -0.0017630509  -0.0002850956   0.0010991171  -0.0000338820
        0.0001847253   0.0002507792   0.0007263486   0.0001835377  -0.0000989928
       -0.0002159502  -0.0000035007   0.0000065081  -0.0000195532  -0.0000878984
        0.0003625009  -0.0002972886  -0.0000567500   0.0006096225  -0.0013753457
       -0.0000856845  -0.0008194108  -0.0240981899  -0.0036976717   0.0544635978
       -0.0105948299   0.0004035927   0.0007388099  -0.0000749451   0.0002504132
        0.0000734281  -0.0004458413  -0.0002314908   0.0000969925  -0.0000453027
        0.0000300806   0.0003946612  -0.0004750661   0.0003064190  -0.0013283995
        0.0016486005  -0.0120910752   0.0199998861  -0.0205521454   0.0150902579
       -0.0047543850  -0.2373003812   0.0050405519  -0.0014779607  -0.0160077004
       -0.0012677287   0.0000299807   0.0011924833  -0.0000708887  -0.0003103188
        0.0001471587  -0.0000244717  -0.0000240918   0.0000677052   0.0001023413
       -0.0005708797   0.0002629406   0.0004925319   0.0013755941   0.0006247482
       -0.0006424685  -0.0030473850  -0.0170301904  -0.0101960141  -0.0105948299
        0.2870304413   0.0031105125   0.0000093740  -0.0003658849  -0.0003341448
       -0.0001861637   0.0003733867   0.0004540967   0.0004849181   0.0003839039
        0.0002772242   0.0003591251   0.0000095353  -0.0001748787   0.0001255197
        0.0002507899   0.0022520590  -0.0006527200  -0.0010768772  -0.0060869062
       -0.0007246171   0.0304494308  -0.0416220435   0.0030909786   0.0099346121
       -0.0018979203  -0.0038744140  -0.0179331329   0.0002369331   0.0001812410
        0.0000479932  -0.0000825763   0.0002445690   0.0000545051  -0.0000700261
       -0.0000341932   0.0000112781  -0.0001387833  -0.0001835580  -0.0000710405
        0.0007732944   0.0000939218   0.0005528860  -0.0059694712   0.0004035927
        0.0031105125   0.0520024528   0.0032299350  -0.0086903728   0.0009270899
        0.0013577691  -0.0151184609  -0.0004264480  -0.0036171494  -0.0015316587
       -0.0001131140   0.0005221209  -0.0025018539   0.0001266572  -0.0002248103
       -0.0001242999  -0.0003816219   0.0002987470  -0.0002204245   0.0003436031
        0.0010316791  -0.0012538713   0.0033572738  -0.0439928284   0.0030751162
       -0.0033261839  -0.0047701765  -0.0290254197  -0.0001808206  -0.0005917922
        0.0004297707  -0.0000181868   0.0004951217   0.0002095174  -0.0000318071
       -0.0000183596   0.0000157815  -0.0001661016  -0.0000991581   0.0003102892
       -0.0003549282   0.0000488764   0.0004671346  -0.0002181460   0.0007388099
        0.0000093740   0.0032299350   0.0527687822   0.0058708402   0.0002615065
       -0.0013244573   0.0256042264  -0.0025280655  -0.0048825549  -0.0028661809
        0.0003706177   0.0007495255   0.0007069617   0.0001031977  -0.0002555399
       -0.0005725295  -0.0012120460  -0.0001528223   0.0013837313   0.0054551829
        0.0010444861  -0.0154762466   0.0101865040   0.0011918019  -0.2670570087
       -0.0068491851  -0.0082450600  -0.0178974432   0.0000482148  -0.0004297293
        0.0004114249   0.0000479336   0.0004592529   0.0002757722  -0.0000701206
        0.0000458473   0.0000434107  -0.0000932511   0.0002159066   0.0001471497
       -0.0003969068   0.0001574455   0.0004005633   0.0027822385  -0.0000749451
       -0.0003658849  -0.0086903728   0.0058708402   0.3143452902  -0.0009180377
        0.0027970985  -0.0156925202  -0.0007639689  -0.0033741077  -0.0006526707
       -0.0007686930  -0.0025010683  -0.0010389606   0.0001746459  -0.0004281032
       -0.0000742039  -0.0095240816   0.0033233780   0.0012831477  -0.0149382092
        0.0217927970  -0.0099421267  -0.0920915966   0.0893227654  -0.0410062353
        0.0069955610  -0.0120067096   0.0052632768  -0.0000824620   0.0000179000
        0.0000481629   0.0002625528  -0.0010219673   0.0001851499   0.0000705667
       -0.0001049371   0.0000260550  -0.0000318418   0.0000034821  -0.0000244824
        0.0000931310   0.0001490610  -0.0002073277   0.0007654783   0.0002504132
       -0.0003341448   0.0009270899   0.0002615065  -0.0009180377   0.1073036911
       -0.0990013980   0.0465586074   0.0008441676  -0.0000571195   0.0001811194
       -0.0034691334  -0.0060269444  -0.0027633536  -0.0007228130   0.0003690285
        0.0001149116   0.0013846469   0.0008079313  -0.0004865498   0.0041308661
       -0.0032445928   0.0018401598   0.0867705621  -0.1851745670   0.0676609581
        0.0084738303  -0.0311521993   0.0094836406  -0.0002448601   0.0004949940
       -0.0004592338   0.0010229329  -0.0016503456   0.0003873214  -0.0001879483
        0.0001807421  -0.0000122062  -0.0000081579   0.0000065070   0.0000240803
       -0.0000335897   0.0002672230   0.0000498512  -0.0002460246   0.0000734281
       -0.0001861637   0.0013577691  -0.0013244573   0.0027970985  -0.0990013980
        0.2263402923  -0.0789999367   0.0007733174   0.0000329599   0.0005494222
       -0.0008823198  -0.0016772151   0.0005277038   0.0000493852   0.0000277066
       -0.0001921968   0.0018741277  -0.0010627231   0.0007738024   0.0040358371
       -0.0054573762   0.0026005101  -0.0412901793   0.0713385621  -0.0787398021
        0.0037826430  -0.0077396228   0.0033968140   0.0000546164  -0.0002094923
        0.0002757844   0.0001853250  -0.0003871908   0.0003464320  -0.0000109904
        0.0000004911  -0.0000041996  -0.0000117400   0.0000195481   0.0000677043
       -0.0002571459  -0.0000548576  -0.0000435026   0.0003954673  -0.0004458413
        0.0003733867  -0.0151184609   0.0256042264  -0.0156925202   0.0465586074
       -0.0789999367   0.0857508383   0.0006348271  -0.0009562785   0.0005592454
       -0.0042726557   0.0038619384  -0.0199384336   0.0008086144  -0.0005732203
       -0.0015489480  -0.0002170351   0.0000001859   0.0003214161   0.0008083621
        0.0005732549  -0.0015487807  -0.0042694535  -0.0038627125  -0.0199232955
       -0.0233812962   0.0000059350   0.0033132068  -0.0004295442   0.0025302996
       -0.0007657211   0.0008445293  -0.0007728930   0.0006343601   0.0001535897
       -0.0000858031   0.0001713565   0.0000558569   0.0002314788   0.0004543423
        0.0001534597   0.0000858852   0.0001712874   0.0000561143  -0.0002314908
        0.0004540967  -0.0004264480  -0.0025280655  -0.0007639689   0.0008441676
        0.0007733174   0.0006348271   0.0292717390  -0.0000081100   0.0383342547
        0.0024814147  -0.0034683303   0.0299429897   0.0000563041   0.0006612414
        0.0003301127   0.0000001734  -0.0009063508   0.0000000854  -0.0000562189
        0.0006615108  -0.0003308823  -0.0024817959  -0.0034721401  -0.0299532118
        0.0000055585  -0.0468997756  -0.0000021581   0.0036193615  -0.0048793478
        0.0033738011   0.0000575296   0.0000326081   0.0009566044  -0.0001707567
        0.0000011346  -0.0001397514   0.0002781517   0.0000972419  -0.0004846898
        0.0001708411   0.0000012718   0.0001398436  -0.0002781842   0.0000969925
        0.0004849181  -0.0036171494  -0.0048825549  -0.0033741077  -0.0000571195
        0.0000329599  -0.0009562785  -0.0000081100   0.0629235384   0.0000127247
        0.0007484422   0.0031403868  -0.0140780772   0.0005377572  -0.0009555141
        0.0010317317  -0.0003696732  -0.0000000902  -0.0003374503   0.0005372731
        0.0009557886   0.0010317163   0.0007500631  -0.0031402114  -0.0140774559
       -0.0374905785  -0.0000124249  -0.3681608283  -0.0015331642   0.0028654915
       -0.0006527870   0.0001813913  -0.0005493165   0.0005592344   0.0004726306
       -0.0001214238   0.0001613869  -0.0006452282   0.0000449848   0.0003839124
        0.0004725710   0.0001216660   0.0001613819  -0.0006451998  -0.0000453027
        0.0003839039  -0.0015316587  -0.0028661809  -0.0006526707   0.0001811194
        0.0005494222   0.0005592454   0.0383342547   0.0000127247   0.3936867564
