           1           2  0.98700240172840681     
           2           3  0.98604057659112487     
           3           4  0.98604060791101167     
           4           5  0.98700234104639373     
           1           6   1.0161673112702676     
           5           6   1.0161673326549474     
           1           7  0.97201258345631303     
           1           8  0.97465413301587112     
           2           9  0.97107664719494891     
           2          10  0.96639534863087961     
           4          11  0.97107664893034062     
           4          12  0.96639535857472170     
           5          13  0.97201259754008784     
           5          14  0.97465414351067869     
           6          15  0.95684428931835996     
