$hessian                                                                        
        0.6674542204   0.0156134109  -0.0000682894  -0.0933321259  -0.0393073270
        0.0000053779   0.0240693836  -0.0256718354  -0.0000024304  -0.0082377739
        0.0328709149   0.0000004959  -0.0659649745  -0.0307842539   0.0000077792
       -0.2708291051   0.1413045206   0.0000284439  -0.0003047768  -0.0001649619
        0.0000008141  -0.0049115871  -0.0011978991   0.0000003054   0.0017341030
       -0.0002311310  -0.0000000145  -0.0012385279  -0.0013538990  -0.0000002481
       -0.0008645558   0.0015360820   0.0000000676   0.0017455533   0.0000282670
        0.0000000199  -0.0006380498   0.0005553105  -0.0000003188  -0.0039601682
       -0.0044938341   0.0000007694  -0.2378263078  -0.1138685427   0.0000260903
       -0.0018741402   0.0262461757   0.0000000178  -0.0042229378  -0.0032192857
        0.0000013145  -0.0007033759   0.0020780283  -0.0000003650  -0.0000325148
        0.0000060549  -0.0000000103  -0.0000595713   0.0000021528   0.0000000478
       -0.0000311325  -0.0000013260   0.0000001044   0.0000283651   0.0000533778
        0.0000000285
        0.0156134109   0.6626057754  -0.0000039784   0.0393080114  -0.3372459589
       -0.0000024769  -0.0838178755  -0.0370487303   0.0000100869   0.0272805134
       -0.0523939507  -0.0000036580   0.0266963041   0.0637250384  -0.0000033254
        0.0644003356  -0.1527541616  -0.0000080935  -0.0024449792  -0.0065827566
       -0.0000003061   0.0012379933   0.0011828766   0.0000003261  -0.0026450972
       -0.0001150652   0.0000000714   0.0013538901   0.0021879864   0.0000002193
        0.0015360820  -0.0022354861   0.0000000175  -0.0028757235  -0.0000808954
        0.0000000370   0.0028691556  -0.0009067767   0.0000002784   0.0005318547
        0.0051021841  -0.0000006110  -0.1137754775  -0.1105253463   0.0000145895
        0.0024104221  -0.0173737556  -0.0000003495  -0.0028225115  -0.0005133000
        0.0000000372   0.0250497334  -0.0170150503  -0.0000028495   0.0000100086
       -0.0000285506   0.0000000546   0.0000200668   0.0000043032  -0.0000000048
        0.0000230593  -0.0000056418  -0.0000000233   0.0000408229   0.0000172620
       -0.0000000417
       -0.0000682894  -0.0000039784   0.1130532066   0.0000056007   0.0000063110
       -0.0464023652  -0.0000024822   0.0000027654   0.0018310383   0.0000001124
       -0.0000038239  -0.0043814228   0.0000084902   0.0000036724  -0.0021319524
        0.0000275169  -0.0000174064  -0.0434319310  -0.0000001465   0.0000004587
        0.0060513072   0.0000012085  -0.0000000561   0.0013595835  -0.0000002288
        0.0000001082  -0.0000330583   0.0000002616   0.0000001746  -0.0002060502
        0.0000000723  -0.0000001950   0.0000138854  -0.0000001736   0.0000000059
       -0.0000768878  -0.0000001427  -0.0000000172  -0.0001108926   0.0000006553
        0.0000004060   0.0000154193   0.0000258733   0.0000144543  -0.0330092953
        0.0000001997  -0.0000029365   0.0001142361   0.0000012589   0.0000004092
        0.0072262207   0.0000001918  -0.0000003357   0.0000588364   0.0000000121
       -0.0000000030   0.0000216228   0.0000000136   0.0000000071   0.0000086582
       -0.0000000028  -0.0000000115   0.0000393962  -0.0000000011  -0.0000000091
       -0.0000095552
       -0.0933321259   0.0393080114   0.0000056007   0.6674544040  -0.0156134230
       -0.0000622346  -0.2708286443  -0.1413048466   0.0000251890  -0.0659649983
        0.0307839180   0.0000075860  -0.0082376018  -0.0328707983  -0.0000002547
        0.0240690974   0.0256719861  -0.0000023006  -0.0039601823   0.0044938102
        0.0000006416  -0.0006380409  -0.0005553099  -0.0000003058   0.0017455463
       -0.0000282617   0.0000000365  -0.0008645471  -0.0015360790  -0.0000000458
       -0.0012385286   0.0013538897  -0.0000000944   0.0017340952   0.0002311365
        0.0000000234  -0.0049115879   0.0011978817   0.0000001508  -0.0003047836
        0.0001649793   0.0000009530  -0.0018740637  -0.0262461365   0.0000002531
       -0.2378269300   0.1138682097   0.0000231862  -0.0007033031  -0.0020779847
        0.0000001967  -0.0042229522   0.0032192761   0.0000012161   0.0000283654
       -0.0000533774   0.0000001226  -0.0000311324   0.0000013260   0.0000000865
       -0.0000595713  -0.0000021528   0.0000000499  -0.0000325149  -0.0000060548
       -0.0000000562
       -0.0393073270  -0.3372459589   0.0000063110  -0.0156134230   0.6626056478
       -0.0000003139  -0.0644006697  -0.1527546937   0.0000060842  -0.0266966490
        0.0637250507   0.0000039909  -0.0272803912  -0.0523940989   0.0000033341
        0.0838180246  -0.0370484383  -0.0000099073  -0.0005318811   0.0051021943
        0.0000006216  -0.0028691550  -0.0009067866  -0.0000001590   0.0028757284
       -0.0000808864  -0.0000000599  -0.0015360777  -0.0022354949  -0.0000002271
       -0.0013538999   0.0021879856   0.0000000212   0.0026451016  -0.0001150555
       -0.0000000741  -0.0012380088   0.0011828756  -0.0000003594   0.0024450018
       -0.0065827473   0.0000002484  -0.0024103808  -0.0173738365   0.0000000849
        0.1137751455  -0.1105247404  -0.0000121321  -0.0250496837  -0.0170151036
        0.0000028772   0.0028225026  -0.0005132855  -0.0000003702  -0.0000408228
        0.0000172622   0.0000000292  -0.0000230593  -0.0000056417   0.0000000151
       -0.0000200670   0.0000043032   0.0000000069  -0.0000100086  -0.0000285511
       -0.0000000217
        0.0000053779  -0.0000024769  -0.0464023652  -0.0000622346  -0.0000003139
        0.1130531563   0.0000256128   0.0000157192  -0.0434319036   0.0000076721
       -0.0000029469  -0.0021319492   0.0000001050   0.0000033984  -0.0043814186
       -0.0000020449  -0.0000027765   0.0018310380   0.0000006877  -0.0000003757
        0.0000154200  -0.0000002423  -0.0000000084  -0.0001108921  -0.0000001702
       -0.0000000050  -0.0000768880   0.0000000787   0.0000001835   0.0000138844
        0.0000002664  -0.0000001395  -0.0002060502  -0.0000002308  -0.0000000994
       -0.0000330583   0.0000009733   0.0000000003   0.0013595881  -0.0000003659
       -0.0000006586   0.0060513016   0.0000002010   0.0000032414   0.0001142415
        0.0000228742  -0.0000125232  -0.0330092811   0.0000000191   0.0000001969
        0.0000588334   0.0000013829  -0.0000004250   0.0072262225   0.0000000066
        0.0000000037  -0.0000095544   0.0000000048   0.0000000039   0.0000393954
        0.0000000137  -0.0000000049   0.0000086572   0.0000000126   0.0000000067
        0.0000216224
        0.0240693836  -0.0838178755  -0.0000024822  -0.2708286443  -0.0644006697
        0.0000256128   0.6621051221   0.0115507943  -0.0000607878  -0.2571290285
        0.0658134399   0.0000225629   0.0153161222   0.0836133181  -0.0000010988
       -0.0589457116   0.0022768262   0.0000062116   0.0076863258  -0.0091459211
       -0.0000006831   0.0003855177  -0.0003894334   0.0000003956  -0.0034770907
        0.0002142772  -0.0000001322   0.0017455460   0.0028757290   0.0000001404
        0.0017341032  -0.0026450968  -0.0000000816  -0.0044738418   0.0009765418
       -0.0000001721   0.0011091365  -0.0049333181   0.0000009676  -0.0497343038
        0.0133590314   0.0000054301   0.0010482209  -0.0000333721   0.0000006446
       -0.0263690858  -0.0115261124   0.0000026369  -0.0437598817  -0.0042741341
        0.0000006923  -0.0005689812  -0.0000366187   0.0000004097  -0.0000754968
        0.0000850360  -0.0000001483   0.0000689898   0.0000273801  -0.0000001279
       -0.0000862220   0.0001040823  -0.0000001028   0.0001798202   0.0003060955
        0.0000001122
       -0.0256718354  -0.0370487303   0.0000027654  -0.1413048466  -0.1527546937
        0.0000157192   0.0115507943   0.6775036962  -0.0000002565   0.1456082261
       -0.1606199595  -0.0000159210   0.0256735703  -0.0294008930  -0.0000031262
       -0.0022769819   0.0029655035   0.0000000560  -0.0008944334  -0.0073353026
        0.0000000775   0.0002434831   0.0010567953  -0.0000000592   0.0002142783
       -0.0000791334  -0.0000000727  -0.0000282622  -0.0000808882  -0.0000000147
       -0.0002311321  -0.0001150651  -0.0000001188  -0.0009765547   0.0003847076
       -0.0000000048  -0.0019777293  -0.0027200076   0.0000006408  -0.0161871075
        0.0136345687   0.0000010692  -0.0003287663  -0.0059996315   0.0000001978
        0.0121023427   0.0065730421  -0.0000016183  -0.0052682207  -0.3070130083
        0.0000006235  -0.0000339094   0.0008930249   0.0000000560  -0.0000584564
        0.0000702927  -0.0000000456  -0.0000226599   0.0000099472   0.0000000158
       -0.0000731631   0.0000363143  -0.0000000106  -0.0000586361   0.0000394206
        0.0000000272
       -0.0000024304   0.0000100869   0.0018310383   0.0000251890   0.0000060842
       -0.0434319036  -0.0000607878  -0.0000002565   0.1081310729   0.0000226226
       -0.0000073333  -0.0458438574  -0.0000034541  -0.0000098931  -0.0025854626
        0.0000064428  -0.0000000348  -0.0032428097   0.0000007231  -0.0000001135
        0.0069089577   0.0000004277  -0.0000001929  -0.0001705963   0.0000003756
        0.0000000514  -0.0001352015  -0.0000001395  -0.0000000726  -0.0000768881
       -0.0000001444   0.0000000637  -0.0000330600   0.0000004625  -0.0000000565
       -0.0002581963  -0.0000000062   0.0000005251   0.0004166173   0.0000056716
       -0.0000005447   0.0040019627   0.0000007939   0.0000000760   0.0073305362
        0.0000030137   0.0000013808   0.0000041527   0.0000011990   0.0000002326
       -0.0327162205   0.0000001443   0.0000000086  -0.0001883702  -0.0000000316
        0.0000000234  -0.0000644787  -0.0000000102  -0.0000000048   0.0000314551
       -0.0000000177  -0.0000000018   0.0001229499  -0.0000000436  -0.0000000282
       -0.0000316979
       -0.0082377739   0.0272805134   0.0000001124  -0.0659649983  -0.0266966490
        0.0000076721  -0.2571290285   0.1456082261   0.0000226226   0.6371365019
       -0.0427733837  -0.0000494890  -0.0553217728  -0.0511217811  -0.0000007460
        0.0153164132  -0.0256734637  -0.0000033419  -0.0421218472   0.0511847081
        0.0000069281   0.0143514986   0.0043390159  -0.0000007374   0.0003855196
        0.0002434836  -0.0000003092  -0.0006380406  -0.0028691552   0.0000000722
       -0.0049115877   0.0012379917  -0.0000007812   0.0011091179   0.0019777424
        0.0000002605  -0.0580820108  -0.0014209200   0.0000017189  -0.1690821589
       -0.0781748764   0.0000120443   0.0002605332   0.0007111013  -0.0000001119
       -0.0033754260  -0.0025860657   0.0000013275  -0.0004183666   0.0023097812
        0.0000007751  -0.0038977032  -0.0027332154   0.0000017575   0.0006098773
       -0.0007405688   0.0000000830   0.0002002990  -0.0002546254   0.0000001047
        0.0000002323   0.0002385854  -0.0000000836  -0.0001892787  -0.0000864445
        0.0000001213
        0.0328709149  -0.0523939507  -0.0000038239   0.0307839180   0.0637250507
       -0.0000029469   0.0658134399  -0.1606199595  -0.0000073333  -0.0427733837
        0.6431852760   0.0000097818   0.0511224680  -0.2880703310  -0.0000103371
       -0.0836132216  -0.0294011908   0.0000093454   0.0055380228  -0.0318257361
       -0.0000017073   0.0043390157   0.0040990272  -0.0000001437  -0.0003894347
        0.0010567948   0.0000003854  -0.0005553084  -0.0009067849   0.0000000010
       -0.0011978975   0.0011828749   0.0000001505   0.0049333273  -0.0027199855
        0.0000002581   0.0014207032   0.0195588803  -0.0000015930  -0.0915546253
       -0.1446898389   0.0000104564   0.0004767324  -0.0004343344  -0.0000001249
       -0.0032026539  -0.0007156249   0.0000004076   0.0272476709  -0.0204171158
       -0.0000032286  -0.0015482364  -0.0002089750   0.0000004714   0.0000469020
       -0.0000088696   0.0000001042   0.0001220609  -0.0001353263  -0.0000000316
        0.0003634549  -0.0000128810  -0.0000000375  -0.0002438693  -0.0002469995
       -0.0000000539
        0.0000004959  -0.0000036580  -0.0043814228   0.0000075860   0.0000039909
       -0.0021319492   0.0000225629  -0.0000159210  -0.0458438574  -0.0000494890
        0.0000097818   0.1173244490   0.0000009193   0.0000014804  -0.0495295072
       -0.0000019421   0.0000029014  -0.0025854597   0.0000039427  -0.0000078256
        0.0032542505   0.0000001535   0.0000001586  -0.0002387297  -0.0000005181
        0.0000001075  -0.0001705950   0.0000003551   0.0000002811  -0.0001108898
        0.0000000223  -0.0000004128   0.0013595870  -0.0000008588   0.0000006989
        0.0004166077  -0.0000000844  -0.0000014991  -0.0030939142   0.0000141628
        0.0000095114  -0.0321518310   0.0000000536  -0.0000000617   0.0006699555
        0.0000011472   0.0000002564   0.0075964612   0.0000001842  -0.0000002702
        0.0015449809   0.0000014512   0.0000003615   0.0080490260  -0.0000000676
        0.0000000563   0.0001129187   0.0000000092   0.0000000336  -0.0001671960
       -0.0000000948   0.0000000313  -0.0000292483   0.0000000091  -0.0000000027
        0.0001063638
       -0.0659649745   0.0266963041   0.0000084902  -0.0082376018  -0.0272803912
        0.0000001050   0.0153161222   0.0256735703  -0.0000034541  -0.0553217728
        0.0511224680   0.0000009193   0.6371363458   0.0427732589  -0.0000589659
       -0.2571284985  -0.1456084445   0.0000251612  -0.1690826794   0.0781748380
        0.0000189194  -0.0580820150   0.0014206959   0.0000031190   0.0011091369
       -0.0019777282  -0.0000000291  -0.0049115863  -0.0012380082  -0.0000008294
       -0.0006380487   0.0028691521   0.0000002818   0.0003855138  -0.0002434852
       -0.0000004746   0.0143515297  -0.0043389892  -0.0000007161  -0.0421216888
       -0.0511847350   0.0000042877  -0.0033754411   0.0025860593   0.0000012608
        0.0002605362  -0.0007110986   0.0000001396  -0.0038977137   0.0027332055
        0.0000016217  -0.0004182931  -0.0023097261   0.0000000450  -0.0001892795
        0.0000864436  -0.0000001862   0.0000002339  -0.0002385859   0.0000000007
        0.0002002988   0.0002546256   0.0000000931   0.0006098759   0.0007405708
        0.0000002109
       -0.0307842539   0.0637250384   0.0000036724  -0.0328707983  -0.0523940989
        0.0000033984   0.0836133181  -0.0294008930  -0.0000098931  -0.0511217811
       -0.2880703310   0.0000014804   0.0427732589   0.6431854144   0.0000046000
       -0.0658136637  -0.1606204747   0.0000091072   0.0915545799  -0.1446893731
       -0.0000186269  -0.0014209168   0.0195588805   0.0000028629  -0.0049333153
       -0.0027200089  -0.0000004585   0.0011978801   0.0011828737   0.0000000129
        0.0005553087  -0.0009067743  -0.0000000267   0.0003894345   0.0010567950
       -0.0000001627  -0.0043389914   0.0040990033   0.0000003581  -0.0055380432
       -0.0318258927   0.0000012656   0.0032026476  -0.0007156093  -0.0000006118
       -0.0004767302  -0.0004343369   0.0000003055   0.0015482253  -0.0002089634
       -0.0000002548  -0.0272476138  -0.0204171735   0.0000028423   0.0002438696
       -0.0002469982   0.0000001663  -0.0003634550  -0.0000128832  -0.0000000282
       -0.0001220598  -0.0001353264   0.0000000429  -0.0000469001  -0.0000088678
       -0.0000000523
        0.0000077792  -0.0000033254  -0.0021319524  -0.0000002547   0.0000033341
       -0.0043814186  -0.0000010988  -0.0000031262  -0.0025854626  -0.0000007460
       -0.0000103371  -0.0495295072  -0.0000589659   0.0000046000   0.1173244305
        0.0000257983   0.0000172119  -0.0458438778   0.0000209246  -0.0000163720
       -0.0321517356   0.0000011256   0.0000026220  -0.0030939387  -0.0000013169
       -0.0000006901   0.0004166070   0.0000002949   0.0000003989   0.0013595819
        0.0000004418  -0.0000004879  -0.0001108929  -0.0000006142  -0.0000000189
       -0.0001705981  -0.0000003914   0.0000000779  -0.0002387363   0.0000044154
        0.0000066375   0.0032542672   0.0000013673  -0.0000002415   0.0075964557
        0.0000000636   0.0000000620   0.0006699580   0.0000012611  -0.0000003277
        0.0080490275   0.0000000687   0.0000001185   0.0015449697   0.0000000324
       -0.0000000101   0.0001063551  -0.0000000940  -0.0000000156  -0.0000292562
       -0.0000000019  -0.0000000203  -0.0001671971  -0.0000000890  -0.0000000899
        0.0001129207
       -0.2708291051   0.0644003356   0.0000275169   0.0240690974   0.0838180246
       -0.0000020449  -0.0589457116  -0.0022769819   0.0000064428   0.0153164132
       -0.0836132216  -0.0000019421  -0.2571284985  -0.0658136637   0.0000257983
        0.6621050834  -0.0115506757  -0.0000687779  -0.0497342781  -0.0133592002
        0.0000068018   0.0011091219   0.0049333292   0.0000010324  -0.0044738394
       -0.0009765560  -0.0000002425   0.0017340944   0.0026451021   0.0000001997
        0.0017455540  -0.0028757225  -0.0000001213  -0.0034770875  -0.0002142873
       -0.0000001010   0.0003855160   0.0003894326   0.0000005416   0.0076862958
        0.0091459610  -0.0000004898  -0.0263690869   0.0115260272   0.0000030496
        0.0010482201   0.0000333899   0.0000006806  -0.0005689808   0.0000366153
       -0.0000001321  -0.0437599006   0.0042746853   0.0000021030   0.0001798208
       -0.0003060948  -0.0000000198  -0.0000862219  -0.0001040827  -0.0000001128
        0.0000689898  -0.0000273799  -0.0000001598  -0.0000754966  -0.0000850365
       -0.0000000227
        0.1413045206  -0.1527541616  -0.0000174064   0.0256719861  -0.0370484383
       -0.0000027765   0.0022768262   0.0029655035  -0.0000000348  -0.0256734637
       -0.0294011908   0.0000029014  -0.1456084445  -0.1606204747   0.0000172119
       -0.0115506757   0.6775036135   0.0000023325   0.0161869327   0.0136345766
       -0.0000010376   0.0019777387  -0.0027199898  -0.0000009610   0.0009765427
        0.0003847076   0.0000000297   0.0002311360  -0.0001150578   0.0000000789
        0.0000282663  -0.0000808954  -0.0000000219  -0.0002142862  -0.0000791345
        0.0000000817  -0.0002434847   0.0010567952   0.0000001280   0.0008944714
       -0.0073352792  -0.0000004421  -0.0121024286   0.0065730375   0.0000014934
        0.0003287838  -0.0059996279  -0.0000000871   0.0000339061   0.0008930251
       -0.0000000228   0.0052687578  -0.3070129827  -0.0000014562   0.0000586360
        0.0000394201  -0.0000000448   0.0000731628   0.0000363140   0.0000000102
        0.0000226601   0.0000099471  -0.0000000131   0.0000584561   0.0000702924
        0.0000000367
        0.0000284439  -0.0000080935  -0.0434319310  -0.0000023006  -0.0000099073
        0.0018310380   0.0000062116   0.0000000560  -0.0032428097  -0.0000033419
        0.0000093454  -0.0025854597   0.0000251612   0.0000091072  -0.0458438778
       -0.0000687779   0.0000023325   0.1081311073   0.0000077682   0.0000004927
        0.0040019803  -0.0000000668  -0.0000006929   0.0004166040   0.0000005227
        0.0000001221  -0.0002581964  -0.0000001895  -0.0000001005  -0.0000330604
       -0.0000001346   0.0000001145  -0.0000768885   0.0000003408  -0.0000000449
       -0.0001352009   0.0000006341   0.0000000637  -0.0001705994   0.0000001789
       -0.0000002593   0.0069089655   0.0000032648  -0.0000015173   0.0000041583
        0.0000006977   0.0000001010   0.0073305368   0.0000001470  -0.0000000142
       -0.0001883678   0.0000015496  -0.0000011338  -0.0327162255  -0.0000000509
        0.0000000507  -0.0000316980  -0.0000000116  -0.0000000030   0.0001229490
       -0.0000000152  -0.0000000008   0.0000314547  -0.0000000317  -0.0000000182
       -0.0000644787
       -0.0003047768  -0.0024449792  -0.0000001465  -0.0039601823  -0.0005318811
        0.0000006877   0.0076863258  -0.0008944334   0.0000007231  -0.0421218472
        0.0055380228   0.0000039427  -0.1690826794   0.0915545799   0.0000209246
       -0.0497342781   0.0161869327   0.0000077682   0.4701209142   0.0000001480
       -0.0000171380  -0.1690821208  -0.0915546084  -0.0000112588  -0.0497342522
       -0.0161871127  -0.0000029706  -0.0003047890   0.0024449935   0.0000008567
       -0.0039601712   0.0005318599  -0.0000004160   0.0076863013   0.0008944761
       -0.0000000048  -0.0421216959  -0.0055380526  -0.0000021443   0.0444346881
        0.0000000558  -0.0000006078  -0.0014746659   0.0005779544   0.0000002173
        0.0001983609  -0.0000606240  -0.0000000155  -0.0008565054   0.0004653953
       -0.0000002285   0.0023720879   0.0009404855  -0.0000005054   0.0023720922
       -0.0009404824   0.0000004614  -0.0014746670  -0.0005779594   0.0000000601
        0.0001983597   0.0000606237  -0.0000002015  -0.0008564991  -0.0004653946
       -0.0000000041
       -0.0001649619  -0.0065827566   0.0000004587   0.0044938102   0.0051021943
       -0.0000003757  -0.0091459211  -0.0073353026  -0.0000001135   0.0511847081
       -0.0318257361  -0.0000078256   0.0781748380  -0.1446893731  -0.0000163720
       -0.0133592002   0.0136345766   0.0000004927   0.0000001480   0.3394363771
        0.0000370260  -0.0781748668  -0.1446898355  -0.0000113139   0.0133590203
        0.0136345667   0.0000007363   0.0001649800  -0.0065827472  -0.0000002617
       -0.0044938344   0.0051021818  -0.0000000102   0.0091459629  -0.0073352719
       -0.0000006743  -0.0511847387  -0.0318259051  -0.0000056262   0.0000000584
        0.0019541838   0.0000029584  -0.0009701261   0.0003128348   0.0000002538
       -0.0003349401   0.0003097748  -0.0000000990   0.0018142147  -0.0010380626
        0.0000000978   0.0006420760   0.0014168810   0.0000002708  -0.0006420731
        0.0014168768   0.0000001706   0.0009701211   0.0003128361   0.0000002338
        0.0003349395   0.0003097761  -0.0000000315  -0.0018142148  -0.0010380694
        0.0000000046
        0.0000008141  -0.0000003061   0.0060513072   0.0000006416   0.0000006216
        0.0000154200  -0.0000006831   0.0000000775   0.0069089577   0.0000069281
       -0.0000017073   0.0032542505   0.0000189194  -0.0000186269  -0.0321517356
        0.0000068018  -0.0000010376   0.0040019803  -0.0000171380   0.0000370260
        0.0381407344  -0.0000077386  -0.0000107691  -0.0321517633  -0.0000012916
        0.0000003750   0.0040019675  -0.0000006249  -0.0000010037   0.0060513060
       -0.0000010956   0.0000008119   0.0000154223   0.0000011687  -0.0000004920
        0.0069089692  -0.0000050256  -0.0000023018   0.0032542514  -0.0000011712
       -0.0000027978  -0.0032831970   0.0000000120  -0.0000000369  -0.0001240103
       -0.0000002156   0.0000000140  -0.0015269620  -0.0000000326   0.0000000139
       -0.0005579604  -0.0000008318  -0.0000001872  -0.0033000076   0.0000002595
        0.0000001086  -0.0033000050   0.0000000830  -0.0000000104  -0.0001240057
        0.0000001769   0.0000001394  -0.0015269603   0.0000000435   0.0000000890
       -0.0005579596
       -0.0049115871   0.0012379933   0.0000012085  -0.0006380409  -0.0028691550
       -0.0000002423   0.0003855177   0.0002434831   0.0000004277   0.0143514986
        0.0043390157   0.0000001535  -0.0580820150  -0.0014209168   0.0000011256
        0.0011091219   0.0019777387  -0.0000000668  -0.1690821208  -0.0781748668
       -0.0000077386   0.6371363853  -0.0427732703   0.0000175590  -0.2571289749
        0.1456081085  -0.0000029334  -0.0659649954  -0.0266966773  -0.0000053719
       -0.0082377773   0.0272805179   0.0000016398   0.0153164375  -0.0256734424
        0.0000006003  -0.0553217670  -0.0511217938  -0.0000017030  -0.0421218456
        0.0511847164  -0.0000018724   0.0000002323   0.0002385848  -0.0000000425
        0.0002002988  -0.0002546256  -0.0000000828   0.0006098773  -0.0007405696
       -0.0000000977  -0.0001892777  -0.0000864441  -0.0000002415  -0.0004183749
        0.0023097833  -0.0000006673  -0.0033754231  -0.0025860657  -0.0000008082
        0.0002605325   0.0007111017   0.0000002698  -0.0038977023  -0.0027332160
       -0.0000011158
       -0.0011978991   0.0011828766  -0.0000000561  -0.0005553099  -0.0009067866
       -0.0000000084  -0.0003894334   0.0010567953  -0.0000001929   0.0043390159
        0.0040990272   0.0000001586   0.0014206959   0.0195588805   0.0000026220
        0.0049333292  -0.0027199898  -0.0000006929  -0.0915546084  -0.1446898355
       -0.0000107691  -0.0427732703   0.6431853635   0.0000216404   0.0658133201
       -0.1606198467  -0.0000030895   0.0307838877   0.0637250556   0.0000049125
        0.0328709261  -0.0523939315  -0.0000005471  -0.0836131931  -0.0294012072
       -0.0000061401   0.0511224617  -0.2880705591  -0.0000058478   0.0055380181
       -0.0318257371  -0.0000010890   0.0003634549  -0.0000128815  -0.0000000800
        0.0001220609  -0.0001353268   0.0000001046   0.0000469019  -0.0000088697
       -0.0000000140  -0.0002438693  -0.0002469990  -0.0000000622   0.0272476703
       -0.0204170915   0.0000004809  -0.0032026554  -0.0007156263  -0.0000006686
        0.0004767322  -0.0004343334   0.0000000218  -0.0015482361  -0.0002089772
       -0.0000006830
        0.0000003054   0.0000003261   0.0013595835  -0.0000003058  -0.0000001590
       -0.0001108921   0.0000003956  -0.0000000592  -0.0001705963  -0.0000007374
       -0.0000001437  -0.0002387297   0.0000031190   0.0000028629  -0.0030939387
        0.0000010324  -0.0000009610   0.0004166040  -0.0000112588  -0.0000113139
       -0.0321517633   0.0000175590   0.0000216404   0.1173244305  -0.0000068403
        0.0000012750  -0.0458438694  -0.0000022628   0.0000012057  -0.0021319515
        0.0000014937  -0.0000005692  -0.0043814206  -0.0000036730  -0.0000029665
       -0.0025854670   0.0000022658  -0.0000117002  -0.0495294758  -0.0000010910
        0.0000030245   0.0032542509   0.0000001136  -0.0000000464  -0.0000292526
       -0.0000000235  -0.0000000138  -0.0001671974   0.0000000489  -0.0000000239
        0.0001129186   0.0000000007  -0.0000000139   0.0001063592   0.0000014318
       -0.0000010801   0.0015449719  -0.0000007037  -0.0000005789   0.0075964587
       -0.0000000008  -0.0000000394   0.0006699546  -0.0000008687  -0.0000006655
        0.0080490226
        0.0017341030  -0.0026450972  -0.0000002288   0.0017455463   0.0028757284
       -0.0000001702  -0.0034770907   0.0002142783   0.0000003756   0.0003855196
       -0.0003894347  -0.0000005181   0.0011091369  -0.0049333153  -0.0000013169
       -0.0044738394   0.0009765427   0.0000005227  -0.0497342522   0.0133590203
       -0.0000012916  -0.2571289749   0.0658133201  -0.0000068403   0.6621050093
        0.0115508381   0.0000295563  -0.2708286545  -0.0644007704  -0.0000162477
        0.0240694156  -0.0838178487  -0.0000035339  -0.0589457147   0.0022768039
       -0.0000031622   0.0153161052   0.0836133517   0.0000049070   0.0076863188
       -0.0091459188   0.0000005972  -0.0000862218   0.0001040822   0.0000000725
        0.0000689899   0.0000273799   0.0000000416  -0.0000754966   0.0000850358
        0.0000000130   0.0001798202   0.0003060951  -0.0000001224  -0.0437598745
       -0.0042739775  -0.0000001474  -0.0263690856  -0.0115261236  -0.0000019270
        0.0010482205  -0.0000333708  -0.0000002276  -0.0005689806  -0.0000366195
       -0.0000003519
       -0.0002311310  -0.0001150652   0.0000001082  -0.0000282617  -0.0000808864
       -0.0000000050   0.0002142772  -0.0000791334   0.0000000514   0.0002434836
        0.0010567948   0.0000001075  -0.0019777282  -0.0027200089  -0.0000006901
       -0.0009765560   0.0003847076   0.0000001221  -0.0161871127   0.0136345667
        0.0000003750   0.1456081085  -0.1606198467   0.0000012750   0.0115508381
        0.6775037099   0.0000312723  -0.1413049544  -0.1527548071  -0.0000137664
       -0.0256718075  -0.0370487496  -0.0000036324  -0.0022770040   0.0029655041
        0.0000004116   0.0256735895  -0.0294008767   0.0000002877  -0.0008944290
       -0.0073353071  -0.0000006622  -0.0000731634   0.0000363147   0.0000000115
       -0.0000226597   0.0000099477  -0.0000000458  -0.0000584562   0.0000702929
        0.0000000268  -0.0000586360   0.0000394212  -0.0000000040  -0.0052680549
       -0.3070130118  -0.0000156439   0.0121023312   0.0065730395   0.0000012884
       -0.0003287640  -0.0059996309  -0.0000008217  -0.0000339095   0.0008930247
       -0.0000000659
       -0.0000000145   0.0000000714  -0.0000330583   0.0000000365  -0.0000000599
       -0.0000768880  -0.0000001322  -0.0000000727  -0.0001352015  -0.0000003092
        0.0000003854  -0.0001705950  -0.0000000291  -0.0000004585   0.0004166070
       -0.0000002425   0.0000000297  -0.0002581964  -0.0000029706   0.0000007363
        0.0040019675  -0.0000029334  -0.0000030895  -0.0458438694   0.0000295563
        0.0000312723   0.1081310824  -0.0000200000  -0.0000085912  -0.0434318940
        0.0000000535  -0.0000074597   0.0018310359  -0.0000037176   0.0000003877
       -0.0032428088   0.0000036518   0.0000035471  -0.0025854632  -0.0000007998
       -0.0000003304   0.0069089627   0.0000000210  -0.0000000081   0.0001229500
       -0.0000000029  -0.0000000010   0.0000314561   0.0000000169  -0.0000000104
       -0.0000644780   0.0000000185   0.0000000074  -0.0000316976  -0.0000008112
       -0.0000152479  -0.0327162240  -0.0000008395  -0.0000003224   0.0000041506
       -0.0000004726  -0.0000008335   0.0073305318  -0.0000000796   0.0000000479
       -0.0001883698
       -0.0012385279   0.0013538901   0.0000002616  -0.0008645471  -0.0015360777
        0.0000000787   0.0017455460  -0.0000282622  -0.0000001395  -0.0006380406
       -0.0005553084   0.0000003551  -0.0049115863   0.0011978801   0.0000002949
        0.0017340944   0.0002311360  -0.0000001895  -0.0003047890   0.0001649800
       -0.0000006249  -0.0659649954   0.0307838877  -0.0000022628  -0.2708286545
       -0.1413049544  -0.0000200000   0.6674545355  -0.0156132659   0.0000299189
       -0.0933321387   0.0393080319  -0.0000006139   0.0240690722   0.0256720101
        0.0000025905  -0.0082376024  -0.0328707921  -0.0000015318  -0.0039601778
        0.0044938083  -0.0000006375  -0.0000595715  -0.0000021522  -0.0000000390
       -0.0000311323   0.0000013267  -0.0000000078   0.0000283658  -0.0000533771
       -0.0000000023  -0.0000325152  -0.0000060545   0.0000000263  -0.0007032975
       -0.0020779828  -0.0000002826  -0.2378270221   0.1138681378  -0.0000051843
       -0.0018740613  -0.0262461352  -0.0000016935  -0.0042229543   0.0032192735
       -0.0000003167
       -0.0013538990   0.0021879864   0.0000001746  -0.0015360790  -0.0022354949
        0.0000001835   0.0028757290  -0.0000808882  -0.0000000726  -0.0028691552
       -0.0009067849   0.0000002811  -0.0012380082   0.0011828737   0.0000003989
        0.0026451021  -0.0001150578  -0.0000001005   0.0024449935  -0.0065827472
       -0.0000010037  -0.0266966773   0.0637250556   0.0000012057  -0.0644007704
       -0.1527548071  -0.0000085912  -0.0156132659   0.6626054311   0.0000318261
       -0.0393073163  -0.3372457133  -0.0000203164   0.0838180545  -0.0370484170
        0.0000028021  -0.0272803893  -0.0523941263  -0.0000044093  -0.0005318770
        0.0051021941  -0.0000002679  -0.0000200670   0.0000043025  -0.0000000449
       -0.0000230594  -0.0000056424  -0.0000000165  -0.0000408232   0.0000172618
       -0.0000000069  -0.0000100083  -0.0000285509  -0.0000000222  -0.0250496850
       -0.0170151243  -0.0000022953   0.1137750815  -0.1105246317   0.0000013152
       -0.0024103789  -0.0173738392  -0.0000009271   0.0028224988  -0.0005132802
       -0.0000001127
       -0.0000002481   0.0000002193  -0.0002060502  -0.0000000458  -0.0000002271
        0.0000138844   0.0000001404  -0.0000000147  -0.0000768881   0.0000000722
        0.0000000010  -0.0001108898  -0.0000008294   0.0000000129   0.0013595819
        0.0000001997   0.0000000789  -0.0000330604   0.0000008567  -0.0000002617
        0.0060513060  -0.0000053719   0.0000049125  -0.0021319515  -0.0000162477
       -0.0000137664  -0.0434318940   0.0000299189   0.0000318261   0.1130531595
       -0.0000049488  -0.0000159871  -0.0464023846   0.0000055804  -0.0000008269
        0.0018310401  -0.0000014419  -0.0000042090  -0.0043814207  -0.0000004791
        0.0000004437   0.0000154201  -0.0000000086  -0.0000000029   0.0000086553
       -0.0000000037  -0.0000000016   0.0000393954   0.0000000019  -0.0000000023
       -0.0000095534   0.0000000028  -0.0000000080   0.0000216209  -0.0000013809
       -0.0000010249   0.0000588345  -0.0000049463   0.0000017510  -0.0330092794
       -0.0000002222  -0.0000027214   0.0001142442  -0.0000005986  -0.0000001916
        0.0072262297
       -0.0008645558   0.0015360820   0.0000000723  -0.0012385286  -0.0013538999
        0.0000002664   0.0017341032  -0.0002311321  -0.0000001444  -0.0049115877
       -0.0011978975   0.0000000223  -0.0006380487   0.0005553087   0.0000004418
        0.0017455540   0.0000282663  -0.0000001346  -0.0039601712  -0.0044938344
       -0.0000010956  -0.0082377773   0.0328709261   0.0000014937   0.0240694156
       -0.0256718075   0.0000000535  -0.0933321387  -0.0393073163  -0.0000049488
        0.6674545761   0.0156132759   0.0000376535  -0.2708294157   0.1413046250
       -0.0000074558  -0.0659649905  -0.0307842919  -0.0000059057  -0.0003047791
       -0.0001649626  -0.0000005742  -0.0000311323  -0.0000013267  -0.0000000533
       -0.0000595716   0.0000021520  -0.0000000319  -0.0000325153   0.0000060545
        0.0000000482   0.0000283655   0.0000533771   0.0000000167  -0.0042229339
       -0.0032192854  -0.0000009157  -0.0018741494   0.0262461845   0.0000015734
       -0.2378263384  -0.1138685300  -0.0000207670  -0.0007033802   0.0020780322
        0.0000003852
        0.0015360820  -0.0022354861  -0.0000001950   0.0013538897   0.0021879856
       -0.0000001395  -0.0026450968  -0.0001150651   0.0000000637   0.0012379917
        0.0011828749  -0.0000004128   0.0028691521  -0.0009067743  -0.0000004879
       -0.0028757225  -0.0000808954   0.0000001145   0.0005318599   0.0051021818
        0.0000008119   0.0272805179  -0.0523939315  -0.0000005692  -0.0838178487
       -0.0370487496  -0.0000074597   0.0393080319  -0.3372457133  -0.0000159871
        0.0156132759   0.6626054804   0.0000339724   0.0644004515  -0.1527541661
       -0.0000015570   0.0266962786   0.0637250433   0.0000053325  -0.0024449869
       -0.0065827542  -0.0000003825   0.0000230593  -0.0000056423   0.0000000470
        0.0000200668   0.0000043027   0.0000000348   0.0000100083  -0.0000285511
       -0.0000000448   0.0000408231   0.0000172623   0.0000000532  -0.0028225119
       -0.0005133013  -0.0000003639   0.0024104262  -0.0173737552  -0.0000006682
       -0.1137754754  -0.1105253261  -0.0000126607   0.0250497275  -0.0170150194
        0.0000004983
        0.0000000676   0.0000000175   0.0000138854  -0.0000000944   0.0000000212
       -0.0002060502  -0.0000000816  -0.0000001188  -0.0000330600  -0.0000007812
        0.0000001505   0.0013595870   0.0000002818  -0.0000000267  -0.0001108929
       -0.0000001213  -0.0000000219  -0.0000768885  -0.0000004160  -0.0000000102
        0.0000154223   0.0000016398  -0.0000005471  -0.0043814206  -0.0000035339
       -0.0000036324   0.0018310359  -0.0000006139  -0.0000203164  -0.0464023846
        0.0000376535   0.0000339724   0.1130531948  -0.0000110924   0.0000031595
       -0.0434319024  -0.0000032386   0.0000018733  -0.0021319444   0.0000004502
       -0.0000012235   0.0060512961   0.0000000081   0.0000000011   0.0000393966
       -0.0000000124  -0.0000000055   0.0000086566  -0.0000000001   0.0000000002
        0.0000216207   0.0000000077   0.0000000056  -0.0000095530  -0.0000007544
       -0.0000006448   0.0072262259   0.0000000297   0.0000004666   0.0001142409
       -0.0000206556  -0.0000123938  -0.0330092941   0.0000012573  -0.0000007269
        0.0000588286
        0.0017455533  -0.0028757235  -0.0000001736   0.0017340952   0.0026451016
       -0.0000002308  -0.0044738418  -0.0009765547   0.0000004625   0.0011091179
        0.0049333273  -0.0000008588   0.0003855138   0.0003894345  -0.0000006142
       -0.0034770875  -0.0002142862   0.0000003408   0.0076863013   0.0091459629
        0.0000011687   0.0153164375  -0.0836131931  -0.0000036730  -0.0589457147
       -0.0022770040  -0.0000037176   0.0240690722   0.0838180545   0.0000055804
       -0.2708294157   0.0644004515  -0.0000110924   0.6621051769  -0.0115511579
        0.0000363599  -0.2571282305  -0.0658136022  -0.0000173247  -0.0497343133
       -0.0133592116  -0.0000040115   0.0000689900  -0.0000273802   0.0000000877
       -0.0000862220  -0.0001040829   0.0000000575   0.0001798208  -0.0003060953
       -0.0000000948  -0.0000754965  -0.0000850367  -0.0000000145  -0.0005689813
        0.0000366142   0.0000002416   0.0010482194   0.0000333935  -0.0000003795
       -0.0263690814   0.0115260197  -0.0000009625  -0.0437599135   0.0042749685
       -0.0000011511
        0.0000282670  -0.0000808954   0.0000000059   0.0002311365  -0.0001150555
       -0.0000000994   0.0009765418   0.0003847076  -0.0000000565   0.0019777424
       -0.0027199855   0.0000006989  -0.0002434852   0.0010567950  -0.0000000189
       -0.0002142873  -0.0000791345  -0.0000000449   0.0008944761  -0.0073352719
       -0.0000004920  -0.0256734424  -0.0294012072  -0.0000029665   0.0022768039
        0.0029655041   0.0000003877   0.0256720101  -0.0370484170  -0.0000008269
        0.1413046250  -0.1527541661   0.0000031595  -0.0115511579   0.6775036340
        0.0000300425  -0.1456083952  -0.1606205175  -0.0000153106   0.0161869283
        0.0136345747   0.0000006712   0.0000226597   0.0000099484   0.0000000223
        0.0000731632   0.0000363152  -0.0000000276   0.0000586369   0.0000394205
        0.0000000478   0.0000584552   0.0000702933  -0.0000000189   0.0000339047
        0.0008930244   0.0000000157   0.0003287869  -0.0059996329  -0.0000006638
       -0.0121024340   0.0065730407  -0.0000003287   0.0052690643  -0.3070129743
       -0.0000141969
        0.0000000199   0.0000000370  -0.0000768878   0.0000000234  -0.0000000741
       -0.0000330583  -0.0000001721  -0.0000000048  -0.0002581963   0.0000002605
        0.0000002581   0.0004166077  -0.0000004746  -0.0000001627  -0.0001705981
       -0.0000001010   0.0000000817  -0.0001352009  -0.0000000048  -0.0000006743
        0.0069089692   0.0000006003  -0.0000061401  -0.0025854670  -0.0000031622
        0.0000004116  -0.0032428088   0.0000025905   0.0000028021   0.0018310401
       -0.0000074558  -0.0000015570  -0.0434319024   0.0000363599   0.0000300425
        0.1081311009  -0.0000216420  -0.0000116401  -0.0458439007  -0.0000034865
        0.0000005036   0.0040019827   0.0000000011   0.0000000063   0.0000314569
        0.0000000242   0.0000000057   0.0001229499   0.0000000296  -0.0000000200
       -0.0000316983   0.0000000209   0.0000000194  -0.0000644768  -0.0000000754
        0.0000000712  -0.0001883681  -0.0000003197  -0.0000008087   0.0073305309
       -0.0000024572   0.0000012075   0.0000041533  -0.0000005788  -0.0000143648
       -0.0327162281
       -0.0006380498   0.0028691556  -0.0000001427  -0.0049115879  -0.0012380088
        0.0000009733   0.0011091365  -0.0019777293  -0.0000000062  -0.0580820108
        0.0014207032  -0.0000000844   0.0143515297  -0.0043389914  -0.0000003914
        0.0003855160  -0.0002434847   0.0000006341  -0.0421216959  -0.0511847387
       -0.0000050256  -0.0553217670   0.0511224617   0.0000022658   0.0153161052
        0.0256735895   0.0000036518  -0.0082376024  -0.0272803893  -0.0000014419
       -0.0659649905   0.0266962786  -0.0000032386  -0.2571282305  -0.1456083952
       -0.0000216420   0.6371361175   0.0427732023   0.0000323568  -0.1690826989
        0.0781748497  -0.0000060160   0.0002002986   0.0002546269  -0.0000000260
        0.0000002340  -0.0002385847  -0.0000001397  -0.0001892792   0.0000864446
       -0.0000001342   0.0006098751   0.0007405709  -0.0000001133  -0.0038977161
        0.0027332050  -0.0000005149   0.0002605363  -0.0007110997  -0.0000002824
       -0.0033754410   0.0025860575  -0.0000006248  -0.0004182786  -0.0023097237
       -0.0000000579
        0.0005553105  -0.0009067767  -0.0000000172   0.0011978817   0.0011828756
        0.0000000003  -0.0049333181  -0.0027200076   0.0000005251  -0.0014209200
        0.0195588803  -0.0000014991  -0.0043389892   0.0040990033   0.0000000779
        0.0003894326   0.0010567952   0.0000000637  -0.0055380526  -0.0318259051
       -0.0000023018  -0.0511217938  -0.2880705591  -0.0000117002   0.0836133517
       -0.0294008767   0.0000035471  -0.0328707921  -0.0523941263  -0.0000042090
       -0.0307842919   0.0637250433   0.0000018733  -0.0658136022  -0.1606205175
       -0.0000116401   0.0427732023   0.6431857527   0.0000216913   0.0915546005
       -0.1446893882   0.0000067487  -0.0001220599  -0.0001353268  -0.0000000991
       -0.0003634551  -0.0000128834   0.0000001256   0.0002438693  -0.0002469986
       -0.0000000090  -0.0000468999  -0.0000088682  -0.0000000275   0.0015482265
       -0.0002089631  -0.0000003786  -0.0004767300  -0.0004343370  -0.0000003014
        0.0032026462  -0.0007156079  -0.0000000733  -0.0272476165  -0.0204172081
       -0.0000023966
       -0.0000003188   0.0000002784  -0.0001108926   0.0000001508  -0.0000003594
        0.0013595881   0.0000009676   0.0000006408   0.0004166173   0.0000017189
       -0.0000015930  -0.0030939142  -0.0000007161   0.0000003581  -0.0002387363
        0.0000005416   0.0000001280  -0.0001705994  -0.0000021443  -0.0000056262
        0.0032542514  -0.0000017030  -0.0000058478  -0.0495294758   0.0000049070
        0.0000002877  -0.0025854632  -0.0000015318  -0.0000044093  -0.0043814207
       -0.0000059057   0.0000053325  -0.0021319444  -0.0000173247  -0.0000153106
       -0.0458439007   0.0000323568   0.0000216913   0.1173244450  -0.0000084784
        0.0000062707  -0.0321518225  -0.0000000197   0.0000000109  -0.0001671983
        0.0000000808   0.0000000322  -0.0000292494   0.0000000025  -0.0000000133
        0.0001063653   0.0000000625   0.0000000482   0.0001129155  -0.0000005173
       -0.0000002953   0.0080490211  -0.0000000568  -0.0000000899   0.0006699561
       -0.0000005711  -0.0000003391   0.0075964690  -0.0000015008  -0.0000011948
        0.0015449887
       -0.0039601682   0.0005318547   0.0000006553  -0.0003047836   0.0024450018
       -0.0000003659  -0.0497343038  -0.0161871075   0.0000056716  -0.1690821589
       -0.0915546253   0.0000141628  -0.0421216888  -0.0055380432   0.0000044154
        0.0076862958   0.0008944714   0.0000001789   0.0444346881   0.0000000584
       -0.0000011712  -0.0421218456   0.0055380181  -0.0000010910   0.0076863188
       -0.0008944290  -0.0000007998  -0.0039601778  -0.0005318770  -0.0000004791
       -0.0003047791  -0.0024449869   0.0000004502  -0.0497343133   0.0161869283
       -0.0000034865  -0.1690826989   0.0915546005  -0.0000084784   0.4701210552
        0.0000001390  -0.0000095894   0.0001983601   0.0000606234   0.0000000043
       -0.0014746675  -0.0005779595   0.0000001736   0.0023720908  -0.0009404844
       -0.0000004461  -0.0008564986  -0.0004653945  -0.0000003319  -0.0008565051
        0.0004653945  -0.0000000573   0.0001983614  -0.0000606239   0.0000000213
       -0.0014746664   0.0005779544   0.0000000920   0.0023720853   0.0009404868
        0.0000004714
       -0.0044938341   0.0051021841   0.0000004060   0.0001649793  -0.0065827473
       -0.0000006586   0.0133590314   0.0136345687  -0.0000005447  -0.0781748764
       -0.1446898389   0.0000095114  -0.0511847350  -0.0318258927   0.0000066375
        0.0091459610  -0.0073352792  -0.0000002593   0.0000000558   0.0019541838
       -0.0000027978   0.0511847164  -0.0318257371   0.0000030245  -0.0091459188
       -0.0073353071  -0.0000003304   0.0044938083   0.0051021941   0.0000004437
       -0.0001649626  -0.0065827542  -0.0000012235  -0.0133592116   0.0136345747
        0.0000005036   0.0781748497  -0.1446893882   0.0000062707   0.0000001390
        0.3394363880  -0.0000205666   0.0003349401   0.0003097763   0.0000001549
        0.0009701213   0.0003128358  -0.0000003605  -0.0006420709   0.0014168774
       -0.0000000977  -0.0018142147  -0.0010380683  -0.0000000111   0.0018142152
       -0.0010380618  -0.0000001250  -0.0003349404   0.0003097748   0.0000000956
       -0.0009701264   0.0003128345  -0.0000000711   0.0006420733   0.0014168828
       -0.0000000019
        0.0000007694  -0.0000006110   0.0000154193   0.0000009530   0.0000002484
        0.0060513016   0.0000054301   0.0000010692   0.0040019627   0.0000120443
        0.0000104564  -0.0321518310   0.0000042877   0.0000012656   0.0032542672
       -0.0000004898  -0.0000004421   0.0069089655  -0.0000006078   0.0000029584
       -0.0032831970  -0.0000018724  -0.0000010890   0.0032542509   0.0000005972
       -0.0000006622   0.0069089627  -0.0000006375  -0.0000002679   0.0000154201
       -0.0000005742  -0.0000003825   0.0060512961  -0.0000040115   0.0000006712
        0.0040019827  -0.0000060160   0.0000067487  -0.0321518225  -0.0000095894
       -0.0000205666   0.0381409226  -0.0000002212  -0.0000000249  -0.0015269579
        0.0000000349   0.0000000393  -0.0001240167  -0.0000006556   0.0000001945
       -0.0033000226  -0.0000001435  -0.0000000755  -0.0005579515   0.0000000951
       -0.0000000666  -0.0005579516   0.0000001349   0.0000000668  -0.0015269589
       -0.0000000125   0.0000000748  -0.0001240194   0.0000004848   0.0000003949
       -0.0033000225
       -0.2378263078  -0.1137754775   0.0000258733  -0.0018740637  -0.0024103808
        0.0000002010   0.0010482209  -0.0003287663   0.0000007939   0.0002605332
        0.0004767324   0.0000000536  -0.0033754411   0.0032026476   0.0000013673
       -0.0263690869  -0.0121024286   0.0000032648  -0.0014746659  -0.0009701261
        0.0000000120   0.0000002323   0.0003634549   0.0000001136  -0.0000862218
       -0.0000731634   0.0000000210  -0.0000595715  -0.0000200670  -0.0000000086
       -0.0000311323   0.0000230593   0.0000000081   0.0000689900   0.0000226597
        0.0000000011   0.0002002986  -0.0001220599  -0.0000000197   0.0001983601
        0.0003349401  -0.0000002212   0.2677611137   0.1253561052  -0.0000306852
        0.0009128808   0.0007381181  -0.0000004105  -0.0001035184   0.0000172969
        0.0000000255   0.0008001689  -0.0007018101  -0.0000004054   0.0000020427
       -0.0000134482   0.0000000147  -0.0000237618  -0.0000017560  -0.0000000014
       -0.0000182446  -0.0000036106   0.0000000095  -0.0000108252  -0.0000119199
       -0.0000000074
       -0.1138685427  -0.1105253463   0.0000144543  -0.0262461365  -0.0173738365
        0.0000032414  -0.0000333721  -0.0059996315   0.0000000760   0.0007111013
       -0.0004343344  -0.0000000617   0.0025860593  -0.0007156093  -0.0000002415
        0.0115260272   0.0065730375  -0.0000015173   0.0005779544   0.0003128348
       -0.0000000369   0.0002385848  -0.0000128815  -0.0000000464   0.0001040822
        0.0000363147  -0.0000000081  -0.0000021522   0.0000043025  -0.0000000029
       -0.0000013267  -0.0000056423   0.0000000011  -0.0000273802   0.0000099484
        0.0000000063   0.0002546269  -0.0001353268   0.0000000109   0.0000606234
        0.0003097763  -0.0000000249   0.1253561052   0.1271228905  -0.0000159185
       -0.0007381174   0.0006863892   0.0000000477  -0.0013146829  -0.0008060147
        0.0000001390   0.0008283852   0.0009057044  -0.0000001015  -0.0000210184
        0.0000246615  -0.0000000200   0.0000017557   0.0000050751  -0.0000000093
       -0.0000036104   0.0000063123  -0.0000000008   0.0000110338   0.0000113762
        0.0000000131
        0.0000260903   0.0000145895  -0.0330092953   0.0000002531   0.0000000849
        0.0001142415   0.0000006446   0.0000001978   0.0073305362  -0.0000001119
       -0.0000001249   0.0006699555   0.0000012608  -0.0000006118   0.0075964557
        0.0000030496   0.0000014934   0.0000041583   0.0000002173   0.0000002538
       -0.0001240103  -0.0000000425  -0.0000000800  -0.0000292526   0.0000000725
        0.0000000115   0.0001229500  -0.0000000390  -0.0000000449   0.0000086553
       -0.0000000533   0.0000000470   0.0000393966   0.0000000877   0.0000000223
        0.0000314569  -0.0000000260  -0.0000000991  -0.0001671983   0.0000000043
        0.0000001549  -0.0015269579  -0.0000306852  -0.0000159185   0.0238120851
       -0.0000003702  -0.0000000820  -0.0024650362   0.0000000602   0.0000000082
        0.0001220992  -0.0000003980   0.0000000874  -0.0024949695   0.0000000009
        0.0000000112   0.0000043952   0.0000000002   0.0000000052  -0.0000387352
       -0.0000000125  -0.0000000025  -0.0000054261  -0.0000000029  -0.0000000034
        0.0000044959
       -0.0018741402   0.0024104221   0.0000001997  -0.2378269300   0.1137751455
        0.0000228742  -0.0263690858   0.0121023427   0.0000030137  -0.0033754260
       -0.0032026539   0.0000011472   0.0002605362  -0.0004767302   0.0000000636
        0.0010482201   0.0003287838   0.0000006977   0.0001983609  -0.0003349401
       -0.0000002156   0.0002002988   0.0001220609  -0.0000000235   0.0000689899
       -0.0000226597  -0.0000000029  -0.0000311323  -0.0000230594  -0.0000000037
       -0.0000595716   0.0000200668  -0.0000000124  -0.0000862220   0.0000731632
        0.0000000242   0.0000002340  -0.0003634551   0.0000000808  -0.0014746675
        0.0009701213   0.0000000349   0.0009128808  -0.0007381174  -0.0000003702
        0.2677617950  -0.1253557396  -0.0000272033   0.0008001706   0.0007018096
       -0.0000003367  -0.0001035219  -0.0000172950   0.0000000319  -0.0000108252
        0.0000119200  -0.0000000080  -0.0000182446   0.0000036105  -0.0000000006
       -0.0000237618   0.0000017559   0.0000000025   0.0000020426   0.0000134480
        0.0000000067
        0.0262461757  -0.0173737556  -0.0000029365   0.1138682097  -0.1105247404
       -0.0000125232  -0.0115261124   0.0065730421   0.0000013808  -0.0025860657
       -0.0007156249   0.0000002564  -0.0007110986  -0.0004343369   0.0000000620
        0.0000333899  -0.0059996279   0.0000001010  -0.0000606240   0.0003097748
        0.0000000140  -0.0002546256  -0.0001353268  -0.0000000138   0.0000273799
        0.0000099477  -0.0000000010   0.0000013267  -0.0000056424  -0.0000000016
        0.0000021520   0.0000043027  -0.0000000055  -0.0001040829   0.0000363152
        0.0000000057  -0.0002385847  -0.0000128834   0.0000000322  -0.0005779595
        0.0003128358   0.0000000393   0.0007381181   0.0006863892  -0.0000000820
       -0.1253557396   0.1271222139   0.0000137788  -0.0008283826   0.0009057037
        0.0000000766   0.0013146844  -0.0008060120  -0.0000002015  -0.0000110338
        0.0000113767   0.0000000009   0.0000036103   0.0000063124   0.0000000089
       -0.0000017558   0.0000050750   0.0000000040   0.0000210184   0.0000246612
        0.0000000046
        0.0000000178  -0.0000003495   0.0001142361   0.0000231862  -0.0000121321
       -0.0330092811   0.0000026369  -0.0000016183   0.0000041527   0.0000013275
        0.0000004076   0.0075964612   0.0000001396   0.0000003055   0.0006699580
        0.0000006806  -0.0000000871   0.0073305368  -0.0000000155  -0.0000000990
       -0.0015269620  -0.0000000828   0.0000001046  -0.0001671974   0.0000000416
       -0.0000000458   0.0000314561  -0.0000000078  -0.0000000165   0.0000393954
       -0.0000000319   0.0000000348   0.0000086566   0.0000000575  -0.0000000276
        0.0001229499  -0.0000001397   0.0000001256  -0.0000292494   0.0000001736
       -0.0000003605  -0.0001240167  -0.0000004105   0.0000000477  -0.0024650362
       -0.0000272033   0.0000137788   0.0238120792  -0.0000003566  -0.0000000921
       -0.0024949683  -0.0000000106   0.0000000371   0.0001220984   0.0000000049
       -0.0000000073   0.0000044965  -0.0000000061  -0.0000000046  -0.0000054257
        0.0000000009   0.0000000026  -0.0000387349  -0.0000000022  -0.0000000038
        0.0000043949
       -0.0042229378  -0.0028225115   0.0000012589  -0.0007033031  -0.0250496837
        0.0000000191  -0.0437598817  -0.0052682207   0.0000011990  -0.0004183666
        0.0272476709   0.0000001842  -0.0038977137   0.0015482253   0.0000012611
       -0.0005689808   0.0000339061   0.0000001470  -0.0008565054   0.0018142147
       -0.0000000326   0.0006098773   0.0000469019   0.0000000489  -0.0000754966
       -0.0000584562   0.0000000169   0.0000283658  -0.0000408232   0.0000000019
       -0.0000325153   0.0000100083  -0.0000000001   0.0001798208   0.0000586369
        0.0000000296  -0.0001892792   0.0002438693   0.0000000025   0.0023720908
       -0.0006420709  -0.0000006556  -0.0001035184  -0.0013146829   0.0000000602
        0.0008001706  -0.0008283826  -0.0000003566   0.0509149887   0.0051441303
       -0.0000030144  -0.0000066235  -0.0000023757  -0.0000001819   0.0000244559
       -0.0000314944   0.0000000107  -0.0000108253  -0.0000110338   0.0000000040
        0.0000020428  -0.0000210183   0.0000000074  -0.0000858655  -0.0000568099
       -0.0000000101
       -0.0032192857  -0.0005133000   0.0000004092  -0.0020779847  -0.0170151036
        0.0000001969  -0.0042741341  -0.3070130083   0.0000002326   0.0023097812
       -0.0204171158  -0.0000002702   0.0027332055  -0.0002089634  -0.0000003277
        0.0000366153   0.0008930251  -0.0000000142   0.0004653953  -0.0010380626
        0.0000000139  -0.0007405696  -0.0000088697  -0.0000000239   0.0000850358
        0.0000702929  -0.0000000104  -0.0000533771   0.0000172618  -0.0000000023
        0.0000060545  -0.0000285511   0.0000000002  -0.0003060953   0.0000394205
       -0.0000000200   0.0000864446  -0.0002469986  -0.0000000133  -0.0009404844
        0.0014168774   0.0000001945   0.0000172969  -0.0008060147   0.0000000082
        0.0007018096   0.0009057037  -0.0000000921   0.0051441303   0.3436663305
       -0.0000002802   0.0000023752   0.0001444927  -0.0000000066  -0.0000314945
        0.0000297963   0.0000000024   0.0000119198   0.0000113766   0.0000000080
       -0.0000134481   0.0000246613  -0.0000000068   0.0000568093   0.0000767489
        0.0000000018
        0.0000013145   0.0000000372   0.0072262207   0.0000001967   0.0000028772
        0.0000588334   0.0000006923   0.0000006235  -0.0327162205   0.0000007751
       -0.0000032286   0.0015449809   0.0000016217  -0.0000002548   0.0080490275
       -0.0000001321  -0.0000000228  -0.0001883678  -0.0000002285   0.0000000978
       -0.0005579604  -0.0000000977  -0.0000000140   0.0001129186   0.0000000130
        0.0000000268  -0.0000644780  -0.0000000023  -0.0000000069  -0.0000095534
        0.0000000482  -0.0000000448   0.0000216207  -0.0000000948   0.0000000478
       -0.0000316983  -0.0000001342  -0.0000000090   0.0001063653  -0.0000004461
       -0.0000000977  -0.0033000226   0.0000000255   0.0000001390   0.0001220992
       -0.0000003367   0.0000000766  -0.0024949683  -0.0000030144  -0.0000002802
        0.0235289872  -0.0000002049   0.0000000131  -0.0014703965   0.0000000011
       -0.0000000064   0.0000125441   0.0000000056   0.0000000034   0.0000044960
       -0.0000000063   0.0000000144   0.0000043958   0.0000000042   0.0000000081
        0.0000411763
       -0.0007033759   0.0250497334   0.0000001918  -0.0042229522   0.0028225026
        0.0000013829  -0.0005689812  -0.0000339094   0.0000001443  -0.0038977032
       -0.0015482364   0.0000014512  -0.0004182931  -0.0272476138   0.0000000687
       -0.0437599006   0.0052687578   0.0000015496   0.0023720879   0.0006420760
       -0.0000008318  -0.0001892777  -0.0002438693   0.0000000007   0.0001798202
       -0.0000586360   0.0000000185  -0.0000325152  -0.0000100083   0.0000000028
        0.0000283655   0.0000408231   0.0000000077  -0.0000754965   0.0000584552
        0.0000000209   0.0006098751  -0.0000468999   0.0000000625  -0.0008564986
       -0.0018142147  -0.0000001435   0.0008001689   0.0008283852  -0.0000003980
       -0.0001035219   0.0013146844  -0.0000000106  -0.0000066235   0.0000023752
       -0.0000002049   0.0509150142  -0.0051447607  -0.0000033575  -0.0000858653
        0.0000568090   0.0000000214   0.0000020427   0.0000210183   0.0000000122
       -0.0000108253   0.0000110337   0.0000000129   0.0000244557   0.0000314947
       -0.0000000017
        0.0020780283  -0.0170150503  -0.0000003357   0.0032192761  -0.0005132855
       -0.0000004250  -0.0000366187   0.0008930249   0.0000000086  -0.0027332154
       -0.0002089750   0.0000003615  -0.0023097261  -0.0204171735   0.0000001185
        0.0042746853  -0.3070129827  -0.0000011338   0.0009404855   0.0014168810
       -0.0000001872  -0.0000864441  -0.0002469990  -0.0000000139   0.0003060951
        0.0000394212   0.0000000074  -0.0000060545  -0.0000285509  -0.0000000080
        0.0000533771   0.0000172623   0.0000000056  -0.0000850367   0.0000702933
        0.0000000194   0.0007405709  -0.0000088682   0.0000000482  -0.0004653945
       -0.0010380683  -0.0000000755  -0.0007018101   0.0009057044   0.0000000874
       -0.0000172950  -0.0008060120   0.0000000371  -0.0000023757   0.0001444927
        0.0000000131  -0.0051447607   0.3436663012   0.0000014618  -0.0000568094
        0.0000767492  -0.0000000009   0.0000134481   0.0000246618   0.0000000011
       -0.0000119200   0.0000113769   0.0000000063   0.0000314943   0.0000297964
        0.0000000041
       -0.0000003650  -0.0000028495   0.0000588364   0.0000012161  -0.0000003702
        0.0072262225   0.0000004097   0.0000000560  -0.0001883702   0.0000017575
        0.0000004714   0.0080490260   0.0000000450   0.0000028423   0.0015449697
        0.0000021030  -0.0000014562  -0.0327162255  -0.0000005054   0.0000002708
       -0.0033000076  -0.0000002415  -0.0000000622   0.0001063592  -0.0000001224
       -0.0000000040  -0.0000316976   0.0000000263  -0.0000000222   0.0000216209
        0.0000000167   0.0000000532  -0.0000095530  -0.0000000145  -0.0000000189
       -0.0000644768  -0.0000001133  -0.0000000275   0.0001129155  -0.0000003319
       -0.0000000111  -0.0005579515  -0.0000004054  -0.0000001015  -0.0024949695
        0.0000000319  -0.0000002015   0.0001220984  -0.0000001819  -0.0000000066
       -0.0014703965  -0.0000033575   0.0000014618   0.0235289878   0.0000000201
       -0.0000000050   0.0000411763   0.0000000024  -0.0000000010   0.0000043958
        0.0000000039  -0.0000000137   0.0000044963   0.0000000060  -0.0000000045
        0.0000125436
       -0.0000325148   0.0000100086   0.0000000121   0.0000283654  -0.0000408228
        0.0000000066  -0.0000754968  -0.0000584564  -0.0000000316   0.0006098773
        0.0000469020  -0.0000000676  -0.0001892795   0.0002438696   0.0000000324
        0.0001798208   0.0000586360  -0.0000000509   0.0023720922  -0.0006420731
        0.0000002595  -0.0004183749   0.0272476703   0.0000014318  -0.0437598745
       -0.0052680549  -0.0000008112  -0.0007032975  -0.0250496850  -0.0000013809
       -0.0042229339  -0.0028225119  -0.0000007544  -0.0005689813   0.0000339047
       -0.0000000754  -0.0038977161   0.0015482265  -0.0000005173  -0.0008565051
        0.0018142152   0.0000000951   0.0000020427  -0.0000210184   0.0000000009
       -0.0000108252  -0.0000110338   0.0000000049   0.0000244559  -0.0000314945
        0.0000000011  -0.0000858653  -0.0000568094   0.0000000201   0.0509149819
        0.0051439691   0.0000017284   0.0008001702  -0.0008283837   0.0000001378
       -0.0001035183  -0.0013146824  -0.0000001271  -0.0000066235  -0.0000023757
        0.0000000858
        0.0000060549  -0.0000285506  -0.0000000030  -0.0000533774   0.0000172622
        0.0000000037   0.0000850360   0.0000702927   0.0000000234  -0.0007405688
       -0.0000088696   0.0000000563   0.0000864436  -0.0002469982  -0.0000000101
       -0.0003060948   0.0000394201   0.0000000507  -0.0009404824   0.0014168768
        0.0000001086   0.0023097833  -0.0204170915  -0.0000010801  -0.0042739775
       -0.3070130118  -0.0000152479  -0.0020779828  -0.0170151243  -0.0000010249
       -0.0032192854  -0.0005133013  -0.0000006448   0.0000366142   0.0008930244
        0.0000000712   0.0027332050  -0.0002089631  -0.0000002953   0.0004653945
       -0.0010380618  -0.0000000666  -0.0000134482   0.0000246615   0.0000000112
        0.0000119200   0.0000113767  -0.0000000073  -0.0000314944   0.0000297963
       -0.0000000064   0.0000568090   0.0000767492  -0.0000000050   0.0051439691
        0.3436663311   0.0000177892   0.0007018098   0.0009057039   0.0000002425
        0.0000172969  -0.0008060156  -0.0000000638   0.0000023753   0.0001444929
        0.0000000985
       -0.0000000103   0.0000000546   0.0000216228   0.0000001226   0.0000000292
       -0.0000095544  -0.0000001483  -0.0000000456  -0.0000644787   0.0000000830
        0.0000001042   0.0001129187  -0.0000001862   0.0000001663   0.0001063551
       -0.0000000198  -0.0000000448  -0.0000316980   0.0000004614   0.0000001706
       -0.0033000050  -0.0000006673   0.0000004809   0.0015449719  -0.0000001474
       -0.0000156439  -0.0327162240  -0.0000002826  -0.0000022953   0.0000588345
       -0.0000009157  -0.0000003639   0.0072262259   0.0000002416   0.0000000157
       -0.0001883681  -0.0000005149  -0.0000003786   0.0080490211  -0.0000000573
       -0.0000001250  -0.0005579516   0.0000000147  -0.0000000200   0.0000043952
       -0.0000000080   0.0000000009   0.0000044965   0.0000000107   0.0000000024
        0.0000125441   0.0000000214  -0.0000000009   0.0000411763   0.0000017284
        0.0000177892   0.0235289875   0.0000001843   0.0000001408  -0.0024949707
       -0.0000000141  -0.0000001139   0.0001220975   0.0000001041   0.0000000771
       -0.0014703966
       -0.0000595713   0.0000200668   0.0000000136  -0.0000311324  -0.0000230593
        0.0000000048   0.0000689898  -0.0000226599  -0.0000000102   0.0002002990
        0.0001220609   0.0000000092   0.0000002339  -0.0003634550  -0.0000000940
       -0.0000862219   0.0000731628  -0.0000000116  -0.0014746670   0.0009701211
        0.0000000830  -0.0033754231  -0.0032026554  -0.0000007037  -0.0263690856
        0.0121023312  -0.0000008395  -0.2378270221   0.1137750815  -0.0000049463
       -0.0018741494   0.0024104262   0.0000000297   0.0010482194   0.0003287869
       -0.0000003197   0.0002605363  -0.0004767300  -0.0000000568   0.0001983614
       -0.0003349404   0.0000001349  -0.0000237618   0.0000017557   0.0000000002
       -0.0000182446   0.0000036103  -0.0000000061  -0.0000108253   0.0000119198
        0.0000000056   0.0000020427   0.0000134481   0.0000000024   0.0008001702
        0.0007018098   0.0000001843   0.2677618922  -0.1253556677   0.0000064058
        0.0009128816  -0.0007381185   0.0000001462  -0.0001035222  -0.0000172948
       -0.0000000316
        0.0000021528   0.0000043032   0.0000000071   0.0000013260  -0.0000056417
        0.0000000039   0.0000273801   0.0000099472  -0.0000000048  -0.0002546254
       -0.0001353263   0.0000000336  -0.0002385859  -0.0000128832  -0.0000000156
       -0.0001040827   0.0000363140  -0.0000000030  -0.0005779594   0.0003128361
       -0.0000000104  -0.0025860657  -0.0007156263  -0.0000005789  -0.0115261236
        0.0065730395  -0.0000003224   0.1138681378  -0.1105246317   0.0000017510
        0.0262461845  -0.0173737552   0.0000004666   0.0000333935  -0.0059996329
       -0.0000008087  -0.0007110997  -0.0004343370  -0.0000000899  -0.0000606239
        0.0003097748   0.0000000668  -0.0000017560   0.0000050751   0.0000000052
        0.0000036105   0.0000063124  -0.0000000046  -0.0000110338   0.0000113766
        0.0000000034   0.0000210183   0.0000246618  -0.0000000010  -0.0008283837
        0.0009057039   0.0000001408  -0.1253556677   0.1271221134  -0.0000009254
        0.0007381190   0.0006863873   0.0000002277   0.0013146848  -0.0008060108
        0.0000000587
        0.0000000478  -0.0000000048   0.0000086582   0.0000000865   0.0000000151
        0.0000393954  -0.0000001279   0.0000000158   0.0000314551   0.0000001047
       -0.0000000316  -0.0001671960   0.0000000007  -0.0000000282  -0.0000292562
       -0.0000001128   0.0000000102   0.0001229490   0.0000000601   0.0000002338
       -0.0001240057  -0.0000008082  -0.0000006686   0.0075964587  -0.0000019270
        0.0000012884   0.0000041506  -0.0000051843   0.0000013152  -0.0330092794
        0.0000015734  -0.0000006682   0.0001142409  -0.0000003795  -0.0000006638
        0.0073305309  -0.0000002824  -0.0000003014   0.0006699561   0.0000000213
        0.0000000956  -0.0015269589  -0.0000000014  -0.0000000093  -0.0000387352
       -0.0000000006   0.0000000089  -0.0000054257   0.0000000040   0.0000000080
        0.0000044960   0.0000000122   0.0000000011   0.0000043958   0.0000001378
        0.0000002425  -0.0024949707   0.0000064058  -0.0000009254   0.0238120778
        0.0000002610   0.0000001609  -0.0024650361   0.0000001088  -0.0000000942
        0.0001220993
       -0.0000311325   0.0000230593  -0.0000000028  -0.0000595713  -0.0000200670
        0.0000000137  -0.0000862220  -0.0000731631  -0.0000000177   0.0000002323
        0.0003634549  -0.0000000948   0.0002002988  -0.0001220598  -0.0000000019
        0.0000689898   0.0000226601  -0.0000000152   0.0001983597   0.0003349395
        0.0000001769   0.0002605325   0.0004767322  -0.0000000008   0.0010482205
       -0.0003287640  -0.0000004726  -0.0018740613  -0.0024103789  -0.0000002222
       -0.2378263384  -0.1137754754  -0.0000206556  -0.0263690814  -0.0121024340
       -0.0000024572  -0.0033754410   0.0032026462  -0.0000005711  -0.0014746664
       -0.0009701264  -0.0000000125  -0.0000182446  -0.0000036104  -0.0000000125
       -0.0000237618  -0.0000017558   0.0000000009   0.0000020428  -0.0000134481
       -0.0000000063  -0.0000108253  -0.0000119200   0.0000000039  -0.0001035183
        0.0000172969  -0.0000000141   0.0009128816   0.0007381190   0.0000002610
        0.2677611348   0.1253561048   0.0000239086   0.0008001717  -0.0007018100
        0.0000001923
       -0.0000013260  -0.0000056418  -0.0000000115  -0.0000021528   0.0000043032
       -0.0000000049   0.0001040823   0.0000363143  -0.0000000018   0.0002385854
       -0.0000128810   0.0000000313   0.0002546256  -0.0001353264  -0.0000000203
       -0.0000273799   0.0000099471  -0.0000000008   0.0000606237   0.0003097761
        0.0000001394   0.0007111017  -0.0004343334  -0.0000000394  -0.0000333708
       -0.0059996309  -0.0000008335  -0.0262461352  -0.0173738392  -0.0000027214
       -0.1138685300  -0.1105253261  -0.0000123938   0.0115260197   0.0065730407
        0.0000012075   0.0025860575  -0.0007156079  -0.0000003391   0.0005779544
        0.0003128345   0.0000000748  -0.0000036106   0.0000063123  -0.0000000025
        0.0000017559   0.0000050750   0.0000000026  -0.0000210183   0.0000246613
        0.0000000144   0.0000110337   0.0000113769  -0.0000000137  -0.0013146824
       -0.0008060156  -0.0000001139  -0.0007381185   0.0006863873   0.0000001609
        0.1253561048   0.1271228697   0.0000146249   0.0008283799   0.0009057039
        0.0000002408
        0.0000001044  -0.0000000233   0.0000393962   0.0000000499   0.0000000069
        0.0000086572  -0.0000001028  -0.0000000106   0.0001229499  -0.0000000836
       -0.0000000375  -0.0000292483   0.0000000931   0.0000000429  -0.0001671971
       -0.0000001598  -0.0000000131   0.0000314547  -0.0000002015  -0.0000000315
       -0.0015269603   0.0000002698   0.0000000218   0.0006699546  -0.0000002276
       -0.0000008217   0.0073305318  -0.0000016935  -0.0000009271   0.0001142442
       -0.0000207670  -0.0000126607  -0.0330092941  -0.0000009625  -0.0000003287
        0.0000041533  -0.0000006248  -0.0000000733   0.0075964690   0.0000000920
       -0.0000000711  -0.0001240194   0.0000000095  -0.0000000008  -0.0000054261
        0.0000000025   0.0000000040  -0.0000387349   0.0000000074  -0.0000000068
        0.0000043958   0.0000000129   0.0000000063   0.0000044963  -0.0000001271
       -0.0000000638   0.0001220975   0.0000001462   0.0000002277  -0.0024650361
        0.0000239086   0.0000146249   0.0238120841   0.0000002538   0.0000001356
       -0.0024949685
        0.0000283651   0.0000408229  -0.0000000011  -0.0000325149  -0.0000100086
        0.0000000126   0.0001798202  -0.0000586361  -0.0000000436  -0.0001892787
       -0.0002438693   0.0000000091   0.0006098759  -0.0000469001  -0.0000000890
       -0.0000754966   0.0000584561  -0.0000000317  -0.0008564991  -0.0018142148
        0.0000000435  -0.0038977023  -0.0015482361  -0.0000008687  -0.0005689806
       -0.0000339095  -0.0000000796  -0.0042229543   0.0028224988  -0.0000005986
       -0.0007033802   0.0250497275   0.0000012573  -0.0437599135   0.0052690643
       -0.0000005788  -0.0004182786  -0.0272476165  -0.0000015008   0.0023720853
        0.0006420733   0.0000004848  -0.0000108252   0.0000110338  -0.0000000029
        0.0000020426   0.0000210184  -0.0000000022  -0.0000858655   0.0000568093
        0.0000000042   0.0000244557   0.0000314943   0.0000000060  -0.0000066235
        0.0000023753   0.0000001041  -0.0001035222   0.0013146848   0.0000001088
        0.0008001717   0.0008283799   0.0000002538   0.0509150185  -0.0051450479
        0.0000015130
        0.0000533778   0.0000172620  -0.0000000091  -0.0000060548  -0.0000285511
        0.0000000067   0.0003060955   0.0000394206  -0.0000000282  -0.0000864445
       -0.0002469995  -0.0000000027   0.0007405708  -0.0000088678  -0.0000000899
       -0.0000850365   0.0000702924  -0.0000000182  -0.0004653946  -0.0010380694
        0.0000000890  -0.0027332160  -0.0002089772  -0.0000006655  -0.0000366195
        0.0008930247   0.0000000479   0.0032192735  -0.0005132802  -0.0000001916
        0.0020780322  -0.0170150194  -0.0000007269   0.0042749685  -0.3070129743
       -0.0000143648  -0.0023097237  -0.0204172081  -0.0000011948   0.0009404868
        0.0014168828   0.0000003949  -0.0000119199   0.0000113762  -0.0000000034
        0.0000134480   0.0000246612  -0.0000000038  -0.0000568099   0.0000767489
        0.0000000081   0.0000314947   0.0000297964  -0.0000000045  -0.0000023757
        0.0001444929   0.0000000771  -0.0000172948  -0.0008060108  -0.0000000942
       -0.0007018100   0.0009057039   0.0000001356  -0.0051450479   0.3436662957
        0.0000166383
        0.0000000285  -0.0000000417  -0.0000095552  -0.0000000562  -0.0000000217
        0.0000216224   0.0000001122   0.0000000272  -0.0000316979   0.0000001213
       -0.0000000539   0.0001063638   0.0000002109  -0.0000000523   0.0001129207
       -0.0000000227   0.0000000367  -0.0000644787  -0.0000000041   0.0000000046
       -0.0005579596  -0.0000011158  -0.0000006830   0.0080490226  -0.0000003519
       -0.0000000659  -0.0001883698  -0.0000003167  -0.0000001127   0.0072262297
        0.0000003852   0.0000004983   0.0000588286  -0.0000011511  -0.0000141969
       -0.0327162281  -0.0000000579  -0.0000023966   0.0015449887   0.0000004714
       -0.0000000019  -0.0033000225  -0.0000000074   0.0000000131   0.0000044959
        0.0000000067   0.0000000046   0.0000043949  -0.0000000101   0.0000000018
        0.0000411763  -0.0000000017   0.0000000041   0.0000125436   0.0000000858
        0.0000000985  -0.0014703966  -0.0000000316   0.0000000587   0.0001220993
        0.0000001923   0.0000002408  -0.0024949685   0.0000015130   0.0000166383
        0.0235289905
