$hessian                                                                        
        0.4356704557   0.0477579970   0.0133163363  -0.0780508333   0.0347107976
       -0.0229029857  -0.0164786460   0.0207878465  -0.0056462886   0.0093310640
       -0.0072587759   0.0046347953  -0.0014978947  -0.0044389446  -0.0003572658
        0.0019948222   0.0009348870   0.0005184145  -0.0002147134   0.0004237346
       -0.0001195368  -0.0340094997  -0.0149503179   0.0042760722   0.0015977875
        0.0013747556   0.0005832550  -0.1863949408   0.0117363673   0.0609517113
       -0.0048261837  -0.0026193380  -0.0002853063  -0.0015183333   0.0012452333
       -0.0004780082  -0.0009771483   0.0003270751   0.0004728533  -0.0023854611
        0.0043761120  -0.0059555984  -0.0411656569  -0.0036137010  -0.0214140319
       -0.0831159524  -0.0895107783  -0.0274646922  -0.0007064287  -0.0007331529
        0.0002597693   0.0014539073  -0.0006877613   0.0004641472   0.0002847641
       -0.0004797569  -0.0001371045   0.0010088915   0.0006177207  -0.0007165362
        0.0477579970   0.4976939271   0.0389511979   0.0343023424  -0.1334265384
        0.0357834824   0.0029792580  -0.0030427874   0.0007363006   0.0052075186
       -0.0319018099   0.0088534481  -0.0023879270  -0.0042293748  -0.0006954945
        0.0018264154   0.0017864226   0.0005003145   0.0002072963   0.0001180341
       -0.0000535409  -0.0223642620   0.0039569868   0.0116761660  -0.0012739285
        0.0002003616   0.0008260463   0.0293505538  -0.0746425458  -0.0286118452
       -0.0076640339  -0.0042530561   0.0000276382   0.0001377779  -0.0003391318
       -0.0004445542   0.0008390891   0.0002280982   0.0007667769   0.0024294206
        0.0000450759   0.0021953571  -0.0038444113  -0.0467163706  -0.0209750077
       -0.0857050179  -0.2089470508  -0.0494208558  -0.0003233023   0.0001887053
        0.0001567543  -0.0001479605   0.0002270854   0.0005465843  -0.0000195200
        0.0000055215   0.0000210492  -0.0013073056   0.0030484472  -0.0008398174
        0.0133163363   0.0389511979   0.4923062920  -0.0168920218   0.0282073387
       -0.0688983338   0.0056943452  -0.0068844386   0.0038275704   0.0016389412
       -0.0007568997   0.0038747359  -0.0006825976  -0.0009714366  -0.0001956366
       -0.0000521860   0.0003751541   0.0004969690  -0.0000274971  -0.0001536288
        0.0000172535  -0.0022379920   0.0067821973   0.0008651402  -0.0035713205
       -0.0016209754   0.0022601586   0.0710815926  -0.0193874432  -0.0881208556
       -0.0041916393  -0.0013734460   0.0012868109   0.0005663062  -0.0007220293
        0.0003509512  -0.0003080251   0.0000691341  -0.0016552044  -0.0191603989
        0.0277296179  -0.0397908576  -0.0189435547  -0.0232088043  -0.2479086849
       -0.0255444537  -0.0482183510  -0.0583273600   0.0004821308   0.0001460098
       -0.0003084731  -0.0010409201   0.0004572279  -0.0009076253   0.0001573272
        0.0001086151   0.0002891070  -0.0002843725   0.0004709601   0.0005380424
       -0.0780508333   0.0343023424  -0.0168920218   0.5019704955   0.0016237980
       -0.0300990363  -0.2152800908   0.0176769211   0.0783762301  -0.0976880787
       -0.0499813409  -0.0055970447   0.0058697206   0.0079784272   0.0009767953
       -0.0237853419  -0.0233391655  -0.0021543307  -0.0056436200  -0.0000396915
        0.0016256768   0.0014550196   0.0004393754  -0.0002799900  -0.0001649899
       -0.0000585029  -0.0001907629  -0.0403943321   0.0296967454  -0.0016887835
        0.0014006569  -0.0006365872  -0.0003488822   0.0004829484   0.0000433887
       -0.0020027528   0.0009301289   0.0001367074  -0.0021475676  -0.0546654002
       -0.0099651386  -0.0080220044  -0.0007283114   0.0030119237  -0.0035014721
        0.0058942739  -0.0095411793   0.0038119944  -0.0000936124   0.0001011349
       -0.0000223468   0.0012927279   0.0001073933   0.0015114098   0.0003811499
       -0.0008517889   0.0004833253  -0.0031825108  -0.0007047626  -0.0138384358
        0.0347107976  -0.1334265384   0.0282073387   0.0016237980   0.4554568917
        0.0093241633   0.0174781016  -0.0449459309  -0.0084283601  -0.0451576079
       -0.1419261950  -0.0069156160  -0.0126813056  -0.0278444637  -0.0010773953
       -0.0080752582   0.0022735229   0.0023031978   0.0012283119   0.0007462593
       -0.0001311142   0.0003299090   0.0014794116  -0.0005043953   0.0000278225
       -0.0001398303  -0.0001408946   0.0161329442  -0.0041510125  -0.0016588498
       -0.0001974674  -0.0005464296   0.0001479852   0.0000287839  -0.0009691836
       -0.0008696843  -0.0045797691  -0.0078710112  -0.0100574730  -0.0086918541
       -0.0713645460   0.0139712465  -0.0008955210   0.0010799674   0.0003893677
        0.0103639659  -0.0269206746   0.0103845294  -0.0000770936   0.0002969693
        0.0000211070   0.0009683552   0.0012841550   0.0002882833  -0.0003739894
       -0.0000862924  -0.0010396931  -0.0021629234  -0.0024250689  -0.0342137432
       -0.0229029857   0.0357834824  -0.0688983338  -0.0300990363   0.0093241633
        0.4673755801   0.0759496415  -0.0077963705  -0.0709756608  -0.0051284348
       -0.0078958275  -0.0567645650   0.0058103004   0.0128498527   0.0024406365
        0.0037465983   0.0053047038   0.0055723620   0.0021936077  -0.0004955429
       -0.0004552277  -0.0017282687  -0.0005434176   0.0014490220  -0.0000656072
        0.0002940726  -0.0008493702   0.0125468285  -0.0085777207   0.0022976371
        0.0006341770   0.0000804455  -0.0007126243  -0.0027056534  -0.0011897646
       -0.0027879620  -0.0162227204  -0.0301907965  -0.0181591357  -0.0117448736
       -0.0150077703  -0.2255819295  -0.0125227822   0.0206020868  -0.0171371989
        0.0014941331  -0.0046728364   0.0017780830   0.0003042261  -0.0000362418
        0.0004070178   0.0051629457   0.0017451449  -0.0017805092  -0.0010460838
       -0.0027188425  -0.0053871334  -0.0036760123  -0.0068588207  -0.0118306880
       -0.0164786460   0.0029792580   0.0056943452  -0.2152800908   0.0174781016
        0.0759496415   0.2486512490  -0.0200760539  -0.0948339208  -0.0210214153
       -0.0030346705   0.0071926900   0.0004501208   0.0004948529   0.0002404927
       -0.0013299256  -0.0038293067  -0.0009992434  -0.0009375306   0.0002643917
        0.0000961865   0.0004956897   0.0000507498   0.0002936216   0.0000088999
        0.0000067742   0.0000636655  -0.0039957594   0.0043752487  -0.0012944127
        0.0001574865  -0.0000678403  -0.0001269788   0.0003820089   0.0000352196
        0.0001313613   0.0015257603   0.0004955758  -0.0001382631   0.0063767527
        0.0006223796   0.0078556563  -0.0002425175  -0.0000905161  -0.0001787955
        0.0002898705  -0.0002598123   0.0002723712   0.0002276684  -0.0000305287
       -0.0000981204  -0.0000747240   0.0000923672  -0.0001843974   0.0000934981
        0.0007639847   0.0001621559   0.0007016044  -0.0002701753  -0.0000980556
        0.0207878465  -0.0030427874  -0.0068844386   0.0176769211  -0.0449459309
       -0.0077963705  -0.0200760539   0.0526691180   0.0100565704  -0.0256065990
       -0.0007820883   0.0084932932  -0.0002654440   0.0005765659   0.0001699733
       -0.0022667747  -0.0040511914  -0.0018591918  -0.0014442637   0.0000267994
        0.0002695258  -0.0001723234  -0.0009786189   0.0000031803  -0.0000120787
       -0.0000050600   0.0000060445   0.0064615647  -0.0045622903   0.0010119846
        0.0001321089   0.0003124828   0.0000390085   0.0003439330   0.0003478268
        0.0001538234   0.0012257953   0.0007750020   0.0009032623   0.0025616194
        0.0031626331  -0.0034068882   0.0000028943   0.0003371313  -0.0002118326
        0.0002274408   0.0002848698  -0.0002980324  -0.0000350112  -0.0001571686
       -0.0000033672  -0.0002042974  -0.0002468838  -0.0000415286  -0.0000926010
        0.0002425897   0.0001943861   0.0007553230   0.0000370009  -0.0007994025
       -0.0056462886   0.0007363006   0.0038275704   0.0783762301  -0.0084283601
       -0.0709756608  -0.0948339208   0.0100565704   0.1031383294  -0.0011335626
        0.0006133449   0.0019963395   0.0001325764   0.0002697844  -0.0001523326
       -0.0005759487  -0.0005312423  -0.0000378905  -0.0001142180   0.0000644706
        0.0001362331   0.0003416919   0.0001846986  -0.0000207023   0.0000148263
       -0.0000051052   0.0000827114  -0.0024406725   0.0017893268   0.0004057725
       -0.0001193601  -0.0000468871   0.0000407032   0.0003196738   0.0001840530
       -0.0000085788  -0.0002651925   0.0000091042   0.0007640322   0.0264161924
       -0.0043104687  -0.0391249949  -0.0005751098   0.0001509466   0.0003783416
        0.0000201038  -0.0002211059  -0.0000463315  -0.0000169207   0.0000250586
       -0.0000223626  -0.0006501525  -0.0003479015  -0.0001275819  -0.0000652568
       -0.0000114966  -0.0000757471   0.0008153090  -0.0001810913  -0.0001778501
        0.0093310640   0.0052075186   0.0016389412  -0.0976880787  -0.0451576079
       -0.0051284348  -0.0210214153  -0.0256065990  -0.0011335626   0.4435792624
       -0.0090992344   0.0153439850  -0.0781058259   0.0636799617  -0.0425477079
       -0.1573635228   0.0089991855   0.0179611016  -0.0213497716  -0.0009919846
        0.0036867411  -0.0155341115   0.0120095934   0.0021253087  -0.0000559136
       -0.0002172428  -0.0001510975  -0.0022458076  -0.0042739652   0.0003000488
       -0.0016559875   0.0023269086  -0.0007955207  -0.0028139812   0.0024757837
        0.0057053823  -0.0566702016  -0.0066286548   0.0282833220  -0.0011866079
       -0.0039343297  -0.0063517620   0.0003430459   0.0002202179   0.0002700542
       -0.0007561811   0.0031296876  -0.0007806879  -0.0000957632   0.0001615743
        0.0001267052   0.0031528226  -0.0010149528   0.0000797020  -0.0004940846
       -0.0016036615  -0.0186936778   0.0006310591   0.0003178013   0.0000611593
       -0.0072587759  -0.0319018099  -0.0007568997  -0.0499813409  -0.1419261950
       -0.0078958275  -0.0030346705  -0.0007820883   0.0006133449  -0.0090992344
        0.4924387901  -0.0230094427   0.0646622987  -0.1639830120   0.0784078879
        0.0120297766  -0.0684613162  -0.0006137155  -0.0226725157   0.0015519214
        0.0040744487   0.0216947388  -0.0026215454  -0.0044146905   0.0000504473
        0.0001704438  -0.0001411316  -0.0043930695   0.0035554978  -0.0004527126
        0.0058916195  -0.0059527551   0.0006928622   0.0013396299   0.0013911103
       -0.0010404326  -0.0117718932  -0.0708069555  -0.0067145730  -0.0025901908
       -0.0044834835  -0.0063669452  -0.0005541489   0.0005784288  -0.0003024068
        0.0022136465  -0.0041278128   0.0018805378   0.0000538306   0.0001488821
       -0.0000041047   0.0010742040   0.0013111784  -0.0009829773   0.0034502115
       -0.0058364632  -0.0324324028  -0.0011045635  -0.0002628157  -0.0005408191
        0.0046347953   0.0088534481   0.0038747359  -0.0055970447  -0.0069156160
       -0.0567645650   0.0071926900   0.0084932932   0.0019963395   0.0153439850
       -0.0230094427   0.4877092983  -0.0411299632   0.0776596861  -0.0869427112
        0.0153404180   0.0012836823  -0.0553373453  -0.0064320158   0.0001198426
        0.0016891440  -0.0058585438  -0.0034386432   0.0060769434  -0.0006843979
        0.0005031282  -0.0008849409   0.0014302846  -0.0002135712  -0.0008655262
       -0.0043017888   0.0042567980  -0.0005945085   0.0310083335  -0.0045457184
       -0.0279109134   0.0113939790  -0.0290163383  -0.2331682967  -0.0170914388
       -0.0288567261  -0.0187351179   0.0001280039   0.0010212524  -0.0009273994
       -0.0015176356   0.0025739959  -0.0008834973   0.0005340964  -0.0003438983
       -0.0006124173   0.0005807066  -0.0009397743  -0.0002801174  -0.0026915781
       -0.0055037943  -0.0121305021  -0.0022828853  -0.0019816039  -0.0053086024
       -0.0014978947  -0.0023879270  -0.0006825976   0.0058697206  -0.0126813056
        0.0058103004   0.0004501208  -0.0002654440   0.0001325764  -0.0781058259
        0.0646622987  -0.0411299632   0.0912044540  -0.0734848848   0.0494198413
       -0.0196126489   0.0262481443  -0.0127319535   0.0005653121   0.0002318919
       -0.0003948217  -0.0044932668  -0.0019590346   0.0020195958   0.0001136561
       -0.0000872731   0.0001827795   0.0007762358   0.0001493517   0.0000524564
       -0.0025102066   0.0022792148   0.0000547955   0.0026824297  -0.0013663414
       -0.0006978040   0.0041457271  -0.0020847054  -0.0025212628   0.0000549865
        0.0007271336   0.0008096208  -0.0001314874   0.0000146857  -0.0000684673
        0.0003358610  -0.0007386710   0.0002738264   0.0000877508  -0.0000537171
       -0.0002655467  -0.0003127348   0.0005090575   0.0002851669   0.0003657463
        0.0003862794  -0.0006678425   0.0000120643  -0.0000987537   0.0001193000
       -0.0044389446  -0.0042293748  -0.0009714366   0.0079784272  -0.0278444637
        0.0128498527   0.0004948529   0.0005765659   0.0002697844   0.0636799617
       -0.1639830120   0.0776596861  -0.0734848848   0.1895605804  -0.0929169957
        0.0068392133  -0.0059815474   0.0035105154  -0.0004468763   0.0003670341
        0.0000708930   0.0010510022   0.0013166731  -0.0002498324  -0.0001531920
        0.0000082487  -0.0001330864  -0.0001560512   0.0009168700  -0.0003020077
        0.0007722519  -0.0004584130  -0.0001938500  -0.0013050002   0.0007471410
       -0.0005118460  -0.0016464779   0.0068424115   0.0014072845   0.0001711451
        0.0018249012   0.0002051889  -0.0001005311   0.0002602455  -0.0003725123
        0.0006734019  -0.0013152609   0.0005106052  -0.0000273131  -0.0001175365
        0.0001588783   0.0005950238  -0.0008671611  -0.0003901222  -0.0010064822
        0.0017365149  -0.0008715257   0.0005104734   0.0006395833   0.0002705264
       -0.0003572658  -0.0006954945  -0.0001956366   0.0009767953  -0.0010773953
        0.0024406365   0.0002404927   0.0001699733  -0.0001523326  -0.0425477079
        0.0784078879  -0.0869427112   0.0494198413  -0.0929169957   0.1213312102
        0.0023794279  -0.0032149626   0.0033550348  -0.0002294129  -0.0001123487
       -0.0000182921   0.0007124759   0.0001778166  -0.0004955772   0.0001109620
       -0.0001117061   0.0000247859  -0.0000436972   0.0000451785   0.0001904564
        0.0004674286  -0.0004256413   0.0000385664  -0.0002983086  -0.0000848350
        0.0012552609  -0.0111681718   0.0203710836  -0.0418260006   0.0000985481
       -0.0001354132   0.0007146696   0.0000098101  -0.0001791746   0.0000066876
        0.0001593764  -0.0002821954   0.0001139384   0.0000013893  -0.0000167731
        0.0000933892   0.0002090787  -0.0002254404  -0.0000738058  -0.0001217089
        0.0003538066   0.0001998187  -0.0000193533  -0.0000473706  -0.0000600986
        0.0019948222   0.0018264154  -0.0000521860  -0.0237853419  -0.0080752582
        0.0037465983  -0.0013299256  -0.0022667747  -0.0005759487  -0.1573635228
        0.0120297766   0.0153404180  -0.0196126489   0.0068392133   0.0023794279
        0.4771408788   0.0567015704   0.0137526103  -0.1149686552  -0.0947227043
       -0.0340430677  -0.0605032909   0.0230950021  -0.0106822240   0.0004582651
        0.0021652913  -0.0021388553   0.0015678661  -0.0221840647   0.0029158377
       -0.0390973790   0.0356090223  -0.0021299141  -0.0683312742  -0.0160330083
        0.0326837461  -0.0014620609   0.0008227651   0.0054424934   0.0002759944
        0.0007285310   0.0009973367  -0.0001939417  -0.0000519860   0.0000776506
       -0.0003914443   0.0003954834  -0.0000523654  -0.0000022604   0.0006815516
       -0.0011355798   0.0026566285   0.0023385222  -0.0263504223   0.0026323103
       -0.0000740939  -0.0001095940   0.0003149804   0.0001747455  -0.0000659620
        0.0009348870   0.0017864226   0.0003751541  -0.0233391655   0.0022735229
        0.0053047038  -0.0038293067  -0.0040511914  -0.0005312423   0.0089991855
       -0.0684613162   0.0012836823   0.0262481443  -0.0059815474  -0.0032149626
        0.0567015704   0.4768351907   0.0307821251  -0.0964096433  -0.1712862642
       -0.0462649565   0.0268083959  -0.1154999424   0.0207617913   0.0005717873
        0.0000505005   0.0017407780  -0.0046140926  -0.0469810231   0.0043541460
        0.0146438291  -0.0100406648   0.0015651970  -0.0176198290  -0.0600836192
        0.0139914909   0.0049020845   0.0007708947  -0.0079953193   0.0010617426
        0.0003414004   0.0006083690  -0.0000878263  -0.0002994435   0.0000698687
        0.0002900415   0.0005190509  -0.0000722478   0.0011678899   0.0005750868
        0.0009202086   0.0022862520  -0.0009226289  -0.0231773405   0.0013653061
        0.0005043450  -0.0005378473  -0.0000812525  -0.0000487733   0.0000364016
        0.0005184145   0.0005003145   0.0004969690  -0.0021543307   0.0023031978
        0.0055723620  -0.0009992434  -0.0018591918  -0.0000378905   0.0179611016
       -0.0006137155  -0.0553373453  -0.0127319535   0.0035105154   0.0033550348
        0.0137526103   0.0307821251   0.4602351401  -0.0366251975  -0.0480796619
       -0.0554844041  -0.0162488443   0.0350670952  -0.0625356050  -0.0096307775
        0.0202029516  -0.0154318268  -0.0020339970  -0.0122933233   0.0025138472
        0.0112043650  -0.0085208420   0.0017041160   0.0076781783  -0.0039521263
       -0.2347982528   0.0297581617  -0.0070179016  -0.0261094067   0.0036001111
        0.0005486569  -0.0038030905  -0.0002819191   0.0000963675  -0.0007078755
       -0.0002978333  -0.0001848820   0.0000256315   0.0023272177  -0.0024168627
        0.0009803489  -0.0062011988  -0.0077251730  -0.0209272527   0.0007250584
       -0.0004003894  -0.0000832399  -0.0003199234   0.0000528456   0.0003727403
       -0.0002147134   0.0002072963  -0.0000274971  -0.0056436200   0.0012283119
        0.0021936077  -0.0009375306  -0.0014442637  -0.0001142180  -0.0213497716
       -0.0226725157  -0.0064320158   0.0005653121  -0.0004468763  -0.0002294129
       -0.1149686552  -0.0964096433  -0.0366251975   0.1319853616   0.1106108126
        0.0448563720   0.0040694225   0.0053362002   0.0014945214   0.0002363597
       -0.0000117445   0.0002972030   0.0005945423   0.0031237000  -0.0000337568
        0.0007205829  -0.0002280395  -0.0000745729   0.0014651858   0.0001720012
       -0.0044145181   0.0019498436  -0.0000729066  -0.0016086646   0.0005256423
        0.0004495478   0.0000518833  -0.0000370356  -0.0000276365  -0.0000426232
        0.0000562567   0.0001638865  -0.0000276708  -0.0000667286   0.0000869113
        0.0000157959   0.0014256943  -0.0005417254  -0.0003817215  -0.0003562969
        0.0004965403   0.0009881804  -0.0000198518  -0.0000198564   0.0001143056
        0.0004237346   0.0001180341  -0.0001536288  -0.0000396915   0.0007462593
       -0.0004955429   0.0002643917   0.0000267994   0.0000644706  -0.0009919846
        0.0015519214   0.0001198426   0.0002318919   0.0003670341  -0.0001123487
       -0.0947227043  -0.1712862642  -0.0480796619   0.1106108126   0.1982388861
        0.0608029494  -0.0147168630  -0.0233825443  -0.0058899722  -0.0003837554
        0.0003354530  -0.0001828949   0.0006998602  -0.0094262647   0.0018202615
       -0.0004083057   0.0024540264  -0.0001110184  -0.0019542262   0.0001230979
       -0.0079956876   0.0009723755   0.0004357537   0.0009711521  -0.0001734540
        0.0000897854   0.0000430492   0.0000248328  -0.0000305791  -0.0000584716
        0.0000406078   0.0001864887   0.0000015773  -0.0000729490  -0.0007109936
       -0.0003728176   0.0006603150  -0.0000249348  -0.0006130145  -0.0006297766
        0.0001974834   0.0001420550   0.0001648882  -0.0000094421   0.0000997013
       -0.0001195368  -0.0000535409   0.0000172535   0.0016256768  -0.0001311142
       -0.0004552277   0.0000961865   0.0002695258   0.0001362331   0.0036867411
        0.0040744487   0.0016891440  -0.0003948217   0.0000708930  -0.0000182921
       -0.0340430677  -0.0462649565  -0.0554844041   0.0448563720   0.0608029494
        0.0814657896   0.0031496270   0.0056545574   0.0029281656   0.0003468124
        0.0005673726   0.0002095727  -0.0000352248   0.0031340139   0.0001366774
        0.0004814310  -0.0001332191  -0.0001246680  -0.0212353877  -0.0255775337
       -0.0253376517   0.0003421014   0.0008863793   0.0014244534  -0.0006320624
       -0.0001723817   0.0002002679   0.0000039714   0.0000066337   0.0000926133
        0.0000215198  -0.0000125760  -0.0000328382  -0.0000754044  -0.0003831837
       -0.0003709999   0.0018301675  -0.0022635175  -0.0062292917   0.0001165618
       -0.0004897813  -0.0002011758  -0.0000216632   0.0000150307  -0.0000456212
       -0.0340094997  -0.0223642620  -0.0022379920   0.0014550196   0.0003299090
       -0.0017282687   0.0004956897  -0.0001723234   0.0003416919  -0.0155341115
        0.0216947388  -0.0058585438  -0.0044932668   0.0010510022   0.0007124759
       -0.0605032909   0.0268083959  -0.0162488443   0.0040694225  -0.0147168630
        0.0031496270   0.4460082177  -0.0280258953  -0.0310685288  -0.0396358909
        0.0024318659  -0.0133824502  -0.0687742762  -0.0258209444  -0.0085579766
       -0.2230590741   0.0396463461   0.0630097743  -0.0036650616   0.0041596296
       -0.0015730214   0.0001313219  -0.0005663416  -0.0006196443   0.0008420442
       -0.0013565890   0.0019905257   0.0014292944  -0.0000403825  -0.0005439383
       -0.0035883417  -0.0002363918   0.0011013335  -0.0012502310  -0.0033966330
        0.0140299649   0.0011258710   0.0004568579  -0.0019503243  -0.0000687104
       -0.0001295483   0.0004358638  -0.0009751261   0.0002474292  -0.0010017244
       -0.0149503179   0.0039569868   0.0067821973   0.0004393754   0.0014794116
       -0.0005434176   0.0000507498  -0.0009786189   0.0001846986   0.0120095934
       -0.0026215454  -0.0034386432  -0.0019590346   0.0013166731   0.0001778166
        0.0230950021  -0.1154999424   0.0350670952   0.0053362002  -0.0233825443
        0.0056545574  -0.0280258953   0.3959735425   0.0132420625   0.0017189796
       -0.0411347294  -0.0019616266  -0.0501182161  -0.1565339028  -0.0456813759
        0.0520441347  -0.0616671177  -0.0164238826   0.0021473730  -0.0032071182
        0.0070157732  -0.0019202863  -0.0003549148   0.0026255373   0.0000327439
       -0.0020785762   0.0014879515   0.0023308111   0.0010547383  -0.0008025431
        0.0006030061   0.0003951607  -0.0002378544  -0.0034775011   0.0011736015
       -0.0020280681   0.0008559524   0.0028048965   0.0002367220   0.0006832813
       -0.0008774664  -0.0008361717  -0.0008959516   0.0001814655  -0.0005208281
        0.0042760722   0.0116761660   0.0008651402  -0.0002799900  -0.0005043953
        0.0014490220   0.0002936216   0.0000031803  -0.0000207023   0.0021253087
       -0.0044146905   0.0060769434   0.0020195958  -0.0002498324  -0.0004955772
       -0.0106822240   0.0207617913  -0.0625356050   0.0014945214  -0.0058899722
        0.0029281656  -0.0310685288   0.0132420625   0.5433523945  -0.0192122297
       -0.0028055980  -0.2420286345  -0.0226874760  -0.0528766336  -0.0795229989
        0.0367353089  -0.0056873334  -0.1045609670  -0.0094406776   0.0289293003
       -0.0451847942  -0.0015810333   0.0004373092  -0.0026611866   0.0007052315
       -0.0005097874  -0.0005808300   0.0043124067   0.0028573468   0.0017552145
        0.0033589346   0.0002798788  -0.0000700662   0.0406934964  -0.0064611158
       -0.0180699390  -0.0010866272   0.0018138059  -0.0009937317   0.0006283935
       -0.0005931829   0.0004006446  -0.0006041047  -0.0000082995  -0.0001024921
        0.0015977875  -0.0012739285  -0.0035713205  -0.0001649899   0.0000278225
       -0.0000656072   0.0000088999  -0.0000120787   0.0000148263  -0.0000559136
        0.0000504473  -0.0006843979   0.0001136561  -0.0001531920   0.0001109620
        0.0004582651   0.0005717873  -0.0096307775   0.0002363597  -0.0003837554
        0.0003468124  -0.0396358909   0.0017189796  -0.0192122297   0.0573322133
        0.0046764573   0.0146369725  -0.0088243028  -0.0117570337  -0.0193959408
       -0.0067509439   0.0005217795   0.0348023708  -0.0004487042   0.0024240850
       -0.0031419110   0.0002432001  -0.0000060745   0.0003088571   0.0000294149
        0.0000118283   0.0004409475   0.0000316151   0.0001542275   0.0011679755
        0.0001964311   0.0002467102   0.0002299306  -0.0043721193   0.0028137152
        0.0035368684   0.0000908993   0.0001154542   0.0000548664  -0.0001728884
        0.0002605035  -0.0000020987   0.0000870111  -0.0000077346   0.0000528939
        0.0013747556   0.0002003616  -0.0016209754  -0.0000585029  -0.0001398303
        0.0002940726   0.0000067742  -0.0000050600  -0.0000051052  -0.0002172428
        0.0001704438   0.0005031282  -0.0000872731   0.0000082487  -0.0001117061
        0.0021652913   0.0000505005   0.0202029516  -0.0000117445   0.0003354530
        0.0005673726   0.0024318659  -0.0411347294  -0.0028055980   0.0046764573
        0.0557685141   0.0144725979  -0.0146806634  -0.0131303646  -0.0314297688
        0.0011072354   0.0013087253  -0.0070470232   0.0019264827  -0.0042746870
        0.0059100682  -0.0001308761   0.0001112769  -0.0003783545   0.0000239976
       -0.0000446970  -0.0001275673   0.0000066584   0.0003692027   0.0009915098
        0.0003323667   0.0001851908   0.0001123360   0.0009914637   0.0010282362
        0.0002360151  -0.0001802034  -0.0003867264   0.0000659478   0.0002107692
       -0.0004653570   0.0001159187   0.0001123882   0.0000452981   0.0000541800
        0.0005832550   0.0008260463   0.0022601586  -0.0001907629  -0.0001408946
       -0.0008493702   0.0000636655   0.0000060445   0.0000827114  -0.0001510975
       -0.0001411316  -0.0008849409   0.0001827795  -0.0001330864   0.0000247859
       -0.0021388553   0.0017407780  -0.0154318268   0.0002972030  -0.0001828949
        0.0002095727  -0.0133824502  -0.0019616266  -0.2420286345   0.0146369725
        0.0144725979   0.2942555159  -0.0106891862  -0.0159915842  -0.0165078183
        0.0093316648  -0.0002021123  -0.0185827994  -0.0008970895   0.0033962161
       -0.0028270469   0.0009115947  -0.0003881648   0.0009787658  -0.0002183557
        0.0002240045   0.0003412459  -0.0013599006  -0.0002005813   0.0001643505
        0.0005028786   0.0003046961   0.0001691237   0.0023081889  -0.0018129953
       -0.0016070565   0.0002810169  -0.0001183086   0.0001757472  -0.0003129573
        0.0002988726  -0.0000030473   0.0002414358   0.0000041246   0.0000605631
       -0.1863949408   0.0293505538   0.0710815926  -0.0403943321   0.0161329442
        0.0125468285  -0.0039957594   0.0064615647  -0.0024406725  -0.0022458076
       -0.0043930695   0.0014302846   0.0007762358  -0.0001560512  -0.0000436972
        0.0015678661  -0.0046140926  -0.0020339970   0.0005945423   0.0006998602
       -0.0000352248  -0.0687742762  -0.0501182161  -0.0226874760  -0.0088243028
       -0.0146806634  -0.0106891862   0.3997653195   0.0510855898  -0.0789944168
       -0.0553864442  -0.0267745458   0.0038442713   0.0022366415   0.0002039459
        0.0029489432   0.0017794669   0.0000846098  -0.0006568415   0.0033949887
       -0.0011280073  -0.0020043525  -0.0142710877   0.0023792138   0.0197182174
       -0.0282159817  -0.0055431314   0.0075872976   0.0005061220   0.0013089336
       -0.0007210933  -0.0016682971  -0.0005508180   0.0003662715  -0.0005107470
        0.0006150188   0.0000138104   0.0000607939  -0.0003636393   0.0007694407
        0.0117363673  -0.0746425458  -0.0193874432   0.0296967454  -0.0041510125
       -0.0085777207   0.0043752487  -0.0045622903   0.0017893268  -0.0042739652
        0.0035554978  -0.0002135712   0.0001493517   0.0009168700   0.0000451785
       -0.0221840647  -0.0469810231  -0.0122933233   0.0031237000  -0.0094262647
        0.0031340139  -0.0258209444  -0.1565339028  -0.0528766336  -0.0117570337
       -0.0131303646  -0.0159915842   0.0510855898   0.2861590200   0.0939310883
       -0.0111069158   0.0099496828   0.0063714513   0.0003150139   0.0035472990
        0.0017140944   0.0007288133   0.0001803648  -0.0010994426  -0.0010616104
        0.0027355161  -0.0028611524   0.0028546338   0.0016973293  -0.0042210062
       -0.0277426052   0.0010371703   0.0104391150   0.0006575085  -0.0000530792
       -0.0002102281  -0.0007644822  -0.0000720157  -0.0006410102  -0.0002284650
        0.0003598162   0.0005557366   0.0002171141  -0.0005860678   0.0003931107
        0.0609517113  -0.0286118452  -0.0881208556  -0.0016887835  -0.0016588498
        0.0022976371  -0.0012944127   0.0010119846   0.0004057725   0.0003000488
       -0.0004527126  -0.0008655262   0.0000524564  -0.0003020077   0.0001904564
        0.0029158377   0.0043541460   0.0025138472  -0.0000337568   0.0018202615
        0.0001366774  -0.0085579766  -0.0456813759  -0.0795229989  -0.0193959408
       -0.0314297688  -0.0165078183  -0.0789944168   0.0939310883   0.1786785159
        0.0133496727   0.0106956934   0.0081833562   0.0002584499   0.0017355701
        0.0039057785   0.0002499968  -0.0004113823   0.0011955481  -0.0015405345
        0.0004967134   0.0049039476   0.0371733482  -0.0055393425  -0.0221185973
       -0.0050531907   0.0013413369   0.0034350253  -0.0007180681   0.0005479713
        0.0005338354   0.0008211254  -0.0019902274   0.0009909824  -0.0000965634
        0.0001514671  -0.0001579127   0.0013009966  -0.0000087206  -0.0000776710
       -0.0048261837  -0.0076640339  -0.0041916393   0.0014006569  -0.0001974674
        0.0006341770   0.0001574865   0.0001321089  -0.0001193601  -0.0016559875
        0.0058916195  -0.0043017888  -0.0025102066   0.0007722519   0.0004674286
       -0.0390973790   0.0146438291   0.0112043650   0.0007205829  -0.0004083057
        0.0004814310  -0.2230590741   0.0520441347   0.0367353089  -0.0067509439
        0.0011072354   0.0093316648  -0.0553864442  -0.0111069158   0.0133496727
        0.3740337936  -0.0648862675  -0.0483396762   0.0038638612  -0.0028339865
        0.0001744697   0.0001006158   0.0000475867   0.0010480201  -0.0003004235
        0.0004088220  -0.0008510110   0.0006981734   0.0000331703  -0.0005930909
       -0.0026419043  -0.0000338178   0.0008068469  -0.0447118269   0.0122255627
       -0.0170273285  -0.0003710917   0.0001073175   0.0009654256   0.0000333771
       -0.0001146710  -0.0003723351   0.0003029180  -0.0001681730   0.0005974194
       -0.0026193380  -0.0042530561  -0.0013734460  -0.0006365872  -0.0005464296
        0.0000804455  -0.0000678403   0.0003124828  -0.0000468871   0.0023269086
       -0.0059527551   0.0042567980   0.0022792148  -0.0004584130  -0.0004256413
        0.0356090223  -0.0100406648  -0.0085208420  -0.0002280395   0.0024540264
       -0.0001332191   0.0396463461  -0.0616671177  -0.0056873334   0.0005217795
        0.0013087253  -0.0002021123  -0.0267745458   0.0099496828   0.0106956934
       -0.0648862675   0.0869846129  -0.0559358917   0.0019229065   0.0010892599
       -0.0004429236   0.0001756893   0.0003167694  -0.0010564464   0.0000918719
        0.0006053843  -0.0002075652  -0.0001368092  -0.0001988206   0.0000766202
       -0.0011916021   0.0001283523   0.0003824701   0.0140644436  -0.0194253432
        0.0583887827  -0.0001808902  -0.0008849277  -0.0003142542  -0.0002434665
        0.0002975642   0.0004014484   0.0003272037  -0.0000193323   0.0000643038
       -0.0002853063   0.0000276382   0.0012868109  -0.0003488822   0.0001479852
       -0.0007126243  -0.0001269788   0.0000390085   0.0000407032  -0.0007955207
        0.0006928622  -0.0005945085   0.0000547955  -0.0001938500   0.0000385664
       -0.0021299141   0.0015651970   0.0017041160  -0.0000745729  -0.0001110184
       -0.0001246680   0.0630097743  -0.0164238826  -0.1045609670   0.0348023708
       -0.0070470232  -0.0185827994   0.0038442713   0.0063714513   0.0081833562
       -0.0483396762  -0.0559358917   0.5091046194  -0.0068971872   0.0047005803
        0.0020663150   0.0005043183  -0.0001451238   0.0007989155  -0.0002509156
       -0.0000770188   0.0008727704  -0.0004060508  -0.0001356926   0.0004838036
        0.0002632310   0.0001110219   0.0001633085  -0.0434796016   0.0660239454
       -0.3996852450   0.0008163199   0.0001291655  -0.0002706871  -0.0002524950
        0.0002340013  -0.0000164787   0.0000920202   0.0000266442  -0.0001953069
       -0.0015183333   0.0001377779   0.0005663062   0.0004829484   0.0000287839
       -0.0027056534   0.0003820089   0.0003439330   0.0003196738  -0.0028139812
        0.0013396299   0.0310083335   0.0026824297  -0.0013050002  -0.0002983086
       -0.0683312742  -0.0176198290   0.0076781783   0.0014651858  -0.0019542262
       -0.0212353877  -0.0036650616   0.0021473730  -0.0094406776  -0.0004487042
        0.0019264827  -0.0008970895   0.0022366415   0.0003150139   0.0002584499
        0.0038638612   0.0019229065  -0.0068971872   0.3237090714   0.1947692048
        0.0585488481  -0.0071554609   0.0010019393   0.0085671771  -0.0095266049
       -0.0062219718   0.0032114044   0.0001057655  -0.0000012457  -0.0001435331
        0.0001789597   0.0000408668  -0.0000891859   0.0018227365  -0.0031833661
        0.0028745811  -0.2415560972  -0.1739993078  -0.0714661947  -0.0004800842
        0.0000093679  -0.0005251379  -0.0014340069   0.0003016673   0.0006654031
        0.0012452333  -0.0003391318  -0.0007220293   0.0000433887  -0.0009691836
       -0.0011897646   0.0000352196   0.0003478268   0.0001840530   0.0024757837
        0.0013911103  -0.0045457184  -0.0013663414   0.0007471410  -0.0000848350
       -0.0160330083  -0.0600836192  -0.0039521263   0.0001720012   0.0001230979
       -0.0255775337   0.0041596296  -0.0032071182   0.0289293003   0.0024240850
       -0.0042746870   0.0033962161   0.0002039459   0.0035472990   0.0017355701
       -0.0028339865   0.0010892599   0.0047005803   0.1947692048   0.1979203877
        0.0547442461   0.0014738343   0.0008661278  -0.0025896363  -0.0061591672
       -0.0006182286   0.0010689150   0.0000541250   0.0001285533   0.0002185919
       -0.0001005175   0.0002075300  -0.0000858006  -0.0034375064   0.0010513123
       -0.0018387590  -0.1774422777  -0.1382796588  -0.0553377796   0.0001324797
        0.0000611617   0.0005507782   0.0001838744   0.0002908194   0.0003957320
       -0.0004780082  -0.0004445542   0.0003509512  -0.0020027528  -0.0008696843
       -0.0027879620   0.0001313613   0.0001538234  -0.0000085788   0.0057053823
       -0.0010404326  -0.0279109134  -0.0006978040  -0.0005118460   0.0012552609
        0.0326837461   0.0139914909  -0.2347982528  -0.0044145181  -0.0079956876
       -0.0253376517  -0.0015730214   0.0070157732  -0.0451847942  -0.0031419110
        0.0059100682  -0.0028270469   0.0029489432   0.0017140944   0.0039057785
        0.0001744697  -0.0004429236   0.0020663150   0.0585488481   0.0547442461
        0.4089679082   0.0087345963  -0.0017537544  -0.0077463251  -0.0018776656
       -0.0010264086   0.0047442594  -0.0002075118  -0.0003283798   0.0003038847
        0.0000975392   0.0001363212   0.0001095788   0.0000941225  -0.0009750772
        0.0002554807  -0.0945103691  -0.0696125226  -0.0754452290  -0.0003059570
        0.0008695816   0.0005636700   0.0000905105   0.0004658720  -0.0004763335
       -0.0009771483   0.0008390891  -0.0003080251   0.0009301289  -0.0045797691
       -0.0162227204   0.0015257603   0.0012257953  -0.0002651925  -0.0566702016
       -0.0117718932   0.0113939790   0.0041457271  -0.0016464779  -0.0111681718
       -0.0014620609   0.0049020845   0.0297581617   0.0019498436   0.0009723755
        0.0003421014   0.0001313219  -0.0019202863  -0.0015810333   0.0002432001
       -0.0001308761   0.0009115947   0.0017794669   0.0007288133   0.0002499968
        0.0001006158   0.0001756893   0.0005043183  -0.0071554609   0.0014738343
        0.0087345963   0.1689327616   0.1986387379  -0.0006318902  -0.0005586439
       -0.0047077324  -0.0024849569  -0.0002056938  -0.0004669397   0.0003239564
        0.0000746872   0.0002278534   0.0002904582   0.0001507330  -0.0002585930
       -0.0000206510  -0.0012098699  -0.0001852528  -0.0005725032  -0.1110210082
       -0.1834046597  -0.0183148587  -0.0007041590  -0.0001117926  -0.0009391597
        0.0003270751   0.0002280982   0.0000691341   0.0001367074  -0.0078710112
       -0.0301907965   0.0004955758   0.0007750020   0.0000091042  -0.0066286548
       -0.0708069555  -0.0290163383  -0.0020847054   0.0068424115   0.0203710836
        0.0008227651   0.0007708947  -0.0070179016  -0.0000729066   0.0004357537
        0.0008863793  -0.0005663416  -0.0003549148   0.0004373092  -0.0000060745
        0.0001112769  -0.0003881648   0.0000846098   0.0001803648  -0.0004113823
        0.0000475867   0.0003167694  -0.0001451238   0.0010019393   0.0008661278
       -0.0017537544   0.1986387379   0.3979736221   0.0954329015  -0.0038496181
       -0.0058597212  -0.0029234189   0.0000090286  -0.0004333748  -0.0004471460
       -0.0004013897   0.0005550692  -0.0002775962  -0.0001284341  -0.0000813670
        0.0000338873   0.0000004934  -0.0003108635   0.0001300721  -0.1875551158
       -0.3230606116  -0.0433821549  -0.0002712783  -0.0002765708  -0.0014160936
        0.0004728533   0.0007667769  -0.0016552044  -0.0021475676  -0.0100574730
       -0.0181591357  -0.0001382631   0.0009032623   0.0007640322   0.0282833220
       -0.0067145730  -0.2331682967  -0.0025212628   0.0014072845  -0.0418260006
        0.0054424934  -0.0079953193  -0.0261094067  -0.0016086646   0.0009711521
        0.0014244534  -0.0006196443   0.0026255373  -0.0026611866   0.0003088571
       -0.0003783545   0.0009787658  -0.0006568415  -0.0010994426   0.0011955481
        0.0010480201  -0.0010564464   0.0007989155   0.0085671771  -0.0025896363
       -0.0077463251  -0.0006318902   0.0954329015   0.3734592530  -0.0015738153
       -0.0031425963   0.0015627369   0.0001927353  -0.0004176227   0.0010487537
       -0.0000553944   0.0001137620   0.0000573958  -0.0006884543   0.0006032637
        0.0000213805   0.0002497851   0.0013887330   0.0008101984  -0.0336915502
       -0.0704066759  -0.0500849951  -0.0002318952  -0.0003545333  -0.0007108825
       -0.0023854611   0.0024294206  -0.0191603989  -0.0546654002  -0.0086918541
       -0.0117448736   0.0063767527   0.0025616194   0.0264161924  -0.0011866079
       -0.0025901908  -0.0170914388   0.0000549865   0.0001711451   0.0000985481
        0.0002759944   0.0010617426   0.0036001111   0.0005256423  -0.0001734540
       -0.0006320624   0.0008420442   0.0000327439   0.0007052315   0.0000294149
        0.0000239976  -0.0002183557   0.0033949887  -0.0010616104  -0.0015405345
       -0.0003004235   0.0000918719  -0.0002509156  -0.0095266049  -0.0061591672
       -0.0018776656  -0.0005586439  -0.0038496181  -0.0015738153   0.1113837842
        0.1503641686   0.0454799636  -0.0012732414   0.0026297507  -0.0024804320
        0.0002493142  -0.0006272370   0.0007501153   0.0007161630  -0.0002194394
        0.0001147019  -0.0000863366   0.0022230232  -0.0007973631  -0.0003549653
        0.0000545549  -0.0007206447  -0.0535114005  -0.1382714674  -0.0190763636
        0.0043761120   0.0000450759   0.0277296179  -0.0099651386  -0.0713645460
       -0.0150077703   0.0006223796   0.0031626331  -0.0043104687  -0.0039343297
       -0.0044834835  -0.0288567261   0.0007271336   0.0018249012  -0.0001354132
        0.0007285310   0.0003414004   0.0005486569   0.0004495478   0.0000897854
       -0.0001723817  -0.0013565890  -0.0020785762  -0.0005097874   0.0000118283
       -0.0000446970   0.0002240045  -0.0011280073   0.0027355161   0.0004967134
        0.0004088220   0.0006053843  -0.0000770188  -0.0062219718  -0.0006182286
       -0.0010264086  -0.0047077324  -0.0058597212  -0.0031425963   0.1503641686
        0.4561507574   0.0665849043   0.0031178506  -0.0039769609   0.0033811640
        0.0004126519   0.0019691833   0.0008240335  -0.0001163542  -0.0004000300
        0.0000567613   0.0018052628  -0.0015994173   0.0011697345  -0.0000601858
       -0.0006195370  -0.0014746205  -0.1355339793  -0.3758794393  -0.0463023983
       -0.0059555984   0.0021953571  -0.0397908576  -0.0080220044   0.0139712465
       -0.2255819295   0.0078556563  -0.0034068882  -0.0391249949  -0.0063517620
       -0.0063669452  -0.0187351179   0.0008096208   0.0002051889   0.0007146696
        0.0009973367   0.0006083690  -0.0038030905   0.0000518833   0.0000430492
        0.0002002679   0.0019905257   0.0014879515  -0.0005808300   0.0004409475
       -0.0001275673   0.0003412459  -0.0020043525  -0.0028611524   0.0049039476
       -0.0008510110  -0.0002075652   0.0008727704   0.0032114044   0.0010689150
        0.0047442594  -0.0024849569  -0.0029234189   0.0015627369   0.0454799636
        0.0665849043   0.3703993966  -0.0035882565   0.0061643865  -0.0029838393
        0.0014732445  -0.0019272139   0.0018135921  -0.0003393901   0.0001956463
       -0.0004103721  -0.0033995825  -0.0008258312  -0.0014295259  -0.0001835436
       -0.0003955470  -0.0008181140  -0.0291301250  -0.0734828849  -0.0522942146
       -0.0411656569  -0.0038444113  -0.0189435547  -0.0007283114  -0.0008955210
       -0.0125227822  -0.0002425175   0.0000028943  -0.0005751098   0.0003430459
       -0.0005541489   0.0001280039  -0.0001314874  -0.0001005311   0.0000098101
       -0.0001939417  -0.0000878263  -0.0002819191  -0.0000370356   0.0000248328
        0.0000039714   0.0014292944   0.0023308111   0.0043124067   0.0000316151
        0.0000066584  -0.0013599006  -0.0142710877   0.0028546338   0.0371733482
        0.0006981734  -0.0001368092  -0.0004060508   0.0001057655   0.0000541250
       -0.0002075118  -0.0002056938   0.0000090286   0.0001927353  -0.0012732414
        0.0031178506  -0.0035882565   0.0564656774  -0.0001737800   0.0103247299
       -0.0006994081  -0.0027931845  -0.0141206560   0.0000441351   0.0000410128
       -0.0002810175  -0.0002717051   0.0000011430  -0.0000199723  -0.0000008056
       -0.0001789031   0.0000168471   0.0001031854   0.0003221250   0.0001448789
       -0.0036137010  -0.0467163706  -0.0232088043   0.0030119237   0.0010799674
        0.0206020868  -0.0000905161   0.0003371313   0.0001509466   0.0002202179
        0.0005784288   0.0010212524   0.0000146857   0.0002602455  -0.0001791746
       -0.0000519860  -0.0002994435   0.0000963675  -0.0000276365  -0.0000305791
        0.0000066337  -0.0000403825   0.0010547383   0.0028573468   0.0001542275
        0.0003692027  -0.0002005813   0.0023792138   0.0016973293  -0.0055393425
        0.0000331703  -0.0001988206  -0.0001356926  -0.0000012457   0.0001285533
       -0.0003283798  -0.0004669397  -0.0004333748  -0.0004176227   0.0026297507
       -0.0039769609   0.0061643865  -0.0001737800   0.0509389435   0.0260826498
       -0.0044575478  -0.0044391717  -0.0268325513  -0.0000726354  -0.0000585770
       -0.0000232593   0.0001978252  -0.0000781937   0.0000800374   0.0002622967
       -0.0000281374  -0.0000558826   0.0000930591  -0.0001849109  -0.0001404165
       -0.0214140319  -0.0209750077  -0.2479086849  -0.0035014721   0.0003893677
       -0.0171371989  -0.0001787955  -0.0002118326   0.0003783416   0.0002700542
       -0.0003024068  -0.0009273994  -0.0000684673  -0.0003725123   0.0000066876
        0.0000776506   0.0000698687  -0.0007078755  -0.0000426232  -0.0000584716
        0.0000926133  -0.0005439383  -0.0008025431   0.0017552145   0.0011679755
        0.0009915098   0.0001643505   0.0197182174  -0.0042210062  -0.0221185973
       -0.0005930909   0.0000766202   0.0004838036  -0.0001435331   0.0002185919
        0.0003038847   0.0003239564  -0.0004471460   0.0010487537  -0.0024804320
        0.0033811640  -0.0029838393   0.0103247299   0.0260826498   0.2977775663
       -0.0026361183  -0.0034930615  -0.0105376355  -0.0003362571  -0.0001980147
        0.0001463389   0.0000507502  -0.0002240051   0.0000768588  -0.0002701952
       -0.0002893778  -0.0000184174   0.0002756208   0.0003856133   0.0001052345
       -0.0831159524  -0.0857050179  -0.0255444537   0.0058942739   0.0103639659
        0.0014941331   0.0002898705   0.0002274408   0.0000201038  -0.0007561811
        0.0022136465  -0.0015176356   0.0003358610   0.0006734019   0.0001593764
       -0.0003914443   0.0002900415  -0.0002978333   0.0000562567   0.0000406078
        0.0000215198  -0.0035883417   0.0006030061   0.0033589346   0.0001964311
        0.0003323667   0.0005028786  -0.0282159817  -0.0277426052  -0.0050531907
       -0.0026419043  -0.0011916021   0.0002632310   0.0001789597  -0.0001005175
        0.0000975392   0.0000746872  -0.0004013897  -0.0000553944   0.0002493142
        0.0004126519   0.0014732445  -0.0006994081  -0.0044575478  -0.0026361183
        0.1120287497   0.1049950565   0.0279692098   0.0000453927  -0.0000571134
       -0.0001745818  -0.0001992900  -0.0000187693  -0.0000552112  -0.0000462585
        0.0001402307   0.0000202700   0.0003049654  -0.0006178535  -0.0000460217
       -0.0895107783  -0.2089470508  -0.0482183510  -0.0095411793  -0.0269206746
       -0.0046728364  -0.0002598123   0.0002848698  -0.0002211059   0.0031296876
       -0.0041278128   0.0025739959  -0.0007386710  -0.0013152609  -0.0002821954
        0.0003954834   0.0005190509  -0.0001848820   0.0001638865   0.0001864887
       -0.0000125760  -0.0002363918   0.0003951607   0.0002798788   0.0002467102
        0.0001851908   0.0003046961  -0.0055431314   0.0010371703   0.0013413369
       -0.0000338178   0.0001283523   0.0001110219   0.0000408668   0.0002075300
        0.0001363212   0.0002278534   0.0005550692   0.0001137620  -0.0006272370
        0.0019691833  -0.0019272139  -0.0027931845  -0.0044391717  -0.0034930615
        0.1049950565   0.2406246522   0.0528600515   0.0000301334  -0.0001305716
       -0.0000703848  -0.0001825910  -0.0003072061  -0.0000751726  -0.0000603020
        0.0001156453   0.0001763067   0.0002974187  -0.0000206150   0.0012604086
       -0.0274646922  -0.0494208558  -0.0583273600   0.0038119944   0.0103845294
        0.0017780830   0.0002723712  -0.0002980324  -0.0000463315  -0.0007806879
        0.0018805378  -0.0008834973   0.0002738264   0.0005106052   0.0001139384
       -0.0000523654  -0.0000722478   0.0000256315  -0.0000276708   0.0000015773
       -0.0000328382   0.0011013335  -0.0002378544  -0.0000700662   0.0002299306
        0.0001123360   0.0001691237   0.0075872976   0.0104391150   0.0034350253
        0.0008068469   0.0003824701   0.0001633085  -0.0000891859  -0.0000858006
        0.0001095788   0.0002904582  -0.0002775962   0.0000573958   0.0007501153
        0.0008240335   0.0018135921  -0.0141206560  -0.0268325513  -0.0105376355
        0.0279692098   0.0528600515   0.0626981761  -0.0000128988  -0.0000418342
        0.0000713354   0.0000715542   0.0001257217  -0.0000666757  -0.0001276170
       -0.0000216648   0.0000764237  -0.0004891641  -0.0002325400  -0.0005472078
       -0.0007064287  -0.0003233023   0.0004821308  -0.0000936124  -0.0000770936
        0.0003042261   0.0002276684  -0.0000350112  -0.0000169207  -0.0000957632
        0.0000538306   0.0005340964   0.0000877508  -0.0000273131   0.0000013893
       -0.0000022604   0.0011678899   0.0023272177  -0.0000667286  -0.0000729490
       -0.0000754044  -0.0012502310  -0.0034775011   0.0406934964  -0.0043721193
        0.0009914637   0.0023081889   0.0005061220   0.0006575085  -0.0007180681
       -0.0447118269   0.0140644436  -0.0434796016   0.0018227365  -0.0034375064
        0.0000941225   0.0001507330  -0.0001284341  -0.0006884543   0.0007161630
       -0.0001163542  -0.0003393901   0.0000441351  -0.0000726354  -0.0003362571
        0.0000453927   0.0000301334  -0.0000128988   0.0494287673  -0.0096251064
       -0.0006417262  -0.0014338169   0.0003593610  -0.0005398080  -0.0000334149
        0.0000270414   0.0001383909  -0.0002632665   0.0000415349  -0.0000347298
       -0.0007331529   0.0001887053   0.0001460098   0.0001011349   0.0002969693
       -0.0000362418  -0.0000305287  -0.0001571686   0.0000250586   0.0001615743
        0.0001488821  -0.0003438983  -0.0000537171  -0.0001175365  -0.0000167731
        0.0006815516   0.0005750868  -0.0024168627   0.0000869113  -0.0007109936
       -0.0003831837  -0.0033966330   0.0011736015  -0.0064611158   0.0028137152
        0.0010282362  -0.0018129953   0.0013089336  -0.0000530792   0.0005479713
        0.0122255627  -0.0194253432   0.0660239454  -0.0031833661   0.0010513123
       -0.0009750772  -0.0002585930  -0.0000813670   0.0006032637  -0.0002194394
       -0.0004000300   0.0001956463   0.0000410128  -0.0000585770  -0.0001980147
       -0.0000571134  -0.0001305716  -0.0000418342  -0.0096251064   0.0159972996
       -0.0548279992   0.0002515093   0.0007164238   0.0002016600   0.0000945593
       -0.0000552827  -0.0002036413  -0.0002088148   0.0000134326  -0.0000259178
        0.0002597693   0.0001567543  -0.0003084731  -0.0000223468   0.0000211070
        0.0004070178  -0.0000981204  -0.0000033672  -0.0000223626   0.0001267052
       -0.0000041047  -0.0006124173  -0.0002655467   0.0001588783   0.0000933892
       -0.0011355798   0.0009202086   0.0009803489   0.0000157959  -0.0003728176
       -0.0003709999   0.0140299649  -0.0020280681  -0.0180699390   0.0035368684
        0.0002360151  -0.0016070565  -0.0007210933  -0.0002102281   0.0005338354
       -0.0170273285   0.0583887827  -0.3996852450   0.0028745811  -0.0018387590
        0.0002554807  -0.0000206510   0.0000338873   0.0000213805   0.0001147019
        0.0000567613  -0.0004103721  -0.0002810175  -0.0000232593   0.0001463389
       -0.0001745818  -0.0000703848   0.0000713354  -0.0006417262  -0.0548279992
        0.4180406171  -0.0006200326  -0.0005367715   0.0004513084   0.0000727730
       -0.0000314853  -0.0000233147  -0.0000231352  -0.0000251499   0.0001091278
        0.0014539073  -0.0001479605  -0.0010409201   0.0012927279   0.0009683552
        0.0051629457  -0.0000747240  -0.0002042974  -0.0006501525   0.0031528226
        0.0010742040   0.0005807066  -0.0003127348   0.0005950238   0.0002090787
        0.0026566285   0.0022862520  -0.0062011988   0.0014256943   0.0006603150
        0.0018301675   0.0011258710   0.0008559524  -0.0010866272   0.0000908993
       -0.0001802034   0.0002810169  -0.0016682971  -0.0007644822   0.0008211254
       -0.0003710917  -0.0001808902   0.0008163199  -0.2415560972  -0.1774422777
       -0.0945103691  -0.0012098699   0.0000004934   0.0002497851  -0.0000863366
        0.0018052628  -0.0033995825  -0.0002717051   0.0001978252   0.0000507502
       -0.0001992900  -0.0001825910   0.0000715542  -0.0014338169   0.0002515093
       -0.0006200326   0.2346613079   0.1717922222   0.0983953232   0.0001780742
       -0.0001504857   0.0000074803   0.0011460303  -0.0012342269  -0.0009673709
       -0.0006877613   0.0002270854   0.0004572279   0.0001073933   0.0012841550
        0.0017451449   0.0000923672  -0.0002468838  -0.0003479015  -0.0010149528
        0.0013111784  -0.0009397743   0.0005090575  -0.0008671611  -0.0002254404
        0.0023385222  -0.0009226289  -0.0077251730  -0.0005417254  -0.0000249348
       -0.0022635175   0.0004568579   0.0028048965   0.0018138059   0.0001154542
       -0.0003867264  -0.0001183086  -0.0005508180  -0.0000720157  -0.0019902274
        0.0001073175  -0.0008849277   0.0001291655  -0.1739993078  -0.1382796588
       -0.0696125226  -0.0001852528  -0.0003108635   0.0013887330   0.0022230232
       -0.0015994173  -0.0008258312   0.0000011430  -0.0000781937  -0.0002240051
       -0.0000187693  -0.0003072061   0.0001257217   0.0003593610   0.0007164238
       -0.0005367715   0.1717922222   0.1386553231   0.0796063881  -0.0001211414
       -0.0000299741  -0.0002159348  -0.0009829905  -0.0009884701  -0.0002407793
        0.0004641472   0.0005465843  -0.0009076253   0.0015114098   0.0002882833
       -0.0017805092  -0.0001843974  -0.0000415286  -0.0001275819   0.0000797020
       -0.0009829773  -0.0002801174   0.0002851669  -0.0003901222  -0.0000738058
       -0.0263504223  -0.0231773405  -0.0209272527  -0.0003817215  -0.0006130145
       -0.0062292917  -0.0019503243   0.0002367220  -0.0009937317   0.0000548664
        0.0000659478   0.0001757472   0.0003662715  -0.0006410102   0.0009909824
        0.0009654256  -0.0003142542  -0.0002706871  -0.0714661947  -0.0553377796
       -0.0754452290  -0.0005725032   0.0001300721   0.0008101984  -0.0007973631
        0.0011697345  -0.0014295259  -0.0000199723   0.0000800374   0.0000768588
       -0.0000552112  -0.0000751726  -0.0000666757  -0.0005398080   0.0002016600
        0.0004513084   0.0983953232   0.0796063881   0.1052304289   0.0001115435
        0.0000094083  -0.0001374756   0.0000840618  -0.0007616381   0.0009339849
        0.0002847641  -0.0000195200   0.0001573272   0.0003811499  -0.0003739894
       -0.0010460838   0.0000934981  -0.0000926010  -0.0000652568  -0.0004940846
        0.0034502115  -0.0026915781   0.0003657463  -0.0010064822  -0.0001217089
        0.0026323103   0.0013653061   0.0007250584  -0.0003562969  -0.0006297766
        0.0001165618  -0.0000687104   0.0006832813   0.0006283935  -0.0001728884
        0.0002107692  -0.0003129573  -0.0005107470  -0.0002284650  -0.0000965634
        0.0000333771  -0.0002434665  -0.0002524950  -0.0004800842   0.0001324797
       -0.0003059570  -0.1110210082  -0.1875551158  -0.0336915502  -0.0003549653
       -0.0000601858  -0.0001835436  -0.0000008056   0.0002622967  -0.0002701952
       -0.0000462585  -0.0000603020  -0.0001276170  -0.0000334149   0.0000945593
        0.0000727730   0.0001780742  -0.0001211414   0.0001115435   0.1094445208
        0.1843154338   0.0374248536   0.0001258231  -0.0001232918  -0.0000710045
       -0.0004797569   0.0000055215   0.0001086151  -0.0008517889  -0.0000862924
       -0.0027188425   0.0007639847   0.0002425897  -0.0000114966  -0.0016036615
       -0.0058364632  -0.0055037943   0.0003862794   0.0017365149   0.0003538066
       -0.0000740939   0.0005043450  -0.0004003894   0.0004965403   0.0001974834
       -0.0004897813  -0.0001295483  -0.0008774664  -0.0005931829   0.0002605035
       -0.0004653570   0.0002988726   0.0006150188   0.0003598162   0.0001514671
       -0.0001146710   0.0002975642   0.0002340013   0.0000093679   0.0000611617
        0.0008695816  -0.1834046597  -0.3230606116  -0.0704066759   0.0000545549
       -0.0006195370  -0.0003955470  -0.0001789031  -0.0000281374  -0.0002893778
        0.0001402307   0.0001156453  -0.0000216648   0.0000270414  -0.0000552827
       -0.0000314853  -0.0001504857  -0.0000299741   0.0000094083   0.1843154338
        0.3274713646   0.0789599481  -0.0000813864   0.0000671152  -0.0001234630
       -0.0001371045   0.0000210492   0.0002891070   0.0004833253  -0.0010396931
       -0.0053871334   0.0001621559   0.0001943861  -0.0000757471  -0.0186936778
       -0.0324324028  -0.0121305021  -0.0006678425  -0.0008715257   0.0001998187
       -0.0001095940  -0.0005378473  -0.0000832399   0.0009881804   0.0001420550
       -0.0002011758   0.0004358638  -0.0008361717   0.0004006446  -0.0000020987
        0.0001159187  -0.0000030473   0.0000138104   0.0005557366  -0.0001579127
       -0.0003723351   0.0004014484  -0.0000164787  -0.0005251379   0.0005507782
        0.0005636700  -0.0183148587  -0.0433821549  -0.0500849951  -0.0007206447
       -0.0014746205  -0.0008181140   0.0000168471  -0.0000558826  -0.0000184174
        0.0000202700   0.0001763067   0.0000764237   0.0001383909  -0.0002036413
       -0.0000233147   0.0000074803  -0.0002159348  -0.0001374756   0.0374248536
        0.0789599481   0.0680431118  -0.0001478838  -0.0000677522  -0.0004352218
        0.0010088915  -0.0013073056  -0.0002843725  -0.0031825108  -0.0021629234
       -0.0036760123   0.0007016044   0.0007553230   0.0008153090   0.0006310591
       -0.0011045635  -0.0022828853   0.0000120643   0.0005104734  -0.0000193533
        0.0003149804  -0.0000812525  -0.0003199234  -0.0000198518   0.0001648882
       -0.0000216632  -0.0009751261  -0.0008959516  -0.0006041047   0.0000870111
        0.0001123882   0.0002414358   0.0000607939   0.0002171141   0.0013009966
        0.0003029180   0.0003272037   0.0000920202  -0.0014340069   0.0001838744
        0.0000905105  -0.0007041590  -0.0002712783  -0.0002318952  -0.0535114005
       -0.1355339793  -0.0291301250   0.0001031854   0.0000930591   0.0002756208
        0.0003049654   0.0002974187  -0.0004891641  -0.0002632665  -0.0002088148
       -0.0000231352   0.0011460303  -0.0009829905   0.0000840618   0.0001258231
       -0.0000813864  -0.0001478838   0.0552909948   0.1399687032   0.0343305633
        0.0006177207   0.0030484472   0.0004709601  -0.0007047626  -0.0024250689
       -0.0068588207  -0.0002701753   0.0000370009  -0.0001810913   0.0003178013
       -0.0002628157  -0.0019816039  -0.0000987537   0.0006395833  -0.0000473706
        0.0001747455  -0.0000487733   0.0000528456  -0.0000198564  -0.0000094421
        0.0000150307   0.0002474292   0.0001814655  -0.0000082995  -0.0000077346
        0.0000452981   0.0000041246  -0.0003636393  -0.0005860678  -0.0000087206
       -0.0001681730  -0.0000193323   0.0000266442   0.0003016673   0.0002908194
        0.0004658720  -0.0001117926  -0.0002765708  -0.0003545333  -0.1382714674
       -0.3758794393  -0.0734828849   0.0003221250  -0.0001849109   0.0003856133
       -0.0006178535  -0.0000206150  -0.0002325400   0.0000415349   0.0000134326
       -0.0000251499  -0.0012342269  -0.0009884701  -0.0007616381  -0.0001232918
        0.0000671152  -0.0000677522   0.1399687032   0.3763783441   0.0825893145
       -0.0007165362  -0.0008398174   0.0005380424  -0.0138384358  -0.0342137432
       -0.0118306880  -0.0000980556  -0.0007994025  -0.0001778501   0.0000611593
       -0.0005408191  -0.0053086024   0.0001193000   0.0002705264  -0.0000600986
       -0.0000659620   0.0000364016   0.0003727403   0.0001143056   0.0000997013
       -0.0000456212  -0.0010017244  -0.0005208281  -0.0001024921   0.0000528939
        0.0000541800   0.0000605631   0.0007694407   0.0003931107  -0.0000776710
        0.0005974194   0.0000643038  -0.0001953069   0.0006654031   0.0003957320
       -0.0004763335  -0.0009391597  -0.0014160936  -0.0007108825  -0.0190763636
       -0.0463023983  -0.0522942146   0.0001448789  -0.0001404165   0.0001052345
       -0.0000460217   0.0012604086  -0.0005472078  -0.0000347298  -0.0000259178
        0.0001091278  -0.0009673709  -0.0002407793   0.0009339849  -0.0000710045
       -0.0001234630  -0.0004352218   0.0343305633   0.0825893145   0.0701424976
