           1           2  0.97876206872286076     
           2           3  0.95796090551908120     
           2           4  0.97332603061495260     
           4           5  0.95721748811087759     
           4           6  0.96406658056040051     
           6           7  0.96014851612575813     
           6           8  0.94380677711477357     
           8           9  0.95017382981245890     
           1          10  0.99135559394006234     
           8          10  0.94821771600487392     
           8          11   1.0354096946277904     
           6          12   1.0103006557888681     
           4          13  0.99614775248138110     
           2          14  0.98922129500797840     
           1          15  0.96242153758330851     
           1          16  0.96639457444998722     
          11          17  0.86791065952040136     
          12          18  0.85789825673343534     
          13          19  0.89133088783438907     
          14          20  0.88806748662817370     
