$hessian                                                                        
        0.5283298780  -0.0000093429  -0.0000295254  -0.1327350303   0.1248095495
        0.0070700807  -0.0354868089   0.0232745664   0.0013290335   0.0045652606
        0.0000061011  -0.0000000442  -0.0354659982  -0.0232861134  -0.0013245524
       -0.1326924478  -0.1247866935  -0.0070542392   0.0066747574   0.0094394180
        0.0005473219  -0.0040883678  -0.0003751583  -0.0000256666  -0.0022720049
       -0.0000003236   0.0000001693  -0.0040881921   0.0003742248   0.0000268793
        0.0066770385  -0.0094290954  -0.0005472687  -0.1094449276  -0.0000030187
        0.0000043931  -0.0449931551   0.0019070528  -0.0355781625  -0.0449800018
       -0.0019211670   0.0355815813
       -0.0000093429   0.6248386979   0.0267574650   0.0740268273  -0.2422977369
       -0.0115335077   0.0738044871   0.0173072951   0.0011058817   0.0000061558
       -0.0528013629  -0.0029609763  -0.0738159651   0.0172857843   0.0011160808
       -0.0740039728  -0.2423414941  -0.0115244983   0.0009631241  -0.0407481471
       -0.0025005117   0.0011796551   0.0001343986  -0.0001954281  -0.0000003242
        0.0005378564  -0.0000288718  -0.0011806156   0.0001342353  -0.0001952528
       -0.0009528678  -0.0407503306  -0.0025004588  -0.0000030320  -0.0832307447
       -0.0017218445   0.0026742074   0.0209662770   0.0020868877  -0.0026883365
        0.0209652718   0.0020950348
       -0.0000295254   0.0267574650   0.1552820949   0.0042122064  -0.0115411259
       -0.0392565088   0.0041721831   0.0011063328  -0.0022248133  -0.0000000230
       -0.0030441260  -0.0006686854  -0.0041677203   0.0011087104  -0.0022240317
       -0.0041963539  -0.0115242312  -0.0392549905   0.0000613785  -0.0024790614
        0.0028680134   0.0000967853  -0.0001681187   0.0040832814   0.0000001580
        0.0000186274   0.0003834640  -0.0000955703  -0.0001682290   0.0040832728
       -0.0000613191  -0.0024776519   0.0028680679   0.0000043960  -0.0018400981
       -0.0500058153  -0.0496841985   0.0021201934  -0.0179605871   0.0496876032
        0.0021313133  -0.0179727622
       -0.1327350303   0.0740268273   0.0042122064   0.5507828424  -0.0576005429
       -0.0032901807  -0.2841771603   0.0273772491   0.0015810287  -0.0378619670
       -0.0737123082  -0.0041757782  -0.0405884522   0.0238211057   0.0013399555
        0.0511214654   0.0260614060   0.0014542405  -0.0022697517  -0.0024480174
       -0.0001635552   0.0003438429  -0.0003868930  -0.0000152782   0.0028076919
       -0.0001321769  -0.0000134848  -0.0242231847   0.0156911008   0.0009283435
       -0.0574322293  -0.0572760020  -0.0033273691  -0.0168476680   0.0308863341
        0.0017781151  -0.0044561978  -0.0030580077  -0.0020382400  -0.0044642016
       -0.0032500750   0.0017299967
        0.1248095495  -0.2422977369  -0.0115411259  -0.0576005429   0.5043872639
        0.0235188121  -0.0265535716  -0.0629914043  -0.0011065831  -0.0229866213
        0.0182044936   0.0010408119   0.0240023760  -0.0112002300  -0.0006056379
       -0.0260359654  -0.0658247411  -0.0038706946  -0.0006478486  -0.0018802008
       -0.0003329344   0.0002307868   0.0006938300   0.0000310243  -0.0015981049
       -0.0030920485  -0.0004359778   0.0288320025  -0.0149494689  -0.0009331035
       -0.0538906703  -0.1211115702  -0.0058587287   0.0222414688   0.0037629727
        0.0002135792  -0.0053464566  -0.0015495799  -0.0052096849  -0.0054564019
       -0.0021515796   0.0050902433
        0.0070700807  -0.0115335077  -0.0392565088  -0.0032901807   0.0235188121
        0.0908182801  -0.0015147447  -0.0011217123  -0.0423601796  -0.0012981631
        0.0010686764  -0.0002254692   0.0013476829  -0.0005936327  -0.0008644349
       -0.0014603659  -0.0038747385   0.0022928482  -0.0000272223  -0.0003470718
        0.0040254696   0.0000102096   0.0000398152  -0.0001571603  -0.0001155753
       -0.0004277171   0.0044063697   0.0016597241  -0.0010011375   0.0019013999
       -0.0030595620  -0.0057708822  -0.0197593647   0.0012837215   0.0002071835
        0.0000916417  -0.0012523483  -0.0010777378  -0.0007898132   0.0006467434
        0.0009136503  -0.0001230784
       -0.0354868089   0.0738044871   0.0041721831  -0.2841771603  -0.0265535716
       -0.0015147447   0.5545985786   0.0470777787   0.0026173080  -0.1175457083
       -0.0683921405  -0.0038972314   0.0462520385  -0.0240847738  -0.0013648319
       -0.0405782036  -0.0240089840  -0.0013419424   0.0015872144  -0.0008067055
       -0.0000579708  -0.0012204581   0.0031391332   0.0001984651  -0.0386338178
       -0.0220728805  -0.0012694714  -0.0580580810   0.0569821338   0.0033057580
       -0.0250034502  -0.0162601101  -0.0009536654  -0.0019988657   0.0011431788
        0.0000810304   0.0001308426   0.0000127205   0.0001849149   0.0001338798
        0.0000197338  -0.0001598015
        0.0232745664   0.0173072951   0.0011063328   0.0273772491  -0.0629914043
       -0.0011217123   0.0470777787   0.4948046931   0.0230028055  -0.1214305999
       -0.2304605324  -0.0106581920   0.0241086490  -0.0638545127  -0.0036137722
       -0.0238276545  -0.0112108244  -0.0005905554   0.0002411790   0.0001953094
        0.0000058753   0.0019057516   0.0003326916  -0.0002427108  -0.0091136009
       -0.0029281983  -0.0002765679   0.0569657190  -0.1226950155  -0.0059694397
       -0.0293916106  -0.0151324309  -0.0009447910   0.0026082520  -0.0047965585
       -0.0007223941  -0.0000388768   0.0006821993   0.0000750977   0.0002431979
        0.0007472886  -0.0000499759
        0.0013290335   0.0011058817  -0.0022248133   0.0015810287  -0.0011065831
       -0.0423601796   0.0026173080   0.0230028055   0.0906738075  -0.0068756151
       -0.0106806034  -0.0419428437   0.0013590380  -0.0036100117  -0.0004264990
       -0.0013341673  -0.0006025883  -0.0008640656   0.0000160489   0.0000063072
        0.0000091678   0.0000978499  -0.0002485715   0.0043520685  -0.0005506074
       -0.0002913404   0.0022283121   0.0032676613  -0.0059205204  -0.0197446363
       -0.0016783918  -0.0010027516   0.0021110862   0.0001445345  -0.0006967597
        0.0074138246   0.0026370338   0.0001329753   0.0004183618  -0.0026107549
       -0.0000882395   0.0003564090
        0.0045652606   0.0000061558  -0.0000000230  -0.0378619670  -0.0229866213
       -0.0012981631  -0.1175457083  -0.1214305999  -0.0068756151   0.4640475064
       -0.0000117841  -0.0000294030  -0.1175864599   0.1214546264   0.0068884691
       -0.0378826538   0.0229743119   0.0013032127  -0.0022842835  -0.0011102675
       -0.0000669328   0.0016708354  -0.0138994512  -0.0007842343  -0.1547892313
       -0.0000141266   0.0000099017   0.0016676221   0.0139086358   0.0007846314
       -0.0022852507   0.0011093299   0.0000678641  -0.0052075254  -0.0000005930
        0.0000004670   0.0017460080  -0.0000769153   0.0014928425   0.0017458474
        0.0000772992  -0.0014930169
        0.0000061011  -0.0528013629  -0.0030441260  -0.0737123082   0.0182044936
        0.0010686764  -0.0683921405  -0.2304605324  -0.0106806034  -0.0000117841
        0.5830357057   0.0278385287   0.0684161065  -0.2304189798  -0.0106887903
        0.0736999533   0.0182258787   0.0010585645  -0.0031765433   0.0016062766
       -0.0001003423  -0.0008921340  -0.0419864413  -0.0025110579  -0.0000141826
       -0.0252236212  -0.0002853792   0.0009014543  -0.0419828709  -0.0025110131
        0.0031756538   0.0016072198  -0.0001007575  -0.0000006180   0.0001785436
       -0.0000442953  -0.0000005368   0.0000078231   0.0000004717   0.0000009783
        0.0000078674   0.0000001235
       -0.0000000442  -0.0029609763  -0.0006686854  -0.0041757782   0.0010408119
       -0.0002254692  -0.0038972314  -0.0106581920  -0.0419428437  -0.0000294030
        0.0278385287   0.0932114927   0.0039102621  -0.0106746778  -0.0419442950
        0.0041809001   0.0010384739  -0.0002262634  -0.0001859276  -0.0001346714
        0.0042063158  -0.0000831621  -0.0025398510   0.0017622679   0.0000096021
       -0.0002728950  -0.0203739710   0.0000837497  -0.0025418241   0.0017621340
        0.0001868910  -0.0001347616   0.0042063253   0.0000003855  -0.0000149130
        0.0004588693   0.0000797634   0.0000074778  -0.0001130265  -0.0000800074
        0.0000074700  -0.0001128508
       -0.0354659982  -0.0738159651  -0.0041677203  -0.0405884522   0.0240023760
        0.0013476829   0.0462520385   0.0241086490   0.0013590380  -0.1175864599
        0.0684161065   0.0039102621   0.5546182956  -0.0470606260  -0.0026882056
       -0.2841762560   0.0265044053   0.0015492031  -0.0250131095   0.0162575997
        0.0009577434  -0.0580341233  -0.0569696372  -0.0032989428  -0.0386403578
        0.0220649495   0.0012753057  -0.0012193672  -0.0031395012  -0.0001975749
        0.0015870941   0.0008070217   0.0000577746  -0.0019980836  -0.0011426455
       -0.0000795022   0.0001343294  -0.0000199139   0.0001598462   0.0001304501
       -0.0000128187  -0.0001849103
       -0.0232861134   0.0172857843   0.0011087104   0.0238211057  -0.0112002300
       -0.0005936327  -0.0240847738  -0.0638545127  -0.0036100117   0.1214546264
       -0.2304189798  -0.0106746778  -0.0470606260   0.4947862417   0.0230088935
       -0.0274264214  -0.0629916728  -0.0011175182   0.0293891715  -0.0151221762
       -0.0009487850  -0.0569532532  -0.1227218830  -0.0059619811   0.0091056046
       -0.0029216134  -0.0002776146  -0.0019061264   0.0003315817  -0.0002424561
       -0.0002408623   0.0001954363   0.0000059443  -0.0026077615  -0.0047973940
       -0.0007220447  -0.0002433535   0.0007471983  -0.0000499008   0.0000387832
        0.0006822196   0.0000750744
       -0.0013245524   0.0011160808  -0.0022240317   0.0013399555  -0.0006056379
       -0.0008644349  -0.0013648319  -0.0036137722  -0.0004264990   0.0068884691
       -0.0106887903  -0.0419442950  -0.0026882056   0.0230088935   0.0906743668
       -0.0015465464  -0.0011106793  -0.0423602383   0.0016825153  -0.0010047827
        0.0021106650  -0.0032609181  -0.0059131545  -0.0197435260   0.0005566905
       -0.0002943668   0.0022280050  -0.0000970667  -0.0002480457   0.0043521102
       -0.0000162887   0.0000061552   0.0000091834  -0.0001430667  -0.0006966384
        0.0074139188   0.0026108154  -0.0000876734   0.0003560626  -0.0026369693
        0.0001324119   0.0004187131
       -0.1326924478  -0.0740039728  -0.0041963539   0.0511214654  -0.0260359654
       -0.0014603659  -0.0405782036  -0.0238276545  -0.0013341673  -0.0378826538
        0.0736999533   0.0041809001  -0.2841762560  -0.0274264214  -0.0015465464
        0.5507579024   0.0576139541   0.0032196287  -0.0574562625   0.0572894478
        0.0033341533  -0.0242138035  -0.0156933087  -0.0009243959   0.0028073560
        0.0001333099   0.0000137263   0.0003438410   0.0003868500   0.0000152702
       -0.0022703933   0.0024478550   0.0001645750  -0.0168365069  -0.0308909678
       -0.0017757894  -0.0044664449   0.0032496985  -0.0017305128  -0.0044575924
        0.0030572220   0.0020398779
       -0.1247866935  -0.2423414941  -0.0115242312   0.0260614060  -0.0658247411
       -0.0038747385  -0.0240089840  -0.0112108244  -0.0006025883   0.0229743119
        0.0182258787   0.0010384739   0.0265044053  -0.0629916728  -0.0011106793
        0.0576139541   0.5044124469   0.0235113944   0.0539041692  -0.1210867925
       -0.0058658399  -0.0288343527  -0.0149594150  -0.0009291890   0.0015993562
       -0.0030915906  -0.0004361376  -0.0002308693   0.0006938379   0.0000310266
        0.0006476998  -0.0018794937  -0.0003330322  -0.0222460498   0.0037512624
        0.0002163632   0.0054565704  -0.0021496464   0.0050891290   0.0053450765
       -0.0015477554  -0.0052099510
       -0.0070542392  -0.0115244983  -0.0392549905   0.0014542405  -0.0038706946
        0.0022928482  -0.0013419424  -0.0005905554  -0.0008640656   0.0013032127
        0.0010585645  -0.0002262634   0.0015492031  -0.0011175182  -0.0423602383
        0.0032196287   0.0235113944   0.0908173488   0.0030663054  -0.0057785025
       -0.0197602749  -0.0016557510  -0.0009992034   0.0019018191   0.0001159798
       -0.0004277154   0.0044063597  -0.0000102663   0.0000397163  -0.0001571348
        0.0000281952  -0.0003474213   0.0040254573  -0.0012813300   0.0002112715
        0.0000921951  -0.0006463442   0.0009130580  -0.0001227683   0.0012531078
       -0.0010778957  -0.0007902924
        0.0066747574   0.0009631241   0.0000613785  -0.0022697517  -0.0006478486
       -0.0000272223   0.0015872144   0.0002411790   0.0000160489  -0.0022842835
       -0.0031765433  -0.0001859276  -0.0250131095   0.0293891715   0.0016825153
       -0.0574562625   0.0539041692   0.0030663054   0.0812034900  -0.0813462211
       -0.0047130637  -0.0026234948  -0.0002120918   0.0000450506  -0.0009042772
        0.0008826108   0.0000295311  -0.0003701966   0.0007717013   0.0000318254
        0.0000828528  -0.0003801913  -0.0000345000  -0.0005448362   0.0012810085
        0.0000769459   0.0009589563  -0.0009107494   0.0016541469   0.0009589410
       -0.0007593190  -0.0017030343
        0.0094394180  -0.0407481471  -0.0024790614  -0.0024480174  -0.0018802008
       -0.0003470718  -0.0008067055   0.0001953094   0.0000063072  -0.0011102675
        0.0016062766  -0.0001346714   0.0162575997  -0.0151221762  -0.0010047827
        0.0572894478  -0.1210867925  -0.0057785025  -0.0813462211   0.1738229183
        0.0094124755   0.0002954510   0.0066331641   0.0003410362   0.0001978618
       -0.0001748573   0.0000351385   0.0005816973  -0.0010758885  -0.0000075858
        0.0003803674  -0.0006340195  -0.0000276328   0.0028965420  -0.0013696092
       -0.0000115383  -0.0007508577  -0.0000037823  -0.0014652666  -0.0008763159
       -0.0001621950   0.0014611561
        0.0005473219  -0.0025005117   0.0028680134  -0.0001635552  -0.0003329344
        0.0040254696  -0.0000579708   0.0000058753   0.0000091678  -0.0000669328
       -0.0001003423   0.0042063158   0.0009577434  -0.0009487850   0.0021106650
        0.0033341533  -0.0058658399  -0.0197602749  -0.0047130637   0.0094124755
        0.0107968119  -0.0000464356   0.0003203250  -0.0010153282   0.0000364570
       -0.0000049271  -0.0001768958   0.0000318867  -0.0000210343  -0.0006396632
        0.0000344697  -0.0000276262   0.0000428865   0.0001940167   0.0000455744
       -0.0020910826  -0.0008862745  -0.0002290396  -0.0002721024   0.0007981840
        0.0002467904  -0.0001039828
       -0.0040883678   0.0011796551   0.0000967853   0.0003438429   0.0002307868
        0.0000102096  -0.0012204581   0.0019057516   0.0000978499   0.0016708354
       -0.0008921340  -0.0000831621  -0.0580341233  -0.0569532532  -0.0032609181
       -0.0242138035  -0.0288343527  -0.0016557510  -0.0026234948   0.0002954510
       -0.0000464356   0.0836717142   0.0799004095   0.0046245173   0.0041838396
        0.0044072942   0.0002364771   0.0001325471   0.0003544018   0.0000311336
       -0.0003699275  -0.0005815376  -0.0000319743   0.0019657711  -0.0018426121
       -0.0001052672  -0.0007134273   0.0004480475  -0.0007495817  -0.0007049481
        0.0003820921   0.0008361171
       -0.0003751583   0.0001343986  -0.0001681187  -0.0003868930   0.0006938300
        0.0000398152   0.0031391332   0.0003326916  -0.0002485715  -0.0138994512
       -0.0419864413  -0.0025398510  -0.0569696372  -0.1227218830  -0.0059131545
       -0.0156933087  -0.0149594150  -0.0009992034  -0.0002120918   0.0066331641
        0.0003203250   0.0799004095   0.1751237037   0.0095194571   0.0041907435
       -0.0007559137   0.0000017058  -0.0003541553  -0.0010649674  -0.0000411866
       -0.0007715567  -0.0010762070  -0.0000210325   0.0024115030  -0.0010248201
       -0.0000340118  -0.0004981183   0.0003589304  -0.0006247647  -0.0004814188
        0.0003129291   0.0007085917
       -0.0000256666  -0.0001954281   0.0040832814  -0.0000152782   0.0000310243
       -0.0001571603   0.0001984651  -0.0002427108   0.0043520685  -0.0007842343
       -0.0025110579   0.0017622679  -0.0032989428  -0.0059619811  -0.0197435260
       -0.0009243959  -0.0009291890   0.0019018191   0.0000450506   0.0003410362
       -0.0010153282   0.0046245173   0.0095194571   0.0106634836   0.0001793401
        0.0000203017  -0.0010998056  -0.0000312321  -0.0000411236  -0.0000926581
       -0.0000319272  -0.0000076038  -0.0006397096   0.0001045084  -0.0000553367
       -0.0001429402  -0.0000356401  -0.0000512766   0.0000330330  -0.0000045644
        0.0000838883   0.0000951745
       -0.0022720049  -0.0000003242   0.0000001580   0.0028076919  -0.0015981049
       -0.0001155753  -0.0386338178  -0.0091136009  -0.0005506074  -0.1547892313
       -0.0000141826   0.0000096021  -0.0386403578   0.0091056046   0.0005566905
        0.0028073560   0.0015993562   0.0001159798  -0.0009042772   0.0001978618
        0.0000364570   0.0041838396   0.0041907435   0.0001793401   0.2211257045
        0.0000201889  -0.0000155134   0.0041856482  -0.0041896047  -0.0001798362
       -0.0009040379  -0.0001980371  -0.0000363831   0.0027122864   0.0000002949
       -0.0000002822  -0.0008394549   0.0000481871  -0.0006854715  -0.0008393447
       -0.0000483825   0.0006854415
       -0.0000003236   0.0005378564   0.0000186274  -0.0001321769  -0.0030920485
       -0.0004277171  -0.0220728805  -0.0029281983  -0.0002913404  -0.0000141266
       -0.0252236212  -0.0002728950   0.0220649495  -0.0029216134  -0.0002943668
        0.0001333099  -0.0030915906  -0.0004277154   0.0008826108  -0.0001748573
       -0.0000049271   0.0044072942  -0.0007559137   0.0000203017   0.0000201889
        0.0385978114   0.0015970043  -0.0044062097  -0.0007579904   0.0000208804
       -0.0008827486  -0.0001750453  -0.0000048110   0.0000002940  -0.0000690913
        0.0000492274   0.0000215599   0.0000271595   0.0000088107  -0.0000217413
        0.0000271425   0.0000089210
        0.0000001693  -0.0000288718   0.0003834640  -0.0000134848  -0.0004359778
        0.0044063697  -0.0012694714  -0.0002765679   0.0022283121   0.0000099017
       -0.0002853792  -0.0203739710   0.0012753057  -0.0002776146   0.0022280050
        0.0000137263  -0.0004361376   0.0044063597   0.0000295311   0.0000351385
       -0.0001768958   0.0002364771   0.0000017058  -0.0010998056  -0.0000155134
        0.0015970043   0.0104460794  -0.0002370467   0.0000019390  -0.0010997834
       -0.0000294004   0.0000352076  -0.0001768897  -0.0000002549   0.0000602417
       -0.0010045943  -0.0003522836   0.0000046150  -0.0000832885   0.0003523441
        0.0000046969  -0.0000833615
       -0.0040881921  -0.0011806156  -0.0000955703  -0.0242231847   0.0288320025
        0.0016597241  -0.0580580810   0.0569657190   0.0032676613   0.0016676221
        0.0009014543   0.0000837497  -0.0012193672  -0.0019061264  -0.0000970667
        0.0003438410  -0.0002308693  -0.0000102663  -0.0003701966   0.0005816973
        0.0000318867   0.0001325471  -0.0003541553  -0.0000312321   0.0041856482
       -0.0044062097  -0.0002370467   0.0837054574  -0.0799182319  -0.0046371155
       -0.0026235709  -0.0002973890   0.0000465618   0.0019658930   0.0018432562
        0.0001050455  -0.0007051065  -0.0003823008  -0.0008361541  -0.0007133098
       -0.0004482314   0.0007498226
        0.0003742248   0.0001342353  -0.0001682290   0.0156911008  -0.0149494689
       -0.0010011375   0.0569821338  -0.1226950155  -0.0059205204   0.0139086358
       -0.0419828709  -0.0025418241  -0.0031395012   0.0003315817  -0.0002480457
        0.0003868500   0.0006938379   0.0000397163   0.0007717013  -0.0010758885
       -0.0000210343   0.0003544018  -0.0010649674  -0.0000411236  -0.0041896047
       -0.0007579904   0.0000019390  -0.0799182319   0.1750865013   0.0095299987
        0.0002100483   0.0066330983   0.0003203517  -0.0024108039  -0.0010249189
       -0.0000337002   0.0004812883   0.0003129889   0.0007082891   0.0004977568
        0.0003588770  -0.0006246801
        0.0000268793  -0.0001952528   0.0040832728   0.0009283435  -0.0009331035
        0.0019013999   0.0033057580  -0.0059694397  -0.0197446363   0.0007846314
       -0.0025110131   0.0017621340  -0.0001975749  -0.0002424561   0.0043521102
        0.0000152702   0.0000310266  -0.0001571348   0.0000318254  -0.0000075858
       -0.0006396632   0.0000311336  -0.0000411866  -0.0000926581  -0.0001798362
        0.0000208804  -0.0010997834  -0.0046371155   0.0095299987   0.0106650134
       -0.0000449329   0.0003410180  -0.0010153557  -0.0001047900  -0.0000556210
       -0.0001429850   0.0000046651   0.0000839589   0.0000953115   0.0000357430
       -0.0000512242   0.0000329747
        0.0066770385  -0.0009528678  -0.0000613191  -0.0574322293  -0.0538906703
       -0.0030595620  -0.0250034502  -0.0293916106  -0.0016783918  -0.0022852507
        0.0031756538   0.0001868910   0.0015870941  -0.0002408623  -0.0000162887
       -0.0022703933   0.0006476998   0.0000281952   0.0000828528   0.0003803674
        0.0000344697  -0.0003699275  -0.0007715567  -0.0000319272  -0.0009040379
       -0.0008827486  -0.0000294004  -0.0026235709   0.0002100483  -0.0000449329
        0.0811685918   0.0813268752   0.0047008224  -0.0005439081  -0.0012808142
       -0.0000771063   0.0009586923   0.0007595601   0.0017025420   0.0009584983
        0.0009109261  -0.0016539918
       -0.0094290954  -0.0407503306  -0.0024776519  -0.0572760020  -0.1211115702
       -0.0057708822  -0.0162601101  -0.0151324309  -0.0010027516   0.0011093299
        0.0016072198  -0.0001347616   0.0008070217   0.0001954363   0.0000061552
        0.0024478550  -0.0018794937  -0.0003474213  -0.0003801913  -0.0006340195
       -0.0000276262  -0.0005815376  -0.0010762070  -0.0000076038  -0.0001980371
       -0.0001750453   0.0000352076  -0.0002973890   0.0066330983   0.0003410180
        0.0813268752   0.1738590225   0.0094017071  -0.0028963271  -0.0013705045
       -0.0000110998   0.0008767372  -0.0001618265   0.0014614040   0.0007508708
       -0.0000033486  -0.0014656936
       -0.0005472687  -0.0025004588   0.0028680679  -0.0033273691  -0.0058587287
       -0.0197593647  -0.0009536654  -0.0009447910   0.0021110862   0.0000678641
       -0.0001007575   0.0042063253   0.0000577746   0.0000059443   0.0000091834
        0.0001645750  -0.0003330322   0.0040254573  -0.0000345000  -0.0000276328
        0.0000428865  -0.0000319743  -0.0000210325  -0.0006397096  -0.0000363831
       -0.0000048110  -0.0001768897   0.0000465618   0.0003203517  -0.0010153557
        0.0047008224   0.0094017071   0.0107954144  -0.0001941803   0.0000457039
       -0.0020909194  -0.0007984137   0.0002464905  -0.0001041385   0.0008861567
       -0.0002289530  -0.0002720434
       -0.1094449276  -0.0000030320   0.0000043960  -0.0168476680   0.0222414688
        0.0012837215  -0.0019988657   0.0026082520   0.0001445345  -0.0052075254
       -0.0000006180   0.0000003855  -0.0019980836  -0.0026077615  -0.0001430667
       -0.0168365069  -0.0222460498  -0.0012813300  -0.0005448362   0.0028965420
        0.0001940167   0.0019657711   0.0024115030   0.0001045084   0.0027122864
        0.0000002940  -0.0000002549   0.0019658930  -0.0024108039  -0.0001047900
       -0.0005439081  -0.0028963271  -0.0001941803   0.5429034779   0.0000314577
        0.0000403700  -0.1980947213   0.0099158469  -0.1817829603  -0.1980303856
       -0.0099407722   0.1817346495
       -0.0000030187  -0.0832307447  -0.0018400981   0.0308863341   0.0037629727
        0.0002071835   0.0011431788  -0.0047965585  -0.0006967597  -0.0000005930
        0.0001785436  -0.0000149130  -0.0011426455  -0.0047973940  -0.0006966384
       -0.0308909678   0.0037512624   0.0002112715   0.0012810085  -0.0013696092
        0.0000455744  -0.0018426121  -0.0010248201  -0.0000553367   0.0000002949
       -0.0000690913   0.0000602417   0.0018432562  -0.0010249189  -0.0000556210
       -0.0012808142  -0.0013705045   0.0000457039   0.0000314577   0.2278171662
       -0.0443231371   0.0127222196  -0.0689106649   0.0235354657  -0.0127470985
       -0.0689156388   0.0235770635
        0.0000043931  -0.0017218445  -0.0500058153   0.0017781151   0.0002135792
        0.0000916417   0.0000810304  -0.0007223941   0.0074138246   0.0000004670
       -0.0000442953   0.0004588693  -0.0000795022  -0.0007220447   0.0074139188
       -0.0017757894   0.0002163632   0.0000921951   0.0000769459  -0.0000115383
       -0.0020910826  -0.0001052672  -0.0000340118  -0.0001429402  -0.0000002822
        0.0000492274  -0.0010045943   0.0001050455  -0.0000337002  -0.0001429850
       -0.0000771063  -0.0000110998  -0.0020909194   0.0000403700  -0.0443231371
        1.0428059601  -0.2342879668   0.0235460708  -0.5013692606   0.2342395472
        0.0235988252  -0.5014288122
       -0.0449931551   0.0026742074  -0.0496841985  -0.0044561978  -0.0053464566
       -0.0012523483   0.0001308426  -0.0000388768   0.0026370338   0.0017460080
       -0.0000005368   0.0000797634   0.0001343294  -0.0002433535   0.0026108154
       -0.0044664449   0.0054565704  -0.0006463442   0.0009589563  -0.0007508577
       -0.0008862745  -0.0007134273  -0.0004981183  -0.0000356401  -0.0008394549
        0.0000215599  -0.0003522836  -0.0007051065   0.0004812883   0.0000046651
        0.0009586923   0.0008767372  -0.0007984137  -0.1980947213   0.0127222196
       -0.2342879668   0.2244098871  -0.0136244537   0.2504179118   0.0259297921
       -0.0017299292   0.0321932802
        0.0019070528   0.0209662770   0.0021201934  -0.0030580077  -0.0015495799
       -0.0010777378   0.0000127205   0.0006821993   0.0001329753  -0.0000769153
        0.0000078231   0.0000074778  -0.0000199139   0.0007471983  -0.0000876734
        0.0032496985  -0.0021496464   0.0009130580  -0.0009107494  -0.0000037823
       -0.0002290396   0.0004480475   0.0003589304  -0.0000512766   0.0000481871
        0.0000271595   0.0000046150  -0.0003823008   0.0003129889   0.0000839589
        0.0007595601  -0.0001618265   0.0002464905   0.0099158469  -0.0689106649
        0.0235460708  -0.0136244537   0.0256351227  -0.0318460908   0.0017312275
        0.0240378007   0.0062369786
       -0.0355781625   0.0020868877  -0.0179605871  -0.0020382400  -0.0052096849
       -0.0007898132   0.0001849149   0.0000750977   0.0004183618   0.0014928425
        0.0000004717  -0.0001130265   0.0001598462  -0.0000499008   0.0003560626
       -0.0017305128   0.0050891290  -0.0001227683   0.0016541469  -0.0014652666
       -0.0002721024  -0.0007495817  -0.0006247647   0.0000330330  -0.0006854715
        0.0000088107  -0.0000832885  -0.0008361541   0.0007082891   0.0000953115
        0.0017025420   0.0014614040  -0.0001041385  -0.1817829603   0.0235354657
       -0.5013692606   0.2504179118  -0.0318460908   0.6090934249  -0.0322111215
        0.0062301522  -0.0891812086
       -0.0449800018  -0.0026883365   0.0496876032  -0.0044642016  -0.0054564019
        0.0006467434   0.0001338798   0.0002431979  -0.0026107549   0.0017458474
        0.0000009783  -0.0000800074   0.0001304501   0.0000387832  -0.0026369693
       -0.0044575924   0.0053450765   0.0012531078   0.0009589410  -0.0008763159
        0.0007981840  -0.0007049481  -0.0004814188  -0.0000045644  -0.0008393447
       -0.0000217413   0.0003523441  -0.0007133098   0.0004977568   0.0000357430
        0.0009584983   0.0007508708   0.0008861567  -0.1980303856  -0.0127470985
        0.2342395472   0.0259297921   0.0017312275  -0.0322111215   0.2243323754
        0.0136634219  -0.2503560119
       -0.0019211670   0.0209652718   0.0021313133  -0.0032500750  -0.0021515796
        0.0009136503   0.0000197338   0.0007472886  -0.0000882395   0.0000772992
        0.0000078674   0.0000074700  -0.0000128187   0.0006822196   0.0001324119
        0.0030572220  -0.0015477554  -0.0010778957  -0.0007593190  -0.0001621950
        0.0002467904   0.0003820921   0.0003129291   0.0000838883  -0.0000483825
        0.0000271425   0.0000046969  -0.0004482314   0.0003588770  -0.0000512242
        0.0009109261  -0.0000033486  -0.0002289530  -0.0099407722  -0.0689156388
        0.0235988252  -0.0017299292   0.0240378007   0.0062301522   0.0136634219
        0.0256411207  -0.0319028862
        0.0355815813   0.0020950348  -0.0179727622   0.0017299967   0.0050902433
       -0.0001230784  -0.0001598015  -0.0000499759   0.0003564090  -0.0014930169
        0.0000001235  -0.0001128508  -0.0001849103   0.0000750744   0.0004187131
        0.0020398779  -0.0052099510  -0.0007902924  -0.0017030343   0.0014611561
       -0.0001039828   0.0008361171   0.0007085917   0.0000951745   0.0006854415
        0.0000089210  -0.0000833615   0.0007498226  -0.0006246801   0.0000329747
       -0.0016539918  -0.0014656936  -0.0002720434   0.1817346495   0.0235770635
       -0.5014288122   0.0321932802   0.0062369786  -0.0891812086  -0.2503560119
       -0.0319028862   0.6091651208
