           1           2   1.3596791045419154     
           2           3   1.3326213511855372     
           3           4   1.3428738417086634     
           4           5   1.3428740698599144     
           1           6   1.3596790908149217     
           5           6   1.3326205710624872     
           6           7   1.0374291395251667     
           5           8   1.0403019513360987     
           4           9   1.0437005810872939     
           3          10   1.0403011385759537     
           2          11   1.0374291147252128     
           1          12  0.90141656197555842     
          12          13   1.4961424607499523     
          12          14   1.4961420361535034     
          13          14  0.40110067353760970     
