$hessian                                                                        
        0.4873676373   0.0316275344   0.0026093162  -0.1337019488   0.0760534727
        0.0031341131  -0.0267125988   0.0099193460   0.0032471915  -0.0438956862
        0.0042218382  -0.0094959390  -0.2235180551  -0.0979913692   0.0337016077
       -0.0517726255  -0.0294590060  -0.0335697771   0.0014082364   0.0010211189
        0.0014857227  -0.0041667478   0.0057853993  -0.0019360489  -0.0050082115
       -0.0011783342   0.0008238138
        0.0316275344   0.4971848970  -0.0023038839   0.0704384475  -0.1330210330
       -0.0047162880  -0.0047906383   0.0080138363   0.0001634598   0.0038456092
       -0.1057140983   0.1048574143  -0.0985942102  -0.0944364019   0.0182377943
       -0.0300518227  -0.1420476956  -0.1146204357   0.0161200508  -0.0164780936
       -0.0037962769   0.0139853161  -0.0131164901   0.0017655503  -0.0025802867
       -0.0003849209   0.0004126658
        0.0026093162  -0.0023038839   0.5237864767   0.0035989690  -0.0055058777
       -0.0679711739   0.0044433992  -0.0019576740   0.0010893081  -0.0090785905
        0.1042019570  -0.2245031461   0.0337504865   0.0181475790  -0.0503003273
       -0.0339049799  -0.1140986330  -0.1802955812   0.0164229785  -0.0170562676
       -0.0019769850  -0.0187886714   0.0183641750   0.0002345795   0.0009470924
        0.0002086251  -0.0000631508
       -0.1337019488   0.0704384475   0.0035989690   0.3370952233  -0.0470649083
        0.0284106756  -0.0896539061  -0.0351012997   0.0123506719  -0.0040552524
        0.0047274197  -0.0023058308  -0.0261551642   0.0172098077   0.0024015614
        0.0019397807  -0.0002373212   0.0018482044  -0.0395039951  -0.0188917045
       -0.0273253002  -0.0351028941   0.0131274428  -0.0207989671  -0.0108618434
       -0.0042078839   0.0018200158
        0.0760534727  -0.1330210330  -0.0055058777  -0.0470649083   0.4514471671
        0.0115184199  -0.0538227081  -0.0681471236   0.0112999590   0.0143206240
       -0.0145856454   0.0025333882  -0.0064789171   0.0073648172   0.0003612442
        0.0164400467  -0.0182120971  -0.0044484807  -0.0227309216  -0.1339299247
       -0.1115668498   0.0093091141  -0.0984748214   0.0984777764   0.0139741975
        0.0075586608  -0.0026695795
        0.0031341131  -0.0047162880  -0.0679711739   0.0284106756   0.0115184199
        0.5036736519   0.0138112458   0.0085824271  -0.0266364799  -0.0200361650
        0.0195859568  -0.0000612372   0.0043457634  -0.0030186507   0.0001760037
        0.0174240392  -0.0177481199  -0.0024189598  -0.0329815544  -0.1153662034
       -0.1831848924  -0.0144917025   0.1011912798  -0.2229842036   0.0003835850
       -0.0000288217  -0.0005927088
       -0.0267125988  -0.0047906383   0.0044433992  -0.0896539061  -0.0538227081
        0.0138112458   0.2124595625  -0.0216764328  -0.0263742902   0.0006307168
        0.0003398377  -0.0009122881  -0.0030592118   0.0035734783   0.0001922738
        0.0009128622   0.0005356015   0.0006110853  -0.0163268270  -0.0115891979
        0.0001844402  -0.0112880707  -0.0086218914   0.0059953183  -0.0669625273
        0.0960519510   0.0020488157
        0.0099193460   0.0080138363  -0.0019576740  -0.0351012997  -0.0681471236
        0.0085824271  -0.0216764328   0.2510395979  -0.0150800970   0.0008047155
        0.0006292356  -0.0001107846   0.0036483973  -0.0017395210  -0.0003529141
        0.0008302214   0.0006488256  -0.0002379546  -0.0189982205  -0.0108780175
        0.0016013598  -0.0160392332  -0.0091085746   0.0053767114   0.0766125060
       -0.1704582586   0.0021789259
        0.0032471915   0.0001634598   0.0010893081   0.0123506719   0.0112999590
       -0.0266364799  -0.0263742902  -0.0150800970   0.0243643218  -0.0004089915
       -0.0003327292   0.0001590579   0.0001856623  -0.0003495488   0.0003037097
        0.0000459500   0.0000927626  -0.0001623821  -0.0105181020  -0.0060984128
        0.0045691396   0.0179056288   0.0109419418  -0.0022132307   0.0035662790
       -0.0006373353  -0.0014734443
       -0.0438956862   0.0038456092  -0.0090785905  -0.0040552524   0.0143206240
       -0.0200361650   0.0006307168   0.0008047155  -0.0004089915   0.0499888290
       -0.0090336716   0.0115974992  -0.0007026064  -0.0155230521   0.0251250659
        0.0004745870   0.0025305854  -0.0067938502   0.0004911141  -0.0005953297
       -0.0002767274  -0.0031934832   0.0041838404  -0.0001943201   0.0002617813
       -0.0005333210   0.0000660796
        0.0042218382  -0.1057140983   0.1042019570   0.0047274197  -0.0145856454
        0.0195859568   0.0003398377   0.0006292356  -0.0003327292  -0.0090336716
        0.1219495437  -0.1225162991  -0.0021843911  -0.0091000888   0.0157980202
       -0.0010788607   0.0095303079  -0.0173582912  -0.0004888736   0.0002150820
        0.0006800376   0.0038798558  -0.0030813660  -0.0000622681  -0.0003831544
        0.0001570293   0.0000036160
       -0.0094959390   0.1048574143  -0.2245031461  -0.0023058308   0.0025333882
       -0.0000612372  -0.0009122881  -0.0001107846   0.0001590579   0.0115974992
       -0.1225162991   0.2564856799   0.0017626152   0.0048783607  -0.0070284135
       -0.0014412707   0.0109805269  -0.0270990378   0.0003898454  -0.0003606748
        0.0008024714   0.0001221285   0.0001283772   0.0012416638   0.0002832403
       -0.0003903089   0.0000029616
       -0.2235180551  -0.0985942102   0.0337504865  -0.0261551642  -0.0064789171
        0.0043457634  -0.0030592118   0.0036483973   0.0001856623  -0.0007026064
       -0.0021843911   0.0017626152   0.2613651969   0.1116219253  -0.0398968898
       -0.0078590967  -0.0065991063  -0.0003050940   0.0006116883  -0.0003985799
        0.0000590309   0.0004879327  -0.0004239533  -0.0001352434  -0.0011706837
       -0.0005911647   0.0002336689
       -0.0979913692  -0.0944364019   0.0181475790   0.0172098077   0.0073648172
       -0.0030186507   0.0035734783  -0.0017395210  -0.0003495488  -0.0155230521
       -0.0091000888   0.0048783607   0.1116219253   0.1079421131  -0.0210094984
       -0.0199427505  -0.0118134574   0.0016259256   0.0002118154   0.0005750099
        0.0000829625   0.0001131657   0.0005417185  -0.0002119015   0.0007269795
        0.0006658104  -0.0001452284
        0.0337016077   0.0182377943  -0.0503003273   0.0024015614   0.0003612442
        0.0001760037   0.0001922738  -0.0003529141   0.0003037097   0.0251250659
        0.0157980202  -0.0070284135  -0.0398968898  -0.0210094984   0.0537865799
       -0.0214761436  -0.0131078679   0.0028376105   0.0002391275   0.0000564999
       -0.0000300743  -0.0004142460  -0.0000273752   0.0001231756   0.0001276431
        0.0000440970   0.0001317358
       -0.0517726255  -0.0300518227  -0.0339049799   0.0019397807   0.0164400467
        0.0174240392   0.0009128622   0.0008302214   0.0000459500   0.0004745870
       -0.0010788607  -0.0014412707  -0.0078590967  -0.0199427505  -0.0214761436
        0.0586301200   0.0304693674   0.0382120516  -0.0030095876   0.0041561070
        0.0007372699   0.0005133165  -0.0003996790   0.0004521825   0.0001706432
       -0.0004226296  -0.0000490989
       -0.0294590060  -0.1420476956  -0.1140986330  -0.0002373212  -0.0182120971
       -0.0177481199   0.0005356015   0.0006488256   0.0000927626   0.0025305854
        0.0095303079   0.0109805269  -0.0065991063  -0.0118134574  -0.0131078679
        0.0304693674   0.1646136025   0.1345399068   0.0038707276  -0.0031638807
       -0.0003317109  -0.0006941137   0.0002016304  -0.0004094826  -0.0004167348
        0.0002427643   0.0000826179
       -0.0335697771  -0.1146204357  -0.1802955812   0.0018482044  -0.0044484807
       -0.0024189598   0.0006110853  -0.0002379546  -0.0001623821  -0.0067938502
       -0.0173582912  -0.0270990378  -0.0003050940   0.0016259256   0.0028376105
        0.0382120516   0.1345399068   0.2051827222   0.0004713814  -0.0006017402
        0.0011396366  -0.0001991947   0.0006010397   0.0007920921  -0.0002748066
        0.0005000302   0.0000238995
        0.0014082364   0.0161200508   0.0164229785  -0.0395039951  -0.0227309216
       -0.0329815544  -0.0163268270  -0.0189982205  -0.0105181020   0.0004911141
       -0.0004888736   0.0003898454   0.0006116883   0.0002118154   0.0002391275
       -0.0030095876   0.0038707276   0.0004713814   0.0545479203   0.0228579028
        0.0298699945   0.0014315426  -0.0010002778  -0.0039384515   0.0003499079
        0.0001577968   0.0000447806
        0.0010211189  -0.0164780936  -0.0170562676  -0.0188917045  -0.1339299247
       -0.1153662034  -0.0115891979  -0.0108780175  -0.0060984128  -0.0005953297
        0.0002150820  -0.0003606748  -0.0003985799   0.0005750099   0.0000564999
        0.0041561070  -0.0031638807  -0.0006017402   0.0228579028   0.1540912647
        0.1290992999   0.0026532192   0.0088131651   0.0098022346   0.0007864643
        0.0007553949   0.0005252644
        0.0014857227  -0.0037962769  -0.0019769850  -0.0273253002  -0.1115668498
       -0.1831848924   0.0001844402   0.0016013598   0.0045691396  -0.0002767274
        0.0006800376   0.0008024714   0.0000590309   0.0000829625  -0.0000300743
        0.0007372699  -0.0003317109   0.0011396366   0.0298699945   0.1290992999
        0.2052669178  -0.0045097243  -0.0160527936  -0.0267753446  -0.0002247063
        0.0002839715   0.0001891309
       -0.0041667478   0.0139853161  -0.0187886714  -0.0351028941   0.0093091141
       -0.0144917025  -0.0112880707  -0.0160392332   0.0179056288  -0.0031934832
        0.0038798558   0.0001221285   0.0004879327   0.0001131657  -0.0004142460
        0.0005133165  -0.0006941137  -0.0001991947   0.0014315426   0.0026532192
       -0.0045097243   0.0509519568  -0.0132608274   0.0204762917   0.0003664470
        0.0000535035  -0.0001005102
        0.0057853993  -0.0131164901   0.0183641750   0.0131274428  -0.0984748214
        0.1011912798  -0.0086218914  -0.0091085746   0.0109419418   0.0041838404
       -0.0030813660   0.0001283772  -0.0004239533   0.0005417185  -0.0000273752
       -0.0003996790   0.0002016304   0.0006010397  -0.0010002778   0.0088131651
       -0.0160527936  -0.0132608274   0.1136485125  -0.1143588887   0.0006099464
        0.0005762257  -0.0007877561
       -0.0019360489   0.0017655503   0.0002345795  -0.0207989671   0.0984777764
       -0.2229842036   0.0059953183   0.0053767114  -0.0022132307  -0.0001943201
       -0.0000622681   0.0012416638  -0.0001352434  -0.0002119015   0.0001231756
        0.0004521825  -0.0004094826   0.0007920921  -0.0039384515   0.0098022346
       -0.0267753446   0.0204762917  -0.1143588887   0.2492648410   0.0000792385
       -0.0003797318   0.0003164268
       -0.0050082115  -0.0025802867   0.0009470924  -0.0108618434   0.0139741975
        0.0003835850  -0.0669625273   0.0766125060   0.0035662790   0.0002617813
       -0.0003831544   0.0002832403  -0.0011706837   0.0007269795   0.0001276431
        0.0001706432  -0.0004167348  -0.0002748066   0.0003499079   0.0007864643
       -0.0002247063   0.0003664470   0.0006099464   0.0000792385   0.0828544864
       -0.0893299178  -0.0048875654
       -0.0011783342  -0.0003849209   0.0002086251  -0.0042078839   0.0075586608
       -0.0000288217   0.0960519510  -0.1704582586  -0.0006373353  -0.0005333210
        0.0001570293  -0.0003903089  -0.0005911647   0.0006658104   0.0000440970
       -0.0004226296   0.0002427643   0.0005000302   0.0001577968   0.0007553949
        0.0002839715   0.0000535035   0.0005762257  -0.0003797318  -0.0893299178
        0.1608872941   0.0003994740
        0.0008238138   0.0004126658  -0.0000631508   0.0018200158  -0.0026695795
       -0.0005927088   0.0020488157   0.0021789259  -0.0014734443   0.0000660796
        0.0000036160   0.0000029616   0.0002336689  -0.0001452284   0.0001317358
       -0.0000490989   0.0000826179   0.0000238995   0.0000447806   0.0005252644
        0.0001891309  -0.0001005102  -0.0007877561   0.0003164268  -0.0048875654
        0.0003994740   0.0014651492
