$hessian                                                                        
        0.4728968041   0.0261844545  -0.0000001762  -0.1741757820   0.0557793558
        0.0000006558  -0.0282172019   0.0053758901  -0.0000001564  -0.0035312236
       -0.0032159236  -0.0000001627  -0.1621079547  -0.1209070312  -0.0000132411
       -0.0452487791   0.0123685438  -0.0192974787  -0.0452515500   0.0123727771
        0.0193101600  -0.0073012694   0.0051148960   0.0023232624  -0.0073005125
        0.0051149027  -0.0023228567   0.0007520598   0.0008518467   0.0002201257
        0.0007520972   0.0008519865  -0.0002201379   0.0000244517  -0.0001935385
        0.0001949326   0.0000244852  -0.0001935426  -0.0001949478  -0.0013156247
        0.0004953828   0.0000000209
        0.0261844545   0.5125495806   0.0000003600   0.0551366558  -0.0925888035
       -0.0000001795  -0.0158911679   0.0068895164   0.0000002036  -0.0032159236
       -0.0020012615  -0.0000000621  -0.1211418621  -0.1636548572  -0.0000130681
        0.0128105471  -0.1218642240   0.1100101844   0.0128149140  -0.1218310170
       -0.1099973559   0.0181145957  -0.0096243489  -0.0025219088   0.0181161008
       -0.0096253938   0.0025218183  -0.0008502286   0.0006665947   0.0003905432
       -0.0008505263   0.0006666702  -0.0003905542  -0.0000533658   0.0000170146
       -0.0000978203  -0.0000533534   0.0000169978   0.0000978220  -0.0011208402
        0.0003835317   0.0000000173
       -0.0000001762   0.0000003600   0.5228212866   0.0000005703  -0.0000001977
       -0.0681613094  -0.0000008939   0.0000003220   0.0004246737  -0.0000001115
       -0.0000000864   0.0003281815  -0.0000131234  -0.0000129992  -0.0452884145
       -0.0195447800   0.1100398747  -0.2038914209   0.0195574127  -0.1100267507
       -0.2039222068   0.0226801219  -0.0127404632  -0.0015984065  -0.0226790796
        0.0127399144  -0.0015980387  -0.0007428870   0.0001860166   0.0003093574
        0.0007429959  -0.0001860098   0.0003093154   0.0001143428  -0.0000380316
        0.0000272431  -0.0001143505   0.0000380349   0.0000272606  -0.0000000416
        0.0000000160   0.0002124785
       -0.1741757820   0.0551366558   0.0000005703   0.4591551672  -0.0108141240
       -0.0000010765  -0.1264057133  -0.0660244888  -0.0000019013  -0.0282172023
       -0.0158911679  -0.0000003973  -0.0255311374   0.0081930843  -0.0000001332
       -0.0066211337   0.0053921678  -0.0031312195  -0.0066225462   0.0053925506
        0.0031313171  -0.0430244731   0.0115975870   0.0162651393  -0.0430240186
        0.0115965559  -0.0162621853  -0.0009109946  -0.0023779447  -0.0016756980
       -0.0009110899  -0.0023780757   0.0016756084   0.0009009040  -0.0008116025
        0.0003728381   0.0009009089  -0.0008116316  -0.0003729273  -0.0055128889
        0.0018004339   0.0000000651
        0.0557793558  -0.0925888035  -0.0000001977  -0.0108141240   0.4976768740
       -0.0000015104  -0.0660244890  -0.1305692539  -0.0000019749   0.0053758902
        0.0068895163   0.0000001594  -0.0183545880   0.0079991974  -0.0000001239
        0.0177327485  -0.0103089614   0.0029413956   0.0177298959  -0.0103069825
       -0.0029414318   0.0112042426  -0.1182077138  -0.1042461912   0.0112033647
       -0.1182179364   0.1042507614  -0.0145898310  -0.0168010748  -0.0037935957
       -0.0145909050  -0.0168027323   0.0037927362   0.0010451695   0.0006807106
       -0.0002255661   0.0010451943   0.0006807126   0.0002255980   0.0032580755
       -0.0001235521  -0.0000000591
        0.0000006558  -0.0000001795  -0.0681613094  -0.0000010765  -0.0000015104
        0.5395076570  -0.0000022100  -0.0000020837  -0.0697296481   0.0000002607
        0.0000002395   0.0004246738  -0.0000019545   0.0000007871   0.0003131679
       -0.0231273358   0.0126986531  -0.0015495199   0.0231295005  -0.0126992910
       -0.0015500089   0.0160708309  -0.1041155504  -0.1980634048  -0.0160678504
        0.1041197909  -0.1980538994  -0.0176313709  -0.0197410571  -0.0020463861
        0.0176302839   0.0197401849  -0.0020449104  -0.0008512562  -0.0003798598
        0.0002106170   0.0008513761   0.0003799193   0.0002106524   0.0000001463
       -0.0000000428   0.0005323190
       -0.0282172019  -0.0158911679  -0.0000008939  -0.1264057133  -0.0660244890
       -0.0000022100   0.4591551652  -0.0108141241   0.0000001056  -0.1741757812
        0.0551366564   0.0000024842  -0.0055128889   0.0018004339   0.0000000970
        0.0009009722  -0.0008117497   0.0003729131   0.0009008408  -0.0008114843
       -0.0003728523  -0.0009109620  -0.0023778829  -0.0016757523  -0.0009111224
       -0.0023781376   0.0016755542  -0.0430241628   0.0115961406   0.0162635004
       -0.0430243287   0.0115980017  -0.0162638231  -0.0066220091   0.0053925331
       -0.0031310469  -0.0066216706   0.0053921853   0.0031314897  -0.0255311374
        0.0081930846   0.0000004342
        0.0053758901   0.0068895164   0.0000003220  -0.0660244888  -0.1305692539
       -0.0000020837  -0.0108141241   0.4976768756  -0.0000010932   0.0557793563
       -0.0925888042  -0.0000010946   0.0032580754  -0.0001235521   0.0000000650
        0.0010453082   0.0006808022  -0.0002255633   0.0010450555   0.0006806210
        0.0002256009  -0.0145898668  -0.0168013312  -0.0037936833  -0.0145908690
       -0.0168024763   0.0037926489   0.0112028735  -0.1182055479  -0.1042458219
        0.0112047332  -0.1182201029   0.1042511310   0.0177320278  -0.0103084148
        0.0029410059   0.0177306166  -0.0103075295  -0.0029418216  -0.0183545878
        0.0079991975   0.0000003879
       -0.0000001564   0.0000002036   0.0004246737  -0.0000019013  -0.0000019749
       -0.0697296481   0.0000001056  -0.0000010932   0.5395076578   0.0000024020
       -0.0000010617  -0.0681613090  -0.0000000564   0.0000000188   0.0005323196
       -0.0008513590  -0.0003799131   0.0002106537   0.0008512730   0.0003798658
        0.0002106152  -0.0176311702  -0.0197410856  -0.0020464013   0.0176304843
        0.0197401566  -0.0020448957   0.0160691515  -0.1041149795  -0.1980661573
       -0.0160695285   0.1041203621  -0.1980511470  -0.0231278784   0.0126986502
       -0.0015490931   0.0231289581  -0.0126992943  -0.0015504355  -0.0000003244
        0.0000001453   0.0003131671
       -0.0035312236  -0.0032159236  -0.0000001115  -0.0282172023   0.0053758902
        0.0000002607  -0.1741757812   0.0557793563   0.0000024020   0.4728968059
        0.0261844561   0.0000013855  -0.0013156248   0.0004953828   0.0000000136
        0.0000244925  -0.0001935802   0.0001949396   0.0000244444  -0.0001935009
       -0.0001949409   0.0007520948   0.0008519509   0.0002201757   0.0007520622
        0.0008518824  -0.0002200879  -0.0073007411   0.0051147529   0.0023232419
       -0.0073010405   0.0051150457  -0.0023228771  -0.0452505216   0.0123721574
       -0.0193048942  -0.0452498064   0.0123691628   0.0193027417  -0.1621079584
       -0.1209070326  -0.0000022489
       -0.0032159236  -0.0020012615  -0.0000000864  -0.0158911679   0.0068895163
        0.0000002395   0.0551366564  -0.0925888042  -0.0000010617   0.0261844561
        0.5125495808  -0.0000006746  -0.0011208402   0.0003835317  -0.0000000139
       -0.0000533453   0.0000169994  -0.0000978289  -0.0000533739   0.0000170130
        0.0000978134  -0.0008504021   0.0006666394   0.0003905753  -0.0008503529
        0.0006666255  -0.0003905222   0.0181145574  -0.0096243417  -0.0025222178
        0.0181161390  -0.0096254012   0.0025215093   0.0128142474  -0.1218537472
        0.1100059876   0.0128112130  -0.1218414942  -0.1100015562  -0.1211418635
       -0.1636548562  -0.0000021634
       -0.0000001627  -0.0000000621   0.0003281815  -0.0000003973   0.0000001594
        0.0004246738   0.0000024842  -0.0000010946  -0.0681613090   0.0000013855
       -0.0000006746   0.5228212881  -0.0000000406  -0.0000000082   0.0002124787
        0.0001143367  -0.0000380418   0.0000272448  -0.0001143569   0.0000380244
        0.0000272585  -0.0007430090   0.0001860289   0.0003093693   0.0007428737
       -0.0001859976   0.0003093031   0.0226802471  -0.0127404651  -0.0015988577
       -0.0226789540   0.0127399130  -0.0015975872  -0.0195521587   0.1100355162
       -0.2039004049   0.0195500314  -0.1100311124  -0.2039132245  -0.0000022793
       -0.0000021854  -0.0452884147
       -0.1621079547  -0.1211418621  -0.0000131234  -0.0255311374  -0.0183545880
       -0.0000019545  -0.0055128889   0.0032580754  -0.0000000564  -0.0013156248
       -0.0011208402  -0.0000000406   0.1908449218   0.1390144796   0.0000150766
        0.0012017933  -0.0007566849   0.0009140265   0.0012030975  -0.0007551200
       -0.0009139196   0.0006042960  -0.0004417734   0.0001481515   0.0006041872
       -0.0004416044  -0.0001481746   0.0001856975   0.0003168806   0.0001730273
        0.0001856955   0.0003169249  -0.0001730109   0.0000462998  -0.0000370976
       -0.0000085693   0.0000462970  -0.0000370973   0.0000085583  -0.0004546798
        0.0001803074   0.0000000090
       -0.1209070312  -0.1636548572  -0.0000129992   0.0081930843   0.0079991974
        0.0000007871   0.0018004339  -0.0001235521   0.0000000188   0.0004953828
        0.0003835317  -0.0000000082   0.1390144796   0.1878721134   0.0000153290
       -0.0146515733  -0.0169687979   0.0025506797  -0.0146485346  -0.0169650945
       -0.0025539247   0.0001521075   0.0005546949   0.0002803775   0.0001520316
        0.0005545248  -0.0002802587   0.0001907463   0.0001238907   0.0002264594
        0.0001907416   0.0001238780  -0.0002264713  -0.0000810877   0.0000614789
       -0.0000501990  -0.0000810881   0.0000614609   0.0000502161   0.0001803074
       -0.0000224690  -0.0000000064
       -0.0000132411  -0.0000130681  -0.0452884145  -0.0000001332  -0.0000001239
        0.0003131679   0.0000000970   0.0000000650   0.0005323196   0.0000000136
       -0.0000000139   0.0002124787   0.0000150766   0.0000153290   0.0480844484
        0.0190416143   0.0219103236  -0.0020225163  -0.0190436567  -0.0219126417
       -0.0020275757   0.0004533894   0.0002384410   0.0000447667  -0.0004532013
       -0.0002383596   0.0000445701   0.0001180873   0.0000838866   0.0000453490
       -0.0001180457  -0.0000838443   0.0000453290   0.0000316888  -0.0000293164
        0.0000116616  -0.0000316935   0.0000293167   0.0000116674   0.0000000045
        0.0000000058  -0.0000072519
       -0.0452487791   0.0128105471  -0.0195447800  -0.0066211337   0.0177327485
       -0.0231273358   0.0009009722   0.0010453082  -0.0008513590   0.0000244925
       -0.0000533453   0.0001143367   0.0012017933  -0.0146515733   0.0190416143
        0.0536735325  -0.0176309535   0.0231099617   0.0009984445  -0.0015296216
        0.0017236338   0.0008515608  -0.0003866466  -0.0003846920  -0.0054612100
        0.0032661720  -0.0006566304  -0.0000256225  -0.0000474677   0.0000152371
       -0.0005198292  -0.0003659036   0.0004383148   0.0001227003  -0.0001158640
        0.0001297585   0.0000567730   0.0000076858  -0.0000397479   0.0000463055
       -0.0000810862   0.0000316883
        0.0123685438  -0.1218642240   0.1100398747   0.0053921678  -0.0103089614
        0.0126986531  -0.0008117497   0.0006808022  -0.0003799131  -0.0001935802
        0.0000169994  -0.0000380418  -0.0007566849  -0.0169687979   0.0219103236
       -0.0176309535   0.1396833276  -0.1296062637  -0.0015283581   0.0096469037
       -0.0148235914  -0.0003461477  -0.0000480057   0.0003403384   0.0034816314
       -0.0011728326   0.0001333086   0.0000465065  -0.0000666242  -0.0000550528
        0.0001239195   0.0003959679  -0.0001455360  -0.0001158760  -0.0000101734
       -0.0000475666   0.0000076823  -0.0000458527   0.0000027797  -0.0000371012
        0.0000614709  -0.0000293128
       -0.0192974787   0.1100101844  -0.2038914209  -0.0031312195   0.0029413956
       -0.0015495199   0.0003729131  -0.0002255633   0.0002106537   0.0001949396
       -0.0000978289   0.0000272448   0.0009140265   0.0025506797  -0.0020225163
        0.0231099617  -0.1296062637   0.2336798602  -0.0017218828   0.0148292561
       -0.0286598312   0.0003384596  -0.0003820095   0.0007877856  -0.0005453104
        0.0003105987   0.0012403687  -0.0000196802   0.0000467352  -0.0003118987
       -0.0003756803  -0.0002766216   0.0004253016   0.0001297615  -0.0000475569
        0.0000267759   0.0000397547  -0.0000027966   0.0000255398  -0.0000085648
       -0.0000502091   0.0000116568
       -0.0452515500   0.0128149140   0.0195574127  -0.0066225462   0.0177298959
        0.0231295005   0.0009008408   0.0010450555   0.0008512730   0.0000244444
       -0.0000533739  -0.0001143569   0.0012030975  -0.0146485346  -0.0190436567
        0.0009984445  -0.0015283581  -0.0017218828   0.0536762988  -0.0176363484
       -0.0231245296  -0.0054612178   0.0032660399   0.0006567296   0.0008517469
       -0.0003867167   0.0003847675  -0.0005197009  -0.0003658587  -0.0004382936
       -0.0000256187  -0.0000474441  -0.0000152550   0.0000567638   0.0000076806
        0.0000397503   0.0001227056  -0.0001158619  -0.0001297651   0.0000462913
       -0.0000810896  -0.0000316939
        0.0123727771  -0.1218310170  -0.1100267507   0.0053925506  -0.0103069825
       -0.0126992910  -0.0008114843   0.0006806210   0.0003798658  -0.0001935009
        0.0000170130   0.0000380244  -0.0007551200  -0.0169650945  -0.0219126417
       -0.0015296216   0.0096469037   0.0148292561  -0.0176363484   0.1396446393
        0.1295909516   0.0034817725  -0.0011727642  -0.0001335631  -0.0003461061
       -0.0000479662  -0.0003405167   0.0001238327   0.0003958388   0.0001454937
        0.0000465077  -0.0000666430   0.0000550856   0.0000076842  -0.0000458421
       -0.0000027915  -0.0001158499  -0.0000101750   0.0000475568  -0.0000370937
        0.0000614688   0.0000293206
        0.0193101600  -0.1099973559  -0.2039222068   0.0031313171  -0.0029414318
       -0.0015500089  -0.0003728523   0.0002256009   0.0002106152  -0.0001949409
        0.0000978134   0.0000272585  -0.0009139196  -0.0025539247  -0.0020275757
        0.0017236338  -0.0148235914  -0.0286598312  -0.0231245296   0.1295909516
        0.2337158534   0.0005453268  -0.0003104901   0.0012403988  -0.0003385698
        0.0003820158   0.0007880198   0.0003756801   0.0002765997   0.0004253116
        0.0000196374  -0.0000467347  -0.0003118404  -0.0000397434   0.0000027746
        0.0000255503  -0.0001297622   0.0000475665   0.0000267827   0.0000085627
        0.0000502060   0.0000116726
       -0.0073012694   0.0181145957   0.0226801219  -0.0430244731   0.0112042426
        0.0160708309  -0.0009109620  -0.0145898668  -0.0176311702   0.0007520948
       -0.0008504021  -0.0007430090   0.0006042960   0.0001521075   0.0004533894
        0.0008515608  -0.0003461477   0.0003384596  -0.0054612178   0.0034817725
        0.0005453268   0.0560561125  -0.0131074369  -0.0193227013   0.0014407990
       -0.0012186613  -0.0021980374  -0.0032507135  -0.0037705849  -0.0004230252
        0.0006034829   0.0005692820  -0.0002442928  -0.0000256244   0.0000465077
       -0.0000196566  -0.0005197847   0.0001238590   0.0003756956   0.0001856991
        0.0001907327   0.0001180681
        0.0051148960  -0.0096243489  -0.0127404632   0.0115975870  -0.1182077138
       -0.1041155504  -0.0023778829  -0.0168013312  -0.0197410856   0.0008519509
        0.0006666394   0.0001860289  -0.0004417734   0.0005546949   0.0002384410
       -0.0003866466  -0.0000480057  -0.0003820095   0.0032660399  -0.0011727642
       -0.0003104901  -0.0131074369   0.1385386152   0.1234824279  -0.0012189833
        0.0091388030   0.0140474367  -0.0037705907  -0.0037720441  -0.0005707995
        0.0005692695   0.0002743098  -0.0005011612  -0.0000474554  -0.0000666330
        0.0000467389  -0.0003658856   0.0003959051   0.0002766178   0.0003169116
        0.0001238737   0.0000838682
        0.0023232624  -0.0025219088  -0.0015984065   0.0162651393  -0.1042461912
       -0.1980634048  -0.0016757523  -0.0037936833  -0.0020464013   0.0002201757
        0.0003905753   0.0003093693   0.0001481515   0.0002803775   0.0000447667
       -0.0003846920   0.0003403384   0.0007877856   0.0006567296  -0.0001335631
        0.0012403988  -0.0193227013   0.1234824279   0.2263206272   0.0021984443
       -0.0140455669  -0.0291529010  -0.0004230338  -0.0005708688   0.0012086796
        0.0002443256   0.0005011349   0.0007906926   0.0000152378  -0.0000550654
       -0.0003118771  -0.0004383182   0.0001455211   0.0004253213   0.0001730316
        0.0002264724   0.0000453496
       -0.0073005125   0.0181161008  -0.0226790796  -0.0430240186   0.0112033647
       -0.0160678504  -0.0009111224  -0.0145908690   0.0176304843   0.0007520622
       -0.0008503529   0.0007428737   0.0006041872   0.0001520316  -0.0004532013
       -0.0054612100   0.0034816314  -0.0005453104   0.0008517469  -0.0003461061
       -0.0003385698   0.0014407990  -0.0012189833   0.0021984443   0.0560549505
       -0.0131066594   0.0193191500   0.0006035133   0.0005692842   0.0002443402
       -0.0032507270  -0.0037705970   0.0004227874  -0.0005197455   0.0001238932
       -0.0003756647  -0.0000256168   0.0000465066   0.0000196610   0.0001856939
        0.0001907552  -0.0001180646
        0.0051149027  -0.0096253938   0.0127399144   0.0115965559  -0.1182179364
        0.1041197909  -0.0023781376  -0.0168024763   0.0197401566   0.0008518824
        0.0006666255  -0.0001859976  -0.0004416044   0.0005545248  -0.0002383596
        0.0032661720  -0.0011728326   0.0003105987  -0.0003867167  -0.0000479662
        0.0003820158  -0.0012186613   0.0091388030  -0.0140455669  -0.0131066594
        0.1385512922  -0.1234870738   0.0005692969   0.0002743196   0.0005011658
       -0.0037705912  -0.0037721225   0.0005705529  -0.0003658768   0.0003959018
       -0.0002766035  -0.0000474565  -0.0000666341  -0.0000467308   0.0003168938
        0.0001238950  -0.0000838628
       -0.0023228567   0.0025218183  -0.0015980387  -0.0162621853   0.1042507614
       -0.1980538994   0.0016755542   0.0037926489  -0.0020448957  -0.0002200879
       -0.0003905222   0.0003093031  -0.0001481746  -0.0002802587   0.0000445701
       -0.0006566304   0.0001333086   0.0012403687   0.0003847675  -0.0003405167
        0.0007880198  -0.0021980374   0.0140474367  -0.0291529010   0.0193191500
       -0.1234870738   0.2263092361  -0.0002443074  -0.0005011920   0.0007907398
        0.0004227786   0.0005704833   0.0012087383   0.0004382903  -0.0001455086
        0.0004252919  -0.0000152544   0.0000550730  -0.0003118621  -0.0001730065
       -0.0002264583   0.0000453290
        0.0007520598  -0.0008502286  -0.0007428870  -0.0009109946  -0.0145898310
       -0.0176313709  -0.0430241628   0.0112028735   0.0160691515  -0.0073007411
        0.0181145574   0.0226802471   0.0001856975   0.0001907463   0.0001180873
       -0.0000256225   0.0000465065  -0.0000196802  -0.0005197009   0.0001238327
        0.0003756801  -0.0032507135  -0.0037705907  -0.0004230338   0.0006035133
        0.0005692969  -0.0002443074   0.0560551748  -0.0131059371  -0.0193207511
        0.0014407990  -0.0012188037  -0.0021984025   0.0008516692  -0.0003461373
        0.0003385082  -0.0054612133   0.0034816691   0.0005454762   0.0006042350
        0.0001520459   0.0004532826
        0.0008518467   0.0006665947   0.0001860166  -0.0023779447  -0.0168010748
       -0.0197410571   0.0115961406  -0.1182055479  -0.1041149795   0.0051147529
       -0.0096243417  -0.0127404651   0.0003168806   0.0001238907   0.0000838866
       -0.0000474677  -0.0000666242   0.0000467352  -0.0003658587   0.0003958388
        0.0002765997  -0.0037705849  -0.0037720441  -0.0005708688   0.0005692842
        0.0002743196  -0.0005011920  -0.0131059371   0.1385363828   0.1234817583
       -0.0012188408   0.0091388030   0.0140478566  -0.0003866756  -0.0000479807
       -0.0003820432   0.0032660842  -0.0011727902  -0.0003106600  -0.0004416797
        0.0005545740   0.0002384129
        0.0002201257   0.0003905432   0.0003093574  -0.0016756980  -0.0037935957
       -0.0020463861   0.0162635004  -0.1042458219  -0.1980661573   0.0023232419
       -0.0025222178  -0.0015988577   0.0001730273   0.0002264594   0.0000453490
        0.0000152371  -0.0000550528  -0.0003118987  -0.0004382936   0.0001454937
        0.0004253116  -0.0004230252  -0.0005707995   0.0012086796   0.0002443402
        0.0005011658   0.0007907398  -0.0193207511   0.1234817583   0.2263238207
        0.0021980790  -0.0140451469  -0.0291529012  -0.0003847497   0.0003404087
        0.0007879168   0.0006568199  -0.0001335208   0.0012403589   0.0001481462
        0.0002803264   0.0000446672
        0.0007520972  -0.0008505263   0.0007429959  -0.0009110899  -0.0145909050
        0.0176302839  -0.0430243287   0.0112047332  -0.0160695285  -0.0073010405
        0.0181161390  -0.0226789540   0.0001856955   0.0001907416  -0.0001180457
       -0.0005198292   0.0001239195  -0.0003756803  -0.0000256187   0.0000465077
        0.0000196374   0.0006034829   0.0005692695   0.0002443256  -0.0032507270
       -0.0037705912   0.0004227786   0.0014407990  -0.0012188408   0.0021980790
        0.0560558872  -0.0131081586   0.0193210988  -0.0054612145   0.0034817349
       -0.0005451611   0.0008516385  -0.0003461166  -0.0003385213   0.0006042482
        0.0001520932  -0.0004533083
        0.0008519865   0.0006666702  -0.0001860098  -0.0023780757  -0.0168027323
        0.0197401849   0.0115980017  -0.1182201029   0.1041203621   0.0051150457
       -0.0096254012   0.0127399130   0.0003169249   0.0001238780  -0.0000838443
       -0.0003659036   0.0003959679  -0.0002766216  -0.0000474441  -0.0000666430
       -0.0000467347   0.0005692820   0.0002743098   0.0005011349  -0.0037705970
       -0.0037721225   0.0005704833  -0.0012188037   0.0091388030  -0.0140451469
       -0.0131081586   0.1385535254  -0.1234877437   0.0032661278  -0.0011728068
        0.0003104289  -0.0003866876  -0.0000479912   0.0003819820  -0.0004416980
        0.0005546457  -0.0002383880
       -0.0002201379  -0.0003905542   0.0003093154   0.0016756084   0.0037927362
       -0.0020449104  -0.0162638231   0.1042511310  -0.1980511470  -0.0023228771
        0.0025215093  -0.0015975872  -0.0001730109  -0.0002264713   0.0000453290
        0.0004383148  -0.0001455360   0.0004253016  -0.0000152550   0.0000550856
       -0.0003118404  -0.0002442928  -0.0005011612   0.0007906926   0.0004227874
        0.0005705529   0.0012087383  -0.0021984025   0.0140478566  -0.0291529012
        0.0193210988  -0.1234877437   0.2263060427  -0.0006565401   0.0001333510
        0.0012404082   0.0003847097  -0.0003404464   0.0007878883  -0.0001481799
       -0.0002803099   0.0000446701
        0.0000244517  -0.0000533658   0.0001143428   0.0009009040   0.0010451695
       -0.0008512562  -0.0066220091   0.0177320278  -0.0231278784  -0.0452505216
        0.0128142474  -0.0195521587   0.0000462998  -0.0000810877   0.0000316888
        0.0001227003  -0.0001158760   0.0001297615   0.0000567638   0.0000076842
       -0.0000397434  -0.0000256244  -0.0000474554   0.0000152378  -0.0005197455
       -0.0003658768   0.0004382903   0.0008516692  -0.0003866756  -0.0003847497
       -0.0054612145   0.0032661278  -0.0006565401   0.0536752625  -0.0176354559
        0.0231183444   0.0009984445  -0.0015289051   0.0017224544   0.0012026192
       -0.0146505584   0.0190422064
       -0.0001935385   0.0000170146  -0.0000380316  -0.0008116025   0.0006807106
       -0.0003798598   0.0053925331  -0.0103084148   0.0126986502   0.0123721574
       -0.1218537472   0.1100355162  -0.0000370976   0.0000614789  -0.0000293164
       -0.0001158640  -0.0000101734  -0.0000475569   0.0000076806  -0.0000458421
        0.0000027746   0.0000465077  -0.0000666330  -0.0000550654   0.0001238932
        0.0003959018  -0.0001455086  -0.0003461373  -0.0000479807   0.0003404087
        0.0034817349  -0.0011728068   0.0001333510  -0.0176354559   0.1396712086
       -0.1296010878  -0.0015290743   0.0096469039  -0.0148253494  -0.0007557368
       -0.0169676204   0.0219110751
        0.0001949326  -0.0000978203   0.0000272431   0.0003728381  -0.0002255661
        0.0002106170  -0.0031310469   0.0029410059  -0.0015490931  -0.0193048942
        0.1100059876  -0.2039004049  -0.0000085693  -0.0000501990   0.0000116616
        0.0001297585  -0.0000475666   0.0000267759   0.0000397503  -0.0000027915
        0.0000255503  -0.0000196566   0.0000467389  -0.0003118771  -0.0003756647
       -0.0002766035   0.0004252919   0.0003385082  -0.0003820432   0.0007879168
       -0.0005451611   0.0003104289   0.0012404082   0.0231183444  -0.1296010878
        0.2336902885  -0.0017230621   0.0148274981  -0.0286598316   0.0009139226
        0.0025520186  -0.0020245466
        0.0000244852  -0.0000533534  -0.0001143505   0.0009009089   0.0010451943
        0.0008513761  -0.0066216706   0.0177306166   0.0231289581  -0.0452498064
        0.0128112130   0.0195500314   0.0000462970  -0.0000810881  -0.0000316935
        0.0000567730   0.0000076823   0.0000397547   0.0001227056  -0.0001158499
       -0.0001297622  -0.0005197847  -0.0003658856  -0.0004383182  -0.0000256168
       -0.0000474565  -0.0000152544  -0.0054612133   0.0032660842   0.0006568199
        0.0008516385  -0.0003866876   0.0003847097   0.0009984445  -0.0015290743
       -0.0017230621   0.0536745678  -0.0176318451  -0.0231161437   0.0012022712
       -0.0146495499  -0.0190430654
       -0.0001935426   0.0000169978   0.0000380349  -0.0008116316   0.0006807126
        0.0003799193   0.0053921853  -0.0103075295  -0.0126992943   0.0123691628
       -0.1218414942  -0.1100311124  -0.0000370973   0.0000614609   0.0000293167
        0.0000076858  -0.0000458527  -0.0000027966  -0.0001158619  -0.0000101750
        0.0000475665   0.0001238590   0.0003959051   0.0001455211   0.0000465066
       -0.0000666341   0.0000550730   0.0034816691  -0.0011727902  -0.0001335208
       -0.0003461166  -0.0000479912  -0.0003404464  -0.0015289051   0.0096469039
        0.0148274981  -0.0176318451   0.1396567586   0.1295961315  -0.0007560685
       -0.0169662719  -0.0219118905
       -0.0001949478   0.0000978220   0.0000272606  -0.0003729273   0.0002255980
        0.0002106524   0.0031314897  -0.0029418216  -0.0015504355   0.0193027417
       -0.1100015562  -0.2039132245   0.0000085583   0.0000502161   0.0000116674
       -0.0000397479   0.0000027797   0.0000255398  -0.0001297651   0.0000475568
        0.0000267827   0.0003756956   0.0002766178   0.0004253213   0.0000196610
       -0.0000467308  -0.0003118621   0.0005454762  -0.0003106600   0.0012403589
       -0.0003385213   0.0003819820   0.0007878883   0.0017224544  -0.0148253494
       -0.0286598316  -0.0231161437   0.1295961315   0.2337054273  -0.0009140238
       -0.0025525861  -0.0020255449
       -0.0013156247  -0.0011208402  -0.0000000416  -0.0055128889   0.0032580755
        0.0000001463  -0.0255311374  -0.0183545878  -0.0000003244  -0.1621079584
       -0.1211418635  -0.0000022793  -0.0004546798   0.0001803074   0.0000000045
        0.0000463055  -0.0000371012  -0.0000085648   0.0000462913  -0.0000370937
        0.0000085627   0.0001856991   0.0003169116   0.0001730316   0.0001856939
        0.0003168938  -0.0001730065   0.0006042350  -0.0004416797   0.0001481462
        0.0006042482  -0.0004416980  -0.0001481799   0.0012026192  -0.0007557368
        0.0009139226   0.0012022712  -0.0007560685  -0.0009140238   0.1908449257
        0.1390144812   0.0000026064
        0.0004953828   0.0003835317   0.0000000160   0.0018004339  -0.0001235521
       -0.0000000428   0.0081930846   0.0079991975   0.0000001453  -0.1209070326
       -0.1636548562  -0.0000021854   0.0001803074  -0.0000224690   0.0000000058
       -0.0000810862   0.0000614709  -0.0000502091  -0.0000810896   0.0000614688
        0.0000502060   0.0001907327   0.0001238737   0.0002264724   0.0001907552
        0.0001238950  -0.0002264583   0.0001520459   0.0005545740   0.0002803264
        0.0001520932   0.0005546457  -0.0002803099  -0.0146505584  -0.0169676204
        0.0025520186  -0.0146495499  -0.0169662719  -0.0025525861   0.1390144812
        0.1878721123   0.0000026010
        0.0000000209   0.0000000173   0.0002124785   0.0000000651  -0.0000000591
        0.0005323190   0.0000004342   0.0000003879   0.0003131671  -0.0000022489
       -0.0000021634  -0.0452884147   0.0000000090  -0.0000000064  -0.0000072519
        0.0000316883  -0.0000293128   0.0000116568  -0.0000316939   0.0000293206
        0.0000116726   0.0001180681   0.0000838682   0.0000453496  -0.0001180646
       -0.0000838628   0.0000453290   0.0004532826   0.0002384129   0.0000446672
       -0.0004533083  -0.0002383880   0.0000446701   0.0190422064   0.0219110751
       -0.0020245466  -0.0190430654  -0.0219118905  -0.0020255449   0.0000026064
        0.0000026010   0.0480844482
