           1           2   1.0193665158641911     
           2           3   1.0087580464786836     
           3           4   1.0193665158678105     
           1           5  0.98763882315575902     
           1           6  0.98803678495267899     
           1           7  0.98803727494736782     
           2           8  0.97864056079532125     
           2           9  0.97864066728920318     
           3          10  0.97864073260966999     
           3          11  0.97864049557651378     
           4          12  0.98803709505639925     
           4          13  0.98803696478240544     
           4          14  0.98763882315301510     
