$hessian                                                                        
        0.3997550344  -0.0852459441  -0.0000279321  -0.1103761821  -0.0450255577
       -0.0000140817   0.0054551517   0.0003696266   0.0008261393   0.0054525658
        0.0003669973  -0.0008246924  -0.0054742628  -0.0121321653  -0.0000030726
       -0.2176388984   0.1189555481   0.0000159149  -0.0367342911   0.0101725685
        0.0108024963  -0.0367319829   0.0101620274  -0.0107749485  -0.0036217836
        0.0034616344   0.0000003798  -0.0000427100  -0.0005424840   0.0004038282
       -0.0000426411  -0.0005422513  -0.0004040311
       -0.0852459441   0.4506076765  -0.0000238115  -0.0454507528  -0.0808492602
       -0.0000100056  -0.0122695971  -0.0072109054  -0.0032498422  -0.0122769252
       -0.0072184625   0.0032457704   0.0121322237   0.0065509598   0.0000020626
        0.1279939671  -0.1190905605  -0.0000096197   0.0066297056  -0.1209690845
       -0.1188895293   0.0066173712  -0.1210776056   0.1189350200   0.0034092260
       -0.0017431975  -0.0000000528  -0.0007696580   0.0005003869  -0.0003701753
       -0.0007696165   0.0005000530   0.0003701834
       -0.0000279321  -0.0000238115   0.5340286371  -0.0000143823  -0.0000101279
       -0.0493591431  -0.0170665853  -0.0163214371  -0.0021513820   0.0170632713
        0.0163194466  -0.0021412849   0.0000018393  -0.0000000951   0.0020001834
        0.0000177568  -0.0000100845  -0.0411881487   0.0059468636  -0.1223953798
       -0.2207893664  -0.0059207922   0.1224415028  -0.2206828379   0.0000003432
       -0.0000000924   0.0001903812   0.0002108185  -0.0002284438   0.0000464018
       -0.0002112008   0.0002285227   0.0000465593
       -0.1103761821  -0.0454507528  -0.0000143823   0.3794787611   0.0000004662
       -0.0000465506  -0.0620087485   0.0000182643   0.0000295297  -0.0620090328
       -0.0000189272   0.0000305228  -0.1103757473   0.0454508989   0.0000032709
       -0.0195033033  -0.0090462752  -0.0000034085   0.0010753109   0.0002507456
       -0.0017738040   0.0010734283   0.0002484131   0.0017745015  -0.0195033021
        0.0090464132  -0.0000001400   0.0010760978  -0.0002507187  -0.0017739076
        0.0010727179  -0.0002485273   0.0017743680
       -0.0450255577  -0.0808492602  -0.0000101279   0.0000004662   0.5710777549
       -0.0000647872   0.0000180155  -0.1976223793  -0.2080365167  -0.0000186777
       -0.1977812542   0.2081150405   0.0450257015  -0.0808496988  -0.0000021415
        0.0089507099   0.0089557230   0.0000022622  -0.0082244403  -0.0079680189
       -0.0030614588  -0.0082308872  -0.0079752461   0.0030578299  -0.0089505714
        0.0089557230   0.0000005545   0.0082302131  -0.0079751849   0.0030593262
        0.0082250282  -0.0079681584  -0.0030599814
       -0.0000140817  -0.0000100056  -0.0493591431  -0.0000465506  -0.0000647872
        0.9139484679   0.0000295765  -0.2113854728  -0.4045821651   0.0000305811
        0.2114633922  -0.4044226299   0.0000031197  -0.0000019397  -0.0493590788
        0.0000006244   0.0000011040   0.0012708310  -0.0137206587  -0.0134549795
       -0.0021963953   0.0137172246   0.0134525389  -0.0021871437  -0.0000041632
        0.0000026285   0.0012708103  -0.0137167079   0.0134525850  -0.0021898966
        0.0137210357  -0.0134550639  -0.0021936567
        0.0054551517  -0.0122695971  -0.0170665853  -0.0620087485   0.0000180155
        0.0000295765   0.0436469465  -0.0000201073  -0.0000344915   0.0113288343
        0.0000011951   0.0000040987   0.0054523526   0.0122701618   0.0170679319
        0.0021682024   0.0009511032   0.0005611600  -0.0043998056  -0.0044992634
       -0.0005119810   0.0002944746   0.0009566697  -0.0003034723   0.0021683444
       -0.0009510625  -0.0005606854   0.0002944243  -0.0009564894   0.0003036052
       -0.0044001768   0.0044993743   0.0005108432
        0.0003696266  -0.0072109054  -0.0163214371   0.0000182643  -0.1976223793
       -0.2113854728  -0.0000201073   0.1942370031   0.2319598240  -0.0000011401
        0.0216576243   0.0134199242  -0.0003667940  -0.0072109771  -0.0163216048
        0.0005369969  -0.0002305450  -0.0002476035  -0.0048470484  -0.0028466846
        0.0002872477   0.0010386179   0.0011520594  -0.0007155575  -0.0005369326
       -0.0002305536  -0.0002476567  -0.0010385040   0.0011520726  -0.0007157481
        0.0048470209  -0.0028467144   0.0002880844
        0.0008261393  -0.0032498422  -0.0021513820   0.0000295297  -0.2080365167
       -0.4045821651  -0.0000344915   0.2319598240   0.4411360594   0.0000040449
       -0.0133989449  -0.0339645632  -0.0008247727  -0.0032476763  -0.0021485837
        0.0004090815  -0.0002360135  -0.0006751377  -0.0017237736  -0.0005324322
        0.0019838968  -0.0001011413  -0.0012452116  -0.0004536254  -0.0004085707
       -0.0002361935  -0.0006752473   0.0001012784  -0.0012453739  -0.0004535409
        0.0017226761  -0.0005316191   0.0019842892
        0.0054525658  -0.0122769252   0.0170632713  -0.0620090328  -0.0000186777
        0.0000305811   0.0113288343  -0.0000011401   0.0000040449   0.0436469487
        0.0000208385  -0.0000355889   0.0054554803   0.0122762366  -0.0170618249
        0.0021680918   0.0009512078  -0.0005603347   0.0002946378   0.0009566242
        0.0003040198  -0.0044002957  -0.0044995332   0.0005091505   0.0021679350
       -0.0009512721   0.0005608219  -0.0043998391   0.0044994413  -0.0005102764
        0.0002946739  -0.0009568000  -0.0003038646
        0.0003669973  -0.0072184625   0.0163194466  -0.0000189272  -0.1977812542
        0.2114633922   0.0000011951   0.0216576243  -0.0133989449   0.0000208385
        0.1944129284  -0.2320530194  -0.0003699523  -0.0072185066   0.0163195300
        0.0005368659  -0.0002309104   0.0002479702   0.0010386672   0.0011513724
        0.0007163885  -0.0048477159  -0.0028466109  -0.0002898343  -0.0005369538
       -0.0002308873   0.0002478900   0.0048477671  -0.0028466710  -0.0002890061
       -0.0010387818   0.0011513779   0.0007161873
       -0.0008246924   0.0032457704  -0.0021412849   0.0000305228   0.2081150405
       -0.4044226299   0.0000040987   0.0134199242  -0.0339645632  -0.0000355889
       -0.2320530194   0.4409598029   0.0008260893   0.0032479294  -0.0021442094
       -0.0004083935   0.0002364484  -0.0006750814   0.0001016463   0.0012459049
       -0.0004526488   0.0017209572   0.0005295818   0.0019843202   0.0004089067
        0.0002362643  -0.0006749407  -0.0017220620   0.0005304100   0.0019839483
       -0.0001014842   0.0012457453  -0.0004527132
       -0.0054742628   0.0121322237   0.0000018393  -0.1103757473   0.0450257015
        0.0000031197   0.0054523526  -0.0003667940  -0.0008247727   0.0054554803
       -0.0003699523   0.0008260893   0.3997558570   0.0852461940   0.0000043144
       -0.0036218165  -0.0034616251  -0.0000010883  -0.0000427561   0.0005422047
        0.0004040110  -0.0000425822   0.0005425359  -0.0004038520  -0.2176400864
       -0.1189550666  -0.0000452443  -0.0367349497  -0.0101833273   0.0108070821
       -0.0367314887  -0.0101520944  -0.0107714984
       -0.0121321653   0.0065509598  -0.0000000951   0.0454508989  -0.0808496988
       -0.0000019397   0.0122701618  -0.0072109771  -0.0032476763   0.0122762366
       -0.0072185066   0.0032479294   0.0852461940   0.4506068487  -0.0000087068
       -0.0034092169  -0.0017431641  -0.0000006730   0.0007695357   0.0005000237
        0.0003703185   0.0007697437   0.0005004032  -0.0003700362  -0.1279934857
       -0.1190893623  -0.0000308966  -0.0066381004  -0.1210757321   0.1189331103
       -0.0066098024  -0.1209707944  -0.1188913345
       -0.0000030726   0.0000020626   0.0020001834   0.0000032709  -0.0000021415
       -0.0493590788   0.0170679319  -0.0163216048  -0.0021485837  -0.0170618249
        0.0163195300  -0.0021442094   0.0000043144  -0.0000087068   0.5340288151
       -0.0000010097  -0.0000006955   0.0001903781   0.0002112015   0.0002286254
        0.0000466480  -0.0002108336  -0.0002283667   0.0000463066  -0.0000470145
       -0.0000298773  -0.0411881799   0.0059529589   0.1224389983  -0.2206818184
       -0.0059159223  -0.1223978238  -0.2207904609
       -0.2176388984   0.1279939671   0.0000177568  -0.0195033033   0.0089507099
        0.0000006244   0.0021682024   0.0005369969   0.0004090815   0.0021680918
        0.0005368659  -0.0004083935  -0.0036218165  -0.0034092169  -0.0000010097
        0.2393900192  -0.1408812550  -0.0000194581  -0.0015102925   0.0032803420
        0.0015577901  -0.0015073605   0.0032791429  -0.0015563342  -0.0012218607
        0.0009786185   0.0000000740   0.0006385910  -0.0006331759   0.0003103601
        0.0006386275  -0.0006329954  -0.0003104914
        0.1189555481  -0.1190905605  -0.0000100845  -0.0090462752   0.0089557230
        0.0000011040   0.0009511032  -0.0002305450  -0.0002360135   0.0009512078
       -0.0002309104   0.0002364484  -0.0034616251  -0.0017431641  -0.0000006955
       -0.1408812550   0.1344496183   0.0000116660   0.0165806421  -0.0112201147
       -0.0019940955   0.0165903514  -0.0112279520   0.0019917221  -0.0009786086
        0.0008166374   0.0000000309   0.0001694514  -0.0002393668  -0.0000364579
        0.0001694597  -0.0002393653   0.0000363754
        0.0000159149  -0.0000096197  -0.0411881487  -0.0000034085   0.0000022622
        0.0012708310   0.0005611600  -0.0002476035  -0.0006751377  -0.0005603347
        0.0002479702  -0.0006750814  -0.0000010883  -0.0000006730   0.0001903781
       -0.0000194581   0.0000116660   0.0434978431   0.0220942432  -0.0154094161
       -0.0013186513  -0.0220868485   0.0154054020  -0.0013137980  -0.0000003273
        0.0000002101   0.0001487524   0.0001035710  -0.0000454842   0.0000315225
       -0.0001034236   0.0000452860   0.0000314900
       -0.0367342911   0.0066297056   0.0059468636   0.0010753109  -0.0082244403
       -0.0137206587  -0.0043998056  -0.0048470484  -0.0017237736   0.0002946378
        0.0010386672   0.0001016463  -0.0000427561   0.0007695357   0.0002112015
       -0.0015102925   0.0165806421   0.0220942432   0.0406654448  -0.0114789952
       -0.0120159327   0.0006348701  -0.0000768154  -0.0011208603   0.0006385496
       -0.0001694660   0.0001035285   0.0000958682  -0.0001801282  -0.0000386310
       -0.0007175360  -0.0000416572   0.0001623732
        0.0101725685  -0.1209690845  -0.1223953798   0.0002507456  -0.0079680189
       -0.0134549795  -0.0044992634  -0.0028466846  -0.0005324322   0.0009566242
        0.0011513724   0.0012459049   0.0005422047   0.0005000237   0.0002286254
        0.0032803420  -0.0112201147  -0.0154094161  -0.0114789952   0.1315854940
        0.1363267087  -0.0000789966   0.0100907833   0.0137935261   0.0006329734
       -0.0002393660   0.0000453940   0.0001801386  -0.0002053010   0.0000829949
        0.0000416582   0.0001208965   0.0000690536
        0.0108024963  -0.1188895293  -0.2207893664  -0.0017738040  -0.0030614588
       -0.0021963953  -0.0005119810   0.0002872477   0.0019838968   0.0003040198
        0.0007163885  -0.0004526488   0.0004040110   0.0003703185   0.0000466480
        0.0015577901  -0.0019940955  -0.0013186513  -0.0120159327   0.1363267087
        0.2469670399   0.0011239257  -0.0137779867  -0.0244517997   0.0003106005
        0.0000363441   0.0000315651  -0.0000385466  -0.0000829873  -0.0002373134
       -0.0001625792   0.0000690501   0.0004170249
       -0.0367319829   0.0066173712  -0.0059207922   0.0010734283  -0.0082308872
        0.0137172246   0.0002944746   0.0010386179  -0.0001011413  -0.0044002957
       -0.0048477159   0.0017209572  -0.0000425822   0.0007697437  -0.0002108336
       -0.0015073605   0.0165903514  -0.0220868485   0.0006348701  -0.0000789966
        0.0011239257   0.0406625867  -0.0114673273   0.0119849653   0.0006386734
       -0.0001694536  -0.0001034604  -0.0007176573  -0.0000415549  -0.0001626098
        0.0000958456  -0.0001801488   0.0000386130
        0.0101620274  -0.1210776056   0.1224415028   0.0002484131  -0.0079752461
        0.0134525389   0.0009566697   0.0011520594  -0.0012452116  -0.0044995332
       -0.0028466109   0.0005295818   0.0005425359   0.0005004032  -0.0002283667
        0.0032791429  -0.0112279520   0.0154054020  -0.0000768154   0.0100907833
       -0.0137779867  -0.0114673273   0.1317077968  -0.1363799427   0.0006331894
       -0.0002393706  -0.0000453700   0.0000415603   0.0001210436  -0.0000691956
        0.0001801371  -0.0002053011  -0.0000829522
       -0.0107749485   0.1189350200  -0.2206828379   0.0017745015   0.0030578299
       -0.0021871437  -0.0003034723  -0.0007155575  -0.0004536254   0.0005091505
       -0.0002898343   0.0019843202  -0.0004038520  -0.0003700362   0.0000463066
       -0.0015563342   0.0019917221  -0.0013137980  -0.0011208603   0.0137935261
       -0.0244517997   0.0119849653  -0.1363799427   0.2468474198  -0.0003102514
       -0.0000364862   0.0000314457   0.0001624035  -0.0000692069   0.0004170223
        0.0000386978   0.0000829656  -0.0002373099
       -0.0036217836   0.0034092260   0.0000003432  -0.0195033021  -0.0089505714
       -0.0000041632   0.0021683444  -0.0005369326  -0.0004085707   0.0021679350
       -0.0005369538   0.0004089067  -0.2176400864  -0.1279934857  -0.0000470145
       -0.0012218607  -0.0009786086  -0.0000003273   0.0006385496   0.0006329734
        0.0003106005   0.0006386734   0.0006331894  -0.0003102514   0.2393913748
        0.1408807419   0.0000519571  -0.0015115000  -0.0032818140   0.0015563306
       -0.0015063444  -0.0032777645  -0.0015578112
        0.0034616344  -0.0017431975  -0.0000000924   0.0090464132   0.0089557230
        0.0000026285  -0.0009510625  -0.0002305536  -0.0002361935  -0.0009512721
       -0.0002308873   0.0002362643  -0.1189550666  -0.1190893623  -0.0000298773
        0.0009786185   0.0008166374   0.0000002101  -0.0001694660  -0.0002393660
        0.0000363441  -0.0001694536  -0.0002393706  -0.0000364862   0.1408807419
        0.1344482510   0.0000351118  -0.0165905727  -0.0112277246   0.0019889457
       -0.0165805143  -0.0112201493  -0.0019968551
        0.0000003798  -0.0000000528   0.0001903812  -0.0000001400   0.0000005545
        0.0012708103  -0.0005606854  -0.0002476567  -0.0006752473   0.0005608219
        0.0002478900  -0.0006749407  -0.0000452443  -0.0000308966  -0.0411881799
        0.0000000740   0.0000000309   0.0001487524   0.0001035285   0.0000453940
        0.0000315651  -0.0001034604  -0.0000453700   0.0000314457   0.0000519571
        0.0000351118   0.0434978557   0.0220869981   0.0154047995  -0.0013098620
       -0.0220942294  -0.0154098046  -0.0013225806
       -0.0000427100  -0.0007696580   0.0002108185   0.0010760978   0.0082302131
       -0.0137167079   0.0002944243  -0.0010385040   0.0001012784  -0.0043998391
        0.0048477671  -0.0017220620  -0.0367349497  -0.0066381004   0.0059529589
        0.0006385910   0.0001694514   0.0001035710   0.0000958682   0.0001801386
       -0.0000385466  -0.0007176573   0.0000415603   0.0001624035  -0.0015115000
       -0.0165905727   0.0220869981   0.0406668078   0.0114910264  -0.0120210036
        0.0006348670   0.0000766782  -0.0011197085
       -0.0005424840   0.0005003869  -0.0002284438  -0.0002507187  -0.0079751849
        0.0134525850  -0.0009564894   0.0011520726  -0.0012453739   0.0044994413
       -0.0028466710   0.0005304100  -0.0101833273  -0.1210757321   0.1224389983
       -0.0006331759  -0.0002393668  -0.0000454842  -0.0001801282  -0.0002053010
       -0.0000829873  -0.0000415549   0.0001210436  -0.0000692069  -0.0032818140
       -0.0112277246   0.0154047995   0.0114910264   0.1317056940  -0.1363770704
        0.0000792247   0.0100907833  -0.0137782262
        0.0004038282  -0.0003701753   0.0000464018  -0.0017739076   0.0030593262
       -0.0021898966   0.0003036052  -0.0007157481  -0.0004535409  -0.0005102764
       -0.0002890061   0.0019839483   0.0108070821   0.1189331103  -0.2206818184
        0.0003103601  -0.0000364579   0.0000315225  -0.0000386310   0.0000829949
       -0.0002373134  -0.0001626098  -0.0000691956   0.0004170223   0.0015563306
        0.0019889457  -0.0013098620  -0.0120210036  -0.1363770704   0.2468453272
        0.0011252220   0.0137932764  -0.0244517909
       -0.0000426411  -0.0007696165  -0.0002112008   0.0010727179   0.0082250282
        0.0137210357  -0.0044001768   0.0048470209   0.0017226761   0.0002946739
       -0.0010387818  -0.0001014842  -0.0367314887  -0.0066098024  -0.0059159223
        0.0006386275   0.0001694597  -0.0001034236  -0.0007175360   0.0000416582
       -0.0001625792   0.0000958456   0.0001801371   0.0000386978  -0.0015063444
       -0.0165805143  -0.0220942294   0.0006348670   0.0000792247   0.0011252220
        0.0406614551   0.0114561863   0.0119812078
       -0.0005422513   0.0005000530   0.0002285227  -0.0002485273  -0.0079681584
       -0.0134550639   0.0044993743  -0.0028467144  -0.0005316191  -0.0009568000
        0.0011513779   0.0012457453  -0.0101520944  -0.1209707944  -0.1223978238
       -0.0006329954  -0.0002393653   0.0000452860  -0.0000416572   0.0001208965
        0.0000690501  -0.0001801488  -0.0002053011   0.0000829656  -0.0032777645
       -0.0112201493  -0.0154098046   0.0000766782   0.0100907833   0.0137932764
        0.0114561863   0.1315873722   0.1363294652
       -0.0004040311   0.0003701834   0.0000465593   0.0017743680  -0.0030599814
       -0.0021936567   0.0005108432   0.0002880844   0.0019842892  -0.0003038646
        0.0007161873  -0.0004527132  -0.0107714984  -0.1188913345  -0.2207904609
       -0.0003104914   0.0000363754   0.0000314900   0.0001623732   0.0000690536
        0.0004170249   0.0000386130  -0.0000829522  -0.0002373099  -0.0015578112
       -0.0019968551  -0.0013225806  -0.0011197085  -0.0137782262  -0.0244517909
        0.0119812078   0.1363294652   0.2469691489
