           1           2  0.78637577783515911     
           2           3   1.6615674940501608     
           2           4   1.6615671249507264     
           3           4  0.11542379987582477     
           2           5  0.78637579218525822     
           1           6  0.97414801182752497     
           1           7  0.98208898805270617     
           1           8  0.98208885200631379     
           5           9  0.97414800601321239     
           5          10  0.98208886459697542     
           5          11  0.98208896258809575     
