$hessian                                                                        
        0.5212965888  -0.0133396722  -0.0077896136  -0.0737649312  -0.0283194917
       -0.0147382947  -0.0114626564  -0.0236303464  -0.0063124355  -0.0003186845
       -0.0021044886  -0.0001002024  -0.1767456100   0.1175684447  -0.0224450861
       -0.2038352141  -0.0650547485   0.0941796725  -0.0554546006   0.0050792574
       -0.0473635728  -0.0015542869  -0.0069170284  -0.0045083880   0.0046032604
        0.0195896695   0.0077602262  -0.0033321537  -0.0034192936   0.0021899378
        0.0005682884   0.0005476977  -0.0008722434
       -0.0133396722   0.4759676582  -0.0212593368  -0.0289956906  -0.1739634339
       -0.0464913091  -0.0099741972  -0.0151862388  -0.0026132905   0.0018145692
        0.0001328051  -0.0000368002   0.1171482338  -0.1460038679   0.0205860736
       -0.0657473445  -0.0692616916   0.0399107829   0.0049803486  -0.0454753958
        0.0212175516  -0.0014105958  -0.0012412455  -0.0029506080  -0.0029667237
       -0.0248791705  -0.0087840805  -0.0021756627  -0.0007618424   0.0010605121
        0.0006667352   0.0006724231  -0.0006394951
       -0.0077896136  -0.0212593368   0.5156199808  -0.0143010398  -0.0471665841
       -0.0883296218   0.0027247747   0.0108572318   0.0048149021   0.0007258372
       -0.0001178002   0.0001857810  -0.0226088913   0.0204677168  -0.0489520198
        0.0940280448   0.0394498699  -0.1000249833  -0.0477818194   0.0215863567
       -0.2703856674  -0.0087056837  -0.0274014816  -0.0151125984   0.0005749718
        0.0006340162   0.0016043208   0.0025528819   0.0019301305  -0.0006373111
        0.0005805372   0.0010198807   0.0012172170
       -0.0737649312  -0.0289956906  -0.0143010398   0.4745540324  -0.0251054521
        0.0206751187  -0.1386907947  -0.0486052630   0.0531128304  -0.0245182621
        0.0029382162   0.0049100575   0.0048903403   0.0199309100   0.0081431154
       -0.0084466621  -0.0235018791  -0.0082007949  -0.0021177166  -0.0068499295
       -0.0042283276  -0.0534865181   0.0059917602  -0.0453882801  -0.1720332527
        0.1090667183  -0.0199207218  -0.0077439183  -0.0054627403   0.0032193823
        0.0013576831   0.0005933497   0.0019786599
       -0.0283194917  -0.1739634339  -0.0471665841  -0.0251054521   0.4836287870
       -0.0113825019  -0.0422582500  -0.0827506252   0.0249853833   0.0106531229
        0.0010436190  -0.0037253317  -0.0017844600  -0.0244119949  -0.0084358846
       -0.0053828033  -0.0130803530  -0.0037376838  -0.0011254148  -0.0006562067
       -0.0034643377   0.0070111302  -0.0454279251   0.0219273255   0.1107343945
       -0.1305860352   0.0164664418  -0.0221759599  -0.0137216587   0.0125123297
       -0.0022468160  -0.0000741732   0.0020208435
       -0.0147382947  -0.0464913091  -0.0883296218   0.0206751187  -0.0113825019
        0.5196538426   0.0483227401   0.0265164829  -0.0989508782  -0.0013650872
       -0.0017503788   0.0019960920   0.0018652292   0.0013240252   0.0014198673
        0.0038298472   0.0116073246   0.0047518860  -0.0087860592  -0.0283817860
       -0.0161406931  -0.0468825552   0.0226185917  -0.2619804065  -0.0206953853
        0.0175543451  -0.0482354249  -0.0058768251  -0.0041667589   0.0045644085
        0.0236512716   0.0125519651  -0.0187490719
       -0.0114626564  -0.0099741972   0.0027247747  -0.1386907947  -0.0422582500
        0.0483227401   0.3199336582   0.0777270775  -0.0048012199  -0.0617416521
        0.0310889255  -0.0114113448   0.0005836380   0.0014664901   0.0001102509
       -0.0001835831  -0.0020411171  -0.0007991137   0.0004817686   0.0001812926
        0.0005134851   0.0009077115   0.0013037161   0.0009345597  -0.0268002004
       -0.0053848593   0.0123781403  -0.0421464501  -0.0481078712  -0.0147974268
       -0.0408814396  -0.0040012070  -0.0331748456
       -0.0236303464  -0.0151862388   0.0108572318  -0.0486052630  -0.0827506252
        0.0265164829   0.0777270775   0.4325812457   0.0355137738   0.0325182298
       -0.0408274521   0.0070248415   0.0000397419   0.0000452229   0.0005667808
       -0.0024239787  -0.0055416075  -0.0017755166   0.0001119819   0.0008126168
        0.0005615479  -0.0035911534  -0.0014263395   0.0040655159   0.0119023222
        0.0045122618  -0.0064338503  -0.0412431716  -0.2514700951  -0.0771932798
       -0.0028054402  -0.0407489890   0.0002964720
       -0.0063124355  -0.0026132905   0.0048149021   0.0531128304   0.0249853833
       -0.0989508782  -0.0048012199   0.0355137738   0.4885503739  -0.0131709700
        0.0080661333  -0.0210279779  -0.0003849151   0.0001117349   0.0002811291
       -0.0009928153  -0.0021279256  -0.0001049922  -0.0012497058  -0.0008368484
        0.0008327063   0.0256365229   0.0123079365  -0.0196553135   0.0011233959
       -0.0004560085   0.0007823041  -0.0143641390  -0.0795112117  -0.0717327329
       -0.0385965486   0.0045603229  -0.2837895208
       -0.0003186845   0.0018145692   0.0007258372  -0.0245182621   0.0106531229
       -0.0013650872  -0.0617416521   0.0325182298  -0.0131709700   0.1138265565
       -0.0587254087   0.0173789357  -0.0008946937  -0.0018256505   0.0002103881
        0.0000021165   0.0000145896   0.0000164724  -0.0004443851   0.0002241587
       -0.0006882653   0.0003225219  -0.0001001531   0.0002917057  -0.0047509947
       -0.0020138536   0.0022807015  -0.0082802553   0.0074901822  -0.0018993474
       -0.0132022674   0.0099502136  -0.0037803708
       -0.0021044886   0.0001328051  -0.0001178002   0.0029382162   0.0010436190
       -0.0017503788   0.0310889255  -0.0408274521   0.0080661333  -0.0587254087
        0.0543927910  -0.0122853138  -0.0015292702   0.0005682577  -0.0000067994
       -0.0001759890   0.0000846981   0.0000188979   0.0001554419  -0.0001131575
        0.0002243561  -0.0002014865   0.0004573474  -0.0005928610   0.0000662785
        0.0007200187  -0.0003067829   0.0210649655  -0.0123251090   0.0049449904
        0.0074228152  -0.0041338183   0.0018055584
       -0.0001002024  -0.0000368002   0.0001857810   0.0049100575  -0.0037253317
        0.0019960920  -0.0114113448   0.0070248415  -0.0210279779   0.0173789357
       -0.0122853138   0.0177414294  -0.0000431400  -0.0002259345   0.0000957930
       -0.0000399395  -0.0000662809  -0.0000211197  -0.0000018235   0.0001055414
       -0.0000896722   0.0007994525  -0.0005710465   0.0006750239   0.0016720691
        0.0003182519   0.0000112949   0.0028657875  -0.0015510368   0.0018379120
       -0.0160298521   0.0110131096  -0.0014045564
       -0.1767456100   0.1171482338  -0.0226088913   0.0048903403  -0.0017844600
        0.0018652292   0.0005836380   0.0000397419  -0.0003849151  -0.0008946937
       -0.0015292702  -0.0000431400   0.2041397924  -0.1356837233   0.0262693928
       -0.0256690370   0.0175341602  -0.0020481485  -0.0068198402   0.0057957351
       -0.0031480994   0.0003167504  -0.0001088607   0.0002041348   0.0005248505
       -0.0014807235  -0.0000615012  -0.0002284028   0.0000361078  -0.0000703153
       -0.0000977879   0.0000330588   0.0000262540
        0.1175684447  -0.1460038679   0.0204677168   0.0199309100  -0.0244119949
        0.0013240252   0.0014664901   0.0000452229   0.0001117349  -0.0018256505
        0.0005682577  -0.0002259345  -0.1356837233   0.1711763153  -0.0215541943
       -0.0060374359   0.0065271167  -0.0010137532   0.0051971263  -0.0028928295
        0.0028001266   0.0003797277   0.0007847529   0.0004043698  -0.0013922824
       -0.0058611103  -0.0024918795   0.0001885828   0.0003602166  -0.0000058274
        0.0002078105  -0.0002920796   0.0001836157
       -0.0224450861   0.0205860736  -0.0489520198   0.0081431154  -0.0084358846
        0.0014198673   0.0001102509   0.0005667808   0.0002811291   0.0002103881
       -0.0000067994   0.0000957930   0.0262693928  -0.0215541943   0.0526465005
        0.0135103341  -0.0094123775   0.0019861923  -0.0258533876   0.0212892264
       -0.0075086889   0.0006140988  -0.0004347166   0.0003224898  -0.0004216966
       -0.0027859849  -0.0000236606  -0.0000152668   0.0000636102  -0.0001226370
       -0.0001221430   0.0001242662  -0.0001449659
       -0.2038352141  -0.0657473445   0.0940280448  -0.0084466621  -0.0053828033
        0.0038298472  -0.0001835831  -0.0024239787  -0.0009928153   0.0000021165
       -0.0001759890  -0.0000399395  -0.0256690370  -0.0060374359   0.0135103341
        0.2339623559   0.0779707881  -0.1093913621   0.0040087364   0.0015110124
       -0.0010067467  -0.0001213561   0.0001908286  -0.0000326976   0.0006398528
        0.0003080041   0.0000893102  -0.0004155224  -0.0003498845   0.0003035192
        0.0000583133   0.0001368027  -0.0002974944
       -0.0650547485  -0.0692616916   0.0394498699  -0.0235018791  -0.0130803530
        0.0116073246  -0.0020411171  -0.0055416075  -0.0021279256   0.0000145896
        0.0000846981  -0.0000662809   0.0175341602   0.0065271167  -0.0094123775
        0.0779707881   0.0818845730  -0.0443800067  -0.0036280301  -0.0007457574
        0.0037932929  -0.0000030272   0.0006565119   0.0003345064  -0.0003091298
        0.0003443751   0.0005051491  -0.0011737017  -0.0008852854   0.0006284402
        0.0001920955   0.0000174202  -0.0003319925
        0.0941796725   0.0399107829  -0.1000249833  -0.0082007949  -0.0037376838
        0.0047518860  -0.0007991137  -0.0017755166  -0.0001049922   0.0000164724
        0.0000188979  -0.0000211197  -0.0020481485  -0.0010137532   0.0019861923
       -0.1093913621  -0.0443800067   0.1127083075   0.0271510997   0.0113929580
       -0.0205266086  -0.0004001996  -0.0002089880   0.0005473406  -0.0001185538
        0.0003086728   0.0001389492  -0.0003004554  -0.0003191380   0.0004276334
       -0.0000886165  -0.0001962254   0.0001173947
       -0.0554546006   0.0049803486  -0.0477818194  -0.0021177166  -0.0011254148
       -0.0087860592   0.0004817686   0.0001119819  -0.0012497058  -0.0004443851
        0.0001554419  -0.0000018235  -0.0068198402   0.0051971263  -0.0258533876
        0.0040087364  -0.0036280301   0.0271510997   0.0598517140  -0.0037956091
        0.0562481619   0.0002732326  -0.0018317865  -0.0008672225   0.0002673630
        0.0002936175   0.0006424127   0.0001033942   0.0001137306   0.0001850189
       -0.0001496664  -0.0004714062   0.0003133248
        0.0050792574  -0.0454753958   0.0215863567  -0.0068499295  -0.0006562067
       -0.0283817860   0.0001812926   0.0008126168  -0.0008368484   0.0002241587
       -0.0001131575   0.0001055414   0.0057957351  -0.0028928295   0.0212892264
        0.0015110124  -0.0007457574   0.0113929580  -0.0037956091   0.0531385773
       -0.0220856159  -0.0020570222  -0.0049642816  -0.0031715751  -0.0001242648
        0.0008686795  -0.0003694084   0.0002432770   0.0001533917   0.0000627328
       -0.0002079076  -0.0001256369   0.0004084185
       -0.0473635728   0.0212175516  -0.2703856674  -0.0042283276  -0.0034643377
       -0.0161406931   0.0005134851   0.0005615479   0.0008327063  -0.0006882653
        0.0002243561  -0.0000896722  -0.0031480994   0.0028001266  -0.0075086889
       -0.0010067467   0.0037932929  -0.0205266086   0.0562481619  -0.0220856159
        0.3135299826  -0.0006625269  -0.0033177700  -0.0006683105   0.0002842191
        0.0003279223   0.0003106131   0.0003342800   0.0002089798   0.0001193098
       -0.0002826073  -0.0002660535   0.0005270291
       -0.0015542869  -0.0014105958  -0.0087056837  -0.0534865181   0.0070111302
       -0.0468825552   0.0009077115  -0.0035911534   0.0256365229   0.0003225219
       -0.0002014865   0.0007994525   0.0003167504   0.0003797277   0.0006140988
       -0.0001213561  -0.0000030272  -0.0004001996   0.0002732326  -0.0020570222
       -0.0006625269   0.0632509159  -0.0033585175   0.0511426221  -0.0071476564
        0.0056004677  -0.0252125948   0.0003435467   0.0003447257   0.0000747627
       -0.0031048614  -0.0027142487   0.0035961013
       -0.0069170284  -0.0012412455  -0.0274014816   0.0059917602  -0.0454279251
        0.0226185917   0.0013037161  -0.0014263395   0.0123079365  -0.0001001531
        0.0004573474  -0.0005710465  -0.0001088607   0.0007847529  -0.0004347166
        0.0001908286   0.0006565119  -0.0002089880  -0.0018317865  -0.0049642816
       -0.0033177700  -0.0033585175   0.0544312659  -0.0248292033   0.0068530404
       -0.0030203518   0.0203748888   0.0002208781   0.0001086798   0.0004147734
       -0.0022438773  -0.0003584144   0.0010470156
       -0.0045083880  -0.0029506080  -0.0151125984  -0.0453882801   0.0219273255
       -0.2619804065   0.0009345597   0.0040655159  -0.0196553135   0.0002917057
       -0.0005928610   0.0006750239   0.0002041348   0.0004043698   0.0003224898
       -0.0000326976   0.0003345064   0.0005473406  -0.0008672225  -0.0031715751
       -0.0006683105   0.0511426221  -0.0248292033   0.3043028545  -0.0040954159
        0.0027321251  -0.0072383377  -0.0004111558   0.0001037886   0.0003200462
        0.0027301375   0.0019766160  -0.0015127883
        0.0046032604  -0.0029667237   0.0005749718  -0.1720332527   0.1107343945
       -0.0206953853  -0.0268002004   0.0119023222   0.0011233959  -0.0047509947
        0.0000662785   0.0016720691   0.0005248505  -0.0013922824  -0.0004216966
        0.0006398528  -0.0003091298  -0.0001185538   0.0002673630  -0.0001242648
        0.0002842191  -0.0071476564   0.0068530404  -0.0040954159   0.2039197901
       -0.1251876446   0.0222030813   0.0002579647   0.0002326096  -0.0003563619
        0.0005190227   0.0001913999  -0.0001703237
        0.0195896695  -0.0248791705   0.0006340162   0.1090667183  -0.1305860352
        0.0175543451  -0.0053848593   0.0045122618  -0.0004560085  -0.0020138536
        0.0007200187   0.0003182519  -0.0014807235  -0.0058611103  -0.0027859849
        0.0003080041   0.0003443751   0.0003086728   0.0002936175   0.0008686795
        0.0003279223   0.0056004677  -0.0030203518   0.0027321251  -0.1251876446
        0.1570176877  -0.0184550787  -0.0006669592   0.0007680267   0.0000716007
       -0.0001244367   0.0001156184  -0.0002498620
        0.0077602262  -0.0087840805   0.0016043208  -0.0199207218   0.0164664418
       -0.0482354249   0.0123781403  -0.0064338503   0.0007823041   0.0022807015
       -0.0003067829   0.0000112949  -0.0000615012  -0.0024918795  -0.0000236606
        0.0000893102   0.0005051491   0.0001389492   0.0006424127  -0.0003694084
        0.0003106131  -0.0252125948   0.0203748888  -0.0072383377   0.0222030813
       -0.0184550787   0.0522630955  -0.0002675631  -0.0003250406   0.0003289549
        0.0001085086  -0.0001803586   0.0000578906
       -0.0033321537  -0.0021756627   0.0025528819  -0.0077439183  -0.0221759599
       -0.0058768251  -0.0421464501  -0.0412431716  -0.0143641390  -0.0082802553
        0.0210649655   0.0028657875  -0.0002284028   0.0001885828  -0.0000152668
       -0.0004155224  -0.0011737017  -0.0003004554   0.0001033942   0.0002432770
        0.0003342800   0.0003435467   0.0002208781  -0.0004111558   0.0002579647
       -0.0006669592  -0.0002675631   0.0611228408   0.0507724127   0.0176734034
        0.0003189563  -0.0050546610  -0.0021909477
       -0.0034192936  -0.0007618424   0.0019301305  -0.0054627403  -0.0137216587
       -0.0041667589  -0.0481078712  -0.2514700951  -0.0795112117   0.0074901822
       -0.0123251090  -0.0015510368   0.0000361078   0.0003602166   0.0000636102
       -0.0003498845  -0.0008852854  -0.0003191380   0.0001137306   0.0001533917
        0.0002089798   0.0003447257   0.0001086798   0.0001037886   0.0002326096
        0.0007680267  -0.0003250406   0.0507724127   0.2792751076   0.0870032751
       -0.0016499790  -0.0015014319  -0.0034365984
        0.0021899378   0.0010605121  -0.0006373111   0.0032193823   0.0125123297
        0.0045644085  -0.0147974268  -0.0771932798  -0.0717327329  -0.0018993474
        0.0049449904   0.0018379120  -0.0000703153  -0.0000058274  -0.0001226370
        0.0003035192   0.0006284402   0.0004276334   0.0001850189   0.0000627328
        0.0001193098   0.0000747627   0.0004147734   0.0003200462  -0.0003563619
        0.0000716007   0.0003289549   0.0176734034   0.0870032751   0.0792814718
       -0.0065225729  -0.0294995472  -0.0143870555
        0.0005682884   0.0006667352   0.0005805372   0.0013576831  -0.0022468160
        0.0236512716  -0.0408814396  -0.0028054402  -0.0385965486  -0.0132022674
        0.0074228152  -0.0160298521  -0.0000977879   0.0002078105  -0.0001221430
        0.0000583133   0.0001920955  -0.0000886165  -0.0001496664  -0.0002079076
       -0.0002826073  -0.0031048614  -0.0022438773   0.0027301375   0.0005190227
       -0.0001244367   0.0001085086   0.0003189563  -0.0016499790  -0.0065225729
        0.0546137588   0.0007890005   0.0345718856
        0.0005476977   0.0006724231   0.0010198807   0.0005933497  -0.0000741732
        0.0125519651  -0.0040012070  -0.0407489890   0.0045603229   0.0099502136
       -0.0041338183   0.0110131096   0.0000330588  -0.0002920796   0.0001242662
        0.0001368027   0.0000174202  -0.0001962254  -0.0004714062  -0.0001256369
       -0.0002660535  -0.0027142487  -0.0003584144   0.0019766160   0.0001913999
        0.0001156184  -0.0001803586  -0.0050546610  -0.0015014319  -0.0294995472
        0.0007890005   0.0464290815  -0.0011039758
       -0.0008722434  -0.0006394951   0.0012172170   0.0019786599   0.0020208435
       -0.0187490719  -0.0331748456   0.0002964720  -0.2837895208  -0.0037803708
        0.0018055584  -0.0014045564   0.0000262540   0.0001836157  -0.0001449659
       -0.0002974944  -0.0003319925   0.0001173947   0.0003133248   0.0004084185
        0.0005270291   0.0035961013   0.0010470156  -0.0015127883  -0.0001703237
       -0.0002498620   0.0000578906  -0.0021909477  -0.0034365984  -0.0143870555
        0.0345718856  -0.0011039758   0.3180684273
