$hessian                                                                        
        0.5227384427  -0.0121969999  -0.0063984967  -0.0713326614  -0.0254410274
       -0.0116849014  -0.0118618055  -0.0258543760  -0.0069613445  -0.0004114518
       -0.0020460082  -0.0000242939  -0.1573445092   0.1096980997  -0.0488722849
       -0.2363430258  -0.0578512386   0.0786739211  -0.0457934370   0.0007607823
       -0.0099208759   0.0000693869  -0.0025775084  -0.0019072071   0.0038580677
        0.0186151308   0.0061781175  -0.0042606960  -0.0034000702   0.0019339490
        0.0006816895   0.0002932158  -0.0010165833
       -0.0121969999   0.4734610705  -0.0197055364  -0.0261702054  -0.1796184962
       -0.0431347213  -0.0094899948  -0.0134329554  -0.0024651110   0.0018710568
        0.0001235291   0.0002887178   0.1092493662  -0.1479389113   0.0478772763
       -0.0586171398  -0.0598952507   0.0248530238   0.0006801303  -0.0435259604
        0.0033567692  -0.0015485897  -0.0036569324  -0.0041137253  -0.0025704158
       -0.0258229692  -0.0071687224  -0.0020069191  -0.0003692505   0.0006570374
        0.0007997112   0.0006761264  -0.0004450082
       -0.0063984967  -0.0197055364   0.5167262612  -0.0112067639  -0.0437100719
       -0.0851137720   0.0012379065   0.0082299477   0.0034495264   0.0004643657
       -0.0004737893   0.0002878659  -0.0490115675   0.0478364329  -0.0665031596
        0.0785407227   0.0245150957  -0.0767908458  -0.0103016182   0.0037551564
       -0.2820318355  -0.0072089130  -0.0289434141  -0.0143228555   0.0012029751
        0.0060807738   0.0032965130   0.0022162802   0.0013039351  -0.0000994164
        0.0004651092   0.0011114699   0.0011017184
       -0.0713326614  -0.0261702054  -0.0112067639   0.4672804275  -0.0212445557
        0.0134220658  -0.1578531385  -0.0454842547   0.0484721328  -0.0237554933
        0.0042088072   0.0001248995   0.0039223913   0.0189117486   0.0066111572
       -0.0086150647  -0.0259933510  -0.0083339924  -0.0005214228  -0.0023180955
       -0.0016138740  -0.0439444329   0.0014731735  -0.0085681591  -0.1535591152
        0.1023560598  -0.0456461648  -0.0081527607  -0.0047810888   0.0020417175
       -0.0034687293  -0.0009582381   0.0046969816
       -0.0254410274  -0.1796184962  -0.0437100719  -0.0212445557   0.4831699421
       -0.0124353230  -0.0393751277  -0.0763268356   0.0153605534   0.0115872291
        0.0002108150  -0.0018298591  -0.0013415318  -0.0253073712  -0.0066750953
       -0.0046958983  -0.0115047521  -0.0029409709  -0.0011275102  -0.0032204341
       -0.0046927735   0.0024797489  -0.0433610639   0.0049041626   0.1041128919
       -0.1329341120   0.0418533457  -0.0247057490  -0.0121307265   0.0099456662
       -0.0002484698   0.0010230344   0.0002203659
       -0.0116849014  -0.0431347213  -0.0851137720   0.0134220658  -0.0124353230
        0.5273688946   0.0432100540   0.0160008550  -0.0862104144  -0.0067564613
       -0.0008734831   0.0020736835   0.0024504210   0.0066899707   0.0032811047
        0.0025192829   0.0087928908   0.0033432057  -0.0072929627  -0.0300175217
       -0.0151840847  -0.0101224726   0.0054887765  -0.2735678261  -0.0465387891
        0.0426919681  -0.0643546357  -0.0060098222  -0.0033908126   0.0033847450
        0.0268035855   0.0101874004  -0.0150209005
       -0.0118618055  -0.0094899948   0.0012379065  -0.1578531385  -0.0393751277
        0.0432100540   0.3318833893   0.0722780003  -0.0357865002  -0.0542386142
        0.0284314444  -0.0191950381   0.0006620682   0.0014118196   0.0000608099
       -0.0000236259  -0.0019437822  -0.0006874298   0.0006270888   0.0003574326
        0.0004789484  -0.0041289890  -0.0003097902   0.0037188117  -0.0278870534
       -0.0033221027   0.0076840434  -0.0411055990  -0.0438175132  -0.0090610707
       -0.0360737207  -0.0042203860   0.0083394649
       -0.0258543760  -0.0134329554   0.0082299477  -0.0454842547  -0.0763268356
        0.0160008550   0.0722780003   0.4349945150   0.0528737793   0.0298843310
       -0.0410239335   0.0141580733  -0.0001038007   0.0000718264   0.0005744094
       -0.0024131360  -0.0057040573  -0.0016942784  -0.0000707194   0.0007793694
        0.0005458864  -0.0017910197  -0.0001621934   0.0021023123   0.0137739472
        0.0036710763  -0.0048291777  -0.0374186300  -0.2610646978  -0.0674157249
       -0.0028003422  -0.0418021142  -0.0205460826
       -0.0069613445  -0.0024651110   0.0034495264   0.0484721328   0.0153605534
       -0.0862104144  -0.0357865002   0.0528737793   0.4741995773  -0.0210282279
        0.0150135783  -0.0283546291  -0.0003125533   0.0003785539   0.0001679130
       -0.0008611850  -0.0019619336  -0.0000647065  -0.0013095238  -0.0007487570
        0.0007232999   0.0289531474   0.0100228129  -0.0159007148  -0.0048442950
       -0.0012990759   0.0027088443  -0.0092911690  -0.0708496730  -0.0632105695
        0.0029695185  -0.0163247272  -0.2875081264
       -0.0004114518   0.0018710568   0.0004643657  -0.0237554933   0.0115872291
       -0.0067564613  -0.0542386142   0.0298843310  -0.0210282279   0.1010726420
       -0.0551281046   0.0356474772  -0.0010137753  -0.0016845849   0.0001805788
       -0.0000037364   0.0000329358   0.0000113099  -0.0003091856   0.0001582200
       -0.0007283703   0.0001439317   0.0000229082   0.0001747146  -0.0053171877
       -0.0016723612   0.0015224273  -0.0070492653   0.0071459734  -0.0038052694
       -0.0091178640   0.0077823964  -0.0056825445
       -0.0020460082   0.0001235291  -0.0004737893   0.0042088072   0.0002108150
       -0.0008734831   0.0284314444  -0.0410239335   0.0150135783  -0.0551281046
        0.0550656374  -0.0253744514  -0.0014566112   0.0006290298  -0.0003079827
       -0.0001673667   0.0000822305  -0.0000170835   0.0001199271  -0.0000966637
        0.0002664331  -0.0000318739   0.0003660996  -0.0005842475   0.0004169887
        0.0007521072  -0.0003625185   0.0197856425  -0.0126764869   0.0096307104
        0.0058671548  -0.0034323645   0.0030828341
       -0.0000242939   0.0002887178   0.0002878659   0.0001248995  -0.0018298591
        0.0020736835  -0.0191950381   0.0141580733  -0.0283546291   0.0356474772
       -0.0253744514   0.0298598526  -0.0001109461  -0.0005549578   0.0001665585
       -0.0000262600  -0.0000700019  -0.0000197768  -0.0000413745   0.0001331859
       -0.0002400113   0.0006948570  -0.0005707821   0.0009434294   0.0007697259
       -0.0000638602   0.0005494678  -0.0004039305   0.0008168495   0.0009736649
       -0.0174351163   0.0130670860  -0.0062401054
       -0.1573445092   0.1092493662  -0.0490115675   0.0039223913  -0.0013415318
        0.0024504210   0.0006620682  -0.0001038007  -0.0003125533  -0.0010137753
       -0.0014566112  -0.0001109461   0.1815020470  -0.1267259102   0.0574964428
       -0.0262007333   0.0195209681  -0.0083914214  -0.0019447905   0.0020729662
       -0.0023069402   0.0001937124   0.0000037213   0.0001982091   0.0004962200
       -0.0012685572   0.0000330161  -0.0002021223   0.0000427662  -0.0000885731
       -0.0000705084   0.0000066231   0.0000439125
        0.1096980997  -0.1479389113   0.0478364329   0.0189117486  -0.0253073712
        0.0066899707   0.0014118196   0.0000718264   0.0003785539  -0.0016845849
        0.0006290298  -0.0005549578  -0.1267259102   0.1737391744  -0.0537290012
       -0.0038052471   0.0052668158  -0.0018766159   0.0027140722  -0.0011225246
        0.0028157203   0.0003754266   0.0007644531   0.0004269342  -0.0012540880
       -0.0061874663  -0.0022026926   0.0002083644   0.0003563544  -0.0000091392
        0.0001502991  -0.0002713805   0.0002247947
       -0.0488722849   0.0478772763  -0.0665031596   0.0066111572  -0.0066750953
        0.0032811047   0.0000608099   0.0005744094   0.0001679130   0.0001805788
       -0.0003079827   0.0001665585   0.0574964428  -0.0537290012   0.0727937650
        0.0088796998  -0.0069839056   0.0037833323  -0.0243916325   0.0220445450
       -0.0141402801   0.0005417996  -0.0004917612   0.0004604835  -0.0003464741
       -0.0024826928   0.0003226673  -0.0000440548   0.0000324856  -0.0001467328
       -0.0001160417   0.0001417225  -0.0001856518
       -0.2363430258  -0.0586171398   0.0785407227  -0.0086150647  -0.0046958983
        0.0025192829  -0.0000236259  -0.0024131360  -0.0008611850  -0.0000037364
       -0.0001673667  -0.0000262600  -0.0262007333  -0.0038052471   0.0088796998
        0.2718780854   0.0695104551  -0.0913487303  -0.0009602187  -0.0001505941
        0.0023675821  -0.0000201655   0.0002422057  -0.0001293547   0.0006191934
        0.0002552957   0.0001668809  -0.0004611227  -0.0003005728   0.0002051809
        0.0001304143   0.0001419981  -0.0003138193
       -0.0578512386  -0.0598952507   0.0245150957  -0.0259933510  -0.0115047521
        0.0087928908  -0.0019437822  -0.0057040573  -0.0019619336   0.0000329358
        0.0000822305  -0.0000700019   0.0195209681   0.0052668158  -0.0069839056
        0.0695104551   0.0711327681  -0.0270573377  -0.0017262149   0.0003916743
        0.0017849295  -0.0000707738   0.0006640992   0.0003193520  -0.0003941985
        0.0004082817   0.0004198578  -0.0013125892  -0.0008085831   0.0005177777
        0.0002277892  -0.0000332265  -0.0002767247
        0.0786739211   0.0248530238  -0.0767908458  -0.0083339924  -0.0029409709
        0.0033432057  -0.0006874298  -0.0016942784  -0.0000647065   0.0000113099
       -0.0000170835  -0.0000197768  -0.0083914214  -0.0018766159   0.0037833323
       -0.0913487303  -0.0270573377   0.0854259255   0.0310345252   0.0089922695
       -0.0166913304  -0.0005042001  -0.0001737557   0.0004481689   0.0000078680
        0.0003338683   0.0000836210  -0.0003502032  -0.0002592533   0.0003920589
       -0.0001116471  -0.0001598662   0.0000903473
       -0.0457934370   0.0006801303  -0.0103016182  -0.0005214228  -0.0011275102
       -0.0072929627   0.0006270888  -0.0000707194  -0.0013095238  -0.0003091856
        0.0001199271  -0.0000413745  -0.0019447905   0.0027140722  -0.0243916325
       -0.0009602187  -0.0017262149   0.0310345252   0.0485326619   0.0009498229
        0.0120140202   0.0003740783  -0.0015405963  -0.0007012974   0.0001338331
        0.0003105963   0.0005768551   0.0000310661   0.0000927614   0.0001655870
       -0.0001696735  -0.0004022694   0.0002474215
        0.0007607823  -0.0435259604   0.0037551564  -0.0023180955  -0.0032204341
       -0.0300175217   0.0003574326   0.0007793694  -0.0007487570   0.0001582200
       -0.0000966637   0.0001331859   0.0020729662  -0.0011225246   0.0220445450
       -0.0001505941   0.0003916743   0.0089922695   0.0009498229   0.0512312963
       -0.0011490073  -0.0017755742  -0.0053727205  -0.0030737158  -0.0000128670
        0.0008580619  -0.0004445133   0.0002588981   0.0001653297   0.0000980973
       -0.0003009913  -0.0000874284   0.0004102609
       -0.0099208759   0.0033567692  -0.2820318355  -0.0016138740  -0.0046927735
       -0.0151840847   0.0004789484   0.0005458864   0.0007232999  -0.0007283703
        0.0002664331  -0.0002400113  -0.0023069402   0.0028157203  -0.0141402801
        0.0023675821   0.0017849295  -0.0166913304   0.0120140202  -0.0011490073
        0.3267763277  -0.0004773701  -0.0031920537  -0.0003637831   0.0002731080
        0.0003275969   0.0004676064   0.0003069244   0.0002105008   0.0001798408
       -0.0003931528  -0.0002740017   0.0005042505
        0.0000693869  -0.0015485897  -0.0072089130  -0.0439444329   0.0024797489
       -0.0101224726  -0.0041289890  -0.0017910197   0.0289531474   0.0001439317
       -0.0000318739   0.0006948570   0.0001937124   0.0003754266   0.0005417996
       -0.0000201655  -0.0000707738  -0.0005042001   0.0003740783  -0.0017755742
       -0.0004773701   0.0532748611   0.0014722801   0.0084864676  -0.0020837840
        0.0031516295  -0.0238610004   0.0004160666   0.0003176919   0.0000822651
       -0.0042946655  -0.0025789456   0.0034154195
       -0.0025775084  -0.0036569324  -0.0289434141   0.0014731735  -0.0433610639
        0.0054887765  -0.0003097902  -0.0001621934   0.0100228129   0.0000229082
        0.0003660996  -0.0005707821   0.0000037213   0.0007644531  -0.0004917612
        0.0002422057   0.0006640992  -0.0001737557  -0.0015405963  -0.0053727205
       -0.0031920537   0.0014722801   0.0519737205  -0.0044313062   0.0031354539
       -0.0013613589   0.0213514901   0.0001044586   0.0001387692   0.0004484382
       -0.0020263064   0.0000071276   0.0004915553
       -0.0019072071  -0.0041137253  -0.0143228555  -0.0085681591   0.0049041626
       -0.2735678261   0.0037188117   0.0021023123  -0.0159007148   0.0001747146
       -0.0005842475   0.0009434294   0.0001982091   0.0004269342   0.0004604835
       -0.0001293547   0.0003193520   0.0004481689  -0.0007012974  -0.0030737158
       -0.0003637831   0.0084864676  -0.0044313062   0.3167396455  -0.0034121651
        0.0028927344  -0.0139587971  -0.0004027669   0.0001845612   0.0002112722
        0.0025427472   0.0013729379  -0.0006890230
        0.0038580677  -0.0025704158   0.0012029751  -0.1535591152   0.1041128919
       -0.0465387891  -0.0278870534   0.0137739472  -0.0048442950  -0.0053171877
        0.0004169887   0.0007697259   0.0004962200  -0.0012540880  -0.0003464741
        0.0006191934  -0.0003941985   0.0000078680   0.0001338331  -0.0000128670
        0.0002731080  -0.0020837840   0.0031354539  -0.0034121651   0.1828796901
       -0.1176698799   0.0533811127   0.0003471686   0.0002720417  -0.0003746012
        0.0005129674   0.0001901257  -0.0001184653
        0.0186151308  -0.0258229692   0.0060807738   0.1023560598  -0.1329341120
        0.0426919681  -0.0033221027   0.0036710763  -0.0012990759  -0.0016723612
        0.0007521072  -0.0000638602  -0.0012685572  -0.0061874663  -0.0024826928
        0.0002552957   0.0004082817   0.0003338683   0.0003105963   0.0008580619
        0.0003275969   0.0031516295  -0.0013613589   0.0028927344  -0.1176698799
        0.1597810813  -0.0481483766  -0.0006777306   0.0007581635  -0.0000687913
       -0.0000780807   0.0000771345  -0.0002641447
        0.0061781175  -0.0071687224   0.0032965130  -0.0456461648   0.0418533457
       -0.0643546357   0.0076840434  -0.0048291777   0.0027088443   0.0015224273
       -0.0003625185   0.0005494678   0.0000330161  -0.0022026926   0.0003226673
        0.0001668809   0.0004198578   0.0000836210   0.0005768551  -0.0004445133
        0.0004676064  -0.0238610004   0.0213514901  -0.0139587971   0.0533811127
       -0.0481483766   0.0705372624  -0.0002192963  -0.0003138094   0.0002563648
        0.0001840086  -0.0001548830   0.0000910859
       -0.0042606960  -0.0020069191   0.0022162802  -0.0081527607  -0.0247057490
       -0.0060098222  -0.0411055990  -0.0374186300  -0.0092911690  -0.0070492653
        0.0197856425  -0.0004039305  -0.0002021223   0.0002083644  -0.0000440548
       -0.0004611227  -0.0013125892  -0.0003502032   0.0000310661   0.0002588981
        0.0003069244   0.0004160666   0.0001044586  -0.0004027669   0.0003471686
       -0.0006777306  -0.0002192963   0.0591555346   0.0460085157   0.0139039579
        0.0012817301  -0.0002442613   0.0002940804
       -0.0034000702  -0.0003692505   0.0013039351  -0.0047810888  -0.0121307265
       -0.0033908126  -0.0438175132  -0.2610646978  -0.0708496730   0.0071459734
       -0.0126764869   0.0008168495   0.0000427662   0.0003563544   0.0000324856
       -0.0003005728  -0.0008085831  -0.0002592533   0.0000927614   0.0001653297
        0.0002105008   0.0003176919   0.0001387692   0.0001845612   0.0002720417
        0.0007581635  -0.0003138094   0.0460085157   0.2898623402   0.0768483328
       -0.0015805052  -0.0042312120  -0.0045831169
        0.0019339490   0.0006570374  -0.0000994164   0.0020417175   0.0099456662
        0.0033847450  -0.0090610707  -0.0674157249  -0.0632105695  -0.0038052694
        0.0096307104   0.0009736649  -0.0000885731  -0.0000091392  -0.0001467328
        0.0002051809   0.0005177777   0.0003920589   0.0001655870   0.0000980973
        0.0001798408   0.0000822651   0.0004484382   0.0002112722  -0.0003746012
       -0.0000687913   0.0002563648   0.0139039579   0.0768483328   0.0706717394
       -0.0050031430  -0.0306524047  -0.0126129673
        0.0006816895   0.0007997112   0.0004651092  -0.0034687293  -0.0002484698
        0.0268035855  -0.0360737207  -0.0028003422   0.0029695185  -0.0091178640
        0.0058671548  -0.0174351163  -0.0000705084   0.0001502991  -0.0001160417
        0.0001304143   0.0002277892  -0.0001116471  -0.0001696735  -0.0003009913
       -0.0003931528  -0.0042946655  -0.0020263064   0.0025427472   0.0005129674
       -0.0000780807   0.0001840086   0.0012817301  -0.0015805052  -0.0050031430
        0.0505883602  -0.0000102586  -0.0099058680
        0.0002932158   0.0006761264   0.0011114699  -0.0009582381   0.0010230344
        0.0101874004  -0.0042203860  -0.0418021142  -0.0163247272   0.0077823964
       -0.0034323645   0.0130670860   0.0000066231  -0.0002713805   0.0001417225
        0.0001419981  -0.0000332265  -0.0001598662  -0.0004022694  -0.0000874284
       -0.0002740017  -0.0025789456   0.0000071276   0.0013729379   0.0001901257
        0.0000771345  -0.0001548830  -0.0002442613  -0.0042312120  -0.0306524047
       -0.0000102586   0.0480743032   0.0216852662
       -0.0010165833  -0.0004450082   0.0011017184   0.0046969816   0.0002203659
       -0.0150209005   0.0083394649  -0.0205460826  -0.2875081264  -0.0056825445
        0.0030828341  -0.0062401054   0.0000439125   0.0002247947  -0.0001856518
       -0.0003138193  -0.0002767247   0.0000903473   0.0002474215   0.0004102609
        0.0005042505   0.0034154195   0.0004915553  -0.0006890230  -0.0001184653
       -0.0002641447   0.0000910859   0.0002940804  -0.0045831169  -0.0126129673
       -0.0099058680   0.0216852662   0.3204693724
