$hessian                                                                        
        0.0018957558   0.0000609855   0.0000023984  -0.0001661288   0.0000271468
        0.0000075640  -0.0001287851  -0.0000625749  -0.0000040979  -0.0002136544
       -0.0002050297  -0.0000357383  -0.0003344612   0.0000447666  -0.0000044756
       -0.0002865938   0.0001453029   0.0000135335  -0.0003116305   0.0000181880
       -0.0000059334  -0.0001561512   0.0000060193   0.0000049442  -0.0001132540
        0.0000926180   0.0000238111  -0.0000456949  -0.0000819960   0.0000003384
       -0.0001394018  -0.0000454266  -0.0000023446
        0.0000609855   0.0019325067   0.0000141691  -0.0000206433  -0.0002138524
       -0.0000065409  -0.0000533638  -0.0001535018  -0.0000121871   0.0000133336
       -0.0000433606   0.0000121910   0.0001013911  -0.0002245522   0.0000274061
        0.0000638146  -0.0003094407   0.0000093432   0.0000802833  -0.0002240456
        0.0000215455  -0.0000208180  -0.0001865403  -0.0000051058  -0.0000610715
       -0.0002639626  -0.0000200934  -0.0001122732  -0.0001351152  -0.0000274386
       -0.0000516383  -0.0001781352  -0.0000132890
        0.0000023984   0.0000141691   0.0018337590  -0.0000220536  -0.0000412805
       -0.0001858866   0.0000166042   0.0000211918  -0.0000610989  -0.0000066946
       -0.0000202974  -0.0000789742  -0.0000405704  -0.0000608541  -0.0004126268
        0.0000191874   0.0000489208  -0.0004014399   0.0000475966   0.0000975038
       -0.0003367329  -0.0000803430  -0.0001486944  -0.0001819712  -0.0000109508
       -0.0000225889  -0.0001604184  -0.0000000725  -0.0000168276   0.0000493846
        0.0000748983   0.0001287575  -0.0000639946
       -0.0001661288  -0.0000206433  -0.0000220536   0.0019499956  -0.0000032168
       -0.0000237639  -0.0002088662   0.0000166671   0.0000265483  -0.0001980636
        0.0000659207   0.0001301320  -0.0001805748  -0.0000062323  -0.0000048409
       -0.0001509644  -0.0000520274  -0.0000694944  -0.0001199105  -0.0000165840
        0.0000097310  -0.0002781632   0.0000165273  -0.0000146178  -0.0002370409
       -0.0000260685  -0.0000742453  -0.0002521208   0.0000274286   0.0000224096
       -0.0001581625  -0.0000017713   0.0000201950
        0.0000271468  -0.0002138524  -0.0000412805  -0.0000032168   0.0019469597
        0.0000218426  -0.0000293379  -0.0001624931   0.0000345825   0.0000085345
       -0.0001298045  -0.0000468839   0.0000558763  -0.0002467625  -0.0000805698
        0.0000242858  -0.0002261321  -0.0000308418   0.0000244762  -0.0001561836
       -0.0000608775   0.0000131930  -0.0002785375   0.0000168090  -0.0000249219
       -0.0002450555   0.0000683576  -0.0000515247  -0.0001751740   0.0000809054
       -0.0000445113  -0.0001129645   0.0000379564
        0.0000075640  -0.0000065409  -0.0001858866  -0.0000237639   0.0000218426
        0.0019409695   0.0000124408  -0.0000119502  -0.0002006821  -0.0000062761
        0.0000077982  -0.0000444631  -0.0000297180   0.0000319497  -0.0001390220
        0.0000236546  -0.0000243145  -0.0002386893   0.0000529665  -0.0000488750
       -0.0001412285  -0.0000821068   0.0000771180  -0.0002242374  -0.0000158026
        0.0000125646  -0.0003172218  -0.0000092122   0.0000075551  -0.0002403459
        0.0000702537  -0.0000671476  -0.0002091929
       -0.0001287851  -0.0000533638   0.0000166042  -0.0002088662  -0.0000293379
        0.0000124408   0.0019075794   0.0000591012  -0.0000188357  -0.0001782457
        0.0001827124  -0.0000738397  -0.0000582639  -0.0000469612   0.0000102394
       -0.0001350231  -0.0001227863   0.0000417367  -0.0001318404  -0.0000091145
        0.0000008064  -0.0001748753  -0.0000220195   0.0000073980  -0.0002622232
       -0.0000854079   0.0000391835  -0.0003280190   0.0000722082  -0.0000202818
       -0.0003014377   0.0000549691  -0.0000154517
       -0.0000625749  -0.0001535018   0.0000211918   0.0000166671  -0.0001624931
       -0.0000119502   0.0000591012   0.0019217429  -0.0000174880  -0.0000159093
       -0.0003564011   0.0000270130  -0.0001115169  -0.0001429364   0.0000414222
       -0.0000626209  -0.0000996164   0.0000172677  -0.0000742351  -0.0002107267
        0.0000304182   0.0000042997  -0.0001451102  -0.0000091488   0.0000610244
       -0.0001167189  -0.0000377450   0.0001164955  -0.0002586598  -0.0000417447
        0.0000692693  -0.0002755785  -0.0000192362
       -0.0000040979  -0.0000121871  -0.0000610989   0.0000265483   0.0000345825
       -0.0002006821  -0.0000188357  -0.0000174880   0.0018485376   0.0000082510
        0.0000179367  -0.0003467754   0.0000445292   0.0000511517  -0.0000056064
       -0.0000232008  -0.0000414064   0.0000056066  -0.0000573770  -0.0000828905
       -0.0000767070   0.0000957863   0.0001251345  -0.0002070554   0.0000138956
        0.0000188879  -0.0002066176   0.0000021515   0.0000145615  -0.0004256138
       -0.0000876503  -0.0001082829  -0.0003239876
       -0.0002136544   0.0000133336  -0.0000066946  -0.0001980636   0.0000085345
       -0.0000062761  -0.0001782457  -0.0000159093   0.0000082510   0.0019718766
       -0.0000463706   0.0000342071  -0.0002293850   0.0000122681  -0.0000037009
       -0.0002125981   0.0000281773  -0.0000136357  -0.0002109868   0.0000043098
       -0.0000028511  -0.0002134751   0.0000084172  -0.0000040714  -0.0001835804
        0.0000216222  -0.0000201484  -0.0001667698  -0.0000183679   0.0000080644
       -0.0001651177  -0.0000160148   0.0000068558
       -0.0002050297  -0.0000433606  -0.0000202974   0.0000659207  -0.0001298045
        0.0000077982   0.0001827124  -0.0003564011   0.0000179367  -0.0000463706
        0.0014596950  -0.0000108955  -0.0003467871  -0.0000870253  -0.0000390287
       -0.0002121394   0.0001642434  -0.0000111669  -0.0002637032  -0.0001403531
       -0.0000318359   0.0000569438  -0.0001869452   0.0000062694   0.0002039737
        0.0000344989   0.0000230177   0.0003784140  -0.0004062249   0.0000387309
        0.0001860655  -0.0003083226   0.0000194714
       -0.0000357383   0.0000121910  -0.0000789742   0.0001301320  -0.0000468839
       -0.0000444631  -0.0000738397   0.0000270130  -0.0003467754   0.0000342071
       -0.0000108955   0.0011663430   0.0001813776  -0.0000683586  -0.0002022018
       -0.0001279568   0.0000489702   0.0002233744  -0.0002891012   0.0001004616
       -0.0002856016   0.0004542660  -0.0001626316  -0.0001021127   0.0000827313
       -0.0000286904   0.0002799074   0.0000404825  -0.0000136554  -0.0003034188
       -0.0003965606   0.0001424797  -0.0003060773
       -0.0003344612   0.0001013911  -0.0000405704  -0.0001805748   0.0000558763
       -0.0000297180  -0.0000582639  -0.0001115169   0.0000445292  -0.0002293850
       -0.0003467871   0.0001813776   0.0016615436   0.0000929000  -0.0000161875
       -0.0003088648   0.0002466473  -0.0001344871  -0.0002953577  -0.0000051575
        0.0000200836  -0.0002588289   0.0000468364  -0.0000171931  -0.0000753043
        0.0001668187  -0.0000892470   0.0000541437  -0.0001361007   0.0000469770
        0.0000253534  -0.0001109076   0.0000344356
        0.0000447666  -0.0002245522  -0.0000608541  -0.0000062323  -0.0002467625
        0.0000319497  -0.0000469612  -0.0001429364   0.0000511517   0.0000122681
       -0.0000870253  -0.0000683586   0.0000929000   0.0019033012  -0.0001192513
        0.0000394289  -0.0002475230  -0.0000431456   0.0000411051  -0.0001348194
       -0.0000913083   0.0000176245  -0.0003168543   0.0000245708  -0.0000410860
       -0.0002722395   0.0000996541  -0.0000841720  -0.0001604553   0.0001193673
       -0.0000696416  -0.0000701333   0.0000562243
       -0.0000044756   0.0000274061  -0.0004126268  -0.0000048409  -0.0000805698
       -0.0001390220   0.0000102394   0.0000414222  -0.0000056064  -0.0000037009
       -0.0000390287  -0.0002022018  -0.0000161875  -0.0001192513   0.0016142854
        0.0000002643   0.0000927393  -0.0004279435   0.0000027772   0.0001932376
       -0.0004559327  -0.0000218064  -0.0002905896  -0.0001465638   0.0000015608
       -0.0000447220  -0.0000159382   0.0000103214  -0.0000326749   0.0001913090
        0.0000258482   0.0002520311   0.0000002408
       -0.0002865938   0.0000638146   0.0000191874  -0.0001509644   0.0000242858
        0.0000236546  -0.0001350231  -0.0000626209  -0.0000232008  -0.0002125981
       -0.0002121394  -0.0001279568  -0.0003088648   0.0000394289   0.0000002643
        0.0018716645   0.0001514160   0.0000710780  -0.0003494763   0.0000313176
       -0.0000173438  -0.0001048465  -0.0000075261   0.0000142591  -0.0001015915
        0.0000921602   0.0000736179  -0.0000379648  -0.0000858660  -0.0000168523
       -0.0001837412  -0.0000342705  -0.0000167076
        0.0001453029  -0.0003094407   0.0000489208  -0.0000520274  -0.0002261321
       -0.0000243145  -0.0001227863  -0.0000996164  -0.0000414064   0.0000281773
        0.0001642434   0.0000489702   0.0002466473  -0.0002475230   0.0000927393
        0.0001514160   0.0017044418   0.0000411655   0.0001886641  -0.0002706978
        0.0000694034  -0.0000601447  -0.0001419471  -0.0000187505  -0.0001460051
       -0.0003472283  -0.0000770369  -0.0002650605  -0.0000490901  -0.0000949012
       -0.0001141835  -0.0001770098  -0.0000447898
        0.0000135335   0.0000093432  -0.0004014399  -0.0000694944  -0.0000308418
       -0.0002386893   0.0000417367   0.0000172677   0.0000056066  -0.0000136357
       -0.0000111669   0.0002233744  -0.0001344871  -0.0000431456  -0.0004279435
        0.0000710780   0.0000411655   0.0015819577   0.0001691172   0.0000579022
       -0.0003056400  -0.0002474150  -0.0001067313  -0.0002138076  -0.0000411438
       -0.0000153400  -0.0003219847  -0.0000152169  -0.0000102359   0.0001118479
        0.0002259274   0.0000917827  -0.0000132815
       -0.0003116305   0.0000802833   0.0000475966  -0.0001199105   0.0000244762
        0.0000529665  -0.0001318404  -0.0000742351  -0.0000573770  -0.0002109868
       -0.0002637032  -0.0002891012  -0.0002953577   0.0000411051   0.0000027772
       -0.0003494763   0.0001886641   0.0001691172   0.0017394647   0.0000554881
       -0.0000331118  -0.0000106933  -0.0000295699   0.0000328517  -0.0000680216
        0.0001096186   0.0001627706   0.0000047454  -0.0001078407  -0.0000462834
       -0.0002462930  -0.0000242865  -0.0000422065
        0.0000181880  -0.0002240456   0.0000975038  -0.0000165840  -0.0001561836
       -0.0000488750  -0.0000091145  -0.0002107267  -0.0000828905   0.0000043098
       -0.0001403531   0.0001004616  -0.0000051575  -0.0001348194   0.0001932376
        0.0000313176  -0.0002706978   0.0000579022   0.0000554881   0.0018557777
        0.0001527692  -0.0000448364  -0.0000298272  -0.0000378160  -0.0000234394
       -0.0001866520  -0.0001497699  -0.0000337332  -0.0001646932  -0.0001910310
        0.0000235615  -0.0003377791  -0.0000914920
       -0.0000059334   0.0000215455  -0.0003367329   0.0000097310  -0.0000608775
       -0.0001412285   0.0000008064   0.0000304182  -0.0000767070  -0.0000028511
       -0.0000318359  -0.0002856016   0.0000200836  -0.0000913083  -0.0004559327
       -0.0000173438   0.0000694034  -0.0003056400  -0.0000331118   0.0001527692
        0.0017791875   0.0000303352  -0.0002217445  -0.0001531414   0.0000106382
       -0.0000348093  -0.0000225674   0.0000117059  -0.0000261034   0.0000664390
       -0.0000240602   0.0001925426  -0.0000680750
       -0.0001561512  -0.0000208180  -0.0000803430  -0.0002781632   0.0000131930
       -0.0000821068  -0.0001748753   0.0000042997   0.0000957863  -0.0002134751
        0.0000569438   0.0004542660  -0.0002588289   0.0000176245  -0.0000218064
       -0.0001048465  -0.0000601447  -0.0002474150  -0.0000106933  -0.0000448364
        0.0000303352   0.0017174889   0.0000676618  -0.0000504031  -0.0002656910
       -0.0000118272  -0.0002562079  -0.0002599213   0.0000266832   0.0000843117
        0.0000051570  -0.0000487796   0.0000735832
        0.0000060193  -0.0001865403  -0.0001486944   0.0000165273  -0.0002785375
        0.0000771180  -0.0000220195  -0.0001451102   0.0001251345   0.0000084172
       -0.0001869452  -0.0001626316   0.0000468364  -0.0003168543  -0.0002905896
       -0.0000075261  -0.0001419471  -0.0001067313  -0.0000295699  -0.0000298272
       -0.0002217445   0.0000676618   0.0017108598   0.0000594771   0.0000012541
       -0.0002595489   0.0002402427  -0.0000152866  -0.0002090361   0.0002910513
       -0.0000723140   0.0000434870   0.0001373680
        0.0000049442  -0.0000051058  -0.0001819712  -0.0000146178   0.0000168090
       -0.0002242374   0.0000073980  -0.0000091488  -0.0002070554  -0.0000040714
        0.0000062694  -0.0001021127  -0.0000171931   0.0000245708  -0.0001465638
        0.0000142591  -0.0000187505  -0.0002138076   0.0000328517  -0.0000378160
       -0.0001531414  -0.0000504031   0.0000594771   0.0019606882  -0.0000097250
        0.0000095207  -0.0002796166  -0.0000061542   0.0000059143  -0.0002395717
        0.0000427116  -0.0000517403  -0.0002126106
       -0.0001132540  -0.0000610715  -0.0000109508  -0.0002370409  -0.0000249219
       -0.0000158026  -0.0002622232   0.0000610244   0.0000138956  -0.0001835804
        0.0002039737   0.0000827313  -0.0000753043  -0.0000410860   0.0000015608
       -0.0001015915  -0.0001460051  -0.0000411438  -0.0000680216  -0.0000234394
        0.0000106382  -0.0002656910   0.0000012541  -0.0000097250   0.0018902564
       -0.0000904205  -0.0000495663  -0.0003510578   0.0000820643   0.0000085366
       -0.0002324918   0.0000386279   0.0000098261
        0.0000926180  -0.0002639626  -0.0000225889  -0.0000260685  -0.0002450555
        0.0000125646  -0.0000854079  -0.0001167189   0.0000188879   0.0000216222
        0.0000344989  -0.0000286904   0.0001668187  -0.0002722395  -0.0000447220
        0.0000921602  -0.0003472283  -0.0000153400   0.0001096186  -0.0001866520
       -0.0000348093  -0.0000118272  -0.0002595489   0.0000095207  -0.0000904205
        0.0018628816   0.0000395666  -0.0001713124  -0.0001081154   0.0000447601
       -0.0000978012  -0.0000978594   0.0000208507
        0.0000238111  -0.0000200934  -0.0001604184  -0.0000742453   0.0000683576
       -0.0003172218   0.0000391835  -0.0000377450  -0.0002066176  -0.0000201484
        0.0000230177   0.0002799074  -0.0000892470   0.0000996541  -0.0000159382
        0.0000736179  -0.0000770369  -0.0003219847   0.0001627706  -0.0001497699
       -0.0000225674  -0.0002562079   0.0002402427  -0.0002796166  -0.0000495663
        0.0000395666   0.0016072489  -0.0000285771   0.0000230097  -0.0003299377
        0.0002186091  -0.0002092032  -0.0002328538
       -0.0000456949  -0.0001122732  -0.0000000725  -0.0002521208  -0.0000515247
       -0.0000092122  -0.0003280190   0.0001164955   0.0000021515  -0.0001667698
        0.0003784140   0.0000404825   0.0000541437  -0.0000841720   0.0000103214
       -0.0000379648  -0.0002650605  -0.0000152169   0.0000047454  -0.0000337332
        0.0000117059  -0.0002599213  -0.0000152866  -0.0000061542  -0.0003510578
       -0.0001713124  -0.0000285771   0.0017003572   0.0001511927  -0.0000053708
       -0.0003176979   0.0000872605  -0.0000000576
       -0.0000819960  -0.0001351152  -0.0000168276   0.0000274286  -0.0001751740
        0.0000075551   0.0000722082  -0.0002586598   0.0000145615  -0.0000183679
       -0.0004062249  -0.0000136554  -0.0001361007  -0.0001604553  -0.0000326749
       -0.0000858660  -0.0000490901  -0.0000102359  -0.0001078407  -0.0001646932
       -0.0000261034   0.0000266832  -0.0002090361   0.0000059143   0.0000820643
       -0.0001081154   0.0000230097   0.0001511927   0.0018948618   0.0000325592
        0.0000705943  -0.0002282980   0.0000158972
        0.0000003384  -0.0000274386   0.0000493846   0.0000224096   0.0000809054
       -0.0002403459  -0.0000202818  -0.0000417447  -0.0004256138   0.0000080644
        0.0000387309  -0.0003034188   0.0000469770   0.0001193673   0.0001913090
       -0.0000168523  -0.0000949012   0.0001118479  -0.0000462834  -0.0001910310
        0.0000664390   0.0000843117   0.0002910513  -0.0002395717   0.0000085366
        0.0000447601  -0.0003299377  -0.0000053708   0.0000325592   0.0015458312
       -0.0000818495  -0.0002522587  -0.0004259239
       -0.0001394018  -0.0000516383   0.0000748983  -0.0001581625  -0.0000445113
        0.0000702537  -0.0003014377   0.0000692693  -0.0000876503  -0.0001651177
        0.0001860655  -0.0003965606   0.0000253534  -0.0000696416   0.0000258482
       -0.0001837412  -0.0001141835   0.0002259274  -0.0002462930   0.0000235615
       -0.0000240602   0.0000051570  -0.0000723140   0.0000427116  -0.0002324918
       -0.0000978012   0.0002186091  -0.0003176979   0.0000705943  -0.0000818495
        0.0017138331   0.0001005994  -0.0000681277
       -0.0000454266  -0.0001781352   0.0001287575  -0.0000017713  -0.0001129645
       -0.0000671476   0.0000549691  -0.0002755785  -0.0001082829  -0.0000160148
       -0.0003083226   0.0001424797  -0.0001109076  -0.0000701333   0.0002520311
       -0.0000342705  -0.0001770098   0.0000917827  -0.0000242865  -0.0003377791
        0.0001925426  -0.0000487796   0.0000434870  -0.0000517403   0.0000386279
       -0.0000978594  -0.0002092032   0.0000872605  -0.0002282980  -0.0002522587
        0.0001005994   0.0017425934  -0.0001189611
       -0.0000023446  -0.0000132890  -0.0000639946   0.0000201950   0.0000379564
       -0.0002091929  -0.0000154517  -0.0000192362  -0.0003239876   0.0000068558
        0.0000194714  -0.0003060773   0.0000344356   0.0000562243   0.0000002408
       -0.0000167076  -0.0000447898  -0.0000132815  -0.0000422065  -0.0000914920
       -0.0000680750   0.0000735832   0.0001373680  -0.0002126106   0.0000098261
        0.0000208507  -0.0002328538  -0.0000000576   0.0000158972  -0.0004259239
       -0.0000681277  -0.0001189611   0.0018557565
