           1           2   1.0219337582292973     
           2           3   1.0273710305721266     
           3           4  0.95127984983258973     
           1           5  0.98249348305069684     
           1           6  0.98617528722142000     
           1           7  0.98746183131016008     
           2           8  0.97703928163299580     
           2           9  0.96342257742577719     
           3          10  0.98410925787129910     
           3          11  0.98296155626474102     
