           1           2   1.4380764701273643     
           2           3   1.3990444266819293     
           1           4  0.10681961810477390     
           3           4   1.4040235705830511     
           4           5   1.4040235708611581     
           1           6   1.4380764950507090     
           5           6   1.3990444179023902     
           5           7  0.98504851522720893     
           3           8  0.98504853097292266     
           1           9  0.96705092471351639     
           2          10  0.96646316694670942     
           4          11  0.96355341950696383     
           6          12  0.96646318174693524     
