$hessian                                                                        
        0.4378110746   0.0424293702  -0.0229086954  -0.0721633487   0.0381657844
        0.0167949827  -0.0041311063   0.0093927910   0.0040037067   0.0081438121
       -0.0056226192  -0.0024457665   0.0000183164  -0.0004284344  -0.0002303809
        0.0034703997   0.0000799807  -0.0000356394  -0.0002252424  -0.0002083413
       -0.0001357642  -0.0374110140  -0.0170909709   0.0004143003  -0.0033732201
       -0.0035556592   0.0004531564  -0.1639188771   0.0006604737  -0.0680859618
        0.0001207050   0.0004574749  -0.0036579502  -0.0011013718   0.0010091316
       -0.0003511551  -0.0020468327  -0.0050235304   0.0004265227  -0.0311383331
        0.0232240034  -0.0099085124  -0.0890572283  -0.0864602322   0.0483012828
       -0.0449458291   0.0042373629   0.0362829630  -0.0003051264  -0.0001115141
        0.0007444590   0.0004054286  -0.0005068245   0.0002017761   0.0006830350
       -0.0010887158   0.0002163438  -0.0008352415   0.0004404691  -0.0000796680
        0.0424293702   0.4817873626  -0.0365562842   0.0365983827  -0.1420419034
       -0.0190560866   0.0046154423  -0.0071781487  -0.0034445539   0.0081727158
       -0.0291095948  -0.0016758352   0.0003931879   0.0007153847  -0.0004892272
       -0.0005936491   0.0016386979  -0.0004641491  -0.0000281420  -0.0004152290
       -0.0004219090  -0.0256883305  -0.0022569438  -0.0148999174  -0.0044310467
       -0.0031670111   0.0011955788   0.0139726038  -0.0671730815   0.0236796834
       -0.0001814838   0.0004493190  -0.0003301548   0.0010812547   0.0008861125
       -0.0003507823  -0.0035647143  -0.0045512619   0.0011703442   0.0059703996
        0.0016796548   0.0033370279  -0.0819600371  -0.1824287072   0.0763831904
        0.0027846813  -0.0491323854  -0.0281988057   0.0003045389  -0.0000292028
        0.0000440836  -0.0001404546   0.0000448306   0.0001291843   0.0004919567
       -0.0015667949   0.0000504027  -0.0002266760   0.0018489025  -0.0001017899
       -0.0229086954  -0.0365562842   0.5004054944   0.0170569448  -0.0183614984
       -0.0685638049   0.0156784710  -0.0252743326  -0.0081375558  -0.0026621074
        0.0075952214   0.0022453323  -0.0000510713   0.0010743429  -0.0000770595
       -0.0000270932  -0.0008251935   0.0003390325  -0.0000355198  -0.0003728392
       -0.0003730551   0.0036627399  -0.0086995044   0.0094173771   0.0006726103
        0.0015984466   0.0011158643  -0.0753288323   0.0143900469  -0.1058186022
        0.0011920395   0.0002075046  -0.0012867118  -0.0001687480   0.0006273475
       -0.0005504896   0.0003181717   0.0020947499  -0.0001841786  -0.0192667181
        0.0141594966  -0.0013473055   0.0449122164   0.0743529408  -0.0839276627
        0.0363117200  -0.0264083058  -0.2447225893   0.0006797533   0.0000200495
        0.0003484544   0.0001582603  -0.0001089554   0.0002287618  -0.0000765224
        0.0002950243   0.0003722477  -0.0001176193   0.0001917424   0.0005164504
       -0.0721633487   0.0365983827   0.0170569448   0.4542262357   0.0128795604
       -0.0168580631  -0.0539774860   0.0063599861   0.0545663011  -0.0897662260
       -0.0541005078   0.0263524129  -0.0028215529  -0.0046522780   0.0038548388
       -0.0191325515  -0.0173366958   0.0048010436   0.0005695231  -0.0002086126
        0.0003555050   0.0000914912   0.0002091800   0.0016884876   0.0005889374
       -0.0000814142  -0.0001914454  -0.0272578175   0.0220884827  -0.0054998534
        0.0009334320   0.0003044404  -0.0008019656  -0.0053393204  -0.0010531233
       -0.0020990582   0.0068710016   0.0117205983  -0.0037748581  -0.1694315044
       -0.0092233576  -0.0670347622   0.0065202867  -0.0106960868  -0.0016207655
       -0.0033387518   0.0071625131   0.0044145955  -0.0004503715  -0.0000899986
        0.0002052563  -0.0003836771  -0.0003910710   0.0000767592  -0.0008644468
        0.0021416154   0.0008370635  -0.0248738531  -0.0016316134  -0.0163284366
        0.0381657844  -0.1420419034  -0.0183614984   0.0128795604   0.4433666448
        0.0088903453   0.0060189175  -0.0466135174  -0.0256962329  -0.0432701304
       -0.1202559014   0.0306510767  -0.0033067366  -0.0021416591   0.0034519732
       -0.0072466247  -0.0015979319  -0.0015316380   0.0004164977   0.0000924795
        0.0001351161   0.0006819342   0.0038640859   0.0001859952  -0.0002186209
       -0.0005331818  -0.0000362270   0.0028307520   0.0013868713   0.0020101818
       -0.0005375736  -0.0009614954   0.0003173753   0.0024228666   0.0016256311
       -0.0002431548  -0.0121429527  -0.0393972415   0.0044802842   0.0026970611
       -0.0550416541   0.0176523039   0.0105528822  -0.0257008670  -0.0030778758
        0.0056277509  -0.0077625362  -0.0053056824   0.0003154143  -0.0000540681
       -0.0000249716  -0.0003497433   0.0001780799   0.0001127883   0.0017308658
       -0.0062184221   0.0004196166  -0.0172679049  -0.0021934130  -0.0140297758
        0.0167949827  -0.0190560866  -0.0685638049  -0.0168580631   0.0088903453
        0.5258301230   0.0561187487  -0.0258335940  -0.2353112605   0.0250939154
        0.0296707902  -0.0830619589   0.0193045622   0.0237758920  -0.0156729105
       -0.0055313655  -0.0075351416   0.0034113174  -0.0012068607  -0.0006521681
       -0.0001835308  -0.0001542937  -0.0005052698   0.0016773295  -0.0000763721
       -0.0000267398  -0.0000852860  -0.0129105561   0.0122711000   0.0007305882
       -0.0000051256   0.0000037833  -0.0007328103  -0.0037916986  -0.0017221831
       -0.0002211976  -0.0055811353  -0.0052703200   0.0036369388  -0.0937862525
        0.0085169310  -0.1319233577  -0.0045870951   0.0100930856   0.0021421036
        0.0155179193  -0.0273306223  -0.0104180729   0.0000900100  -0.0000910141
        0.0000418698   0.0000483145   0.0000897943   0.0000163626   0.0005706851
       -0.0018607303   0.0006530263   0.0109496804  -0.0034278519   0.0080345309
       -0.0041311063   0.0046154423   0.0156784710  -0.0539774860   0.0060189175
        0.0561187487   0.0700799889  -0.0053770007  -0.0533864800  -0.0056887245
       -0.0009738391   0.0185156084  -0.0019585959  -0.0028451856   0.0012810761
        0.0004281980   0.0000205388   0.0012067124  -0.0005005847  -0.0004064721
       -0.0003129049  -0.0003525917   0.0001839911   0.0007829676  -0.0000119312
        0.0000094794  -0.0000230406   0.0012095939  -0.0010112884  -0.0006868781
        0.0000292948  -0.0002344509  -0.0005785485   0.0001809862   0.0002571453
       -0.0003997567   0.0005282410   0.0009854549  -0.0012388347  -0.0061993087
       -0.0033830022  -0.0353593833   0.0005580820  -0.0008104153  -0.0001737902
       -0.0014688766   0.0030310331   0.0005550199   0.0001163277   0.0000287389
       -0.0000449530   0.0001395029   0.0000486686  -0.0001217883   0.0000427636
        0.0002741226   0.0001888823   0.0009762268  -0.0004318782  -0.0020011281
        0.0093927910  -0.0071781487  -0.0252743326   0.0063599861  -0.0466135174
       -0.0258335940  -0.0053770007   0.0548296810   0.0304617114  -0.0085452822
       -0.0000416885   0.0230963709  -0.0028172144  -0.0036054682   0.0017209144
        0.0006284507   0.0001655708   0.0007051403  -0.0002751815   0.0000243937
       -0.0001075589  -0.0000685765  -0.0004812442  -0.0001784115  -0.0000065701
       -0.0000481508   0.0000058147  -0.0005701077   0.0010668959   0.0009378597
        0.0001669179   0.0000713966   0.0000429017  -0.0001080588  -0.0000138020
       -0.0001819667   0.0001339233   0.0020691629  -0.0008261416  -0.0019399778
        0.0024908703  -0.0009918429  -0.0000265782   0.0008336598  -0.0007593917
        0.0030908589  -0.0044885907  -0.0016068968  -0.0001408136   0.0000570739
       -0.0000239130   0.0001102104  -0.0000516694  -0.0000920922   0.0001275267
        0.0002897043   0.0002538466  -0.0001353032   0.0006238707  -0.0013484179
        0.0040037067  -0.0034445539  -0.0081375558   0.0545663011  -0.0256962329
       -0.2353112605  -0.0533864800   0.0304617114   0.2835468409   0.0068898502
        0.0017430310  -0.0147922217   0.0013831382   0.0018305791  -0.0004942854
       -0.0003036835  -0.0003058379  -0.0000649159   0.0001733452   0.0001213216
        0.0004094571   0.0003953127  -0.0004087259  -0.0007494813  -0.0000504814
        0.0000036297   0.0000487108   0.0005626458   0.0005129819   0.0011694137
        0.0000800878   0.0001367790   0.0004185318  -0.0002227027  -0.0001819627
        0.0002728319  -0.0006013262  -0.0005704069   0.0016883265  -0.0123222136
       -0.0035978670  -0.0301467136  -0.0003981555   0.0003961684   0.0004546625
        0.0002269621  -0.0012856112   0.0002093731  -0.0001224154   0.0000365792
       -0.0000008151  -0.0001267711  -0.0000297329   0.0000192268  -0.0004453307
       -0.0004334515  -0.0002381976  -0.0003017896   0.0007116013   0.0016980720
        0.0081438121   0.0081727158  -0.0026621074  -0.0897662260  -0.0432701304
        0.0250939154  -0.0056887245  -0.0085452822   0.0068898502   0.4484797086
        0.0159723675  -0.0163208837  -0.0426638568  -0.0030875840   0.0170391187
       -0.1253021590  -0.0045542948  -0.0435158370  -0.0013402000   0.0002288982
       -0.0032975109  -0.0136512071   0.0122100259  -0.0058004503  -0.0002914866
        0.0005636943   0.0003653080  -0.0015566029  -0.0032955529   0.0003103870
        0.0003370285  -0.0009326360  -0.0007180758  -0.0359505612  -0.0146595637
       -0.0048180706  -0.1174284612   0.0803142720   0.0352804039  -0.0318587143
       -0.0231059222   0.0028641377  -0.0014612649   0.0032901891   0.0000246255
        0.0002457610   0.0006757076  -0.0003912761   0.0000468169   0.0000784812
       -0.0000724909   0.0002469565  -0.0006609342   0.0005070014   0.0143513704
       -0.0156048399  -0.0073752023  -0.0048919896  -0.0037896112  -0.0034028428
       -0.0056226192  -0.0291095948   0.0075952214  -0.0541005078  -0.1202559014
        0.0296707902  -0.0009738391  -0.0000416885   0.0017430310   0.0159723675
        0.4692324892   0.0064508408  -0.0039342640  -0.0395284610   0.0003240323
        0.0083145360  -0.0473161804  -0.0003172521  -0.0045676163   0.0012007864
       -0.0041152534   0.0220651227  -0.0059183425   0.0095611603   0.0021565420
       -0.0037747977  -0.0002573455  -0.0030872625   0.0028649817  -0.0009401986
       -0.0007154961   0.0003329279   0.0004768658  -0.0327483643  -0.0151801167
       -0.0032460721   0.0518687568  -0.1755893442  -0.0362142670  -0.0075385246
       -0.0037917130  -0.0020738158   0.0019928982  -0.0034942352  -0.0005761972
       -0.0006324867   0.0005642638   0.0004738507   0.0002486917   0.0000482272
       -0.0000935309   0.0001782089   0.0009009672  -0.0006409339   0.0116889849
       -0.0314033352  -0.0081211102  -0.0005651280   0.0002590672   0.0003001843
       -0.0024457665  -0.0016758352   0.0022453323   0.0263524129   0.0306510767
       -0.0830619589   0.0185156084   0.0230963709  -0.0147922217  -0.0163208837
        0.0064508408   0.5068199685   0.0177942946  -0.0024461853  -0.2443933430
       -0.0434177916  -0.0015024621  -0.0939837230  -0.0267726060   0.0001867986
       -0.0204003892   0.0016970045   0.0026327620   0.0048400686   0.0006356145
       -0.0009889236   0.0004759296   0.0002230051  -0.0005693305  -0.0004521804
        0.0000991297  -0.0007419930  -0.0022438552   0.0107508304   0.0025227626
        0.0062690866   0.0300555629  -0.0434099643  -0.0682148480  -0.0133047138
       -0.0128698296   0.0054588869   0.0002310581  -0.0009892259   0.0004588315
        0.0000425839  -0.0016400726   0.0001193515   0.0001721247   0.0001595173
        0.0000414171   0.0021544147   0.0001121572   0.0018798293  -0.0034065216
        0.0020554250  -0.0002531424  -0.0030553611  -0.0010338888  -0.0008130400
        0.0000183164   0.0003931879  -0.0000510713  -0.0028215529  -0.0033067366
        0.0193045622  -0.0019585959  -0.0028172144   0.0013831382  -0.0426638568
       -0.0039342640   0.0177942946   0.0538639365  -0.0038785099  -0.0271934628
       -0.0011643117  -0.0001468380  -0.0273041569  -0.0045872125  -0.0000124097
       -0.0029293314   0.0005269130  -0.0004639829  -0.0005210225   0.0001029884
       -0.0000273019   0.0002903148  -0.0002095065  -0.0001676258   0.0000635237
       -0.0000861258   0.0002428128   0.0002663328   0.0023330969   0.0009722333
        0.0001261588  -0.0051056157   0.0124496729   0.0191956736   0.0013345411
        0.0008987478  -0.0002365926   0.0000155103   0.0000130174  -0.0001061275
        0.0002165284   0.0000092779  -0.0000955091  -0.0000561671  -0.0001010456
       -0.0000247485  -0.0005016141  -0.0001427705   0.0002876288   0.0003625104
       -0.0003595064  -0.0000969501   0.0003802175   0.0003792557  -0.0001526546
       -0.0004284344   0.0007153847   0.0010743429  -0.0046522780  -0.0021416591
        0.0237758920  -0.0028451856  -0.0036054682   0.0018305791  -0.0030875840
       -0.0395284610  -0.0024461853  -0.0038785099   0.0581451839   0.0113945579
       -0.0011248032   0.0013197229   0.0002009275   0.0002495122   0.0002524769
        0.0001719115  -0.0000380887   0.0003826934   0.0006224906  -0.0001540425
        0.0000414675  -0.0001221314  -0.0000379195  -0.0001404008  -0.0003004311
       -0.0001114787  -0.0004575935  -0.0002288913   0.0005388651   0.0001040057
       -0.0005158550   0.0135822460  -0.0156103468  -0.0328819135   0.0015141110
        0.0007226227  -0.0007566247   0.0000913646   0.0001795119  -0.0003224651
        0.0000278469  -0.0006431810  -0.0001792740   0.0002059762   0.0000021594
        0.0000374028  -0.0003837961   0.0002751035  -0.0000228906   0.0001878096
       -0.0002908197  -0.0013572484   0.0003443889   0.0002775973   0.0000258061
       -0.0002303809  -0.0004892272  -0.0000770595   0.0038548388   0.0034519732
       -0.0156729105   0.0012810761   0.0017209144  -0.0004942854   0.0170391187
        0.0003240323  -0.2443933430  -0.0271934628   0.0113945579   0.2900345469
       -0.0029176990   0.0012321106  -0.0206292277  -0.0027563307   0.0000588823
       -0.0014464777   0.0000178806  -0.0002527009  -0.0014112952   0.0002404462
       -0.0000590106   0.0001793618  -0.0001338386   0.0002180200   0.0001769712
        0.0007971976   0.0000964078   0.0011056621   0.0016273527   0.0000823676
        0.0020217372   0.0100162366  -0.0162964771  -0.0114826637  -0.0003461832
       -0.0003880233   0.0011670991  -0.0000559622  -0.0002294501   0.0002346709
       -0.0000598730   0.0004142899   0.0004024806  -0.0000813235  -0.0003498431
       -0.0000113665  -0.0008768843  -0.0002161693  -0.0000998177   0.0002951819
       -0.0001300614   0.0001203910  -0.0005173909  -0.0005825930   0.0002755260
        0.0034703997  -0.0005936491  -0.0000270932  -0.0191325515  -0.0072466247
       -0.0055313655   0.0004281980   0.0006284507  -0.0003036835  -0.1253021590
        0.0083145360  -0.0434177916  -0.0011643117  -0.0011248032  -0.0029176990
        0.4395517532   0.0028187635  -0.0315308363  -0.0436133933   0.0068028120
        0.0233772198  -0.0860119036   0.0482421764  -0.0004335818  -0.0151743700
        0.0244090518  -0.0002732449   0.0028812463  -0.0220349934   0.0011793420
       -0.0065102923   0.0086109661   0.0104479234  -0.1120336548  -0.0766525137
        0.0433315123  -0.0285359825   0.0176081890  -0.0066464344   0.0000143660
       -0.0015976066   0.0015567678  -0.0002811726   0.0003655275  -0.0001020382
       -0.0002745706  -0.0000466984  -0.0001930444   0.0011816193   0.0003111520
        0.0019160078  -0.0101452456  -0.0079805810   0.0089538868   0.0010643540
       -0.0007977146   0.0010271463  -0.0004123292  -0.0000364403  -0.0004129931
        0.0000799807   0.0016386979  -0.0008251935  -0.0173366958  -0.0015979319
       -0.0075351416   0.0000205388   0.0001655708  -0.0003058379  -0.0045542948
       -0.0473161804  -0.0015024621  -0.0001468380   0.0013197229   0.0012321106
        0.0028187635   0.4565186061   0.0213713373   0.0057200727  -0.0496586987
       -0.0417823141   0.0492900255  -0.1268143960  -0.0206262945   0.0053418517
       -0.0052885804   0.0002572675   0.0001113779  -0.0340156096   0.0036007017
        0.0054244828  -0.0122443334  -0.0082458199  -0.0891211735  -0.1632763304
        0.0409502258   0.0385290709  -0.0221986855   0.0073278418  -0.0026123065
       -0.0030616134   0.0014084214   0.0004358440   0.0003618787   0.0000651499
       -0.0000582133  -0.0002293174   0.0000346879   0.0010509378  -0.0006212346
       -0.0010035848   0.0031534993   0.0068951332   0.0059233722   0.0030552289
       -0.0002449851   0.0001449702  -0.0012021526  -0.0003317130  -0.0004894379
       -0.0000356394  -0.0004641491   0.0003390325   0.0048010436  -0.0015316380
        0.0034113174   0.0012067124   0.0007051403  -0.0000649159  -0.0435158370
       -0.0003172521  -0.0939837230  -0.0273041569   0.0002009275  -0.0206292277
       -0.0315308363   0.0213713373   0.5447982986   0.0204809659  -0.0437708788
       -0.2562327553  -0.0005136555  -0.0132911964  -0.0603273299  -0.0083837515
        0.0124843519   0.0014633268   0.0015933480   0.0130655366   0.0009556096
        0.0193616967  -0.0312762605  -0.0173110808   0.0302374991   0.0155803669
       -0.0875895209   0.0061360746  -0.0004824478   0.0052383223   0.0024758270
        0.0015431219   0.0001551576   0.0000452486   0.0000378029  -0.0000530671
        0.0000074144  -0.0001273832  -0.0001597181   0.0027720966  -0.0023434993
       -0.0063643383   0.0227629069   0.0278867055  -0.0160372138  -0.0008542894
        0.0004891217   0.0018812486   0.0002573323   0.0002402930   0.0005105774
       -0.0002252424  -0.0000281420  -0.0000355198   0.0005695231   0.0004164977
       -0.0012068607  -0.0005005847  -0.0002751815   0.0001733452  -0.0013402000
       -0.0045676163  -0.0267726060  -0.0045872125   0.0002495122  -0.0027563307
       -0.0436133933   0.0057200727   0.0204809659   0.0574727060  -0.0032353560
       -0.0316758817  -0.0013321797   0.0040811717   0.0126951593  -0.0000153960
        0.0001775889   0.0007492254   0.0001318215  -0.0004000344  -0.0002553199
       -0.0011337885   0.0030583716   0.0012315388  -0.0066854000  -0.0008860639
        0.0223366430   0.0023886179  -0.0013229270   0.0011538121   0.0003239558
        0.0001439986   0.0004691444  -0.0000436841   0.0000040034  -0.0000192492
       -0.0001375005   0.0001197908   0.0000860248  -0.0002377799   0.0001668931
        0.0006766684  -0.0009134148  -0.0035032211   0.0028357349  -0.0000545404
        0.0001790472  -0.0002346000  -0.0000663073  -0.0000984057   0.0000681057
       -0.0002083413  -0.0004152290  -0.0003728392  -0.0002086126   0.0000924795
       -0.0006521681  -0.0004064721   0.0000243937   0.0001213216   0.0002288982
        0.0012007864   0.0001867986  -0.0000124097   0.0002524769   0.0000588823
        0.0068028120  -0.0496586987  -0.0437708788  -0.0032353560   0.0595484010
        0.0418717695   0.0038401018  -0.0057224423  -0.0242268582  -0.0002143220
        0.0007080837  -0.0005397254  -0.0000387903   0.0013638648   0.0004767740
        0.0029942547  -0.0054835148  -0.0016505048  -0.0081038985   0.0011817688
        0.0256165474  -0.0003042096   0.0004002297   0.0004502908   0.0003096789
       -0.0000217386   0.0003364741   0.0000601382  -0.0000208910   0.0000235253
        0.0001354620   0.0000803391   0.0002125803   0.0005020353  -0.0003000963
       -0.0013754506  -0.0023253867  -0.0028711810   0.0026949159   0.0001957474
       -0.0003428540   0.0005492136  -0.0000113296  -0.0000161778  -0.0000106683
       -0.0001357642  -0.0004219090  -0.0003730551   0.0003555050   0.0001351161
       -0.0001835308  -0.0003129049  -0.0001075589   0.0004094571  -0.0032975109
       -0.0041152534  -0.0204003892  -0.0029293314   0.0001719115  -0.0014464777
        0.0233772198  -0.0417823141  -0.2562327553  -0.0316758817   0.0418717695
        0.3016930139   0.0014822800  -0.0030856613  -0.0082187059  -0.0000405176
        0.0004013022   0.0005462253  -0.0003839907   0.0003508778   0.0007899961
        0.0007423637  -0.0013926776   0.0006743023   0.0098519856   0.0042557182
       -0.0173726426   0.0017648910  -0.0002599917   0.0019870081   0.0003841393
        0.0001543902   0.0004552949   0.0000420378   0.0000640581   0.0000138067
        0.0000167328   0.0001808373   0.0001507745   0.0001423121   0.0001208056
       -0.0002731612   0.0008484545   0.0030108772  -0.0014809650  -0.0002157529
        0.0005155194  -0.0007442818  -0.0000162673  -0.0000678171   0.0000060858
       -0.0374110140  -0.0256883305   0.0036627399   0.0000914912   0.0006819342
       -0.0001542937  -0.0003525917  -0.0000685765   0.0003953127  -0.0136512071
        0.0220651227   0.0016970045   0.0005269130  -0.0000380887   0.0000178806
       -0.0860119036   0.0492900255  -0.0005136555  -0.0013321797   0.0038401018
        0.0014822800   0.4818635583  -0.0197747786   0.0651603537  -0.1784712339
        0.0210260937  -0.0969046582  -0.0959637024  -0.0438188985   0.0019294825
       -0.0558557489   0.0130151899   0.0079038617   0.0019307624  -0.0218493895
        0.0012675510  -0.0089026717   0.0034850192  -0.0022010505   0.0021462709
       -0.0008689228   0.0011888520  -0.0059168609  -0.0011377185  -0.0025567027
        0.0014378259   0.0002609865   0.0012423380  -0.0063240455   0.0017606003
        0.0157687772   0.0025362318  -0.0020455811   0.0008026475   0.0002021239
       -0.0003496049  -0.0000214753  -0.0005420179   0.0002148159  -0.0001672455
       -0.0170909709  -0.0022569438  -0.0086995044   0.0002091800   0.0038640859
       -0.0005052698   0.0001839911  -0.0004812442  -0.0004087259   0.0122100259
       -0.0059183425   0.0026327620  -0.0004639829   0.0003826934  -0.0002527009
        0.0482421764  -0.1268143960  -0.0132911964   0.0040811717  -0.0057224423
       -0.0030856613  -0.0197747786   0.4515393250   0.0020289138   0.0170758812
       -0.0443328625   0.0086168335  -0.0625329618  -0.1597163932   0.0456385069
        0.0148366480  -0.0740611255  -0.0025448215  -0.0014611932  -0.0361591401
        0.0041732886  -0.0020885059   0.0018034821   0.0000015540   0.0006012156
       -0.0016265736   0.0003474232  -0.0007576802   0.0003786849  -0.0003871985
        0.0001353911   0.0005215344   0.0009778864   0.0074327342  -0.0008623896
       -0.0356720782  -0.0006556612   0.0000979506   0.0001001816   0.0003427685
       -0.0008247380   0.0003351414  -0.0005254490   0.0001888351  -0.0000053344
        0.0004143003  -0.0148999174   0.0094173771   0.0016884876   0.0001859952
        0.0016773295   0.0007829676  -0.0001784115  -0.0007494813  -0.0058004503
        0.0095611603   0.0048400686  -0.0005210225   0.0006224906  -0.0014112952
       -0.0004335818  -0.0206262945  -0.0603273299   0.0126951593  -0.0242268582
       -0.0082187059   0.0651603537   0.0020289138   0.4431242439  -0.0959148328
        0.0103550904  -0.0997538584   0.0027656441   0.0419054856  -0.0729451717
        0.0219946850  -0.0165223912  -0.2002463941   0.0012834583   0.0131060562
       -0.0011083261  -0.0036873346   0.0021677856  -0.0015579065  -0.0008913300
        0.0000489589  -0.0014985621  -0.0032716924  -0.0001031871  -0.0013627581
       -0.0014421258  -0.0016495248  -0.0011973052   0.0052380236  -0.0065842837
       -0.0100093751  -0.0005632069   0.0046157892   0.0006240997   0.0000793142
        0.0001177220   0.0004436724   0.0004231833   0.0000754207   0.0002596782
       -0.0033732201  -0.0044310467   0.0006726103   0.0005889374  -0.0002186209
       -0.0000763721  -0.0000119312  -0.0000065701  -0.0000504814  -0.0002914866
        0.0021565420   0.0006356145   0.0001029884  -0.0001540425   0.0002404462
       -0.0151743700   0.0053418517  -0.0083837515  -0.0000153960  -0.0002143220
       -0.0000405176  -0.1784712339   0.0170758812  -0.0959148328   0.2176253863
       -0.0126037053   0.1110349618  -0.0290479425  -0.0071827558  -0.0098519000
        0.0070812335  -0.0003711596   0.0012448502   0.0014753248  -0.0004805004
        0.0002761712  -0.0011824234   0.0008069551  -0.0000657515   0.0001602685
        0.0001204860   0.0000688141  -0.0010073707   0.0000019906  -0.0005062388
        0.0002660058   0.0001165510   0.0005481753   0.0014708234   0.0000919065
        0.0003672074  -0.0003222678   0.0001267134  -0.0002081297   0.0000021225
       -0.0001042057  -0.0000323507   0.0001245516  -0.0000719484   0.0000414750
       -0.0035556592  -0.0031670111   0.0015984466  -0.0000814142  -0.0005331818
       -0.0000267398   0.0000094794  -0.0000481508   0.0000036297   0.0005636943
       -0.0037747977  -0.0009889236  -0.0000273019   0.0000414675  -0.0000590106
        0.0244090518  -0.0052885804   0.0124843519   0.0001775889   0.0007080837
        0.0004013022   0.0210260937  -0.0443328625   0.0103550904  -0.0126037053
        0.0540980035  -0.0096836072  -0.0269736298  -0.0024616739  -0.0114261677
       -0.0022016943   0.0041067906  -0.0011082331  -0.0013018341   0.0016815061
       -0.0004624018   0.0022727668  -0.0013805161   0.0003564109  -0.0001822892
        0.0002321925  -0.0000166377  -0.0011165302  -0.0000873565  -0.0005076600
        0.0001940189  -0.0000531472   0.0001913838  -0.0010077564   0.0003893751
       -0.0012020778   0.0002950124  -0.0003158907   0.0001651076   0.0000214535
        0.0002212287  -0.0000312487   0.0000826550  -0.0000354790  -0.0000430150
        0.0004531564   0.0011955788   0.0011158643  -0.0001914454  -0.0000362270
       -0.0000852860  -0.0000230406   0.0000058147   0.0000487108   0.0003653080
       -0.0002573455   0.0004759296   0.0002903148  -0.0001221314   0.0001793618
       -0.0002732449   0.0002572675   0.0014633268   0.0007492254  -0.0005397254
        0.0005462253  -0.0969046582   0.0086168335  -0.0997538584   0.1110349618
       -0.0096836072   0.1381472239   0.0030019984  -0.0010248843   0.0040740069
       -0.0194002622   0.0014559160  -0.0462897228   0.0004566023  -0.0003084735
        0.0000972576   0.0000812811  -0.0000018083   0.0001283495   0.0001142956
        0.0000465323   0.0000912551   0.0003061475   0.0000534293   0.0001608481
        0.0005090969   0.0001857022   0.0001495819  -0.0003078917   0.0001699262
        0.0000469954  -0.0002074723   0.0000264769  -0.0005235810  -0.0000564115
       -0.0000214363  -0.0000826190   0.0000020387  -0.0000178383   0.0000101300
       -0.1639188771   0.0139726038  -0.0753288323  -0.0272578175   0.0028307520
       -0.0129105561   0.0012095939  -0.0005701077   0.0005626458  -0.0015566029
       -0.0030872625   0.0002230051  -0.0002095065  -0.0000379195  -0.0001338386
        0.0028812463   0.0001113779   0.0015933480   0.0001318215  -0.0000387903
       -0.0003839907  -0.0959637024  -0.0625329618   0.0027656441  -0.0290479425
       -0.0269736298   0.0030019984   0.3683583635   0.0907794417   0.0778415448
       -0.0138187568  -0.0153481361   0.0339218206   0.0017840389  -0.0003238414
        0.0001817283   0.0017991228  -0.0000542529   0.0002753725  -0.0104517880
        0.0081993271  -0.0035017652  -0.0251472408  -0.0064307120  -0.0087617873
       -0.0096594066  -0.0020623016  -0.0179208261   0.0008099023   0.0000137418
       -0.0008573842  -0.0006839260   0.0011937391  -0.0004393401  -0.0004305585
        0.0001977092  -0.0002487182   0.0011720363   0.0001612230   0.0001199311
        0.0006604737  -0.0671730815   0.0143900469   0.0220884827   0.0013868713
        0.0122711000  -0.0010112884   0.0010668959   0.0005129819  -0.0032955529
        0.0028649817  -0.0005693305  -0.0001676258  -0.0001404008   0.0002180200
       -0.0220349934  -0.0340156096   0.0130655366  -0.0004000344   0.0013638648
        0.0003508778  -0.0438188985  -0.1597163932   0.0419054856  -0.0071827558
       -0.0024616739  -0.0010248843   0.0907794417   0.2781404023  -0.0970475770
       -0.0148771763  -0.0017668621   0.0258436284   0.0006016112  -0.0167297720
        0.0019012468   0.0009626945   0.0006119156  -0.0000888834   0.0076276609
       -0.0047257373   0.0020621581  -0.0257094506  -0.0025929677  -0.0114634904
       -0.0046618230   0.0024018156  -0.0026972429   0.0004963267   0.0004240695
        0.0013218879   0.0000979292   0.0010025630  -0.0006753203  -0.0005320754
        0.0005995193  -0.0000964937   0.0003770539  -0.0005404011  -0.0001797474
       -0.0680859618   0.0236796834  -0.1058186022  -0.0054998534   0.0020101818
        0.0007305882  -0.0006868781   0.0009378597   0.0011694137   0.0003103870
       -0.0009401986  -0.0004521804   0.0000635237  -0.0003004311   0.0001769712
        0.0011793420   0.0036007017   0.0009556096  -0.0002553199   0.0004767740
        0.0007899961   0.0019294825   0.0456385069  -0.0729451717  -0.0098519000
       -0.0114261677   0.0040740069   0.0778415448  -0.0970475770   0.2231046363
        0.0351225918   0.0338636907  -0.0369218961   0.0004385000   0.0009068562
        0.0010471678   0.0002275795   0.0000108899   0.0005916498  -0.0017735880
        0.0016186796   0.0010276111   0.0082156202  -0.0004999473   0.0061362850
       -0.0379459034  -0.0017346377  -0.0240417341  -0.0013621465  -0.0000208777
        0.0013680492   0.0000359704  -0.0006522033  -0.0003963646  -0.0000987630
       -0.0000237502  -0.0002926556   0.0001957720  -0.0000980333  -0.0003033801
        0.0001207050  -0.0001814838   0.0011920395   0.0009334320  -0.0005375736
       -0.0000051256   0.0000292948   0.0001669179   0.0000800878   0.0003370285
       -0.0007154961   0.0000991297  -0.0000861258  -0.0001114787   0.0007971976
       -0.0065102923   0.0054244828   0.0193616967  -0.0011337885   0.0029942547
        0.0007423637  -0.0558557489   0.0148366480   0.0219946850   0.0070812335
       -0.0022016943  -0.0194002622  -0.0138187568  -0.0148771763   0.0351225918
        0.1424531521  -0.1669039748  -0.0786475611   0.0031011085  -0.0008754136
       -0.0000093119   0.0001136638   0.0006419803   0.0003374486  -0.0004796576
        0.0005011205  -0.0002078236   0.0006460787   0.0003486699   0.0003567365
        0.0001208767   0.0004836864   0.0007679994  -0.0754344179   0.1604876345
        0.0185243322  -0.0017698331   0.0008699956  -0.0011844655  -0.0001826582
       -0.0001816059  -0.0000301086   0.0003347056  -0.0001694937   0.0001083501
        0.0004574749   0.0004493190   0.0002075046   0.0003044404  -0.0009614954
        0.0000037833  -0.0002344509   0.0000713966   0.0001367790  -0.0009326360
        0.0003329279  -0.0007419930   0.0002428128  -0.0004575935   0.0000964078
        0.0086109661  -0.0122443334  -0.0312762605   0.0030583716  -0.0054835148
       -0.0013926776   0.0130151899  -0.0740611255  -0.0165223912  -0.0003711596
        0.0041067906   0.0014559160  -0.0153481361  -0.0017668621   0.0338636907
       -0.1669039748   0.4519767570   0.0427724801   0.0032042378   0.0003060201
       -0.0037801868   0.0001278907   0.0005031623   0.0004165662  -0.0003841597
        0.0005960081  -0.0000106874   0.0003128487   0.0001438398   0.0001356157
        0.0002294057   0.0003100820   0.0002655127   0.1555528865  -0.3649111222
       -0.0261530999  -0.0008610249   0.0009412594   0.0006660984  -0.0002598051
        0.0002902296  -0.0000892858   0.0001788221  -0.0001417455  -0.0000537721
       -0.0036579502  -0.0003301548  -0.0012867118  -0.0008019656   0.0003173753
       -0.0007328103  -0.0005785485   0.0000429017   0.0004185318  -0.0007180758
        0.0004768658  -0.0022438552   0.0002663328  -0.0002288913   0.0011056621
        0.0104479234  -0.0082458199  -0.0173110808   0.0012315388  -0.0016505048
        0.0006743023   0.0079038617  -0.0025448215  -0.2002463941   0.0012448502
       -0.0011082331  -0.0462897228   0.0339218206   0.0258436284  -0.0369218961
       -0.0786475611   0.0427724801   0.3415180663  -0.0008005031  -0.0004536541
        0.0021581181   0.0001123780  -0.0001761677   0.0012892065   0.0009276918
       -0.0001732296   0.0011431722  -0.0002741948  -0.0003351125   0.0005944616
        0.0007572376   0.0002791444   0.0020075141   0.0295942019  -0.0532380537
       -0.0444050571  -0.0005392315  -0.0012996087  -0.0007144114  -0.0000773889
        0.0000661652  -0.0005218262  -0.0003124172  -0.0000143089  -0.0002352691
       -0.0011013718   0.0010812547  -0.0001687480  -0.0053393204   0.0024228666
       -0.0037916986   0.0001809862  -0.0001080588  -0.0002227027  -0.0359505612
       -0.0327483643   0.0107508304   0.0023330969   0.0005388651   0.0016273527
       -0.1120336548  -0.0891211735   0.0302374991  -0.0066854000  -0.0081038985
        0.0098519856   0.0019307624  -0.0014611932   0.0012834583   0.0014753248
       -0.0013018341   0.0004566023   0.0017840389   0.0006016112   0.0004385000
        0.0031011085   0.0032042378  -0.0008005031   0.2026703458   0.1032723822
       -0.1671981921   0.0008259574  -0.0035209365  -0.0004692364  -0.0027551352
       -0.0023934432   0.0001494795   0.0001649144   0.0000411141   0.0000718874
        0.0000682316   0.0000170795   0.0001029650  -0.0007099941   0.0000925572
       -0.0000807422  -0.0528133775   0.0279929444   0.1180788683   0.0033448401
       -0.0000958248  -0.0001461596  -0.0004907919  -0.0004101859  -0.0001714459
        0.0010091316   0.0008861125   0.0006273475  -0.0010531233   0.0016256311
       -0.0017221831   0.0002571453  -0.0000138020  -0.0001819627  -0.0146595637
       -0.0151801167   0.0025227626   0.0009722333   0.0001040057   0.0000823676
       -0.0766525137  -0.1632763304   0.0155803669  -0.0008860639   0.0011817688
        0.0042557182  -0.0218493895  -0.0361591401   0.0131060562  -0.0004805004
        0.0016815061  -0.0003084735  -0.0003238414  -0.0167297720   0.0009068562
       -0.0008754136   0.0003060201  -0.0004536541   0.1032723822   0.2936182755
        0.0692387531   0.0007396592   0.0051723794   0.0005582301  -0.0022035882
       -0.0004389881  -0.0002744403  -0.0000125861   0.0002265289  -0.0000185155
        0.0000254068   0.0001039628   0.0000268022  -0.0006895821   0.0005704788
        0.0014546093   0.0154058765  -0.0733625166  -0.1057847965  -0.0020771639
        0.0000640697   0.0004788466   0.0000814949  -0.0003800736  -0.0000946907
       -0.0003511551  -0.0003507823  -0.0005504896  -0.0020990582  -0.0002431548
       -0.0002211976  -0.0003997567  -0.0001819667   0.0002728319  -0.0048180706
       -0.0032460721   0.0062690866   0.0001261588  -0.0005158550   0.0020217372
        0.0433315123   0.0409502258  -0.0875895209   0.0223366430   0.0256165474
       -0.0173726426   0.0012675510   0.0041732886  -0.0011083261   0.0002761712
       -0.0004624018   0.0000972576   0.0001817283   0.0019012468   0.0010471678
       -0.0000093119  -0.0037801868   0.0021581181  -0.1671981921   0.0692387531
        0.4457569090   0.0006841388  -0.0014798845   0.0012738102   0.0002602307
       -0.0002399091   0.0004908691   0.0000366191  -0.0000763258   0.0000329010
        0.0000458572   0.0000644662   0.0001280251  -0.0003648767  -0.0004534861
       -0.0001130348   0.1065145501  -0.1298498777  -0.3510304995   0.0003884224
       -0.0009742697  -0.0014850489  -0.0002091616  -0.0000903555  -0.0000779534
       -0.0020468327  -0.0035647143   0.0003181717   0.0068710016  -0.0121429527
       -0.0055811353   0.0005282410   0.0001339233  -0.0006013262  -0.1174284612
        0.0518687568   0.0300555629  -0.0051056157   0.0135822460   0.0100162366
       -0.0285359825   0.0385290709   0.0061360746   0.0023886179  -0.0003042096
        0.0017648910  -0.0089026717  -0.0020885059  -0.0036873346  -0.0011824234
        0.0022727668   0.0000812811   0.0017991228   0.0009626945   0.0002275795
        0.0001136638   0.0001278907   0.0001123780   0.0008259574   0.0007396592
        0.0006841388   0.3752502386   0.0896122050  -0.0798142509   0.0029535028
       -0.0012076923   0.0003522579   0.0004642843  -0.0007406682  -0.0000994937
       -0.0001445989  -0.0002972631   0.0001058506   0.0000200196   0.0001260525
       -0.0001724098   0.0001912311   0.0003529162  -0.0005257156  -0.2280543720
       -0.1788131071   0.0403305619  -0.0000049229   0.0008509313   0.0002966816
       -0.0050235304  -0.0045512619   0.0020947499   0.0117205983  -0.0393972415
       -0.0052703200   0.0009854549   0.0020691629  -0.0005704069   0.0803142720
       -0.1755893442  -0.0434099643   0.0124496729  -0.0156103468  -0.0162964771
        0.0176081890  -0.0221986855  -0.0004824478  -0.0013229270   0.0004002297
       -0.0002599917   0.0034850192   0.0018034821   0.0021677856   0.0008069551
       -0.0013805161  -0.0000018083  -0.0000542529   0.0006119156   0.0000108899
        0.0006419803   0.0005031623  -0.0001761677  -0.0035209365   0.0051723794
       -0.0014798845   0.0896122050   0.4827050668   0.0348631316  -0.0003952745
        0.0028660454  -0.0004134615   0.0007086756  -0.0015865449  -0.0000386323
       -0.0001800901   0.0005069483   0.0004015208  -0.0004111697  -0.0001789438
        0.0002733861  -0.0001913059  -0.0008847013   0.0002140492  -0.2080952818
       -0.2348863978   0.0283448916   0.0008617463  -0.0003744088   0.0000291575
        0.0004265227   0.0011703442  -0.0001841786  -0.0037748581   0.0044802842
        0.0036369388  -0.0012388347  -0.0008261416   0.0016883265   0.0352804039
       -0.0362142670  -0.0682148480   0.0191956736  -0.0328819135  -0.0114826637
       -0.0066464344   0.0073278418   0.0052383223   0.0011538121   0.0004502908
        0.0019870081  -0.0022010505   0.0000015540  -0.0015579065  -0.0000657515
        0.0003564109   0.0001283495   0.0002753725  -0.0000888834   0.0005916498
        0.0003374486   0.0004165662   0.0012892065  -0.0004692364   0.0005582301
        0.0012738102  -0.0798142509   0.0348631316   0.0760317222   0.0003742863
       -0.0002047874   0.0013248764  -0.0001586093   0.0001537830   0.0002038490
       -0.0001577509   0.0006255798   0.0002698133  -0.0001924872  -0.0000359019
        0.0000705086  -0.0007361747  -0.0000106958  -0.0003162520   0.0385059506
        0.0202090524  -0.0117920102  -0.0000940316  -0.0003504780  -0.0001865220
       -0.0311383331   0.0059703996  -0.0192667181  -0.1694315044   0.0026970611
       -0.0937862525  -0.0061993087  -0.0019399778  -0.0123222136  -0.0318587143
       -0.0075385246  -0.0133047138   0.0013345411   0.0015141110  -0.0003461832
        0.0000143660  -0.0026123065   0.0024758270   0.0003239558   0.0003096789
        0.0003841393   0.0021462709   0.0006012156  -0.0008913300   0.0001602685
       -0.0001822892   0.0001142956  -0.0104517880   0.0076276609  -0.0017735880
       -0.0004796576  -0.0003841597   0.0009276918  -0.0027551352  -0.0022035882
        0.0002602307   0.0029535028  -0.0003952745   0.0003742863   0.4572602791
        0.1652554284  -0.0039199091   0.0009874679  -0.0002429414   0.0000588417
        0.0013298756  -0.0016368355  -0.0002275702   0.0002827215   0.0000540378
       -0.0003938375   0.0000700567   0.0003601209  -0.0002977644  -0.0000769418
        0.0006921769  -0.0002663265  -0.2144719228  -0.1679459937   0.1422010944
        0.0232240034   0.0016796548   0.0141594966  -0.0092233576  -0.0550416541
        0.0085169310  -0.0033830022   0.0024908703  -0.0035978670  -0.0231059222
       -0.0037917130  -0.0128698296   0.0008987478   0.0007226227  -0.0003880233
       -0.0015976066  -0.0030616134   0.0015431219   0.0001439986  -0.0000217386
        0.0001543902  -0.0008689228  -0.0016265736   0.0000489589   0.0001204860
        0.0002321925   0.0000465323   0.0081993271  -0.0047257373   0.0016186796
        0.0005011205   0.0005960081  -0.0001732296  -0.0023934432  -0.0004389881
       -0.0002399091  -0.0012076923   0.0028660454  -0.0002047874   0.1652554284
        0.1959327481  -0.1440780947  -0.0002045573   0.0017824616  -0.0003382764
       -0.0016392780   0.0018963915   0.0015286190  -0.0003595776  -0.0000137198
        0.0000935140   0.0001236234  -0.0002462629  -0.0000353210   0.0000223730
        0.0004786444   0.0002648311  -0.1545057483  -0.1397096387   0.1339502637
       -0.0099085124   0.0033370279  -0.0013473055  -0.0670347622   0.0176523039
       -0.1319233577  -0.0353593833  -0.0009918429  -0.0301467136   0.0028641377
       -0.0020738158   0.0054588869  -0.0002365926  -0.0007566247   0.0011670991
        0.0015567678   0.0014084214   0.0001551576   0.0004691444   0.0003364741
        0.0004552949   0.0011888520   0.0003474232  -0.0014985621   0.0000688141
       -0.0000166377   0.0000912551  -0.0035017652   0.0020621581   0.0010276111
       -0.0002078236  -0.0000106874   0.0011431722   0.0001494795  -0.0002744403
        0.0004908691   0.0003522579  -0.0004134615   0.0013248764  -0.0039199091
       -0.1440780947   0.2847699721   0.0004797213  -0.0001544819  -0.0002118979
       -0.0000905176   0.0006400555   0.0013890867  -0.0000202392   0.0000579281
       -0.0002276206  -0.0000621399   0.0000796784  -0.0000741185  -0.0002877472
        0.0001091082  -0.0004136143   0.1135002176   0.1227395078  -0.1316300909
       -0.0890572283  -0.0819600371   0.0449122164   0.0065202867   0.0105528822
       -0.0045870951   0.0005580820  -0.0000265782  -0.0003981555  -0.0014612649
        0.0019928982   0.0002310581   0.0000155103   0.0000913646  -0.0000559622
       -0.0002811726   0.0004358440   0.0000452486  -0.0000436841   0.0000601382
        0.0000420378  -0.0059168609  -0.0007576802  -0.0032716924  -0.0010073707
       -0.0011165302   0.0003061475  -0.0251472408  -0.0257094506   0.0082156202
        0.0006460787   0.0003128487  -0.0002741948   0.0001649144  -0.0000125861
        0.0000366191   0.0004642843   0.0007086756  -0.0001586093   0.0009874679
       -0.0002045573   0.0004797213   0.1160373474   0.1010712810  -0.0505007556
       -0.0020939186  -0.0056578283   0.0051555118   0.0000205907  -0.0001128415
       -0.0000860281  -0.0000409997   0.0001105775  -0.0000949514  -0.0000712321
        0.0002955277  -0.0000334768  -0.0002935895  -0.0000739480   0.0000367402
       -0.0864602322  -0.1824287072   0.0743529408  -0.0106960868  -0.0257008670
        0.0100930856  -0.0008104153   0.0008336598   0.0003961684   0.0032901891
       -0.0034942352  -0.0009892259   0.0000130174   0.0001795119  -0.0002294501
        0.0003655275   0.0003618787   0.0000378029   0.0000040034  -0.0000208910
        0.0000640581  -0.0011377185   0.0003786849  -0.0001031871   0.0000019906
       -0.0000873565   0.0000534293  -0.0064307120  -0.0025929677  -0.0004999473
        0.0003486699   0.0001438398  -0.0003351125   0.0000411141   0.0002265289
       -0.0000763258  -0.0007406682  -0.0015865449   0.0001537830  -0.0002429414
        0.0017824616  -0.0001544819   0.1010712810   0.2106686442  -0.0831944582
        0.0004827184   0.0019020131   0.0004651383  -0.0000095984  -0.0000271209
       -0.0000684300   0.0001329090   0.0000455284  -0.0000298220   0.0000911164
       -0.0002999109   0.0000129659   0.0006858358  -0.0002841500   0.0000510686
        0.0483012828   0.0763831904  -0.0839276627  -0.0016207655  -0.0030778758
        0.0021421036  -0.0001737902  -0.0007593917   0.0004546625   0.0000246255
       -0.0005761972   0.0004588315  -0.0001061275  -0.0003224651   0.0002346709
       -0.0001020382   0.0000651499  -0.0000530671  -0.0000192492   0.0000235253
        0.0000138067  -0.0025567027  -0.0003871985  -0.0013627581  -0.0005062388
       -0.0005076600   0.0001608481  -0.0087617873  -0.0114634904   0.0061362850
        0.0003567365   0.0001356157   0.0005944616   0.0000718874  -0.0000185155
        0.0000329010  -0.0000994937  -0.0000386323   0.0002038490   0.0000588417
       -0.0003382764  -0.0002118979  -0.0505007556  -0.0831944582   0.0914094692
        0.0162450651   0.0238670606  -0.0165167321  -0.0001532508   0.0000432051
       -0.0000388533  -0.0000874241  -0.0000211071   0.0000123567   0.0000018074
       -0.0001046024  -0.0000187185  -0.0003726227   0.0002921235   0.0002754438
       -0.0449458291   0.0027846813   0.0363117200  -0.0033387518   0.0056277509
        0.0155179193  -0.0014688766   0.0030908589   0.0002269621   0.0002457610
       -0.0006324867   0.0000425839   0.0002165284   0.0000278469  -0.0000598730
       -0.0002745706  -0.0000582133   0.0000074144  -0.0001375005   0.0001354620
        0.0000167328   0.0014378259   0.0001353911  -0.0014421258   0.0002660058
        0.0001940189   0.0005090969  -0.0096594066  -0.0046618230  -0.0379459034
        0.0001208767   0.0002294057   0.0007572376   0.0000682316   0.0000254068
        0.0000458572  -0.0001445989  -0.0001800901  -0.0001577509   0.0013298756
       -0.0016392780  -0.0000905176  -0.0020939186   0.0004827184   0.0162450651
        0.0595725678  -0.0060000884  -0.0299883241  -0.0010452664   0.0000722608
       -0.0002481980  -0.0000337514  -0.0000682437  -0.0000312224   0.0000666430
       -0.0000257430   0.0000056925  -0.0001818454   0.0004601646   0.0002776336
        0.0042373629  -0.0491323854  -0.0264083058   0.0071625131  -0.0077625362
       -0.0273306223   0.0030310331  -0.0044885907  -0.0012856112   0.0006757076
        0.0005642638  -0.0016400726   0.0000092779  -0.0006431810   0.0004142899
       -0.0000466984  -0.0002293174  -0.0001273832   0.0001197908   0.0000803391
        0.0001808373   0.0002609865   0.0005215344  -0.0016495248   0.0001165510
       -0.0000531472   0.0001857022  -0.0020623016   0.0024018156  -0.0017346377
        0.0004836864   0.0003100820   0.0002791444   0.0000170795   0.0001039628
        0.0000644662  -0.0002972631   0.0005069483   0.0006255798  -0.0016368355
        0.0018963915   0.0006400555  -0.0056578283   0.0019020131   0.0238670606
       -0.0060000884   0.0543873969   0.0338833917  -0.0001535618   0.0001028714
       -0.0000328092  -0.0000936850  -0.0001072940  -0.0000125319  -0.0000336102
       -0.0000103758  -0.0000355675  -0.0001321163  -0.0003507913   0.0001165386
        0.0362829630  -0.0281988057  -0.2447225893   0.0044145955  -0.0053056824
       -0.0104180729   0.0005550199  -0.0016068968   0.0002093731  -0.0003912761
        0.0004738507   0.0001193515  -0.0000955091  -0.0001792740   0.0004024806
       -0.0001930444   0.0000346879  -0.0001597181   0.0000860248   0.0002125803
        0.0001507745   0.0012423380   0.0009778864  -0.0011973052   0.0005481753
        0.0001913838   0.0001495819  -0.0179208261  -0.0026972429  -0.0240417341
        0.0007679994   0.0002655127   0.0020075141   0.0001029650   0.0000268022
        0.0001280251   0.0001058506   0.0004015208   0.0002698133  -0.0002275702
        0.0015286190   0.0013890867   0.0051555118   0.0004651383  -0.0165167321
       -0.0299883241   0.0338833917   0.2926781788  -0.0004451723  -0.0001602313
       -0.0000618475  -0.0000895346  -0.0000099157  -0.0000178018  -0.0000430759
        0.0000910939  -0.0000670621   0.0001328892  -0.0003944188  -0.0003013165
       -0.0003051264   0.0003045389   0.0006797533  -0.0004503715   0.0003154143
        0.0000900100   0.0001163277  -0.0001408136  -0.0001224154   0.0000468169
        0.0002486917   0.0001721247  -0.0000561671   0.0002059762  -0.0000813235
        0.0011816193   0.0010509378   0.0027720966  -0.0002377799   0.0005020353
        0.0001423121  -0.0063240455   0.0074327342   0.0052380236   0.0014708234
       -0.0010077564  -0.0003078917   0.0008099023   0.0004963267  -0.0013621465
       -0.0754344179   0.1555528865   0.0295942019  -0.0007099941  -0.0006895821
       -0.0003648767   0.0000200196  -0.0004111697  -0.0001924872   0.0002827215
       -0.0003595776  -0.0000202392   0.0000205907  -0.0000095984  -0.0001532508
       -0.0010452664  -0.0001535618  -0.0004451723   0.0804195667  -0.1633776985
       -0.0362009757   0.0002435956  -0.0000299340   0.0005027866   0.0001005690
       -0.0000474844   0.0000450530  -0.0001493838   0.0001176349   0.0000144171
       -0.0001115141  -0.0000292028   0.0000200495  -0.0000899986  -0.0000540681
       -0.0000910141   0.0000287389   0.0000570739   0.0000365792   0.0000784812
        0.0000482272   0.0001595173  -0.0001010456   0.0000021594  -0.0003498431
        0.0003111520  -0.0006212346  -0.0023434993   0.0001668931  -0.0003000963
        0.0001208056   0.0017606003  -0.0008623896  -0.0065842837   0.0000919065
        0.0003893751   0.0001699262   0.0000137418   0.0004240695  -0.0000208777
        0.1604876345  -0.3649111222  -0.0532380537   0.0000925572   0.0005704788
       -0.0004534861   0.0001260525  -0.0001789438  -0.0000359019   0.0000540378
       -0.0000137198   0.0000579281  -0.0001128415  -0.0000271209   0.0000432051
        0.0000722608   0.0001028714  -0.0001602313  -0.1633776985   0.3647240635
        0.0627332774   0.0005542797   0.0005396318  -0.0000513789  -0.0000414748
        0.0001089379  -0.0000001607  -0.0000037631   0.0000310096  -0.0000125579
        0.0007444590   0.0000440836   0.0003484544   0.0002052563  -0.0000249716
        0.0000418698  -0.0000449530  -0.0000239130  -0.0000008151  -0.0000724909
       -0.0000935309   0.0000414171  -0.0000247485   0.0000374028  -0.0000113665
        0.0019160078  -0.0010035848  -0.0063643383   0.0006766684  -0.0013754506
       -0.0002731612   0.0157687772  -0.0356720782  -0.0100093751   0.0003672074
       -0.0012020778   0.0000469954  -0.0008573842   0.0013218879   0.0013680492
        0.0185243322  -0.0261530999  -0.0444050571  -0.0000807422   0.0014546093
       -0.0001130348  -0.0001724098   0.0002733861   0.0000705086  -0.0003938375
        0.0000935140  -0.0002276206  -0.0000860281  -0.0000684300  -0.0000388533
       -0.0002481980  -0.0000328092  -0.0000618475  -0.0362009757   0.0627332774
        0.0589720104  -0.0001151613  -0.0002882476   0.0005445503   0.0000567935
        0.0000015929   0.0000378890   0.0000374272  -0.0000215606   0.0000337252
        0.0004054286  -0.0001404546   0.0001582603  -0.0003836771  -0.0003497433
        0.0000483145   0.0001395029   0.0001102104  -0.0001267711   0.0002469565
        0.0001782089   0.0021544147  -0.0005016141  -0.0003837961  -0.0008768843
       -0.0101452456   0.0031534993   0.0227629069  -0.0009134148  -0.0023253867
        0.0008484545   0.0025362318  -0.0006556612  -0.0005632069  -0.0003222678
        0.0002950124  -0.0002074723  -0.0006839260   0.0000979292   0.0000359704
       -0.0017698331  -0.0008610249  -0.0005392315  -0.0528133775   0.0154058765
        0.1065145501   0.0001912311  -0.0001913059  -0.0007361747   0.0000700567
        0.0001236234  -0.0000621399  -0.0000409997   0.0001329090  -0.0000874241
       -0.0000337514  -0.0000936850  -0.0000895346   0.0002435956   0.0005542797
       -0.0001151613   0.0640125238  -0.0159129025  -0.1296968794  -0.0002873723
        0.0008053849   0.0006285931   0.0000499522   0.0000570267  -0.0000505844
       -0.0005068245   0.0000448306  -0.0001089554  -0.0003910710   0.0001780799
        0.0000897943   0.0000486686  -0.0000516694  -0.0000297329  -0.0006609342
        0.0009009672   0.0001121572  -0.0001427705   0.0002751035  -0.0002161693
       -0.0079805810   0.0068951332   0.0278867055  -0.0035032211  -0.0028711810
        0.0030108772  -0.0020455811   0.0000979506   0.0046157892   0.0001267134
       -0.0003158907   0.0000264769   0.0011937391   0.0010025630  -0.0006522033
        0.0008699956   0.0009412594  -0.0012996087   0.0279929444  -0.0733625166
       -0.1298498777   0.0003529162  -0.0008847013  -0.0000106958   0.0003601209
       -0.0002462629   0.0000796784   0.0001105775   0.0000455284  -0.0000211071
       -0.0000682437  -0.0001072940  -0.0000099157  -0.0000299340   0.0005396318
       -0.0002882476  -0.0159129025   0.0667385433   0.0972651773   0.0002434072
        0.0000848788  -0.0006020744  -0.0000570193   0.0000950462   0.0000019321
        0.0002017761   0.0001291843   0.0002287618   0.0000767592   0.0001127883
        0.0000163626  -0.0001217883  -0.0000920922   0.0000192268   0.0005070014
       -0.0006409339   0.0018798293   0.0002876288  -0.0000228906  -0.0000998177
        0.0089538868   0.0059233722  -0.0160372138   0.0028357349   0.0026949159
       -0.0014809650   0.0008026475   0.0001001816   0.0006240997  -0.0002081297
        0.0001651076  -0.0005235810  -0.0004393401  -0.0006753203  -0.0003963646
       -0.0011844655   0.0006660984  -0.0007144114   0.1180788683  -0.1057847965
       -0.3510304995  -0.0005257156   0.0002140492  -0.0003162520  -0.0002977644
       -0.0000353210  -0.0000741185  -0.0000949514  -0.0000298220   0.0000123567
       -0.0000312224  -0.0000125319  -0.0000178018   0.0005027866  -0.0000513789
        0.0005445503  -0.1296968794   0.0972651773   0.3674454833   0.0003594102
        0.0001038420  -0.0000791197  -0.0000062430  -0.0000296297  -0.0000005255
        0.0006830350   0.0004919567  -0.0000765224  -0.0008644468   0.0017308658
        0.0005706851   0.0000427636   0.0001275267  -0.0004453307   0.0143513704
        0.0116889849  -0.0034065216   0.0003625104   0.0001878096   0.0002951819
        0.0010643540   0.0030552289  -0.0008542894  -0.0000545404   0.0001957474
       -0.0002157529   0.0002021239   0.0003427685   0.0000793142   0.0000021225
        0.0000214535  -0.0000564115  -0.0004305585  -0.0005320754  -0.0000987630
       -0.0001826582  -0.0002598051  -0.0000773889   0.0033448401  -0.0020771639
        0.0003884224  -0.2280543720  -0.2080952818   0.0385059506  -0.0000769418
        0.0000223730  -0.0002877472  -0.0000712321   0.0000911164   0.0000018074
        0.0000666430  -0.0000336102  -0.0000430759   0.0001005690  -0.0000414748
        0.0000567935  -0.0002873723   0.0002434072   0.0003594102   0.2097481803
        0.1928408023  -0.0348700016   0.0000536099  -0.0000006297   0.0001742398
       -0.0010887158  -0.0015667949   0.0002950243   0.0021416154  -0.0062184221
       -0.0018607303   0.0002741226   0.0002897043  -0.0004334515  -0.0156048399
       -0.0314033352   0.0020554250  -0.0003595064  -0.0002908197  -0.0001300614
       -0.0007977146  -0.0002449851   0.0004891217   0.0001790472  -0.0003428540
        0.0005155194  -0.0003496049  -0.0008247380   0.0001177220  -0.0001042057
        0.0002212287  -0.0000214363   0.0001977092   0.0005995193  -0.0000237502
       -0.0001816059   0.0002902296   0.0000661652  -0.0000958248   0.0000640697
       -0.0009742697  -0.1788131071  -0.2348863978   0.0202090524   0.0006921769
        0.0004786444   0.0001091082   0.0002955277  -0.0002999109  -0.0001046024
       -0.0000257430  -0.0000103758   0.0000910939  -0.0000474844   0.0001089379
        0.0000015929   0.0008053849   0.0000848788   0.0001038420   0.1928408023
        0.2738134367  -0.0205733839   0.0000419665   0.0001379842   0.0000680186
        0.0002163438   0.0000504027   0.0003722477   0.0008370635   0.0004196166
        0.0006530263   0.0001888823   0.0002538466  -0.0002381976  -0.0073752023
       -0.0081211102  -0.0002531424  -0.0000969501  -0.0013572484   0.0001203910
        0.0010271463   0.0001449702   0.0018812486  -0.0002346000   0.0005492136
       -0.0007442818  -0.0000214753   0.0003351414   0.0004436724  -0.0000323507
       -0.0000312487  -0.0000826190  -0.0002487182  -0.0000964937  -0.0002926556
       -0.0000301086  -0.0000892858  -0.0005218262  -0.0001461596   0.0004788466
       -0.0014850489   0.0403305619   0.0283448916  -0.0117920102  -0.0002663265
        0.0002648311  -0.0004136143  -0.0000334768   0.0000129659  -0.0000187185
        0.0000056925  -0.0000355675  -0.0000670621   0.0000450530  -0.0000001607
        0.0000378890   0.0006285931  -0.0006020744  -0.0000791197  -0.0348700016
       -0.0205733839   0.0124736892   0.0000760334   0.0000518471   0.0000061321
       -0.0008352415  -0.0002266760  -0.0001176193  -0.0248738531  -0.0172679049
        0.0109496804   0.0009762268  -0.0001353032  -0.0003017896  -0.0048919896
       -0.0005651280  -0.0030553611   0.0003802175   0.0003443889  -0.0005173909
       -0.0004123292  -0.0012021526   0.0002573323  -0.0000663073  -0.0000113296
       -0.0000162673  -0.0005420179  -0.0005254490   0.0004231833   0.0001245516
        0.0000826550   0.0000020387   0.0011720363   0.0003770539   0.0001957720
        0.0003347056   0.0001788221  -0.0003124172  -0.0004907919   0.0000814949
       -0.0002091616  -0.0000049229   0.0008617463  -0.0000940316  -0.2144719228
       -0.1545057483   0.1135002176  -0.0002935895   0.0006858358  -0.0003726227
       -0.0001818454  -0.0001321163   0.0001328892  -0.0001493838  -0.0000037631
        0.0000374272   0.0000499522  -0.0000570193  -0.0000062430   0.0000536099
        0.0000419665   0.0000760334   0.2441228949   0.1719786269  -0.1205716696
        0.0004404691   0.0018489025   0.0001917424  -0.0016316134  -0.0021934130
       -0.0034278519  -0.0004318782   0.0006238707   0.0007116013  -0.0037896112
        0.0002590672  -0.0010338888   0.0003792557   0.0002775973  -0.0005825930
       -0.0000364403  -0.0003317130   0.0002402930  -0.0000984057  -0.0000161778
       -0.0000678171   0.0002148159   0.0001888351   0.0000754207  -0.0000719484
       -0.0000354790  -0.0000178383   0.0001612230  -0.0005404011  -0.0000980333
       -0.0001694937  -0.0001417455  -0.0000143089  -0.0004101859  -0.0003800736
       -0.0000903555   0.0008509313  -0.0003744088  -0.0003504780  -0.1679459937
       -0.1397096387   0.1227395078  -0.0000739480  -0.0002841500   0.0002921235
        0.0004601646  -0.0003507913  -0.0003944188   0.0001176349   0.0000310096
       -0.0000215606   0.0000570267   0.0000950462  -0.0000296297  -0.0000006297
        0.0001379842   0.0000518471   0.1719786269   0.1408956792  -0.1181737619
       -0.0000796680  -0.0001017899   0.0005164504  -0.0163284366  -0.0140297758
        0.0080345309  -0.0020011281  -0.0013484179   0.0016980720  -0.0034028428
        0.0003001843  -0.0008130400  -0.0001526546   0.0000258061   0.0002755260
       -0.0004129931  -0.0004894379   0.0005105774   0.0000681057  -0.0000106683
        0.0000060858  -0.0001672455  -0.0000053344   0.0002596782   0.0000414750
       -0.0000430150   0.0000101300   0.0001199311  -0.0001797474  -0.0003033801
        0.0001083501  -0.0000537721  -0.0002352691  -0.0001714459  -0.0000946907
       -0.0000779534   0.0002966816   0.0000291575  -0.0001865220   0.1422010944
        0.1339502637  -0.1316300909   0.0000367402   0.0000510686   0.0002754438
        0.0002776336   0.0001165386  -0.0003013165   0.0000144171  -0.0000125579
        0.0000337252  -0.0000505844   0.0000019321  -0.0000005255   0.0001742398
        0.0000680186   0.0000061321  -0.1205716696  -0.1181737619   0.1219217456
