$hessian                                                                        
        0.4977631410  -0.0100786360  -0.0346016820  -0.1028276162  -0.0233045432
       -0.0648706993  -0.0245235133  -0.0005651007  -0.0212340477  -0.0001546288
       -0.0000522564   0.0023994798  -0.0010246942   0.0010576352   0.0004332706
        0.0000061314   0.0005033431   0.0015093112  -0.0470729304  -0.0263617073
        0.0009137243  -0.2368457407   0.0943352962   0.0269528900  -0.0881242221
       -0.0335033893   0.0882997009   0.0064676449   0.0019699534   0.0064257818
       -0.0035873778  -0.0039528308  -0.0063174483  -0.0002484651  -0.0000073971
        0.0000429705   0.0002251565  -0.0000753263   0.0000153084  -0.0000528851
        0.0000349593   0.0000314397
       -0.0100786360   0.5209608312  -0.0151052482  -0.0162922150  -0.0706865273
       -0.0212485297   0.0041850455   0.0044140594   0.0096690998   0.0010352797
       -0.0025933688  -0.0012183951   0.0007579426   0.0004690464  -0.0005329465
       -0.0000553558  -0.0001259661  -0.0004283973  -0.0262946918  -0.2839019566
       -0.0098514610   0.0943552416  -0.0898544467  -0.0110780082  -0.0334967193
       -0.0720717395   0.0672689439   0.0044555234   0.0028421998   0.0065150766
       -0.0185429123  -0.0094698562  -0.0239788594   0.0000250131   0.0000293205
       -0.0000263255  -0.0000685942  -0.0000035004   0.0000420915   0.0000150786
       -0.0000080956  -0.0000270410
       -0.0346016820  -0.0151052482   0.4777794314  -0.0538570496  -0.0262077619
       -0.1441904080  -0.0110637366   0.0049225740   0.0015417400   0.0005999268
       -0.0022713490   0.0007282386   0.0021961626   0.0012330713  -0.0020442736
       -0.0001490643   0.0000091386   0.0000713838   0.0005604366  -0.0104821819
       -0.0441867773   0.0271288370  -0.0111566907  -0.0451898968   0.0885117123
        0.0681430459  -0.2141373446  -0.0154503625  -0.0051894923  -0.0264858369
       -0.0039362357  -0.0038053726  -0.0038831181  -0.0000020599  -0.0000884229
       -0.0000111304   0.0000337472  -0.0000208740  -0.0000120470   0.0000293680
        0.0000195638   0.0000200390
       -0.1028276162  -0.0162922150  -0.0538570496   0.4506134477   0.0231932611
       -0.0449590245  -0.1452837232   0.0483710618   0.0085982536  -0.0084299901
        0.0181680890   0.0011380942  -0.0434608070   0.0019270576   0.0165648472
       -0.0009055857  -0.0021262780   0.0027845283  -0.0040985756  -0.0041691347
       -0.0054467637  -0.0209695804  -0.0058101493  -0.0243077637   0.0062761289
        0.0027628110   0.0061344772  -0.0840431431  -0.0330247876   0.0892606204
       -0.0457003003  -0.0336064612   0.0037686891  -0.0005066458   0.0000444016
        0.0000232680   0.0003353197   0.0000240713   0.0000972263  -0.0009989288
        0.0005382724   0.0002005974
       -0.0233045432  -0.0706865273  -0.0262077619   0.0231932611   0.5363767592
       -0.0306314596   0.0449792815  -0.0859654207  -0.0091545842   0.0423178847
       -0.0340618953   0.0076403457  -0.0115339402   0.0078199403   0.0030790297
       -0.0023344863  -0.0007062236   0.0031312208  -0.0182034219  -0.0095436515
       -0.0242740045   0.0069317256   0.0031265390   0.0087982257   0.0052518691
        0.0024993921   0.0070907536  -0.0324629298  -0.0729373343   0.0653951012
       -0.0340436376  -0.2759353520  -0.0051529675  -0.0002877347  -0.0001405726
        0.0001447673   0.0002447926  -0.0001999057  -0.0000717891  -0.0007481209
        0.0003542524   0.0002131230
       -0.0648706993  -0.0212485297  -0.1441904080  -0.0449590245  -0.0306314596
        0.4800455134   0.0199897327  -0.0138246301  -0.0689268429  -0.0081265549
        0.0155292055   0.0115281169   0.0210390074  -0.0041115765   0.0007564027
        0.0049204361   0.0034925384   0.0029557369  -0.0034720780  -0.0039554723
       -0.0037148419  -0.0034329739   0.0001156136  -0.0015420841  -0.0152318530
       -0.0053480619  -0.0262501257   0.0895192225   0.0665039773  -0.2077959613
        0.0037538815  -0.0064345087  -0.0427512479  -0.0008558484   0.0002813580
        0.0003157377   0.0007502066  -0.0000061514  -0.0003794260   0.0009765452
       -0.0003623026  -0.0000505698
       -0.0245235133   0.0041850455  -0.0110637366  -0.1452837232   0.0449792815
        0.0199897327   0.4862885907  -0.1472564361  -0.0376876643  -0.1161292311
        0.1537235067  -0.0468434047  -0.1405482561  -0.0447164182   0.0496934416
       -0.0416953076  -0.0145348021   0.0208758466  -0.0003138983  -0.0002041562
       -0.0001384524  -0.0010422762  -0.0002973662  -0.0015338087   0.0009529088
       -0.0001053592   0.0012239393  -0.0157217356   0.0039589182   0.0053037998
        0.0041039400  -0.0000574545  -0.0026391029   0.0006339311  -0.0010148118
       -0.0000611763  -0.0000799226  -0.0009129875   0.0010245741  -0.0066415065
        0.0022530400   0.0018560116
       -0.0005651007   0.0044140594   0.0049225740   0.0483710618  -0.0859654207
       -0.0138246301  -0.1472564361   0.8382973202  -0.2175957137   0.1407449328
       -0.6143081361   0.1779948509  -0.0604484438  -0.1412835099   0.0577025387
       -0.0041433979   0.0139458730  -0.0043794911  -0.0025554509  -0.0007207856
       -0.0011023391  -0.0017342340  -0.0002528989  -0.0022699936   0.0002554727
        0.0002524276   0.0010938446  -0.0066643079   0.0047962353   0.0027961641
        0.0247991210  -0.0195514096  -0.0029547474   0.0031468217   0.0005570139
       -0.0037259910   0.0037725513   0.0021881915   0.0009015391   0.0022774100
       -0.0023689601   0.0004413946
       -0.0212340477   0.0096690998   0.0015417400   0.0085982536  -0.0091545842
       -0.0689268429  -0.0376876643  -0.2175957137   0.3013030195  -0.0414231896
        0.1754609410  -0.1239776254   0.0550098424   0.0517414943  -0.0972836442
        0.0173347481  -0.0006154216  -0.0051968494  -0.0000349758   0.0004381684
        0.0009661451  -0.0040874446  -0.0010543970  -0.0043496778  -0.0012829982
        0.0008940988  -0.0011359562   0.0242377561  -0.0104763200  -0.0056967850
        0.0016466382   0.0001670295   0.0008088068   0.0004510527   0.0007129478
        0.0013565691  -0.0026832072  -0.0005360665   0.0007462504   0.0011552363
        0.0003487234  -0.0001551501
       -0.0001546288   0.0010352797   0.0005999268  -0.0084299901   0.0423178847
       -0.0081265549  -0.1161292311   0.1407449328  -0.0414231896   0.1168252815
       -0.1515348371   0.0316383428   0.0085481127  -0.0321648961   0.0195346268
        0.0009527649  -0.0042669335  -0.0002680784   0.0004762769  -0.0000929991
        0.0005307923  -0.0002092309  -0.0002329183  -0.0003086903  -0.0000564802
        0.0001389924  -0.0001060037   0.0019562706  -0.0003866048  -0.0014390349
       -0.0070835208   0.0047994865   0.0005849331   0.0006709028   0.0000607912
       -0.0014354978   0.0012969637   0.0006452953   0.0001014892   0.0013365088
       -0.0010634737   0.0001169387
       -0.0000522564  -0.0025933688  -0.0022713490   0.0181680890  -0.0340618953
        0.0155292055   0.1537235067  -0.6143081361   0.1754609410  -0.1515348371
        0.7294504357  -0.2394380503  -0.0255693015  -0.0798749436   0.0531027548
        0.0018729892   0.0010277865  -0.0024938881   0.0007109957   0.0009644377
        0.0003107606   0.0008273368   0.0006736126   0.0013851534  -0.0000851666
       -0.0002557162  -0.0001160791  -0.0024020135   0.0005974181  -0.0004512490
        0.0056462172  -0.0025654369  -0.0006216494  -0.0007187552   0.0001549454
        0.0013983220  -0.0014704468  -0.0004657867  -0.0010279664   0.0008836424
        0.0012566475  -0.0007669058
        0.0023994798  -0.0012183951   0.0007282386   0.0011380942   0.0076403457
        0.0115281169  -0.0468434047   0.1779948509  -0.1239776254   0.0316383428
       -0.2394380503   0.1150566145   0.0168484941   0.0558073311  -0.0031443502
       -0.0027462051  -0.0004712167  -0.0025903903   0.0002335389  -0.0002562747
       -0.0002779506   0.0003059769   0.0002058558   0.0004947849   0.0001516780
       -0.0001189047   0.0002132913  -0.0013252280   0.0003915300   0.0009686847
       -0.0009805132   0.0001813761   0.0009663560  -0.0003098570  -0.0007067005
        0.0000483595   0.0003253553   0.0000646856  -0.0003595007  -0.0008357521
       -0.0000764332   0.0003453709
       -0.0010246942   0.0007579426   0.0021961626  -0.0434608070  -0.0115339402
        0.0210390074  -0.1405482561  -0.0604484438   0.0550098424   0.0085481127
       -0.0255693015   0.0168484941   0.4182105181  -0.0124891561  -0.1211375047
       -0.1647656376   0.0703387549   0.0115847524   0.0001936539  -0.0001341898
        0.0002185524  -0.0006918309  -0.0000793085  -0.0007970171   0.0003136408
        0.0002212354  -0.0005251927  -0.0061406836   0.0027907206   0.0013845291
        0.0001391818  -0.0002573930   0.0005921361  -0.0112151367   0.0142557666
        0.0090246288  -0.0323190137   0.0159326549  -0.0026895537  -0.0272390474
        0.0062146580   0.0072511628
        0.0010576352   0.0004690464   0.0012330713   0.0019270576   0.0078199403
       -0.0041115765  -0.0447164182  -0.1412835099   0.0517414943  -0.0321648961
       -0.0798749436   0.0558073311  -0.0124891561   0.3314720970  -0.1015662704
        0.0563700403  -0.1066854734   0.0002775681   0.0002954937   0.0001473124
        0.0002434382  -0.0002291248  -0.0001375382  -0.0000635781  -0.0000542109
       -0.0000386943  -0.0004682443   0.0026189938  -0.0000733705  -0.0007319999
       -0.0001450417   0.0015360021   0.0005035035   0.0302321959  -0.0152251398
       -0.0072901964   0.0163371642  -0.0079135065   0.0008692053  -0.0190397326
        0.0097877780   0.0035562538
        0.0004332706  -0.0005329465  -0.0020442736   0.0165648472   0.0030790297
        0.0007564027   0.0496934416   0.0577025387  -0.0972836442   0.0195346268
        0.0531027548  -0.0031443502  -0.1211375047  -0.1015662704   0.1600519775
        0.0172571541  -0.0053949140  -0.0604866946  -0.0001163312   0.0000712166
       -0.0001286813   0.0003576724   0.0001812034   0.0008627198   0.0002334572
       -0.0002913127   0.0010450261   0.0012192972  -0.0005630607   0.0000781617
       -0.0011950072  -0.0000175464  -0.0005169613   0.0236463749  -0.0109805316
       -0.0044003432  -0.0226324884   0.0102126698   0.0082412835   0.0161411895
       -0.0050028306  -0.0030306228
        0.0000061314  -0.0000553558  -0.0001490643  -0.0009055857  -0.0023344863
        0.0049204361  -0.0416953076  -0.0041433979   0.0173347481   0.0009527649
        0.0018729892  -0.0027462051  -0.1647656376   0.0563700403   0.0172571541
        0.4291377993   0.0454884976   0.0066951437  -0.0001121698   0.0001819021
        0.0000337405   0.0001507506  -0.0001212201  -0.0001574114  -0.0001737347
        0.0000283186  -0.0000693674  -0.0017624943   0.0006759937  -0.0001599782
       -0.0000218023  -0.0004294790   0.0000196523  -0.0424755470  -0.0220156357
       -0.0160741361  -0.0732465282   0.0240581001  -0.0801469608  -0.1050886389
       -0.0995762669   0.0532422486
        0.0005033431  -0.0001259661   0.0000091386  -0.0021262780  -0.0007062236
        0.0034925384  -0.0145348021   0.0139458730  -0.0006154216  -0.0042669335
        0.0010277865  -0.0004712167   0.0703387549  -0.1066854734  -0.0053949140
        0.0454884976   0.5132558932  -0.0220358780  -0.0000442020  -0.0001689560
        0.0000052282   0.0000926022   0.0000753055   0.0000453816   0.0000624128
        0.0000967512  -0.0001976504  -0.0008911138   0.0004245892   0.0003676328
        0.0002603502   0.0002078035  -0.0000668648  -0.0244742098  -0.1814884998
       -0.1093561669   0.0235101385  -0.0622618409   0.0590762091  -0.0939185602
       -0.1775970424   0.0751419836
        0.0015093112  -0.0004283973   0.0000713838   0.0027845283   0.0031312208
        0.0029557369   0.0208758466  -0.0043794911  -0.0051968494  -0.0002680784
       -0.0024938881  -0.0025903903   0.0115847524   0.0002775681  -0.0604866946
        0.0066951437  -0.0220358780   0.5025586996  -0.0000922006  -0.0001590408
       -0.0000613596   0.0002620357   0.0000615453   0.0002827881  -0.0000472005
        0.0000630166  -0.0002680143   0.0003817600   0.0000011631   0.0000904839
       -0.0000651470   0.0002651470   0.0000196052  -0.0186024296  -0.1099190849
       -0.1312645939  -0.0763920909   0.0584620169  -0.2200069676   0.0513737691
        0.0771541025  -0.0861038278
       -0.0470729304  -0.0262946918   0.0005604366  -0.0040985756  -0.0182034219
       -0.0034720780  -0.0003138983  -0.0025554509  -0.0000349758   0.0004762769
        0.0007109957   0.0002335389   0.0001936539   0.0002954937  -0.0001163312
       -0.0001121698  -0.0000442020  -0.0000922006   0.0527495685   0.0324986722
        0.0028598161   0.0011734497   0.0303376827   0.0014227392  -0.0015804126
       -0.0157676368   0.0014630690   0.0004554343   0.0003114969   0.0005383104
       -0.0018744259  -0.0013373440  -0.0034023406  -0.0000427408   0.0000149370
        0.0000444930   0.0000004153  -0.0000028349   0.0000042898   0.0000463548
        0.0000363042  -0.0000087668
       -0.0263617073  -0.2839019566  -0.0104821819  -0.0041691347  -0.0095436515
       -0.0039554723  -0.0002041562  -0.0007207856   0.0004381684  -0.0000929991
        0.0009644377  -0.0002562747  -0.0001341898   0.0001473124   0.0000712166
        0.0001819021  -0.0001689560  -0.0001590408   0.0324986722   0.3258973987
        0.0141324476   0.0013995183  -0.0189069402  -0.0005098494  -0.0023524406
       -0.0147275087   0.0024176276   0.0003133906   0.0004476039   0.0002050992
       -0.0010875121   0.0004512629  -0.0019175767  -0.0000221097   0.0000458140
        0.0000328801  -0.0000068912   0.0000066690  -0.0000107964   0.0000376575
        0.0000093000  -0.0000062473
        0.0009137243  -0.0098514610  -0.0441867773  -0.0054467637  -0.0242740045
       -0.0037148419  -0.0001384524  -0.0011023391   0.0009661451   0.0005307923
        0.0003107606  -0.0002779506   0.0002185524   0.0002434382  -0.0001286813
        0.0000337405   0.0000052282  -0.0000613596   0.0028598161   0.0141324476
        0.0505099806   0.0004898209  -0.0049920105   0.0006318062   0.0039194693
        0.0281281879  -0.0005271228   0.0001288351  -0.0007287480   0.0005056071
       -0.0035489637  -0.0018528909  -0.0037091302   0.0000347685   0.0000086455
        0.0000178460  -0.0000042015  -0.0000233211  -0.0000040230   0.0000088621
       -0.0000039328  -0.0000214985
       -0.2368457407   0.0943552416   0.0271288370  -0.0209695804   0.0069317256
       -0.0034329739  -0.0010422762  -0.0017342340  -0.0040874446  -0.0002092309
        0.0008273368   0.0003059769  -0.0006918309  -0.0002291248   0.0003576724
        0.0001507506   0.0000926022   0.0002620357   0.0011734497   0.0013995183
        0.0004898209   0.2738481671  -0.1088478453  -0.0275469554  -0.0164696533
        0.0070509365   0.0056748985   0.0007533286   0.0001423215   0.0003959596
        0.0002481795   0.0000269250   0.0004637627  -0.0000002788  -0.0000138513
       -0.0000027360   0.0000568762   0.0000038253  -0.0000263528  -0.0000021604
       -0.0000053773   0.0000174991
        0.0943352962  -0.0898544467  -0.0111566907  -0.0058101493   0.0031265390
        0.0001156136  -0.0002973662  -0.0002528989  -0.0010543970  -0.0002329183
        0.0006736126   0.0002058558  -0.0000793085  -0.0001375382   0.0001812034
       -0.0001212201   0.0000753055   0.0000615453   0.0303376827  -0.0189069402
       -0.0049920105  -0.1088478453   0.1000879123   0.0145531672  -0.0089805358
        0.0046809840   0.0018303993   0.0002440053   0.0000047217   0.0002143672
       -0.0005279954   0.0004872988   0.0000271884  -0.0000393833   0.0000067619
        0.0000233076   0.0000057961  -0.0000049193  -0.0000048459   0.0000139420
        0.0000136075  -0.0000047036
        0.0269528900  -0.0110780082  -0.0451898968  -0.0243077637   0.0087982257
       -0.0015420841  -0.0015338087  -0.0022699936  -0.0043496778  -0.0003086903
        0.0013851534   0.0004947849  -0.0007970171  -0.0000635781   0.0008627198
       -0.0001574114   0.0000453816   0.0002827881   0.0014227392  -0.0005098494
        0.0006318062  -0.0275469554   0.0145531672   0.0530613531   0.0263777430
       -0.0114725469  -0.0054681142  -0.0004013977   0.0003076397   0.0006792123
        0.0002998401   0.0002783047   0.0005056817  -0.0000664060   0.0000397668
        0.0000070210   0.0000860708  -0.0000115884   0.0000140309  -0.0000198328
       -0.0000020743   0.0000103749
       -0.0881242221  -0.0334967193   0.0885117123   0.0062761289   0.0052518691
       -0.0152318530   0.0009529088   0.0002554727  -0.0012829982  -0.0000564802
       -0.0000851666   0.0001516780   0.0003136408  -0.0000542109   0.0002334572
       -0.0001737347   0.0000624128  -0.0000472005  -0.0015804126  -0.0023524406
        0.0039194693  -0.0164696533  -0.0089805358   0.0263777430   0.0996592681
        0.0396196728  -0.0992197751  -0.0013854621  -0.0005705666  -0.0035912023
        0.0005188321   0.0003613723   0.0001445725  -0.0000088490   0.0000512927
       -0.0000003702   0.0000683034  -0.0000258267   0.0000427757   0.0000097319
       -0.0000366259  -0.0000080087
       -0.0335033893  -0.0720717395   0.0681430459   0.0027628110   0.0024993921
       -0.0053480619  -0.0001053592   0.0002524276   0.0008940988   0.0001389924
       -0.0002557162  -0.0001189047   0.0002212354  -0.0000386943  -0.0002913127
        0.0000283186   0.0000967512   0.0000630166  -0.0157676368  -0.0147275087
        0.0281281879   0.0070509365   0.0046809840  -0.0114725469   0.0396196728
        0.0785197513  -0.0777002472  -0.0008117945   0.0006488309  -0.0014957164
        0.0003258449   0.0004856295  -0.0007690229   0.0000777385  -0.0000526568
       -0.0000101602  -0.0000068293  -0.0000259723  -0.0000175208  -0.0000305409
       -0.0000114788  -0.0000048554
        0.0882997009   0.0672689439  -0.2141373446   0.0061344772   0.0070907536
       -0.0262501257   0.0012239393   0.0010938446  -0.0011359562  -0.0001060037
       -0.0001160791   0.0002132913  -0.0005251927  -0.0004682443   0.0010450261
       -0.0000693674  -0.0001976504  -0.0002680143   0.0014630690   0.0024176276
       -0.0005271228   0.0056748985   0.0018303993  -0.0054681142  -0.0992197751
       -0.0777002472   0.2502297555  -0.0036121016  -0.0013949014  -0.0043353224
        0.0005700283   0.0002283442   0.0006152155   0.0000629614  -0.0000045202
       -0.0000040309   0.0000830560  -0.0000361164   0.0000249224   0.0000203099
       -0.0000121541  -0.0000021798
        0.0064676449   0.0044555234  -0.0154503625  -0.0840431431  -0.0324629298
        0.0895192225  -0.0157217356  -0.0066643079   0.0242377561   0.0019562706
       -0.0024020135  -0.0013252280  -0.0061406836   0.0026189938   0.0012192972
       -0.0017624943  -0.0008911138   0.0003817600   0.0004554343   0.0003133906
        0.0001288351   0.0007533286   0.0002440053  -0.0004013977  -0.0013854621
       -0.0008117945  -0.0036121016   0.1013105004   0.0385757696  -0.0992596843
       -0.0016290752  -0.0029873550   0.0045744396   0.0001449589  -0.0001146571
       -0.0000995813  -0.0000470593  -0.0000265115   0.0000680978  -0.0003584846
        0.0001530005   0.0000189471
        0.0019699534   0.0028421998  -0.0051894923  -0.0330247876  -0.0729373343
        0.0665039773   0.0039589182   0.0047962353  -0.0104763200  -0.0003866048
        0.0005974181   0.0003915300   0.0027907206  -0.0000733705  -0.0005630607
        0.0006759937   0.0004245892   0.0000011631   0.0003114969   0.0004476039
       -0.0007287480   0.0001423215   0.0000047217   0.0003076397  -0.0005705666
        0.0006488309  -0.0013949014   0.0385757696   0.0765223869  -0.0749593338
       -0.0144635318  -0.0133380632   0.0261349347  -0.0000891049   0.0000571429
        0.0000371041  -0.0000536791   0.0000414979  -0.0000326321   0.0001631009
       -0.0000338587  -0.0000318605
        0.0064257818   0.0065150766  -0.0264858369   0.0892606204   0.0653951012
       -0.2077959613   0.0053037998   0.0027961641  -0.0056967850  -0.0014390349
       -0.0004512490   0.0009686847   0.0013845291  -0.0007319999   0.0000781617
       -0.0001599782   0.0003676328   0.0000904839   0.0005383104   0.0002050992
        0.0005056071   0.0003959596   0.0002143672   0.0006792123  -0.0035912023
       -0.0014957164  -0.0043353224  -0.0992596843  -0.0749593338   0.2426747878
        0.0011796057   0.0021408247  -0.0007269047  -0.0000747931   0.0000464013
        0.0000035070   0.0000342198   0.0000070969   0.0000253643   0.0000018663
       -0.0000494649   0.0000150013
       -0.0035873778  -0.0185429123  -0.0039362357  -0.0457003003  -0.0340436376
        0.0037538815   0.0041039400   0.0247991210   0.0016466382  -0.0070835208
        0.0056462172  -0.0009805132   0.0001391818  -0.0001450417  -0.0011950072
       -0.0000218023   0.0002603502  -0.0000651470  -0.0018744259  -0.0010875121
       -0.0035489637   0.0002481795  -0.0005279954   0.0002998401   0.0005188321
        0.0003258449   0.0005700283  -0.0016290752  -0.0144635318   0.0011796057
        0.0546120934   0.0379325238   0.0023388741   0.0000837808  -0.0000726701
       -0.0000964173   0.0001003165  -0.0000106919   0.0000292018   0.0000901784
       -0.0000700643   0.0000042144
       -0.0039528308  -0.0094698562  -0.0038053726  -0.0336064612  -0.2759353520
       -0.0064345087  -0.0000574545  -0.0195514096   0.0001670295   0.0047994865
       -0.0025654369   0.0001813761  -0.0002573930   0.0015360021  -0.0000175464
       -0.0004294790   0.0002078035   0.0002651470  -0.0013373440   0.0004512629
       -0.0018528909   0.0000269250   0.0004872988   0.0002783047   0.0003613723
        0.0004856295   0.0002283442  -0.0029873550  -0.0133380632   0.0021408247
        0.0379325238   0.3174744823   0.0087162694  -0.0002168109   0.0001013738
        0.0001375847  -0.0001423315   0.0000156249  -0.0000171177  -0.0001328477
        0.0001006402   0.0000125560
       -0.0063174483  -0.0239788594  -0.0038831181   0.0037686891  -0.0051529675
       -0.0427512479  -0.0026391029  -0.0029547474   0.0008088068   0.0005849331
       -0.0006216494   0.0009663560   0.0005921361   0.0005035035  -0.0005169613
        0.0000196523  -0.0000668648   0.0000196052  -0.0034023406  -0.0019175767
       -0.0037091302   0.0004637627   0.0000271884   0.0005056817   0.0001445725
       -0.0007690229   0.0006152155   0.0045744396   0.0261349347  -0.0007269047
        0.0023388741   0.0087162694   0.0486774444  -0.0000337866   0.0000076281
       -0.0000012249  -0.0000906708   0.0000608506  -0.0000202367  -0.0000037103
        0.0000113134   0.0000157141
       -0.0002484651   0.0000250131  -0.0000020599  -0.0005066458  -0.0002877347
       -0.0008558484   0.0006339311   0.0031468217   0.0004510527   0.0006709028
       -0.0007187552  -0.0003098570  -0.0112151367   0.0302321959   0.0236463749
       -0.0424755470  -0.0244742098  -0.0186024296  -0.0000427408  -0.0000221097
        0.0000347685  -0.0000002788  -0.0000393833  -0.0000664060  -0.0000088490
        0.0000777385   0.0000629614   0.0001449589  -0.0000891049  -0.0000747931
        0.0000837808  -0.0002168109  -0.0000337866   0.0551692461   0.0151593936
        0.0143102470  -0.0005636104  -0.0093661231  -0.0086185060  -0.0016415459
       -0.0134269312  -0.0099417181
       -0.0000073971   0.0000293205  -0.0000884229   0.0000444016  -0.0001405726
        0.0002813580  -0.0010148118   0.0005570139   0.0007129478   0.0000607912
        0.0001549454  -0.0007067005   0.0142557666  -0.0152251398  -0.0109805316
       -0.0220156357  -0.1814884998  -0.1099190849   0.0000149370   0.0000458140
        0.0000086455  -0.0000138513   0.0000067619   0.0000397668   0.0000512927
       -0.0000526568  -0.0000045202  -0.0001146571   0.0000571429   0.0000464013
       -0.0000726701   0.0001013738   0.0000076281   0.0151593936   0.2117512968
        0.1317448868  -0.0001432232   0.0055255626   0.0033680858  -0.0062043364
       -0.0213223628  -0.0145104599
        0.0000429705  -0.0000263255  -0.0000111304   0.0000232680   0.0001447673
        0.0003157377  -0.0000611763  -0.0037259910   0.0013565691  -0.0014354978
        0.0013983220   0.0000483595   0.0090246288  -0.0072901964  -0.0044003432
       -0.0160741361  -0.1093561669  -0.1312645939   0.0000444930   0.0000328801
        0.0000178460  -0.0000027360   0.0000233076   0.0000070210  -0.0000003702
       -0.0000101602  -0.0000040309  -0.0000995813   0.0000371041   0.0000035070
       -0.0000964173   0.0001375847  -0.0000012249   0.0143102470   0.1317448868
        0.1490804448  -0.0070184458  -0.0224070660  -0.0227145862   0.0013427534
        0.0092970533   0.0075664244
        0.0002251565  -0.0000685942   0.0000337472   0.0003353197   0.0002447926
        0.0007502066  -0.0000799226   0.0037725513  -0.0026832072   0.0012969637
       -0.0014704468   0.0003253553  -0.0323190137   0.0163371642  -0.0226324884
       -0.0732465282   0.0235101385  -0.0763920909   0.0000004153  -0.0000068912
       -0.0000042015   0.0000568762   0.0000057961   0.0000860708   0.0000683034
       -0.0000068293   0.0000830560  -0.0000470593  -0.0000536791   0.0000342198
        0.0001003165  -0.0001423315  -0.0000906708  -0.0005636104  -0.0001432232
       -0.0070184458   0.0974150056  -0.0372271724   0.0942427114   0.0067577773
       -0.0047512751   0.0132657375
       -0.0000753263  -0.0000035004  -0.0000208740   0.0000240713  -0.0001999057
       -0.0000061514  -0.0009129875   0.0021881915  -0.0005360665   0.0006452953
       -0.0004657867   0.0000646856   0.0159326549  -0.0079135065   0.0102126698
        0.0240581001  -0.0622618409   0.0584620169  -0.0000028349   0.0000066690
       -0.0000233211   0.0000038253  -0.0000049193  -0.0000115884  -0.0000258267
       -0.0000259723  -0.0000361164  -0.0000265115   0.0000414979   0.0000070969
       -0.0000106919   0.0000156249   0.0000608506  -0.0093661231   0.0055255626
       -0.0224070660  -0.0372271724   0.0710436071  -0.0684817643   0.0069835272
       -0.0079457210   0.0227156282
        0.0000153084   0.0000420915  -0.0000120470   0.0000972263  -0.0000717891
       -0.0003794260   0.0010245741   0.0009015391   0.0007462504   0.0001014892
       -0.0010279664  -0.0003595007  -0.0026895537   0.0008692053   0.0082412835
       -0.0801469608   0.0590762091  -0.2200069676   0.0000042898  -0.0000107964
       -0.0000040230  -0.0000263528  -0.0000048459   0.0000140309   0.0000427757
       -0.0000175208   0.0000249224   0.0000680978  -0.0000326321   0.0000253643
        0.0000292018  -0.0000171177  -0.0000202367  -0.0086185060   0.0033680858
       -0.0227145862   0.0942427114  -0.0684817643   0.2482703467  -0.0041443013
        0.0054073019  -0.0138254110
       -0.0000528851   0.0000150786   0.0000293680  -0.0009989288  -0.0007481209
        0.0009765452  -0.0066415065   0.0022774100   0.0011552363   0.0013365088
        0.0008836424  -0.0008357521  -0.0272390474  -0.0190397326   0.0161411895
       -0.1050886389  -0.0939185602   0.0513737691   0.0000463548   0.0000376575
        0.0000088621  -0.0000021604   0.0000139420  -0.0000198328   0.0000097319
       -0.0000305409   0.0000203099  -0.0003584846   0.0001631009   0.0000018663
        0.0000901784  -0.0001328477  -0.0000037103  -0.0016415459  -0.0062043364
        0.0013427534   0.0067577773   0.0069835272  -0.0041443013   0.1337826464
        0.1096997800  -0.0660463032
        0.0000349593  -0.0000080956   0.0000195638   0.0005382724   0.0003542524
       -0.0003623026   0.0022530400  -0.0023689601   0.0003487234  -0.0010634737
        0.0012566475  -0.0000764332   0.0062146580   0.0097877780  -0.0050028306
       -0.0995762669  -0.1775970424   0.0771541025   0.0000363042   0.0000093000
       -0.0000039328  -0.0000053773   0.0000136075  -0.0000020743  -0.0000366259
       -0.0000114788  -0.0000121541   0.0001530005  -0.0000338587  -0.0000494649
       -0.0000700643   0.0001006402   0.0000113134  -0.0134269312  -0.0213223628
        0.0092970533  -0.0047512751  -0.0079457210   0.0054073019   0.1096997800
        0.1977652939  -0.0867288656
        0.0000314397  -0.0000270410   0.0000200390   0.0002005974   0.0002131230
       -0.0000505698   0.0018560116   0.0004413946  -0.0001551501   0.0001169387
       -0.0007669058   0.0003453709   0.0072511628   0.0035562538  -0.0030306228
        0.0532422486   0.0751419836  -0.0861038278  -0.0000087668  -0.0000062473
       -0.0000214985   0.0000174991  -0.0000047036   0.0000103749  -0.0000080087
       -0.0000048554  -0.0000021798   0.0000189471  -0.0000318605   0.0000150013
        0.0000042144   0.0000125560   0.0000157141  -0.0099417181  -0.0145104599
        0.0075664244   0.0132657375   0.0227156282  -0.0138254110  -0.0660463032
       -0.0867288656   0.0952163351
