           1           2  0.99481542307497273     
           2           3  0.96961658180217247     
           3           4   1.7621520316417478     
           3           5   1.1274458120656823     
           4           5  0.17288677972590152     
           5           6  0.95840082031117524     
           1           7  0.98733891105874294     
           1           8  0.98407092455296019     
           1           9  0.98800262714234000     
           2          10  0.96978355286918783     
           2          11  0.97261940126965596     
           6          12  0.97740209634537756     
           6          13  0.97723709905235179     
           6          14  0.98205662408358441     
