$hessian                                                                        
        0.4869910035  -0.0290840782   0.0168541528  -0.1558292383  -0.0571480434
        0.0358318062  -0.0283646309  -0.0057443837   0.0050801680   0.0006080765
       -0.0043545859   0.0015945263  -0.0061097839   0.0021511003  -0.0007369130
       -0.0016417365  -0.0005884452   0.0001763460  -0.2021669488   0.1051740273
       -0.0519623072  -0.0429223322  -0.0055097962  -0.0035974291  -0.0432694338
        0.0017709000  -0.0071587158  -0.0044455691  -0.0047948168   0.0004690688
       -0.0025198873  -0.0019212789   0.0034787967  -0.0003594029   0.0001867392
       -0.0000837350   0.0000282608  -0.0001030680  -0.0000420255   0.0000016230
       -0.0000342705   0.0000962608
       -0.0290840782   0.5134766347   0.0078070829  -0.0563144864  -0.1011396609
        0.0205947613   0.0070389268   0.0067148153  -0.0039480155   0.0012554153
        0.0009553272  -0.0006702794   0.0040964875  -0.0005290440   0.0007614846
        0.0009606478   0.0004824304   0.0000534380   0.1044118416  -0.1101061694
        0.0323189684  -0.0048759705  -0.2434210519  -0.0949803185   0.0016389616
       -0.0479136350   0.0274833389  -0.0238054790  -0.0161019469   0.0069773829
       -0.0054174525  -0.0024419764   0.0036130560   0.0002409277  -0.0000689026
        0.0000269048  -0.0001096226   0.0000683698  -0.0000158530  -0.0000361192
        0.0000248097  -0.0000219515
        0.0168541528   0.0078070829   0.5204278727   0.0353112555   0.0207364068
       -0.0796791538  -0.0025579514  -0.0025141898   0.0020771666  -0.0008176713
       -0.0006464617  -0.0001886308  -0.0017437915   0.0007816691   0.0005429102
       -0.0005022439  -0.0000668578   0.0003440839  -0.0515338494   0.0322469546
       -0.0603931057  -0.0030078788  -0.0947593152  -0.0900518011  -0.0079609075
        0.0270374754  -0.2851016901  -0.0091490417  -0.0056584898   0.0039884789
        0.0251578718   0.0150420462  -0.0119651610  -0.0001178448   0.0000279323
       -0.0000175405  -0.0000197802   0.0000078998  -0.0000093055   0.0000876802
       -0.0000421530   0.0000258762
       -0.1558292383  -0.0563144864   0.0353112555   0.4608005706   0.0221456794
       -0.0077272957  -0.1340010795   0.0538814730  -0.0234077614  -0.0029855812
        0.0096989459  -0.0037359576  -0.0503776863   0.0070062101  -0.0030661325
       -0.0030233490  -0.0028819293   0.0012437719  -0.0265109887  -0.0124422096
        0.0078850600  -0.0039213544  -0.0059435530  -0.0000272364  -0.0024001569
       -0.0021113898   0.0045222482  -0.0408693325  -0.0133484267  -0.0047242980
       -0.0393550254  -0.0003945179  -0.0060052805  -0.0012419414   0.0007296412
       -0.0002870043  -0.0001533009  -0.0000704154  -0.0001377429  -0.0001315360
        0.0000449785   0.0001563737
       -0.0571480434  -0.1011396609   0.0207364068   0.0221456794   0.5013952407
        0.0056948521   0.0409885063  -0.0884054771   0.0063972282   0.0328862332
       -0.0374618598   0.0244027807  -0.0055839364   0.0108847597  -0.0025598809
       -0.0035411352  -0.0007015643   0.0022687186   0.0114291833   0.0069512057
       -0.0041628464  -0.0249749011  -0.0179527897   0.0078873772  -0.0045708046
       -0.0029739197   0.0036717319  -0.0109620618  -0.2285332567  -0.0928368051
        0.0001689349  -0.0421260138   0.0284905300  -0.0008468151   0.0004132306
       -0.0001017853  -0.0003053029  -0.0001429331   0.0000553023   0.0003144635
       -0.0002069616   0.0000563900
        0.0358318062   0.0205947613  -0.0796791538  -0.0077272957   0.0056948521
        0.4962276634  -0.0165864545   0.0057531491  -0.0747095980  -0.0133242027
        0.0241930516   0.0082293061   0.0021155957  -0.0031494746   0.0066815036
        0.0016761063   0.0025321806   0.0040776771  -0.0049326393  -0.0030669653
        0.0022121287  -0.0100403796  -0.0055665552   0.0040035892   0.0264484599
        0.0162773744  -0.0124337053  -0.0038681470  -0.0955910353  -0.0850264184
       -0.0099873784   0.0323167137  -0.2696924562   0.0004045452  -0.0001232589
        0.0002141763  -0.0008172298   0.0001776770  -0.0000914800   0.0008072136
       -0.0000424707  -0.0000132326
       -0.0283646309   0.0070389268  -0.0025579514  -0.1340010795   0.0409885063
       -0.0165864545   0.4750385666  -0.0429730832   0.0172504479  -0.0810821833
        0.0526043850  -0.0222259871  -0.1726498463  -0.0544168578   0.0238672315
       -0.0502273744  -0.0097159967   0.0043516105  -0.0034964564  -0.0022178271
        0.0015374708  -0.0005967960  -0.0000207868  -0.0003103290  -0.0002836738
        0.0002732571   0.0000834054   0.0016469338   0.0033699126  -0.0018304121
       -0.0009793746   0.0046649518  -0.0034404545  -0.0066223968   0.0021293337
       -0.0008318048   0.0008250706  -0.0011992303  -0.0004378289   0.0007932411
       -0.0005254915   0.0011310561
       -0.0057443837   0.0067148153  -0.0025141898   0.0538814730  -0.0884054771
        0.0057531491  -0.0429730832   0.8359626033  -0.2729198730   0.0371206827
       -0.6126207212   0.2319014442  -0.0725499192  -0.1303157451   0.0319134255
        0.0009715510   0.0148396382  -0.0058973801  -0.0028286437  -0.0019252083
        0.0015032744  -0.0026146904  -0.0006092606  -0.0013999543  -0.0014546355
        0.0009307778   0.0013197953   0.0223055245  -0.0212749524   0.0043644050
        0.0041758193  -0.0030458776   0.0050979273   0.0024058165  -0.0025684311
        0.0013388740   0.0042216748   0.0003334084  -0.0024183116   0.0030828140
        0.0019844303   0.0019574140
        0.0050801680  -0.0039480155   0.0020771666  -0.0234077614   0.0063972282
       -0.0747095980   0.0172504479  -0.2729198730   0.3109355274  -0.0158268781
        0.2318113440  -0.1649511677   0.0315815028   0.0321209353  -0.0692547964
       -0.0000664480  -0.0059487065   0.0032057347   0.0017509014   0.0013814253
       -0.0002389545   0.0000932893   0.0001858054   0.0007774416   0.0018234595
       -0.0004773529  -0.0006258892   0.0115583207  -0.0075590976   0.0034768357
       -0.0258164100   0.0180195157  -0.0122751329  -0.0009916163   0.0013082661
       -0.0000176667  -0.0000993865   0.0003950095   0.0016087082  -0.0029295894
       -0.0007664840  -0.0000082089
        0.0006080765   0.0012554153  -0.0008176713  -0.0029855812   0.0328862332
       -0.0133242027  -0.0810821833   0.0371206827  -0.0158268781   0.0936781211
       -0.0209402222   0.0086601903  -0.0100248709  -0.0526709819   0.0224916959
        0.0012936434  -0.0035863536   0.0014584698   0.0006998355   0.0005516107
       -0.0002989364   0.0004484231   0.0004316646   0.0003437973   0.0004598712
       -0.0001417469  -0.0004667703  -0.0036731892   0.0030349224  -0.0012305073
       -0.0029045424   0.0023120062  -0.0010643233   0.0014911053  -0.0010088319
        0.0004224224   0.0009991520   0.0000935731  -0.0008692274   0.0009921389
        0.0006620283   0.0005219411
       -0.0043545859   0.0009553272  -0.0006464617   0.0096989459  -0.0374618598
        0.0241930516   0.0526043850  -0.6126207212   0.2318113440  -0.0209402222
        0.7222432299  -0.2956859261  -0.0459614265  -0.0723018670   0.0419937227
        0.0029256419   0.0008037606  -0.0020181463  -0.0006519444   0.0005269123
       -0.0002742220   0.0011518200   0.0010601674   0.0008379270   0.0004960355
       -0.0001315102  -0.0011606827   0.0028997944  -0.0012546419   0.0013677998
        0.0033642766  -0.0029597027   0.0003174891   0.0010899743   0.0011995158
       -0.0004965839  -0.0012813468   0.0003448317   0.0011349941  -0.0010413477
       -0.0004034422  -0.0013743058
        0.0015945263  -0.0006702794  -0.0001886308  -0.0037359576   0.0244027807
        0.0082293061  -0.0222259871   0.2319014442  -0.1649511677   0.0086601903
       -0.2956859261   0.1521143708   0.0194634447   0.0418078487   0.0080384130
       -0.0012811476  -0.0019199899  -0.0030083576   0.0002180123  -0.0003144494
        0.0001550745   0.0000853254  -0.0003768331  -0.0004140680  -0.0008138818
        0.0002386405   0.0007651731  -0.0033606236   0.0023618280  -0.0012724899
        0.0009230010  -0.0010004805   0.0008177347  -0.0004706396  -0.0004645421
        0.0002797064   0.0001313119  -0.0006556056  -0.0006406687   0.0008124254
        0.0003755640   0.0000756041
       -0.0061097839   0.0040964875  -0.0017437915  -0.0503776863  -0.0055839364
        0.0021155957  -0.1726498463  -0.0725499192   0.0315815028  -0.0100248709
       -0.0459614265   0.0194634447   0.4637793165   0.0135804850  -0.0083613875
       -0.1535928714   0.0695600100  -0.0286090931  -0.0021889951  -0.0006224377
        0.0004286699   0.0008958394   0.0002651496   0.0001537477   0.0005946410
       -0.0000252172  -0.0002187416  -0.0009254760  -0.0003589169   0.0012975868
       -0.0013040850  -0.0010046187  -0.0004590989  -0.0324636755   0.0101007341
       -0.0040233922  -0.0175996372   0.0173573059   0.0018252514  -0.0180328691
        0.0111463007  -0.0134502943
        0.0021511003  -0.0005290440   0.0007816691   0.0070062101   0.0108847597
       -0.0031494746  -0.0544168578  -0.1303157451   0.0321209353  -0.0526709819
       -0.0723018670   0.0418078487   0.0135804850   0.3199202715  -0.1048163904
        0.0547292021  -0.1120229995   0.0237419104   0.0003619624   0.0005033811
       -0.0003005775   0.0006295738   0.0001071581   0.0003475480   0.0002840200
       -0.0003372041  -0.0001373301  -0.0009540515   0.0010132946   0.0010200453
       -0.0001535589  -0.0003024026  -0.0003048160  -0.0158011987   0.0096526103
       -0.0036406018   0.0324306962  -0.0190341831   0.0052952712   0.0128233988
       -0.0072380298   0.0072339625
       -0.0007369130   0.0007614846   0.0005429102  -0.0030661325  -0.0025598809
        0.0066815036   0.0238672315   0.0319134255  -0.0692547964   0.0224916959
        0.0419937227   0.0080384130  -0.0083613875  -0.1048163904   0.1159138997
       -0.0222787422   0.0234827843  -0.0647313507  -0.0001413554  -0.0002195831
        0.0001635850  -0.0001067543   0.0001165452  -0.0001758901  -0.0003400163
        0.0000014176   0.0002004317  -0.0009608482   0.0004188858   0.0000152163
        0.0014601656   0.0000890689   0.0011561972   0.0068437714  -0.0037897333
        0.0023012358   0.0141925471  -0.0044987590   0.0052939308  -0.0328632621
        0.0171070120  -0.0061452862
       -0.0016417365   0.0009606478  -0.0005022439  -0.0030233490  -0.0035411352
        0.0016761063  -0.0502273744   0.0009715510  -0.0000664480   0.0012936434
        0.0029256419  -0.0012811476  -0.1535928714   0.0547292021  -0.0222787422
        0.4396599117   0.0537831138  -0.0221301935  -0.0004245506  -0.0004019001
        0.0002444120   0.0000029495   0.0002315229   0.0000698639   0.0000202635
        0.0000810485  -0.0002407651  -0.0001855408  -0.0001805137  -0.0000930725
       -0.0003355459   0.0000706890   0.0001227591  -0.1514496264  -0.1171510855
        0.0497535264  -0.0399570096   0.0071768546   0.0072350866  -0.0401391633
        0.0003443630  -0.0125091417
       -0.0005884452   0.0004824304  -0.0000668578  -0.0028819293  -0.0007015643
        0.0025321806  -0.0097159967   0.0148396382  -0.0059487065  -0.0035863536
        0.0008037606  -0.0019199899   0.0695600100  -0.1120229995   0.0234827843
        0.0537831138   0.5059261188  -0.0044700614  -0.0002143813  -0.0000235324
        0.0000233820   0.0000229507  -0.0000624326  -0.0000652329   0.0000235527
        0.0000255864   0.0000468010   0.0001744166   0.0003030840  -0.0000287786
        0.0004861103  -0.0001536650  -0.0000638866  -0.1113612768  -0.1537206691
        0.0468031407   0.0043459660  -0.2037081101  -0.1051775960  -0.0000477373
       -0.0519876454   0.0448528208
        0.0001763460   0.0000534380   0.0003440839   0.0012437719   0.0022687186
        0.0040776771   0.0043516105  -0.0058973801   0.0032057347   0.0014584698
       -0.0020181463  -0.0030083576  -0.0286090931   0.0237419104  -0.0647313507
       -0.0221301935  -0.0044700614   0.4983698430   0.0000569042  -0.0000026654
       -0.0000189069  -0.0000192168  -0.0000288040   0.0000127812   0.0000175531
       -0.0000012394  -0.0000934730  -0.0003679067   0.0003398059  -0.0002031603
        0.0003834355  -0.0004686671   0.0002333399   0.0473282310   0.0468227423
       -0.0635932694   0.0050033880  -0.1046915936  -0.1115123572  -0.0088932998
        0.0443519422  -0.2630825847
       -0.2021669488   0.1044118416  -0.0515338494  -0.0265109887   0.0114291833
       -0.0049326393  -0.0034964564  -0.0028286437   0.0017509014   0.0006998355
       -0.0006519444   0.0002180123  -0.0021889951   0.0003619624  -0.0001413554
       -0.0004245506  -0.0002143813   0.0000569042   0.2363159273  -0.1191275381
        0.0583155259  -0.0008155599   0.0029370757  -0.0001345157  -0.0024681312
        0.0028016573  -0.0030617883   0.0004679291   0.0003505603  -0.0003847169
        0.0006173490   0.0005172866  -0.0001490534  -0.0001222628   0.0000359461
       -0.0000138526   0.0000494988  -0.0000187039  -0.0000082749   0.0000433539
       -0.0000043021   0.0000187021
        0.1051740273  -0.1101061694   0.0322469546  -0.0124422096   0.0069512057
       -0.0030669653  -0.0022178271  -0.0019252083   0.0013814253   0.0005516107
        0.0005269123  -0.0003144494  -0.0006224377   0.0005033811  -0.0002195831
       -0.0004019001  -0.0000235324  -0.0000026654  -0.1191275381   0.1253661481
       -0.0389189766   0.0252295989  -0.0197977727   0.0068837771   0.0041154137
       -0.0023450729   0.0023368233  -0.0003203773   0.0005560328  -0.0000257415
        0.0001075818   0.0002904104  -0.0002940791  -0.0000352533   0.0000357500
       -0.0000180222  -0.0000036601  -0.0000175955   0.0000084938  -0.0000070290
       -0.0000144891   0.0000030085
       -0.0519623072   0.0323189684  -0.0603931057   0.0078850600  -0.0041628464
        0.0022121287   0.0015374708   0.0015032744  -0.0002389545  -0.0002989364
       -0.0002742220   0.0001550745   0.0004286699  -0.0003005775   0.0001635850
        0.0002444120   0.0000233820  -0.0000189069   0.0583155259  -0.0389189766
        0.0661883493   0.0110333053  -0.0085536750   0.0037127796  -0.0273847351
        0.0187535287  -0.0122671348  -0.0003645955  -0.0000642912   0.0000586566
        0.0005366829  -0.0003187348   0.0004254674   0.0000259412  -0.0000226651
        0.0000117758  -0.0000046177   0.0000079880  -0.0000011207   0.0000081240
        0.0000088470  -0.0000085944
       -0.0429223322  -0.0048759705  -0.0030078788  -0.0039213544  -0.0249749011
       -0.0100403796  -0.0005967960  -0.0026146904   0.0000932893   0.0004484231
        0.0011518200   0.0000853254   0.0008958394   0.0006295738  -0.0001067543
        0.0000029495   0.0000229507  -0.0000192168  -0.0008155599   0.0252295989
        0.0110333053   0.0498643929   0.0099460436   0.0022561711   0.0009007689
       -0.0013675950  -0.0013690137  -0.0044830186  -0.0033197672   0.0014052950
        0.0006150302   0.0001475049  -0.0003493640   0.0000497387   0.0000172762
       -0.0000027932  -0.0000422356   0.0000193950   0.0000233267   0.0000041541
       -0.0000112390  -0.0000013125
       -0.0055097962  -0.2434210519  -0.0947593152  -0.0059435530  -0.0179527897
       -0.0055665552  -0.0000207868  -0.0006092606   0.0001858054   0.0004316646
        0.0010601674  -0.0003768331   0.0002651496   0.0001071581   0.0001165452
        0.0002315229  -0.0000624326  -0.0000288040   0.0029370757  -0.0197977727
       -0.0085536750   0.0099460436   0.2807651909   0.1094375041   0.0003437648
        0.0010757094  -0.0016448628  -0.0031176542  -0.0013364954   0.0013396620
        0.0004115109   0.0001380762  -0.0001619364   0.0000412157  -0.0000014580
       -0.0000025558  -0.0000170888   0.0000458625   0.0000271102   0.0000009312
       -0.0000109035  -0.0000120894
       -0.0035974291  -0.0949803185  -0.0900518011  -0.0000272364   0.0078873772
        0.0040035892  -0.0003103290  -0.0013999543   0.0007774416   0.0003437973
        0.0008379270  -0.0004140680   0.0001537477   0.0003475480  -0.0001758901
        0.0000698639  -0.0000652329   0.0000127812  -0.0001345157   0.0068837771
        0.0037127796   0.0022561711   0.1094375041   0.1004489565  -0.0004729998
       -0.0308851978  -0.0193516203   0.0016541647   0.0013092024   0.0004978244
        0.0000644635   0.0006308851   0.0005385490   0.0000017037   0.0000128249
       -0.0000064729   0.0000020058  -0.0000013884   0.0000255427  -0.0000034078
       -0.0000149540  -0.0000176118
       -0.0432694338   0.0016389616  -0.0079609075  -0.0024001569  -0.0045708046
        0.0264484599  -0.0002836738  -0.0014546355   0.0018234595   0.0004598712
        0.0004960355  -0.0008138818   0.0005946410   0.0002840200  -0.0003400163
        0.0000202635   0.0000235527   0.0000175531  -0.0024681312   0.0041154137
       -0.0273847351   0.0009007689   0.0003437648  -0.0004729998   0.0500775218
        0.0014362405   0.0061408297   0.0006871412   0.0003983377   0.0001014044
       -0.0043305219  -0.0027149376   0.0024830071   0.0000446929   0.0000084155
       -0.0000109865   0.0000111072  -0.0000109945  -0.0000015025  -0.0000440902
        0.0000066303  -0.0000296843
        0.0017709000  -0.0479136350   0.0270374754  -0.0021113898  -0.0029739197
        0.0162773744   0.0002732571   0.0009307778  -0.0004773529  -0.0001417469
       -0.0001315102   0.0002386405  -0.0000252172  -0.0003372041   0.0000014176
        0.0000810485   0.0000255864  -0.0000012394   0.0028016573  -0.0023450729
        0.0187535287  -0.0013675950   0.0010757094  -0.0308851978   0.0014362405
        0.0524297177  -0.0332023570   0.0002305102   0.0002293865   0.0006907203
       -0.0029579682  -0.0009985871   0.0015774497   0.0000145042  -0.0000130232
        0.0000108428   0.0000016998  -0.0000049246  -0.0000066756  -0.0000059005
        0.0000266988  -0.0000146268
       -0.0071587158   0.0274833389  -0.2851016901   0.0045222482   0.0036717319
       -0.0124337053   0.0000834054   0.0013197953  -0.0006258892  -0.0004667703
       -0.0011606827   0.0007651731  -0.0002187416  -0.0001373301   0.0002004317
       -0.0002407651   0.0000468010  -0.0000934730  -0.0030617883   0.0023368233
       -0.0122671348  -0.0013690137  -0.0016448628  -0.0193516203   0.0061408297
       -0.0332023570   0.3282239678  -0.0004297689  -0.0001428704   0.0005579038
        0.0022233734   0.0014380418   0.0000997420  -0.0000350978  -0.0000091612
       -0.0000013291  -0.0000056608   0.0000018211  -0.0000270040   0.0000164655
       -0.0000010892   0.0000546273
       -0.0044455691  -0.0238054790  -0.0091490417  -0.0408693325  -0.0109620618
       -0.0038681470   0.0016469338   0.0223055245   0.0115583207  -0.0036731892
        0.0028997944  -0.0033606236  -0.0009254760  -0.0009540515  -0.0009608482
       -0.0001855408   0.0001744166  -0.0003679067   0.0004679291  -0.0003203773
       -0.0003645955  -0.0044830186  -0.0031176542   0.0016541647   0.0006871412
        0.0002305102  -0.0004297689   0.0496724325   0.0154429529   0.0064637762
        0.0019047075  -0.0017450874  -0.0011996529   0.0000783958  -0.0000593495
        0.0000283906   0.0001280548  -0.0000870350  -0.0000352112  -0.0000034684
       -0.0000021029   0.0000311435
       -0.0047948168  -0.0161019469  -0.0056584898  -0.0133484267  -0.2285332567
       -0.0955910353   0.0033699126  -0.0212749524  -0.0075590976   0.0030349224
       -0.0012546419   0.0023618280  -0.0003589169   0.0010132946   0.0004188858
       -0.0001805137   0.0003030840   0.0003398059   0.0003505603   0.0005560328
       -0.0000642912  -0.0033197672  -0.0013364954   0.0013092024   0.0003983377
        0.0002293865  -0.0001428704   0.0154429529   0.2648640685   0.1066240203
       -0.0002229057   0.0013226658  -0.0020248997  -0.0001008342   0.0000678384
       -0.0000143256  -0.0002538126   0.0001436425   0.0000389211  -0.0000166919
        0.0000012803  -0.0000376539
        0.0004690688   0.0069773829   0.0039884789  -0.0047242980  -0.0928368051
       -0.0850264184  -0.0018304121   0.0043644050   0.0034768357  -0.0012305073
        0.0013677998  -0.0012724899   0.0012975868   0.0010200453   0.0000152163
       -0.0000930725  -0.0000287786  -0.0002031603  -0.0003847169  -0.0000257415
        0.0000586566   0.0014052950   0.0013396620   0.0004978244   0.0001014044
        0.0006907203   0.0005579038   0.0064637762   0.1066240203   0.0979311514
       -0.0013059492  -0.0296207152  -0.0199597137   0.0000024447   0.0000081044
       -0.0000036882  -0.0000574911   0.0000516508  -0.0000309423  -0.0001131287
        0.0000682495  -0.0000296543
       -0.0025198873  -0.0054174525   0.0251578718  -0.0393550254   0.0001689349
       -0.0099873784  -0.0009793746   0.0041758193  -0.0258164100  -0.0029045424
        0.0033642766   0.0009230010  -0.0013040850  -0.0001535589   0.0014601656
       -0.0003355459   0.0004861103   0.0003834355   0.0006173490   0.0001075818
        0.0005366829   0.0006150302   0.0004115109   0.0000644635  -0.0043305219
       -0.0029579682   0.0022233734   0.0019047075  -0.0002229057  -0.0013059492
        0.0484243731   0.0001306106   0.0062551637   0.0000722579  -0.0000471466
        0.0000222264  -0.0000711203   0.0000066274  -0.0000181199   0.0001663852
       -0.0000524398   0.0001014737
       -0.0019212789  -0.0024419764   0.0150420462  -0.0003945179  -0.0421260138
        0.0323167137   0.0046649518  -0.0030458776   0.0180195157   0.0023120062
       -0.0029597027  -0.0010004805  -0.0010046187  -0.0003024026   0.0000890689
        0.0000706890  -0.0001536650  -0.0004686671   0.0005172866   0.0002904104
       -0.0003187348   0.0001475049   0.0001380762   0.0006308851  -0.0027149376
       -0.0009985871   0.0014380418  -0.0017450874   0.0013226658  -0.0296207152
        0.0001306106   0.0502991467  -0.0360760946  -0.0000466683   0.0000114274
       -0.0000284094   0.0000963102  -0.0000245988   0.0000339952  -0.0001122505
       -0.0000089023  -0.0000571651
        0.0034787967   0.0036130560  -0.0119651610  -0.0060052805   0.0284905300
       -0.2696924562  -0.0034404545   0.0050979273  -0.0122751329  -0.0010643233
        0.0003174891   0.0008177347  -0.0004590989  -0.0003048160   0.0011561972
        0.0001227591  -0.0000638866   0.0002333399  -0.0001490534  -0.0002940791
        0.0004254674  -0.0003493640  -0.0001619364   0.0005385490   0.0024830071
        0.0015774497   0.0000997420  -0.0011996529  -0.0020248997  -0.0199597137
        0.0062551637  -0.0360760946   0.3104832394   0.0000661519  -0.0000306646
        0.0000228467   0.0000489099  -0.0000459675   0.0000086801   0.0002124389
       -0.0000941077   0.0001066674
       -0.0003594029   0.0002409277  -0.0001178448  -0.0012419414  -0.0008468151
        0.0004045452  -0.0066223968   0.0024058165  -0.0009916163   0.0014911053
        0.0010899743  -0.0004706396  -0.0324636755  -0.0158011987   0.0068437714
       -0.1514496264  -0.1113612768   0.0473282310  -0.0001222628  -0.0000352533
        0.0000259412   0.0000497387   0.0000412157   0.0000017037   0.0000446929
        0.0000145042  -0.0000350978   0.0000783958  -0.0001008342   0.0000024447
        0.0000722579  -0.0000466683   0.0000661519   0.1886160913   0.1283470072
       -0.0546841298   0.0008424514  -0.0024789957  -0.0000713017   0.0010645726
       -0.0014684035   0.0016978408
        0.0001867392  -0.0000689026   0.0000279323   0.0007296412   0.0004132306
       -0.0001232589   0.0021293337  -0.0025684311   0.0013082661  -0.0010088319
        0.0011995158  -0.0004645421   0.0101007341   0.0096526103  -0.0037897333
       -0.1171510855  -0.1537206691   0.0468227423   0.0000359461   0.0000357500
       -0.0000226651   0.0000172762  -0.0000014580   0.0000128249   0.0000084155
       -0.0000130232  -0.0000091612  -0.0000593495   0.0000678384   0.0000081044
       -0.0000471466   0.0000114274  -0.0000306646   0.1283470072   0.1706973868
       -0.0535931134  -0.0183652187  -0.0207369448   0.0067522117  -0.0049234612
       -0.0049683305   0.0031010567
       -0.0000837350   0.0000269048  -0.0000175405  -0.0002870043  -0.0001017853
        0.0002141763  -0.0008318048   0.0013388740  -0.0000176667   0.0004224224
       -0.0004965839   0.0002797064  -0.0040233922  -0.0036406018   0.0023012358
        0.0497535264   0.0468031407  -0.0635932694  -0.0000138526  -0.0000180222
        0.0000117758  -0.0000027932  -0.0000025558  -0.0000064729  -0.0000109865
        0.0000108428  -0.0000013291   0.0000283906  -0.0000143256  -0.0000036882
        0.0000222264  -0.0000284094   0.0000228467  -0.0546841298  -0.0535931134
        0.0674640545  -0.0111746438  -0.0124534891   0.0046615072   0.0208857763
        0.0221691241  -0.0113153359
        0.0000282608  -0.0001096226  -0.0000197802  -0.0001533009  -0.0003053029
       -0.0008172298   0.0008250706   0.0042216748  -0.0000993865   0.0009991520
       -0.0012813468   0.0001313119  -0.0175996372   0.0324306962   0.0141925471
       -0.0399570096   0.0043459660   0.0050033880   0.0000494988  -0.0000036601
       -0.0000046177  -0.0000422356  -0.0000170888   0.0000020058   0.0000111072
        0.0000016998  -0.0000056608   0.0001280548  -0.0002538126  -0.0000574911
       -0.0000711203   0.0000963102   0.0000489099   0.0008424514  -0.0183652187
       -0.0111746438   0.0532098907  -0.0196725567  -0.0075711021   0.0017298174
       -0.0010877379   0.0003717493
       -0.0001030680   0.0000683698   0.0000078998  -0.0000704154  -0.0001429331
        0.0001776770  -0.0011992303   0.0003334084   0.0003950095   0.0000935731
        0.0003448317  -0.0006556056   0.0173573059  -0.0190341831  -0.0044987590
        0.0071768546  -0.2037081101  -0.1046915936  -0.0000187039  -0.0000175955
        0.0000079880   0.0000193950   0.0000458625  -0.0000013884  -0.0000109945
       -0.0000049246   0.0000018211  -0.0000870350   0.0001436425   0.0000516508
        0.0000066274  -0.0000245988  -0.0000459675  -0.0024789957  -0.0207369448
       -0.0124534891  -0.0196725567   0.2393604529   0.1213231583  -0.0010127565
        0.0033727222   0.0003815987
       -0.0000420255  -0.0000158530  -0.0000093055  -0.0001377429   0.0000553023
       -0.0000914800  -0.0004378289  -0.0024183116   0.0016087082  -0.0008692274
        0.0011349941  -0.0006406687   0.0018252514   0.0052952712   0.0052939308
        0.0072350866  -0.1051775960  -0.1115123572  -0.0000082749   0.0000084938
       -0.0000011207   0.0000233267   0.0000271102   0.0000255427  -0.0000015025
       -0.0000066756  -0.0000270040  -0.0000352112   0.0000389211  -0.0000309423
       -0.0000181199   0.0000339952   0.0000086801  -0.0000713017   0.0067522117
        0.0046615072  -0.0075711021   0.1213231583   0.1236170035   0.0001086722
       -0.0270510216  -0.0229024943
        0.0000016230  -0.0000361192   0.0000876802  -0.0001315360   0.0003144635
        0.0008072136   0.0007932411   0.0030828140  -0.0029295894   0.0009921389
       -0.0010413477   0.0008124254  -0.0180328691   0.0128233988  -0.0328632621
       -0.0401391633  -0.0000477373  -0.0088932998   0.0000433539  -0.0000070290
        0.0000081240   0.0000041541   0.0000009312  -0.0000034078  -0.0000440902
       -0.0000059005   0.0000164655  -0.0000034684  -0.0000166919  -0.0001131287
        0.0001663852  -0.0001122505   0.0002124389   0.0010645726  -0.0049234612
        0.0208857763   0.0017298174  -0.0010127565   0.0001086722   0.0535558407
       -0.0090183137   0.0218638917
       -0.0000342705   0.0000248097  -0.0000421530   0.0000449785  -0.0002069616
       -0.0000424707  -0.0005254915   0.0019844303  -0.0007664840   0.0006620283
       -0.0004034422   0.0003755640   0.0111463007  -0.0072380298   0.0171070120
        0.0003443630  -0.0519876454   0.0443519422  -0.0000043021  -0.0000144891
        0.0000088470  -0.0000112390  -0.0000109035  -0.0000149540   0.0000066303
        0.0000266988  -0.0000010892  -0.0000021029   0.0000012803   0.0000682495
       -0.0000524398  -0.0000089023  -0.0000941077  -0.0014684035  -0.0049683305
        0.0221691241  -0.0010877379   0.0033727222  -0.0270510216  -0.0090183137
        0.0594287632  -0.0560684588
        0.0000962608  -0.0000219515   0.0000258762   0.0001563737   0.0000563900
       -0.0000132326   0.0011310561   0.0019574140  -0.0000082089   0.0005219411
       -0.0013743058   0.0000756041  -0.0134502943   0.0072339625  -0.0061452862
       -0.0125091417   0.0448528208  -0.2630825847   0.0000187021   0.0000030085
       -0.0000085944  -0.0000013125  -0.0000120894  -0.0000176118  -0.0000296843
       -0.0000146268   0.0000546273   0.0000311435  -0.0000376539  -0.0000296543
        0.0001014737  -0.0000571651   0.0001066674   0.0016978408   0.0031010567
       -0.0113153359   0.0003717493   0.0003815987  -0.0229024943   0.0218638917
       -0.0560684588   0.3032602281
