           1           2   1.0200087892217446     
           2           3  0.97188001148533321     
           3           4   1.7672247332140349     
           3           5   1.1178780774703576     
           4           5  0.16955325695788268     
           5           6  0.95833764729307214     
           1           7  0.98692084194747776     
           1           8  0.98596308386895037     
           1           9  0.98674643889984837     
           2          10  0.95824620148075890     
           2          11  0.95314850879175783     
           6          12  0.98198196659495385     
           6          13  0.97759130141492911     
           6          14  0.97751160662180592     
