$hessian                                                                        
        0.6501456327   0.0267978394   0.0000291959  -0.3348823585   0.0449677910
       -0.0000168894  -0.0384425005  -0.0825315905  -0.0000010146  -0.0491334462
        0.0262093239  -0.0000021912   0.0637757277   0.0221921296   0.0000022729
       -0.1441622820   0.0512330950  -0.0000056320   0.0024768476  -0.0003404666
       -0.0000002289  -0.1156530578  -0.1174605852  -0.0000027766  -0.0167679666
        0.0034189427  -0.0000010410  -0.0000309591   0.0006046758  -0.0000002488
       -0.0173256373   0.0249088449  -0.0000014463
        0.0267978394   0.6680296739  -0.0000055796  -0.0332967536  -0.0960620523
       -0.0000014251  -0.0254520093   0.0307041704  -0.0000018036   0.0378137177
       -0.0135113051   0.0000021782  -0.0467599309  -0.0912692801  -0.0000012220
        0.1318464744  -0.2577517922   0.0000096163  -0.0043870221  -0.0040266067
        0.0000000055  -0.1167116913  -0.2320050093  -0.0000034732   0.0259503579
       -0.0015949017   0.0000015321   0.0004841787   0.0007982120  -0.0000001248
        0.0037148392  -0.0033111088   0.0000002962
        0.0000291959  -0.0000055796   0.1127616106  -0.0000158336   0.0000031206
       -0.0458290036  -0.0000017311  -0.0000050713  -0.0023723706  -0.0000023347
        0.0000015153  -0.0073273932   0.0000026737   0.0000026010   0.0183102469
       -0.0000065513   0.0000051408  -0.0527093289  -0.0000001414   0.0000001525
        0.0063424364  -0.0000028083  -0.0000035726  -0.0342221421  -0.0000013529
        0.0000002445   0.0025130041  -0.0000000293   0.0000000401   0.0000888236
       -0.0000010871   0.0000014088   0.0024441170
       -0.3348823585  -0.0332967536  -0.0000158336   0.6531940060  -0.0272088800
        0.0000308808  -0.1298922931  -0.0593739277  -0.0000035861   0.0585409996
       -0.0259845703   0.0000035227  -0.0526153061  -0.0347757809  -0.0000024258
       -0.0313069125   0.0888301643  -0.0000030745  -0.0349953139  -0.0243651887
       -0.0000025294  -0.0187648591  -0.0022071582  -0.0000011697  -0.1073270782
        0.1124634194  -0.0000051842  -0.0011693310   0.0030846803  -0.0000000944
       -0.0007815532   0.0028339952  -0.0000005057
        0.0449677910  -0.0960620523   0.0000031206  -0.0272088800   0.6665785448
       -0.0000071729  -0.1244499811  -0.2756431617  -0.0000041784   0.0293175636
       -0.0616318977   0.0000027520  -0.0330597847  -0.0112120420  -0.0000019392
        0.0279895146   0.0266132657   0.0000008895  -0.0113429889  -0.0002211968
       -0.0000012606  -0.0255269712  -0.0006823651  -0.0000015184   0.1134714551
       -0.2392513368   0.0000086711   0.0027558680  -0.0040795293   0.0000003925
        0.0030864135  -0.0044082287   0.0000002437
       -0.0000168894  -0.0000014251  -0.0458290036   0.0000308808  -0.0000071729
        0.1158689735  -0.0000028843  -0.0000008987  -0.0490937706   0.0000027910
       -0.0000011135   0.0008184056  -0.0000017298  -0.0000016681  -0.0058939237
       -0.0000024517   0.0000046950   0.0020161995  -0.0000026711  -0.0000013326
        0.0024746925  -0.0000007581  -0.0000000893   0.0006411674  -0.0000053180
        0.0000084275  -0.0357220211  -0.0000005427   0.0000003808   0.0073981663
       -0.0000004267   0.0000001969   0.0073211142
       -0.0384425005  -0.0254520093  -0.0000017311  -0.1298922931  -0.1244499811
       -0.0000028843   0.4834298184   0.0038240000   0.0000208721  -0.1192294856
        0.1177971599  -0.0000046839  -0.0611652664   0.0243025882  -0.0000047578
        0.0055784233   0.0031566393   0.0000007181  -0.1478922326  -0.0017398256
       -0.0000071168  -0.0053889784  -0.0001078483  -0.0000008765   0.0065666661
        0.0129663057   0.0000002004   0.0053640373  -0.0102480019   0.0000004161
        0.0010718115  -0.0000490268  -0.0000001563
       -0.0825315905   0.0307041704  -0.0000050713  -0.0593739277  -0.2756431617
       -0.0000008987   0.0038240000   0.6133778669  -0.0000054634   0.0459774394
       -0.2528545805   0.0000046398   0.0997445602   0.0334671389   0.0000052874
       -0.0058181643  -0.0697526659   0.0000005362  -0.0020399418  -0.0262491271
        0.0000001293   0.0005946034   0.0016072451   0.0000002046  -0.0114603493
       -0.0268587507  -0.0000004023   0.0112923509  -0.0271547285   0.0000009895
       -0.0002089805  -0.0006434069   0.0000000490
       -0.0000010146  -0.0000018036  -0.0023723706  -0.0000035861  -0.0000041784
       -0.0490937706   0.0000208721  -0.0000054634   0.0999979501  -0.0000037017
        0.0000085150  -0.0527259174  -0.0000054440   0.0000013506   0.0183453390
        0.0000006254   0.0000006178  -0.0096419040  -0.0000071789  -0.0000000294
       -0.0207439708  -0.0000008554   0.0000001321   0.0097408675   0.0000002950
        0.0000010155   0.0029650076  -0.0000000689  -0.0000001714   0.0028381314
        0.0000000571   0.0000000153   0.0006906378
       -0.0491334462   0.0378137177  -0.0000023347   0.0585409996   0.0293175636
        0.0000027910  -0.1192294856   0.0459774394  -0.0000037017   0.6501470043
        0.0315587502   0.0000294366  -0.3563455532   0.0416022773  -0.0000174838
       -0.0598114061  -0.1002044466  -0.0000028551  -0.0329332292   0.0206523705
       -0.0000029689  -0.0002835430   0.0013550048  -0.0000001992  -0.0007677819
       -0.0041121815  -0.0000001740  -0.0874196606  -0.0991983599  -0.0000015765
       -0.0027638981  -0.0047621356  -0.0000009337
        0.0262093239  -0.0135113051   0.0000015153  -0.0259845703  -0.0616318977
       -0.0000011135   0.1177971599  -0.2528545805   0.0000085150   0.0315587502
        0.6587049387  -0.0000054974  -0.0132241597  -0.1023806108   0.0000000183
       -0.0381517638   0.0236965348  -0.0000020791   0.0065401836   0.0022181011
        0.0000008800   0.0003954169   0.0008792049   0.0000000616  -0.0028900077
       -0.0036653420  -0.0000001084  -0.0988751099  -0.2469638852  -0.0000022424
       -0.0033752232  -0.0044911583   0.0000000507
       -0.0000021912   0.0000021782  -0.0073273932   0.0000035227   0.0000027520
        0.0008184056  -0.0000046839   0.0000046398  -0.0527259174   0.0000294366
       -0.0000054974   0.1254079310  -0.0000172900   0.0000031045  -0.0543502984
       -0.0000033666  -0.0000060798   0.0037851197  -0.0000028414   0.0000011769
        0.0018217743  -0.0000000752   0.0000000892  -0.0003636482  -0.0000004946
       -0.0000001140   0.0084852866  -0.0000014586  -0.0000022253  -0.0349040874
       -0.0000005578  -0.0000000242   0.0093528274
        0.0637757277  -0.0467599309   0.0000026737  -0.0526153061  -0.0330597847
       -0.0000017298  -0.0611652664   0.0997445602  -0.0000054440  -0.3563455532
       -0.0132241597  -0.0000172900   0.6070196953   0.0999536099   0.0000277900
       -0.1516788922  -0.0727224082  -0.0000043305  -0.0025312181   0.0028583725
       -0.0000003740   0.0001893063   0.0019122066  -0.0000004003   0.0000180423
       -0.0004155581   0.0000001026  -0.0234527645  -0.0084190642  -0.0000005719
       -0.0232137711  -0.0298678432  -0.0000004257
        0.0221921296  -0.0912692801   0.0000026010  -0.0347757809  -0.0112120420
       -0.0000016681   0.0243025882   0.0334671389   0.0000013506   0.0416022773
       -0.1023806108   0.0000031045   0.0999536099   0.4858292253   0.0000009623
       -0.1249044620  -0.3012674241  -0.0000045265   0.0056795082  -0.0045302761
        0.0000000285   0.0039762139  -0.0086760910   0.0000002412  -0.0004250135
        0.0003958002  -0.0000000018  -0.0290683956   0.0001888869  -0.0000015663
       -0.0085326750  -0.0005453272  -0.0000005255
        0.0000022729  -0.0000012220   0.0183102469  -0.0000024258  -0.0000019392
       -0.0058939237  -0.0000047578   0.0000052874   0.0183453390  -0.0000174838
        0.0000000183  -0.0543502984   0.0000277900   0.0000009623   0.0824789648
       -0.0000037015  -0.0000014494  -0.0566481270  -0.0000000793   0.0000002703
        0.0052599001  -0.0000004241   0.0000002935   0.0075693452   0.0000003106
       -0.0000000479  -0.0047911328  -0.0000006069  -0.0000005800  -0.0052371727
       -0.0000008942  -0.0000015935  -0.0050431413
       -0.1441622820   0.1318464744  -0.0000065513  -0.0313069125   0.0279895146
       -0.0000024517   0.0055784233  -0.0058181643   0.0000006254  -0.0598114061
       -0.0381517638  -0.0000033666  -0.1516788922  -0.1249044620  -0.0000037015
        0.6803080838  -0.0028453042   0.0000291140  -0.0008693814  -0.0003300551
        0.0000004556   0.0065421252  -0.0139558941   0.0000006534  -0.0062223172
        0.0002789557  -0.0000009427  -0.0074672221  -0.0002180614  -0.0000010823
       -0.2909102188   0.0261087600  -0.0000127523
        0.0512330950  -0.2577517922   0.0000051408   0.0888301643   0.0266132657
        0.0000046950   0.0031566393  -0.0697526659   0.0000006178  -0.1002044466
        0.0236965348  -0.0000060798  -0.0727224082  -0.3012674241  -0.0000014494
       -0.0028453042   0.6395558791  -0.0000054402   0.0009292287   0.0013607908
        0.0000002984   0.0084071360  -0.0214760598   0.0000008622  -0.0008737834
        0.0020112745  -0.0000000458  -0.0013986554   0.0007354469   0.0000000756
        0.0254883344  -0.0437252498   0.0000013253
       -0.0000056320   0.0000096163  -0.0527093289  -0.0000030745   0.0000008895
        0.0020161995   0.0000007181   0.0000005362  -0.0096419040  -0.0000028551
       -0.0000020791   0.0037851197  -0.0000043305  -0.0000045265  -0.0566481270
        0.0000291140  -0.0000054402   0.1293384860   0.0000004568  -0.0000000664
       -0.0004468502   0.0000002861  -0.0000005210   0.0000571894  -0.0000008083
        0.0000001091   0.0093454475  -0.0000008699   0.0000000868   0.0101357498
       -0.0000130047   0.0000013953  -0.0352319818
        0.0024768476  -0.0043870221  -0.0000001414  -0.0349953139  -0.0113429889
       -0.0000026711  -0.1478922326  -0.0020399418  -0.0000071789  -0.0329332292
        0.0065401836  -0.0000028414  -0.0025312181   0.0056795082  -0.0000000793
       -0.0008693814   0.0009292287   0.0000004568   0.2142823835   0.0043883268
        0.0000121022  -0.0006949323   0.0004793505   0.0000001635   0.0015249685
       -0.0001138353  -0.0000000614   0.0011243243  -0.0001012141  -0.0000001402
        0.0005077836  -0.0000315956   0.0000003912
       -0.0003404666  -0.0040266067   0.0000001525  -0.0243651887  -0.0002211968
       -0.0000013326  -0.0017398256  -0.0262491271  -0.0000000294   0.0206523705
        0.0022181011   0.0000011769   0.0028583725  -0.0045302761   0.0000002703
       -0.0003300551   0.0013607908  -0.0000000664   0.0043883268   0.0294258465
        0.0000000210  -0.0010961086   0.0000229425  -0.0000000712  -0.0005465688
        0.0010436578  -0.0000000422   0.0004609302   0.0008318008  -0.0000000502
        0.0000582134   0.0001240672  -0.0000000287
       -0.0000002289   0.0000000055   0.0063424364  -0.0000025294  -0.0000012606
        0.0024746925  -0.0000071168   0.0000001293  -0.0207439708  -0.0000029689
        0.0000008800   0.0018217743  -0.0000003740   0.0000000285   0.0052599001
        0.0000004556   0.0000002984  -0.0004468502   0.0000121022   0.0000000210
        0.0105923643   0.0000000662  -0.0000000016  -0.0000603371   0.0000002770
        0.0000000268  -0.0021570893   0.0000002114  -0.0000001065  -0.0013327004
        0.0000001056  -0.0000000208  -0.0017502197
       -0.1156530578  -0.1167116913  -0.0000028083  -0.0187648591  -0.0255269712
       -0.0000007581  -0.0053889784   0.0005946034  -0.0000008554  -0.0002835430
        0.0003954169  -0.0000000752   0.0001893063   0.0039762139  -0.0000004241
        0.0065421252   0.0084071360   0.0000002861  -0.0006949323  -0.0010961086
        0.0000000662   0.1325867137   0.1299911717   0.0000041428   0.0007722496
       -0.0007545640   0.0000001792   0.0000382445   0.0000448175   0.0000001329
        0.0006567314   0.0006799756   0.0000001139
       -0.1174605852  -0.2320050093  -0.0000035726  -0.0022071582  -0.0006823651
       -0.0000000893  -0.0001078483   0.0016072451   0.0000001321   0.0013550048
        0.0008792049   0.0000000892   0.0019122066  -0.0086760910   0.0000002935
       -0.0139558941  -0.0214760598  -0.0000005210   0.0004793505   0.0000229425
       -0.0000000016   0.1299911717   0.2587081386   0.0000037900   0.0006806666
        0.0010612376  -0.0000000380   0.0000323906   0.0000869910  -0.0000000217
       -0.0007193049   0.0004737655  -0.0000000607
       -0.0000027766  -0.0000034732  -0.0342221421  -0.0000011697  -0.0000015184
        0.0006411674  -0.0000008765   0.0000002046   0.0097408675  -0.0000001992
        0.0000000616  -0.0003636482  -0.0000004003   0.0000002412   0.0075693452
        0.0000006534   0.0000008622   0.0000571894   0.0000001635  -0.0000000712
       -0.0000603371   0.0000041428   0.0000037900   0.0235041036   0.0000001944
       -0.0000000619  -0.0028897643   0.0000001670  -0.0000000202  -0.0023239080
        0.0000001012  -0.0000000147  -0.0016528734
       -0.0167679666   0.0259503579  -0.0000013529  -0.1073270782   0.1134714551
       -0.0000053180   0.0065666661  -0.0114603493   0.0000002950  -0.0007677819
       -0.0028900077  -0.0000004946   0.0000180423  -0.0004250135   0.0000003106
       -0.0062223172  -0.0008737834  -0.0000008083   0.0015249685  -0.0005465688
        0.0000002770   0.0007722496   0.0006806666   0.0000001944   0.1227043285
       -0.1244931318   0.0000069132   0.0003188675  -0.0007633994   0.0000000189
       -0.0008199787   0.0013497742  -0.0000000352
        0.0034189427  -0.0015949017   0.0000002445   0.1124634194  -0.2392513368
        0.0000084275   0.0129663057  -0.0268587507   0.0000010155  -0.0041121815
       -0.0036653420  -0.0000001140  -0.0004155581   0.0003958002  -0.0000000479
        0.0002789557   0.0020112745   0.0000001091  -0.0001138353   0.0010436578
        0.0000000268  -0.0007545640   0.0010612376  -0.0000000619  -0.1244931318
        0.2682669534  -0.0000096248   0.0007915349  -0.0012834916   0.0000000286
       -0.0000298877  -0.0001251006  -0.0000000035
       -0.0000010410   0.0000015321   0.0025130041  -0.0000051842   0.0000086711
       -0.0357220211   0.0000002004  -0.0000004023   0.0029650076  -0.0000001740
       -0.0000001084   0.0084852866   0.0000001026  -0.0000000018  -0.0047911328
       -0.0000009427  -0.0000000458   0.0093454475  -0.0000000614  -0.0000000422
       -0.0021570893   0.0000001792  -0.0000000380  -0.0028897643   0.0000069132
       -0.0000096248   0.0232404642   0.0000000164  -0.0000000257  -0.0005414949
       -0.0000000083   0.0000000859  -0.0004477074
       -0.0000309591   0.0004841787  -0.0000000293  -0.0011693310   0.0027558680
       -0.0000005427   0.0053640373   0.0112923509  -0.0000000689  -0.0874196606
       -0.0988751099  -0.0000014586  -0.0234527645  -0.0290683956  -0.0000006069
       -0.0074672221  -0.0013986554  -0.0000008699   0.0011243243   0.0004609302
        0.0000002114   0.0000382445   0.0000323906   0.0000001670   0.0003188675
        0.0007915349   0.0000000164   0.1135564544   0.1150199539   0.0000032368
       -0.0008619907  -0.0014950463  -0.0000000554
        0.0006046758   0.0007982120   0.0000000401   0.0030846803  -0.0040795293
        0.0000003808  -0.0102480019  -0.0271547285  -0.0000001714  -0.0991983599
       -0.2469638852  -0.0000022253  -0.0084190642   0.0001888869  -0.0000005800
       -0.0002180614   0.0007354469   0.0000000868  -0.0001012141   0.0008318008
       -0.0000001065   0.0000448175   0.0000869910  -0.0000000202  -0.0007633994
       -0.0012834916  -0.0000000257   0.1150199539   0.2769302575   0.0000026296
        0.0001939732  -0.0000899604  -0.0000000082
       -0.0000002488  -0.0000001248   0.0000888236  -0.0000000944   0.0000003925
        0.0073981663   0.0000004161   0.0000009895   0.0028381314  -0.0000015765
       -0.0000022424  -0.0349040874  -0.0000005719  -0.0000015663  -0.0052371727
       -0.0000010823   0.0000000756   0.0101357498  -0.0000001402  -0.0000000502
       -0.0013327004   0.0000001329  -0.0000000217  -0.0023239080   0.0000000189
        0.0000000286  -0.0005414949   0.0000032368   0.0000026296   0.0233475426
       -0.0000000905  -0.0000001105   0.0005309500
       -0.0173256373   0.0037148392  -0.0000010871  -0.0007815532   0.0030864135
       -0.0000004267   0.0010718115  -0.0002089805   0.0000000571  -0.0027638981
       -0.0033752232  -0.0000005578  -0.0232137711  -0.0085326750  -0.0000008942
       -0.2909102188   0.0254883344  -0.0000130047   0.0005077836   0.0000582134
        0.0000001056   0.0006567314  -0.0007193049   0.0000001012  -0.0008199787
       -0.0000298877  -0.0000000083  -0.0008619907   0.0001939732  -0.0000000905
        0.3344407214  -0.0196757023   0.0000158054
        0.0249088449  -0.0033111088   0.0000014088   0.0028339952  -0.0044082287
        0.0000001969  -0.0000490268  -0.0006434069   0.0000000153  -0.0047621356
       -0.0044911583  -0.0000000242  -0.0298678432  -0.0005453272  -0.0000015935
        0.0261087600  -0.0437252498   0.0000013953  -0.0000315956   0.0001240672
       -0.0000000208   0.0006799756   0.0004737655  -0.0000000147   0.0013497742
       -0.0001251006   0.0000000859  -0.0014950463  -0.0000899604  -0.0000001105
       -0.0196757023   0.0567417081  -0.0000013384
       -0.0000014463   0.0000002962   0.0024441170  -0.0000005057   0.0000002437
        0.0073211142  -0.0000001563   0.0000000490   0.0006906378  -0.0000009337
        0.0000000507   0.0093528274  -0.0000004257  -0.0000005255  -0.0050431413
       -0.0000127523   0.0000013253  -0.0352319818   0.0000003912  -0.0000000287
       -0.0017502197   0.0000001139  -0.0000000607  -0.0016528734  -0.0000000352
       -0.0000000035  -0.0004477074  -0.0000000554  -0.0000000082   0.0005309500
        0.0000158054  -0.0000013384   0.0237862771
