           1           2  0.99845319733745852     
           2           3   1.8225728431055392     
           2           4   1.0380473788028306     
           4           5  0.92081136006260078     
           4           6  0.92075362125564475     
           5           6   1.0139097726010911     
           1           7  0.96157171726205282     
           1           8  0.96171360629319746     
           1           9  0.98712581986384074     
           4          10  0.97258416689073790     
           5          11  0.97966730260808355     
           5          12  0.97729769045277459     
           6          13  0.97966467623777953     
           6          14  0.97730738244261217     
