$hessian                                                                        
        0.4949104166  -0.0074235877   0.0358304220  -0.1082269791  -0.0143448045
        0.0697359102  -0.0253674702   0.0038745466   0.0196275426   0.0001993769
       -0.0021371331  -0.0017129399  -0.0017746986   0.0013418358  -0.0006956165
       -0.0004871690  -0.0001604483  -0.0018855673  -0.2299195316   0.0928211845
       -0.0449495059  -0.0481263203  -0.0321436299   0.0028240245  -0.0826805492
       -0.0395511413  -0.0804556083  -0.0048130923  -0.0032702381   0.0072385466
        0.0063753979   0.0009822936  -0.0054733776   0.0002455556  -0.0000415404
       -0.0000003304   0.0000666664  -0.0001096334   0.0000134012  -0.0004016031
        0.0001622961  -0.0000969012
       -0.0074235877   0.5250580162   0.0089215929  -0.0095767488  -0.0673760473
        0.0110513101   0.0058919011   0.0024071118  -0.0105954625   0.0008749648
       -0.0014665358   0.0014899300   0.0012336169   0.0003773007   0.0004343163
        0.0000595134   0.0001440920   0.0005985022   0.0927568817  -0.0902514092
        0.0205330877  -0.0317281998  -0.2782569817   0.0351541017  -0.0395551316
       -0.0871716892  -0.0814061514  -0.0187734272  -0.0056328367   0.0230800827
        0.0063037178   0.0021938302  -0.0092407846  -0.0000368048   0.0000134082
       -0.0000258257  -0.0001205599   0.0000169774  -0.0000424451   0.0000938639
       -0.0000552366   0.0000477456
        0.0358304220   0.0089215929   0.4787596718   0.0584962867   0.0156839550
       -0.1432897141   0.0087968392  -0.0048709092   0.0039558895  -0.0006845451
        0.0024776994   0.0000039347  -0.0023232615  -0.0013337945  -0.0014077444
        0.0000903053  -0.0000954546  -0.0002021665  -0.0450140375   0.0204746320
       -0.0518848783   0.0030617888   0.0357588605  -0.0492368088  -0.0805570807
       -0.0823108772  -0.2044556425   0.0059307906   0.0036027656  -0.0061795730
        0.0163969301   0.0016035624  -0.0260133894  -0.0000232199   0.0000262925
        0.0000033696   0.0001221149   0.0000382695   0.0000463220  -0.0001233329
        0.0000234058  -0.0000992706
       -0.1082269791  -0.0095767488   0.0584962867   0.4511833473   0.0330986167
        0.0355791916  -0.1385948063   0.0494239418  -0.0169519080  -0.0051165265
        0.0149277757  -0.0043193294  -0.0477493603   0.0003905673  -0.0142347966
       -0.0010985792  -0.0029800575  -0.0018183284  -0.0217896628  -0.0026446529
        0.0234113112  -0.0050266156  -0.0038335946   0.0063726130   0.0061496280
        0.0018726005  -0.0050489703  -0.0493824144  -0.0422054347   0.0020200258
       -0.0792913216  -0.0391993815  -0.0831964867  -0.0005965405   0.0002527616
       -0.0003030145   0.0006954826   0.0000332959   0.0001894269  -0.0011556515
        0.0004403105  -0.0001960214
       -0.0143448045  -0.0673760473   0.0156839550   0.0330986167   0.5450587856
        0.0153274331   0.0459923231  -0.0857115178   0.0113455550   0.0407842552
       -0.0414965616   0.0057660258  -0.0143233234   0.0075724205  -0.0034953150
       -0.0032895590  -0.0012393794  -0.0011198771   0.0085137841   0.0019556884
       -0.0097515571  -0.0188409261  -0.0061536179   0.0239418334   0.0073464374
        0.0018020879  -0.0098316995  -0.0439215126  -0.2692139758   0.0293216730
       -0.0396978031  -0.0850010919  -0.0768368683  -0.0004529332   0.0001687083
       -0.0001735363  -0.0004152843  -0.0005651787  -0.0001689703  -0.0004492702
        0.0001996798  -0.0000086517
        0.0697359102   0.0110513101  -0.1432897141   0.0355791916   0.0153274331
        0.4698442579  -0.0247033799   0.0150450576  -0.0738574078  -0.0028072639
       -0.0011860295   0.0138441588  -0.0143747790   0.0022574606   0.0023159787
       -0.0037328760  -0.0012894340   0.0061305679   0.0017562181  -0.0005245920
        0.0006550953   0.0056952077   0.0041197866  -0.0065525209   0.0160867853
        0.0019619331  -0.0250739393   0.0023542179   0.0303268052  -0.0473621455
       -0.0850757977  -0.0771580516  -0.1967818592  -0.0016076276   0.0006654543
       -0.0003794228   0.0000261081  -0.0000768035   0.0000451276   0.0010680854
       -0.0005203299   0.0004618234
       -0.0253674702   0.0058919011   0.0087968392  -0.1385948063   0.0459923231
       -0.0247033799   0.4728791791  -0.0937107219   0.0652194249  -0.0951845934
        0.1134405924   0.0006643936  -0.1528646832  -0.0597715066  -0.0330429236
       -0.0437749457  -0.0127730618  -0.0121939127  -0.0012548301  -0.0000108404
        0.0018637780  -0.0007161909  -0.0002702779   0.0003832505   0.0007897542
       -0.0002042572  -0.0011596747   0.0052543449  -0.0011259930   0.0022458588
       -0.0149982603   0.0036085073  -0.0063566513  -0.0039872315   0.0001394518
       -0.0017603729   0.0000067341  -0.0010104286  -0.0006151481  -0.0021870005
       -0.0001956884   0.0006585182
        0.0038745466   0.0024071118  -0.0048709092   0.0494239418  -0.0857115178
        0.0150450576  -0.0937107219   0.9334773159   0.0300343368   0.0994919836
       -0.6897592754  -0.0179345922  -0.0757264084  -0.1628214112  -0.0291477894
       -0.0067606593   0.0206406660  -0.0002101263  -0.0010742534  -0.0000277840
        0.0016110578  -0.0029639628  -0.0006678097   0.0012355206   0.0001941442
        0.0001422561  -0.0007820212   0.0227456335  -0.0197333797   0.0060742122
       -0.0075291922   0.0058758381  -0.0039938763   0.0033333137  -0.0022101826
        0.0004030069   0.0050696513   0.0005337582   0.0011718641   0.0036319834
       -0.0021455857   0.0013642585
        0.0196275426  -0.0105954625   0.0039558895  -0.0169519080   0.0113455550
       -0.0738574078   0.0652194249   0.0300343368   0.2130434607  -0.0005182450
       -0.0163923490  -0.0664680109  -0.0331505992  -0.0242230575  -0.0595319440
       -0.0122554086  -0.0017697016  -0.0051240580   0.0043538768   0.0004503312
       -0.0043408702   0.0002945289  -0.0002110858   0.0008810660   0.0012479704
       -0.0009386632  -0.0007305865  -0.0035262572   0.0023448478  -0.0001876818
       -0.0236591812   0.0104727676  -0.0072433207   0.0029871997  -0.0001391440
       -0.0004970484  -0.0001041701  -0.0003995028   0.0018370090  -0.0035647742
        0.0000211280  -0.0017364969
        0.0001993769   0.0008749648  -0.0006845451  -0.0051165265   0.0407842552
       -0.0028072639  -0.0951845934   0.0994919836  -0.0005182450   0.1039919826
       -0.0923674667   0.0136801591   0.0009301358  -0.0453779543  -0.0095834491
       -0.0020435610  -0.0054927472  -0.0001706343  -0.0000385462  -0.0001337540
        0.0001033462   0.0006673718  -0.0000614021  -0.0006236272   0.0000121999
        0.0001635845   0.0001066926  -0.0067337686   0.0048607244  -0.0015198813
        0.0012316837   0.0001467566   0.0012976359   0.0010007103  -0.0006005978
       -0.0000437924   0.0001562887  -0.0013482884   0.0004123403   0.0009272460
       -0.0009400587   0.0003512642
       -0.0021371331  -0.0014665358   0.0024776994   0.0149277757  -0.0414965616
       -0.0011860295   0.1134405924  -0.6897592754  -0.0163923490  -0.0923674667
        0.8285370890   0.0338007752  -0.0393579587  -0.0942470506  -0.0190898947
        0.0019132432  -0.0023051193   0.0004250727   0.0004681638   0.0004999324
       -0.0010583596   0.0008198842   0.0010695652  -0.0004989789  -0.0000111044
       -0.0003048392  -0.0000991213   0.0066880897  -0.0033632394   0.0014867723
       -0.0020425435   0.0001974346   0.0004021830  -0.0000954412   0.0010784126
       -0.0002768760  -0.0018850573   0.0006991300  -0.0002492011  -0.0003610439
        0.0008610575   0.0002583074
       -0.0017129399   0.0014899300   0.0000039347  -0.0043193294   0.0057660258
        0.0138441588   0.0006643936  -0.0179345922  -0.0664680109   0.0136801591
        0.0338007752   0.0329673576  -0.0093428720  -0.0211177323   0.0203155617
        0.0003236453  -0.0016005609  -0.0022865412  -0.0004672265  -0.0002755419
        0.0007396740  -0.0004386943  -0.0001036371  -0.0002638379  -0.0001646734
        0.0002716916   0.0002182927  -0.0009761918   0.0008646099   0.0009893031
        0.0019647474  -0.0007604193   0.0011506611   0.0002797325  -0.0008625494
        0.0000554012   0.0003709093  -0.0001577060  -0.0015790833   0.0001383402
        0.0006197065   0.0003131285
       -0.0017746986   0.0012336169  -0.0023232615  -0.0477493603  -0.0143233234
       -0.0143747790  -0.1528646832  -0.0757264084  -0.0331505992   0.0009301358
       -0.0393579587  -0.0093428720   0.4411267112   0.0307008226   0.1057466866
       -0.1607680119   0.0640333058  -0.0245867117  -0.0009870185   0.0000810524
        0.0010278632   0.0004035529  -0.0000712125  -0.0003406987   0.0003883602
        0.0002766973   0.0005091985   0.0002990249  -0.0002947131  -0.0002149469
       -0.0053344531   0.0023453583  -0.0016283223  -0.0374441648   0.0098356014
       -0.0027080972  -0.0158910555   0.0146200356  -0.0036169206  -0.0203343391
        0.0066471258  -0.0149965393
        0.0013418358   0.0003773007  -0.0013337945   0.0003905673   0.0075724205
        0.0022574606  -0.0597715066  -0.1628214112  -0.0242230575  -0.0453779543
       -0.0942470506  -0.0211177323   0.0307008226   0.3648205715   0.0292758196
        0.0483918204  -0.1077129422   0.0097297649  -0.0002342825  -0.0000759785
        0.0000974352   0.0004925421   0.0000798963  -0.0003147565  -0.0000803640
        0.0000725355   0.0005925402   0.0004801117   0.0015388052  -0.0005101584
        0.0020744673  -0.0000493541   0.0007922647  -0.0084405481   0.0063838748
       -0.0044016743   0.0347938967  -0.0202317566   0.0080994097  -0.0047614083
        0.0042930887   0.0010564785
       -0.0006956165   0.0004343163  -0.0014077444  -0.0142347966  -0.0034953150
        0.0023159787  -0.0330429236  -0.0291477894  -0.0595319440  -0.0095834491
       -0.0190898947   0.0203155617   0.1057466866   0.0292758196   0.0973397937
       -0.0256070799   0.0144510195  -0.0631765138  -0.0003089873  -0.0000461293
        0.0006760022   0.0001687083  -0.0000159585  -0.0000927033  -0.0002409153
        0.0002531099   0.0006475086   0.0008694324  -0.0003262129  -0.0006033012
       -0.0012080190   0.0005194847  -0.0003037644   0.0119737596  -0.0060672260
        0.0088758937  -0.0014170514   0.0020835039   0.0014989396  -0.0324197484
        0.0111712719  -0.0065537073
       -0.0004871690   0.0000595134   0.0000903053  -0.0010985792  -0.0032895590
       -0.0037328760  -0.0437749457  -0.0067606593  -0.0122554086  -0.0020435610
        0.0019132432   0.0003236453  -0.1607680119   0.0483918204  -0.0256070799
        0.4279661511   0.0455716112  -0.0194149393   0.0000568945  -0.0001167178
        0.0002443433  -0.0000565293   0.0002103052  -0.0000746437  -0.0001204947
        0.0000023344  -0.0000035348  -0.0000505101  -0.0004656929   0.0000209045
       -0.0018378188   0.0006914144   0.0001033189  -0.1334491874  -0.0688700656
        0.0974943976  -0.0383264563  -0.0026681593   0.0014760531  -0.0460097821
       -0.0146693882  -0.0386644857
       -0.0001604483   0.0001440920  -0.0000954546  -0.0029800575  -0.0012393794
       -0.0012894340  -0.0127730618   0.0206406660  -0.0017697016  -0.0054927472
       -0.0023051193  -0.0016005609   0.0640333058  -0.1077129422   0.0144510195
        0.0455716112   0.5068343901   0.0118538030  -0.0000627623   0.0000601083
        0.0000662273   0.0000384200  -0.0000711155  -0.0000443246   0.0000761714
        0.0000504818   0.0001041709   0.0001961348   0.0001447968  -0.0000187450
       -0.0006419432   0.0003337840  -0.0003289562  -0.0663391294  -0.0866127556
        0.0646730432  -0.0083887551  -0.2708273211  -0.0256193251  -0.0130767384
       -0.0594396859  -0.0603817619
       -0.0018855673   0.0005985022  -0.0002021665  -0.0018183284  -0.0011198771
        0.0061305679  -0.0121939127  -0.0002101263  -0.0051240580  -0.0001706343
        0.0004250727  -0.0022865412  -0.0245867117   0.0097297649  -0.0631765138
       -0.0194149393   0.0118538030   0.5028386664  -0.0003654027  -0.0000787807
        0.0003577688   0.0000696626   0.0001282430  -0.0000738968   0.0000495764
       -0.0000698059  -0.0003060998  -0.0000907215  -0.0001816842   0.0001329707
        0.0005219487  -0.0002670273   0.0002689869   0.0949282771   0.0645590432
       -0.1390742428   0.0008914918  -0.0239940586  -0.0468734381  -0.0359347388
       -0.0613730689  -0.2526120039
       -0.2299195316   0.0927568817  -0.0450140375  -0.0217896628   0.0085137841
        0.0017562181  -0.0012548301  -0.0010742534   0.0043538768  -0.0000385462
        0.0004681638  -0.0004672265  -0.0009870185  -0.0002342825  -0.0003089873
        0.0000568945  -0.0000627623  -0.0003654027   0.2660922358  -0.1075959004
        0.0482561480   0.0019934407   0.0008330308  -0.0004039583  -0.0152605320
        0.0063203856  -0.0069025204   0.0002061276  -0.0000143743  -0.0004569084
        0.0008299907   0.0000734315  -0.0004483230   0.0000308799  -0.0000166596
        0.0000276519   0.0001041494  -0.0000180170   0.0000114665  -0.0000635973
        0.0000505722  -0.0000379972
        0.0928211845  -0.0902514092   0.0204746320  -0.0026446529   0.0019556884
       -0.0005245920  -0.0000108404  -0.0000277840   0.0004503312  -0.0001337540
        0.0004999324  -0.0002755419   0.0000810524  -0.0000759785  -0.0000461293
       -0.0001167178   0.0000601083  -0.0000787807  -0.1075959004   0.1001906995
       -0.0246782671   0.0291961158  -0.0184527293   0.0083068685  -0.0113901079
        0.0057134286  -0.0034891439  -0.0005001603   0.0004175171  -0.0000256940
        0.0003077490  -0.0000438655  -0.0001143257   0.0000225070   0.0000073787
       -0.0000043976  -0.0000281058   0.0000081905   0.0000129097  -0.0000083691
       -0.0000011770  -0.0000078691
       -0.0449495059   0.0205330877  -0.0518848783   0.0234113112  -0.0097515571
        0.0006550953   0.0018637780   0.0016110578  -0.0043408702   0.0001033462
       -0.0010583596   0.0007396740   0.0010278632   0.0000974352   0.0006760022
        0.0002443433   0.0000662273   0.0003577688   0.0482561480  -0.0246782671
        0.0608418381  -0.0047005082   0.0027488870  -0.0004647241  -0.0254410815
        0.0109450873  -0.0078387011  -0.0002067749  -0.0002533781   0.0004600031
        0.0003826216  -0.0002337065   0.0007783866  -0.0000565179  -0.0000106751
        0.0000114619  -0.0000529820   0.0000043944  -0.0000379910   0.0001179590
       -0.0000202333   0.0000469348
       -0.0481263203  -0.0317281998   0.0030617888  -0.0050266156  -0.0188409261
        0.0056952077  -0.0007161909  -0.0029639628   0.0002945289   0.0006673718
        0.0008198842  -0.0004386943   0.0004035529   0.0004925421   0.0001687083
       -0.0000565293   0.0000384200   0.0000696626   0.0019934407   0.0291961158
       -0.0047005082   0.0544162415   0.0387227134  -0.0073223097  -0.0018014515
       -0.0150651349   0.0000955961  -0.0022471708  -0.0009064587   0.0036246376
        0.0004973631   0.0002271522  -0.0005451582   0.0000423918   0.0000256670
       -0.0000239581  -0.0000696755   0.0000157336   0.0000173496   0.0000235920
       -0.0000335462   0.0000031489
       -0.0321436299  -0.2782569817   0.0357588605  -0.0038335946  -0.0061536179
        0.0041197866  -0.0002702779  -0.0006678097  -0.0002110858  -0.0000614021
        0.0010695652  -0.0001036371  -0.0000712125   0.0000798963  -0.0000159585
        0.0002103052  -0.0000711155   0.0001282430   0.0008330308  -0.0184527293
        0.0027488870   0.0387227134   0.3186659209  -0.0429359172  -0.0031071962
       -0.0175347088  -0.0006157566  -0.0005774239   0.0008258865   0.0013095011
        0.0002836383   0.0004744255  -0.0001767863   0.0000246524   0.0000011706
       -0.0000180130  -0.0000188015   0.0000544019   0.0000191061   0.0000091985
       -0.0000343040  -0.0000072298
        0.0028240245   0.0351541017  -0.0492368088   0.0063726130   0.0239418334
       -0.0065525209   0.0003832505   0.0012355206   0.0008810660  -0.0006236272
       -0.0004989789  -0.0002638379  -0.0003406987  -0.0003147565  -0.0000927033
       -0.0000746437  -0.0000443246  -0.0000738968  -0.0004039583   0.0083068685
       -0.0004647241  -0.0073223097  -0.0429359172   0.0566553403  -0.0043789896
       -0.0267669543   0.0025081887   0.0037123698   0.0011812311  -0.0037490013
       -0.0001337478   0.0007313309   0.0003821586  -0.0000156573   0.0000050212
       -0.0000079687   0.0000227378   0.0000046158   0.0000209921  -0.0000213635
        0.0000004083  -0.0000062839
       -0.0826805492  -0.0395551316  -0.0805570807   0.0061496280   0.0073464374
        0.0160867853   0.0007897542   0.0001941442   0.0012479704   0.0000121999
       -0.0000111044  -0.0001646734   0.0003883602  -0.0000803640  -0.0002409153
       -0.0001204947   0.0000761714   0.0000495764  -0.0152605320  -0.0113901079
       -0.0254410815  -0.0018014515  -0.0031071962  -0.0043789896   0.0935944756
        0.0463220772   0.0897901704   0.0005795189   0.0003725623  -0.0001605782
       -0.0016858653  -0.0001387691   0.0038076862   0.0000571315  -0.0000021846
       -0.0000192495   0.0000172965  -0.0000116177   0.0000100932  -0.0000394720
       -0.0000149170  -0.0000297137
       -0.0395511413  -0.0871716892  -0.0823108772   0.0018726005   0.0018020879
        0.0019619331  -0.0002042572   0.0001422561  -0.0009386632   0.0001635845
       -0.0003048392   0.0002716916   0.0002766973   0.0000725355   0.0002531099
        0.0000023344   0.0000504818  -0.0000698059   0.0063203856   0.0057134286
        0.0109450873  -0.0150651349  -0.0175347088  -0.0267669543   0.0463220772
        0.0957766829   0.0950421278   0.0002375210   0.0005422596   0.0007848624
       -0.0003846622   0.0009248951   0.0008214200  -0.0000301592  -0.0000234005
        0.0000340734   0.0000120620  -0.0000411632  -0.0000415568   0.0000280923
        0.0000511734   0.0000135520
       -0.0804556083  -0.0814061514  -0.2044556425  -0.0050489703  -0.0098316995
       -0.0250739393  -0.0011596747  -0.0007820212  -0.0007305865   0.0001066926
       -0.0000991213   0.0002182927   0.0005091985   0.0005925402   0.0006475086
       -0.0000035348   0.0001041709  -0.0003060998  -0.0069025204  -0.0034891439
       -0.0078387011   0.0000955961  -0.0006157566   0.0025081887   0.0897901704
        0.0950421278   0.2388191678  -0.0006346451  -0.0001970249   0.0005417023
        0.0038397693   0.0006520182  -0.0043218980  -0.0000304499  -0.0000340575
        0.0000071793  -0.0000671920   0.0000244421  -0.0000492421  -0.0000388315
        0.0000396771   0.0000340700
       -0.0048130923  -0.0187734272   0.0059307906  -0.0493824144  -0.0439215126
        0.0023542179   0.0052543449   0.0227456335  -0.0035262572  -0.0067337686
        0.0066880897  -0.0009761918   0.0002990249   0.0004801117   0.0008694324
       -0.0000505101   0.0001961348  -0.0000907215   0.0002061276  -0.0005001603
       -0.0002067749  -0.0022471708  -0.0005774239   0.0037123698   0.0005795189
        0.0002375210  -0.0006346451   0.0585844740   0.0475897136  -0.0077524654
       -0.0020268252  -0.0140765077   0.0001946834   0.0000418954  -0.0000030172
        0.0000480213   0.0001906281  -0.0000732797   0.0000511961   0.0000977676
       -0.0000118758   0.0000263444
       -0.0032702381  -0.0056328367   0.0036027656  -0.0422054347  -0.2692139758
        0.0303268052  -0.0011259930  -0.0197333797   0.0023448478   0.0048607244
       -0.0033632394   0.0008646099  -0.0002947131   0.0015388052  -0.0003262129
       -0.0004656929   0.0001447968  -0.0001816842  -0.0000143743   0.0004175171
       -0.0002533781  -0.0009064587   0.0008258865   0.0011812311   0.0003725623
        0.0005422596  -0.0001970249   0.0475897136   0.3100015217  -0.0365809390
       -0.0040019424  -0.0157507593  -0.0006363402  -0.0001127041   0.0000613017
       -0.0000394038  -0.0002405861   0.0001084720  -0.0000403790  -0.0001848631
        0.0000536305  -0.0000648975
        0.0072385466   0.0230800827  -0.0061795730   0.0020200258   0.0293216730
       -0.0473621455   0.0022458588   0.0060742122  -0.0001876818  -0.0015198813
        0.0014867723   0.0009893031  -0.0002149469  -0.0005101584  -0.0006033012
        0.0000209045  -0.0000187450   0.0001329707  -0.0004569084  -0.0000256940
        0.0004600031   0.0036246376   0.0013095011  -0.0037490013  -0.0001605782
        0.0007848624   0.0005417023  -0.0077524654  -0.0365809390   0.0539520554
       -0.0052286404  -0.0248933002   0.0019974683   0.0000665910   0.0000017117
        0.0000281753   0.0000930201  -0.0000482616   0.0000036555   0.0000238361
        0.0000182825  -0.0000236308
        0.0063753979   0.0063037178   0.0163969301  -0.0792913216  -0.0396978031
       -0.0850757977  -0.0149982603  -0.0075291922  -0.0236591812   0.0012316837
       -0.0020425435   0.0019647474  -0.0053344531   0.0020744673  -0.0012080190
       -0.0018378188  -0.0006419432   0.0005219487   0.0008299907   0.0003077490
        0.0003826216   0.0004973631   0.0002836383  -0.0001337478  -0.0016858653
       -0.0003846622   0.0038397693  -0.0020268252  -0.0040019424  -0.0052286404
        0.0964234271   0.0453122951   0.0922096871  -0.0003746974   0.0001215968
       -0.0001163568   0.0001055541  -0.0001102204  -0.0000164406   0.0000858251
        0.0000048428   0.0001224793
        0.0009822936   0.0021938302   0.0016035624  -0.0391993815  -0.0850010919
       -0.0771580516   0.0036085073   0.0058758381   0.0104727676   0.0001467566
        0.0001974346  -0.0007604193   0.0023453583  -0.0000493541   0.0005194847
        0.0006914144   0.0003337840  -0.0002670273   0.0000734315  -0.0000438655
       -0.0002337065   0.0002271522   0.0004744255   0.0007313309  -0.0001387691
        0.0009248951   0.0006520182  -0.0140765077  -0.0157507593  -0.0248933002
        0.0453122951   0.0908185985   0.0893289901   0.0001398026  -0.0000478409
        0.0000188532  -0.0001037481   0.0000915142  -0.0000192386  -0.0000086051
       -0.0000174086   0.0000047366
       -0.0054733776  -0.0092407846  -0.0260133894  -0.0831964867  -0.0768368683
       -0.1967818592  -0.0063566513  -0.0039938763  -0.0072433207   0.0012976359
        0.0004021830   0.0011506611  -0.0016283223   0.0007922647  -0.0003037644
        0.0001033189  -0.0003289562   0.0002689869  -0.0004483230  -0.0001143257
        0.0007783866  -0.0005451582  -0.0001767863   0.0003821586   0.0038076862
        0.0008214200  -0.0043218980   0.0001946834  -0.0006363402   0.0019974683
        0.0922096871   0.0893289901   0.2300721426  -0.0000668392   0.0000211710
       -0.0000166309   0.0000223716  -0.0000425874  -0.0000173255   0.0000797752
        0.0000044962   0.0000483841
        0.0002455556  -0.0000368048  -0.0000232199  -0.0005965405  -0.0004529332
       -0.0016076276  -0.0039872315   0.0033333137   0.0029871997   0.0010007103
       -0.0000954412   0.0002797325  -0.0374441648  -0.0084405481   0.0119737596
       -0.1334491874  -0.0663391294   0.0949282771   0.0000308799   0.0000225070
       -0.0000565179   0.0000423918   0.0000246524  -0.0000156573   0.0000571315
       -0.0000301592  -0.0000304499   0.0000418954  -0.0001127041   0.0000665910
       -0.0003746974   0.0001398026  -0.0000668392   0.1713425809   0.0746826395
       -0.1105712127  -0.0005132679  -0.0034601980   0.0024105323   0.0036039441
        0.0007650029  -0.0002745677
       -0.0000415404   0.0000134082   0.0000262925   0.0002527616   0.0001687083
        0.0006654543   0.0001394518  -0.0022101826  -0.0001391440  -0.0006005978
        0.0010784126  -0.0008625494   0.0098356014   0.0063838748  -0.0060672260
       -0.0688700656  -0.0866127556   0.0645590432  -0.0000166596   0.0000073787
       -0.0000106751   0.0000256670   0.0000011706   0.0000050212  -0.0000021846
       -0.0000234005  -0.0000340575  -0.0000030172   0.0000613017   0.0000017117
        0.0001215968  -0.0000478409   0.0000211710   0.0746826395   0.0933718649
       -0.0734790739  -0.0199562030  -0.0159898975   0.0210129969   0.0044325501
        0.0037979573  -0.0056989650
       -0.0000003304  -0.0000258257   0.0000033696  -0.0003030145  -0.0001735363
       -0.0003794228  -0.0017603729   0.0004030069  -0.0004970484  -0.0000437924
       -0.0002768760   0.0000554012  -0.0027080972  -0.0044016743   0.0088758937
        0.0974943976   0.0646730432  -0.1390742428   0.0000276519  -0.0000043976
        0.0000114619  -0.0000239581  -0.0000180130  -0.0000079687  -0.0000192495
        0.0000340734   0.0000071793   0.0000480213  -0.0000394038   0.0000281753
       -0.0001163568   0.0000188532  -0.0000166309  -0.1105712127  -0.0734790739
        0.1539185013  -0.0010755640  -0.0003907240   0.0016745414   0.0190518778
        0.0136805481  -0.0245992100
        0.0000666664  -0.0001205599   0.0001221149   0.0006954826  -0.0004152843
        0.0000261081   0.0000067341   0.0050696513  -0.0001041701   0.0001562887
       -0.0018850573   0.0003709093  -0.0158910555   0.0347938967  -0.0014170514
       -0.0383264563  -0.0083887551   0.0008914918   0.0001041494  -0.0000281058
       -0.0000529820  -0.0000696755  -0.0000188015   0.0000227378   0.0000172965
        0.0000120620  -0.0000671920   0.0001906281  -0.0002405861   0.0000930201
        0.0001055541  -0.0001037481   0.0000223716  -0.0005132679  -0.0199562030
       -0.0010755640   0.0522930369  -0.0039291733   0.0015438831   0.0011646185
       -0.0047893356  -0.0003756773
       -0.0001096334   0.0000169774   0.0000382695   0.0000332959  -0.0005651787
       -0.0000768035  -0.0010104286   0.0005337582  -0.0003995028  -0.0013482884
        0.0006991300  -0.0001577060   0.0146200356  -0.0202317566   0.0020835039
       -0.0026681593  -0.2708273211  -0.0239940586  -0.0000180170   0.0000081905
        0.0000043944   0.0000157336   0.0000544019   0.0000046158  -0.0000116177
       -0.0000411632   0.0000244421  -0.0000732797   0.0001084720  -0.0000482616
       -0.0001102204   0.0000915142  -0.0000425874  -0.0034601980  -0.0159898975
       -0.0003907240  -0.0039291733   0.3165877661   0.0265682727  -0.0019300495
       -0.0104448932  -0.0036138546
        0.0000134012  -0.0000424451   0.0000463220   0.0001894269  -0.0001689703
        0.0000451276  -0.0006151481   0.0011718641   0.0018370090   0.0004123403
       -0.0002492011  -0.0015790833  -0.0036169206   0.0080994097   0.0014989396
        0.0014760531  -0.0256193251  -0.0468734381   0.0000114665   0.0000129097
       -0.0000379910   0.0000173496   0.0000191061   0.0000209921   0.0000100932
       -0.0000415568  -0.0000492421   0.0000511961  -0.0000403790   0.0000036555
       -0.0000164406  -0.0000192386  -0.0000173255   0.0024105323   0.0210129969
        0.0016745414   0.0015438831   0.0265682727   0.0491957777  -0.0018872329
       -0.0307034432  -0.0057652849
       -0.0004016031   0.0000938639  -0.0001233329  -0.0011556515  -0.0004492702
        0.0010680854  -0.0021870005   0.0036319834  -0.0035647742   0.0009272460
       -0.0003610439   0.0001383402  -0.0203343391  -0.0047614083  -0.0324197484
       -0.0460097821  -0.0130767384  -0.0359347388  -0.0000635973  -0.0000083691
        0.0001179590   0.0000235920   0.0000091985  -0.0000213635  -0.0000394720
        0.0000280923  -0.0000388315   0.0000977676  -0.0001848631   0.0000238361
        0.0000858251  -0.0000086051   0.0000797752   0.0036039441   0.0044325501
        0.0190518778   0.0011646185  -0.0019300495  -0.0018872329   0.0642884525
        0.0125846596   0.0535101484
        0.0001622961  -0.0000552366   0.0000234058   0.0004403105   0.0001996798
       -0.0005203299  -0.0001956884  -0.0021455857   0.0000211280  -0.0009400587
        0.0008610575   0.0006197065   0.0066471258   0.0042930887   0.0111712719
       -0.0146693882  -0.0594396859  -0.0613730689   0.0000505722  -0.0000011770
       -0.0000202333  -0.0000335462  -0.0000343040   0.0000004083  -0.0000149170
        0.0000511734   0.0000396771  -0.0000118758   0.0000536305   0.0000182825
        0.0000048428  -0.0000174086   0.0000044962   0.0007650029   0.0037979573
        0.0136805481  -0.0047893356  -0.0104448932  -0.0307034432   0.0125846596
        0.0628817038   0.0670381509
       -0.0000969012   0.0000477456  -0.0000992706  -0.0001960214  -0.0000086517
        0.0004618234   0.0006585182   0.0013642585  -0.0017364969   0.0003512642
        0.0002583074   0.0003131285  -0.0149965393   0.0010564785  -0.0065537073
       -0.0386644857  -0.0603817619  -0.2526120039  -0.0000379972  -0.0000078691
        0.0000469348   0.0000031489  -0.0000072298  -0.0000062839  -0.0000297137
        0.0000135520   0.0000340700   0.0000263444  -0.0000648975  -0.0000236308
        0.0001224793   0.0000047366   0.0000483841  -0.0002745677  -0.0056989650
       -0.0245992100  -0.0003756773  -0.0036138546  -0.0057652849   0.0535101484
        0.0670381509   0.2904915476
