           1           2  0.99642275567381355     
           2           3  0.96938817681101963     
           3           4   1.7552921084845112     
           3           5   1.1321529498394307     
           4           5  0.17592741601261619     
           5           6  0.95622099131801419     
           1           7  0.98436740789031074     
           1           8  0.98669174230286616     
           1           9  0.98829940047834075     
           2          10  0.97558628462436003     
           2          11  0.96440482270430006     
           6          12  0.97822109253200296     
           6          13  0.97382876393224438     
           6          14  0.97772504957900663     
