$hessian                                                                        
        0.4773459095   0.0242644963  -0.0000499813  -0.1741524106   0.0615128326
        0.0000378838  -0.0353438841   0.0114036160   0.0000146243  -0.0016893628
       -0.0049300445   0.0000031602  -0.0018308318   0.0009648888  -0.0000040564
        0.0038179976  -0.0008038779   0.0000077925  -0.0055924798   0.0101422551
        0.0000106528   0.0002926921  -0.0007358135  -0.0000091049  -0.0517951157
       -0.0459350177  -0.0000521856  -0.1059627632  -0.0288136326   0.1031018935
       -0.1057476195  -0.0284566846  -0.1030706631   0.0010660810   0.0014627328
       -0.0000019832  -0.0013570867   0.0006358981  -0.0000010357  -0.0000098038
       -0.0001103060  -0.0000006224   0.0002128709  -0.0001197807   0.0000172128
        0.0002031531  -0.0001213682  -0.0000200916   0.0005426540  -0.0003601939
        0.0000165044
        0.0242644963   0.5152171151  -0.0000004762   0.0693649228  -0.1057571878
       -0.0000307612  -0.0082579139   0.0056077603  -0.0000048855  -0.0024782126
       -0.0009921436  -0.0000071296   0.0007043494   0.0004854411   0.0000035471
       -0.0020202221  -0.0055267947  -0.0000063935   0.0264439550  -0.0206999323
       -0.0000058834   0.0002619255   0.0007655832  -0.0000110410  -0.0461450320
       -0.2765628984  -0.0003299708  -0.0312794863  -0.0557759242   0.0454524483
       -0.0309371959  -0.0554966913  -0.0450692442  -0.0020832740   0.0012580717
        0.0000039302  -0.0006755536   0.0002558245   0.0000006298   0.0014842712
       -0.0009310098   0.0000006757   0.0004596012  -0.0000904029  -0.0000935401
        0.0004687555  -0.0000974678   0.0000992795   0.0004246135  -0.0016593431
       -0.0000011851
       -0.0000499813  -0.0000004762   0.4903955444   0.0000745661  -0.0000425140
       -0.0612218245  -0.0000023527  -0.0000039277   0.0048665787   0.0000049774
       -0.0000087840   0.0089535675   0.0000015868   0.0000065463  -0.0046230604
       -0.0000039410  -0.0000063820   0.0083323377   0.0000201762  -0.0000080686
        0.0019513390  -0.0000177299   0.0000086917  -0.0027299507  -0.0000575140
       -0.0003318568  -0.0449657100   0.1060430707   0.0440517965  -0.1986725818
       -0.1060236618  -0.0436412473  -0.1990715750  -0.0000021130  -0.0000001014
       -0.0025782946   0.0000005166   0.0000000025  -0.0005710804   0.0000019907
        0.0000002887  -0.0005452505   0.0004792068   0.0000438525   0.0000143714
       -0.0004688044  -0.0000383199   0.0000120886   0.0000000067  -0.0000295004
        0.0004535009
       -0.1741524106   0.0693649228   0.0000745661   0.6358276555   0.0068957167
       -0.0000688274  -0.2611448125  -0.1354860038  -0.0000068419  -0.0674554513
        0.0328978374   0.0000125614  -0.0091616708  -0.0367050081  -0.0000090869
        0.0237319391   0.0290649373   0.0000099299  -0.0893966570   0.0421045387
        0.0000015936  -0.0007599148  -0.0242841388   0.0000007751   0.0026651001
        0.0022268133  -0.0000055482  -0.0222848198   0.0077528251   0.0039509869
       -0.0222688176   0.0077444859  -0.0039556642  -0.0017244907  -0.0023954868
       -0.0000003214  -0.0038870743   0.0028159495   0.0000011539  -0.0047474706
        0.0032585504   0.0000046880  -0.0026073436  -0.0023515899   0.0001472800
       -0.0026526388  -0.0023731361  -0.0001426278   0.0000188777  -0.0005312137
       -0.0000146170
        0.0615128326  -0.1057571878  -0.0000425140   0.0068957167   0.6296699953
        0.0001456592  -0.0576548339  -0.1483204105  -0.0000131516  -0.0294329606
        0.0641317882   0.0000235119  -0.0355340723  -0.0548694948  -0.0000192072
        0.0872851857  -0.0276293090   0.0000006843  -0.0309346003  -0.2999736120
       -0.0000855457  -0.0057203719  -0.0220045175   0.0000169708   0.0256783077
       -0.0215450539  -0.0000121355  -0.0020234121   0.0042308671  -0.0013306009
       -0.0019574405   0.0041963878   0.0013447497  -0.0248132371  -0.0198697263
       -0.0000070801   0.0035744251  -0.0008957492  -0.0000014773   0.0024649406
       -0.0005953186   0.0000003593  -0.0006249388  -0.0008184926  -0.0002136155
       -0.0006782652  -0.0008397826   0.0001854481   0.0019627243   0.0008896163
        0.0000079446
        0.0000378838  -0.0000307612  -0.0612218245  -0.0000688274   0.0001456592
        0.1505417751   0.0000256016  -0.0000083289  -0.0495085798  -0.0000068648
        0.0000192637  -0.0000070371  -0.0000140900  -0.0000142231  -0.0062197753
        0.0000327434  -0.0000069363   0.0002552840  -0.0000044383  -0.0000691554
       -0.0526266397  -0.0000202744   0.0000131866   0.0022425834   0.0000365794
       -0.0000270853   0.0003714788   0.0215598781  -0.0121567151  -0.0001422782
       -0.0215825943   0.0121783047  -0.0001264799  -0.0000056850  -0.0000053446
        0.0010479491   0.0000008669  -0.0000019635   0.0080478644   0.0000005777
       -0.0000041049   0.0080428409   0.0007157803   0.0005821263  -0.0004466247
       -0.0007113850  -0.0006071658  -0.0004349874   0.0000042481  -0.0000067562
        0.0001844510
       -0.0353438841  -0.0082579139  -0.0000023527  -0.2611448125  -0.0576548339
        0.0000256016   0.6430973773  -0.0099988762  -0.0000430490  -0.2642981797
        0.0550142531   0.0000108198   0.0305048009   0.0973365478   0.0000301583
       -0.0662351431  -0.0073567754  -0.0000075991   0.0289604661  -0.0761346937
       -0.0000278729   0.0008108522   0.0015317232  -0.0000098826   0.0006994148
       -0.0022195396  -0.0000019824  -0.0027249467   0.0009985254  -0.0001618199
       -0.0027155493   0.0009983001   0.0001670074  -0.0431088825  -0.0046142312
        0.0000036491  -0.0273263972   0.0105484458   0.0000047773  -0.0003670393
       -0.0001160729  -0.0000052547  -0.0003939162  -0.0001760795  -0.0002274902
       -0.0003915405  -0.0001787170   0.0002430240  -0.0000226200   0.0002799380
        0.0000022660
        0.0114036160   0.0056077603  -0.0000039277  -0.1354860038  -0.1483204105
       -0.0000083289  -0.0099988762   0.6763326224   0.0001335089   0.1350338275
       -0.1459380948  -0.0000285680   0.0289163653  -0.0600606011  -0.0000160839
        0.0048059598   0.0044440569   0.0000052090  -0.0267682870  -0.0342473176
        0.0000015627   0.0006407007  -0.0046088565  -0.0000160534   0.0026482713
        0.0010390662   0.0000000693   0.0023932455  -0.0007848721  -0.0002226983
        0.0023900874  -0.0007825032   0.0002235794  -0.0040617060  -0.2985627076
       -0.0000692885  -0.0109849823   0.0056486204  -0.0000016102  -0.0001399527
        0.0013414985   0.0000003003  -0.0005838775  -0.0006015043  -0.0001783088
       -0.0006025493  -0.0006169903   0.0001815856   0.0003941613   0.0001102332
       -0.0000009475
        0.0000146243  -0.0000048855   0.0048665787  -0.0000068419  -0.0000131516
       -0.0495085798  -0.0000430490   0.0001335089   0.1110383185   0.0000391555
       -0.0000255104  -0.0510164830  -0.0000026816  -0.0000213194   0.0181878370
        0.0000110174   0.0000059741  -0.0081087482  -0.0000120573  -0.0000037211
       -0.0026607144   0.0000011639   0.0000003150   0.0084800285   0.0000000310
        0.0000020306  -0.0001430226   0.0001628950  -0.0002279083  -0.0002247882
       -0.0001574272   0.0002256297  -0.0002256714   0.0000009191  -0.0000685765
       -0.0335366571  -0.0000029925   0.0000014398   0.0024825814  -0.0000009359
       -0.0000003490   0.0001404724  -0.0013847012  -0.0010798876   0.0000967204
        0.0013698382   0.0010656642   0.0000956312   0.0000110424   0.0000107472
        0.0000364966
       -0.0016893628  -0.0024782126   0.0000049774  -0.0674554513  -0.0294329606
       -0.0000068648  -0.2642981797   0.1350338275   0.0000391555   0.6736098523
        0.0107158422   0.0000015347  -0.1045847229  -0.0009774796  -0.0000026214
        0.0240920397  -0.0389124518  -0.0000060802  -0.0126970677   0.0276195003
        0.0000064195  -0.0000851244  -0.0008945354   0.0000054512   0.0003538812
       -0.0002944196   0.0000002170  -0.0007809057   0.0002340006  -0.0002918466
       -0.0007790077   0.0002298670   0.0002915096   0.0009316872   0.0001681227
       -0.0000024419  -0.2423016596  -0.0973808291  -0.0000350168  -0.0047329674
       -0.0037528098   0.0000018172   0.0000242786   0.0000437528   0.0000097730
        0.0000255913   0.0000506173  -0.0000146483   0.0003671187   0.0000281681
       -0.0000013351
       -0.0049300445  -0.0009921436  -0.0000087840   0.0328978374   0.0641317882
        0.0000192637   0.0550142531  -0.1459380948  -0.0000255104   0.0107158422
        0.6525089419   0.0001161425   0.0481354564  -0.3504471403  -0.0000518386
       -0.0997902413  -0.0606784592  -0.0000243157   0.0385677264  -0.0488723419
       -0.0000047235  -0.0007726563  -0.0010114147  -0.0000033919  -0.0000825419
       -0.0003214688   0.0000006896  -0.0001856869   0.0001326726   0.0001402884
       -0.0001844249   0.0001354683  -0.0001376601   0.0234352115  -0.0175596901
       -0.0000048093  -0.0977413959  -0.0894151272  -0.0000145996  -0.0046089357
       -0.0026232862  -0.0000066787  -0.0003603962   0.0003471307  -0.0004109896
       -0.0003624799   0.0003486790   0.0004159387   0.0002524766   0.0002544862
        0.0000009785
        0.0000031602  -0.0000071296   0.0089535675   0.0000125614   0.0000235119
       -0.0000070371   0.0000108198  -0.0000285680  -0.0510164830   0.0000015347
        0.0001161425   0.1283643681   0.0000169590  -0.0000498912  -0.0562556195
       -0.0000315775  -0.0000162171   0.0039250206   0.0000136092  -0.0000109658
       -0.0081572248  -0.0000005328  -0.0000022891  -0.0004551230  -0.0000002100
        0.0000013696   0.0000070267  -0.0017464208   0.0006457294   0.0001291137
        0.0017479971  -0.0006467754   0.0001278088   0.0000061980  -0.0000041803
       -0.0003458690  -0.0000301226  -0.0000164637  -0.0351289092  -0.0000015005
       -0.0000044047   0.0099120391   0.0001192582   0.0000504596  -0.0000219959
       -0.0001203765  -0.0000502395  -0.0000196112  -0.0000013569  -0.0000000885
       -0.0000110716
       -0.0018308318   0.0007043494   0.0000015868  -0.0091616708  -0.0355340723
       -0.0000140900   0.0305048009   0.0289163653  -0.0000026816  -0.1045847229
        0.0481354564   0.0000169590   0.4941275828   0.0938611833   0.0000352670
       -0.3084256669  -0.1270214188  -0.0000421545  -0.0890035561   0.0215542383
        0.0000183802  -0.0059919382   0.0053741745  -0.0000166105   0.0002200324
       -0.0000113092   0.0000012081   0.0000262989   0.0002798975  -0.0001477095
        0.0000246966   0.0002761507   0.0001474653  -0.0049910313   0.0043613554
       -0.0000007981   0.0003108450  -0.0301136268  -0.0000038304  -0.0002669783
       -0.0093324684  -0.0000016040   0.0006064064  -0.0000313321   0.0000787835
        0.0006286011  -0.0000209120  -0.0000797047  -0.0021928676  -0.0013980313
        0.0000095334
        0.0009648888   0.0004854411   0.0000065463  -0.0367050081  -0.0548694948
       -0.0000142231   0.0973365478  -0.0600606011  -0.0000213194  -0.0009774796
       -0.3504471403  -0.0000498912   0.0938611833   0.6072531214   0.0001171716
       -0.0783421776  -0.1539943971  -0.0000244989  -0.0469433568   0.0622111090
       -0.0000001524   0.0032248367   0.0011421761  -0.0000067600  -0.0000790478
        0.0005132746   0.0000003679  -0.0001105209   0.0002471979  -0.0002021759
       -0.0001113230   0.0002421190   0.0002001786   0.0061233311  -0.0034449863
       -0.0000044157  -0.0086987682  -0.0239802477  -0.0000064887  -0.0306253306
       -0.0242557035  -0.0000035573   0.0004134579  -0.0005922393   0.0001858605
        0.0004220002  -0.0005858630  -0.0001825307   0.0002467667   0.0001362337
        0.0000058885
       -0.0000040564   0.0000035471  -0.0046230604  -0.0000090869  -0.0000192072
       -0.0062197753   0.0000301583  -0.0000160839   0.0181878370  -0.0000026214
       -0.0000518386  -0.0562556195   0.0000352670   0.0001171716   0.0817634810
       -0.0000243353  -0.0000295989  -0.0550602790  -0.0000093932   0.0000187077
        0.0167886482   0.0000001079  -0.0000176262   0.0067184607   0.0000003833
       -0.0000012652  -0.0000016969   0.0007415485  -0.0003923657  -0.0000445505
       -0.0007419601   0.0003949566  -0.0000435450   0.0000014338  -0.0000028036
        0.0081645381  -0.0000011577  -0.0000036278  -0.0049318596  -0.0000075164
       -0.0000037558  -0.0050638231  -0.0007186790  -0.0008962350   0.0001974419
        0.0006913770   0.0008928536   0.0001886267   0.0000185305   0.0000071713
        0.0002351758
        0.0038179976  -0.0020202221  -0.0000039410   0.0237319391   0.0872851857
        0.0000327434  -0.0662351431   0.0048059598   0.0000110174   0.0240920397
       -0.0997902413  -0.0000315775  -0.3084256669  -0.0783421776  -0.0000243353
        0.6511772540   0.0157996036   0.0000058717  -0.2455776233   0.0459439776
       -0.0000016422  -0.0325614238   0.0016278857   0.0000198341  -0.0000848897
       -0.0002706786  -0.0000030451   0.0000420277  -0.0007040481   0.0000870764
        0.0000444198  -0.0006956340  -0.0000876771  -0.0006456087   0.0004206309
        0.0000036358   0.0004464199  -0.0012510512   0.0000006344  -0.0448129460
        0.0260871310   0.0000011512  -0.0006258625   0.0017133165  -0.0009210214
       -0.0006157343   0.0017442848   0.0009132158  -0.0037671994  -0.0023539228
       -0.0000019407
       -0.0008038779  -0.0055267947  -0.0000063820   0.0290649373  -0.0276293090
       -0.0000069363  -0.0073567754   0.0044440569   0.0000059741  -0.0389124518
       -0.0606784592  -0.0000162171  -0.1270214188  -0.1539943971  -0.0000295989
        0.0157996036   0.6656801481   0.0001766639   0.1242524598  -0.1360781577
       -0.0000288882  -0.0143955678   0.0057759250  -0.0000132753   0.0013567256
       -0.0009596053   0.0000001236  -0.0003157053   0.0001386976   0.0001843631
       -0.0003155307   0.0001391425  -0.0001834062  -0.0004526094   0.0013890744
       -0.0000000858  -0.0004596012  -0.0079259116  -0.0000036250   0.0262434906
       -0.2833412787  -0.0000864114  -0.0016771651   0.0002186219   0.0002820624
       -0.0016974036   0.0002339887  -0.0002753243  -0.0033091101  -0.0018857419
        0.0000009634
        0.0000077925  -0.0000063935   0.0083323377   0.0000099299   0.0000006843
        0.0002552840  -0.0000075991   0.0000052090  -0.0081087482  -0.0000060802
       -0.0000243157   0.0039250206  -0.0000421545  -0.0000244989  -0.0550602790
        0.0000058717   0.0001766639   0.1293179391   0.0000367643  -0.0000413715
       -0.0539016752   0.0000183479  -0.0000155020  -0.0003355649  -0.0000017712
        0.0000008796   0.0002347111  -0.0011440548   0.0009172226   0.0000522447
        0.0011449797  -0.0009247072   0.0000496182  -0.0000001552   0.0000002474
       -0.0004634243  -0.0000005943  -0.0000033933   0.0095278209   0.0000017979
       -0.0000857231  -0.0359702788   0.0001781987   0.0002315673   0.0007023965
       -0.0001782226  -0.0002125218   0.0007066211  -0.0000230507   0.0000059530
        0.0007359766
       -0.0055924798   0.0264439550   0.0000201762  -0.0893966570  -0.0309346003
       -0.0000044383   0.0289604661  -0.0267682870  -0.0000120573  -0.0126970677
        0.0385677264   0.0000136092  -0.0890035561  -0.0469433568  -0.0000093932
       -0.2455776233   0.1242524598   0.0000367643   0.6262359895   0.0022675887
       -0.0000999909  -0.1672209008  -0.0670465157  -0.0000711280  -0.0047395393
        0.0026430375  -0.0000011194  -0.0003919279   0.0014786790   0.0003926591
       -0.0003987386   0.0014635262  -0.0003942289  -0.0042375754  -0.0036554278
       -0.0000012308   0.0008544544   0.0006884945  -0.0000002031  -0.0036156905
        0.0043658842  -0.0000113181  -0.0033568628  -0.0072087952   0.0030995453
       -0.0030707664  -0.0070861382  -0.0029629900  -0.0267515243  -0.0125282305
        0.0000053439
        0.0101422551  -0.0206999323  -0.0000080686   0.0421045387  -0.2999736120
       -0.0000691554  -0.0761346937  -0.0342473176  -0.0000037211   0.0276195003
       -0.0488723419  -0.0000109658   0.0215542383   0.0622111090   0.0000187077
        0.0459439776  -0.1360781577  -0.0000413715   0.0022675887   0.6369181777
        0.0000858837  -0.0729568327  -0.1144003886  -0.0000427264   0.0023761496
       -0.0018994330  -0.0000053974  -0.0011522769  -0.0004987622   0.0005999074
       -0.0011530016  -0.0005035319  -0.0006033301  -0.0027100886  -0.0004129067
       -0.0000004123   0.0005500474  -0.0000961989  -0.0000001427   0.0252215999
       -0.0193395273  -0.0000199578  -0.0172969044  -0.0159429420   0.0031403635
       -0.0175020497  -0.0162509843  -0.0030356084   0.0111259523   0.0100867497
       -0.0000040049
        0.0000106528  -0.0000058834   0.0019513390   0.0000015936  -0.0000855457
       -0.0526266397  -0.0000278729   0.0000015627  -0.0026607144   0.0000064195
       -0.0000047235  -0.0081572248   0.0000183802  -0.0000001524   0.0167886482
       -0.0000016422  -0.0000288882  -0.0539016752  -0.0000999909   0.0000858837
        0.1425627823   0.0000473479   0.0000286782  -0.0590722762   0.0000021687
        0.0000003383   0.0010779061  -0.0000371928  -0.0000343982   0.0005918252
        0.0000376282   0.0000274802   0.0005923860   0.0000026113   0.0000005036
        0.0087521202  -0.0000000554  -0.0000002520   0.0002745162   0.0000117367
       -0.0000085700   0.0034053959   0.0195091867   0.0150054561   0.0001427922
       -0.0192796410  -0.0148382538   0.0001782085  -0.0002013304  -0.0001432356
        0.0001006108
        0.0002926921   0.0002619255  -0.0000177299  -0.0007599148  -0.0057203719
       -0.0000202744   0.0008108522   0.0006407007   0.0000011639  -0.0000851244
       -0.0007726563  -0.0000005328  -0.0059919382   0.0032248367   0.0000001079
       -0.0325614238  -0.0143955678   0.0000183479  -0.1672209008  -0.0729568327
        0.0000473479   0.5025492100  -0.0348884786   0.0002457975  -0.0002236521
        0.0003105251   0.0000023633   0.0002384982   0.0000823225   0.0002206902
        0.0002402886   0.0001109222  -0.0002194078  -0.0000264053   0.0003609339
        0.0000010228   0.0000964652   0.0000079174  -0.0000018924   0.0006890189
       -0.0014392259   0.0000068124  -0.0416064880   0.0046143076  -0.0021651757
       -0.0417542874   0.0058059502   0.0036004758  -0.2146868903   0.1147527916
       -0.0017191167
       -0.0007358135   0.0007655832   0.0000086917  -0.0242841388  -0.0220045175
        0.0000131866   0.0015317232  -0.0046088565   0.0000003150  -0.0008945354
       -0.0010114147  -0.0000022891   0.0053741745   0.0011421761  -0.0000176262
        0.0016278857   0.0057759250  -0.0000155020  -0.0670465157  -0.1144003886
        0.0000286782  -0.0348884786   0.4956671498   0.0001181093  -0.0004144369
        0.0001418488  -0.0000007694  -0.0000744917  -0.0004151642   0.0000260748
       -0.0000748690  -0.0004281587  -0.0000305424  -0.0013460470  -0.0007539208
       -0.0000011167   0.0000857897   0.0001894930   0.0000028241   0.0008852251
        0.0009453531   0.0000161655   0.0025097217  -0.1197882939   0.1122651138
        0.0036745781  -0.1232868692  -0.1135000834   0.1140702285  -0.1179299449
        0.0010887702
       -0.0000091049  -0.0000110410  -0.0027299507   0.0000007751   0.0000169708
        0.0022425834  -0.0000098826  -0.0000160534   0.0084800285   0.0000054512
       -0.0000033919  -0.0004551230  -0.0000166105  -0.0000067600   0.0067184607
        0.0000198341  -0.0000132753  -0.0003355649  -0.0000711280  -0.0000427264
       -0.0590722762   0.0002457975   0.0001181093   0.4877710333  -0.0000030018
       -0.0000047320   0.0003059066   0.0002572832  -0.0001630902   0.0000973965
       -0.0002608560   0.0001679007   0.0000807896  -0.0000036459  -0.0000024106
       -0.0001185987  -0.0000001211  -0.0000000421  -0.0019630892   0.0000044716
       -0.0000011169  -0.0016699811   0.0000504952   0.1143149528  -0.1994266106
        0.0015071258  -0.1154550835  -0.1960670214  -0.0017168829   0.0011017896
       -0.0438579826
       -0.0517951157  -0.0461450320  -0.0000575140   0.0026651001   0.0256783077
        0.0000365794   0.0006994148   0.0026482713   0.0000000310   0.0003538812
       -0.0000825419  -0.0000002100   0.0002200324  -0.0000790478   0.0000003833
       -0.0000848897   0.0013567256  -0.0000017712  -0.0047395393   0.0023761496
        0.0000021687  -0.0002236521  -0.0004144369  -0.0000030018   0.0620447460
        0.0512182563   0.0000731465  -0.0040339277  -0.0179946882   0.0015687494
       -0.0040256696  -0.0179692353  -0.0016226056  -0.0011898649  -0.0005301735
        0.0000008330   0.0001015048  -0.0000541293   0.0000001148  -0.0003216468
        0.0001724572  -0.0000000766   0.0000491586  -0.0000512374   0.0000045819
        0.0000517817  -0.0000544174  -0.0000044335   0.0002286863  -0.0000752282
        0.0000030247
       -0.0459350177  -0.2765628984  -0.0003318568   0.0022268133  -0.0215450539
       -0.0000270853  -0.0022195396   0.0010390662   0.0000020306  -0.0002944196
       -0.0003214688   0.0000013696  -0.0000113092   0.0005132746  -0.0000012652
       -0.0002706786  -0.0009596053   0.0000008796   0.0026430375  -0.0018994330
        0.0000003383   0.0003105251   0.0001418488  -0.0000047320   0.0512182563
        0.3210115109   0.0003898669  -0.0044211259  -0.0113096321   0.0022657150
       -0.0044014927  -0.0112313512  -0.0022976666   0.0005444563   0.0008724251
       -0.0000008581  -0.0001363721   0.0001413614  -0.0000001718   0.0002459411
       -0.0001232343   0.0000006442   0.0001091565   0.0001213471  -0.0000869449
        0.0001087468   0.0001208567   0.0000859654   0.0002830224  -0.0000090137
        0.0000037710
       -0.0000521856  -0.0003299708  -0.0449657100  -0.0000055482  -0.0000121355
        0.0003714788  -0.0000019824   0.0000000693  -0.0001430226   0.0000002170
        0.0000006896   0.0000070267   0.0000012081   0.0000003679  -0.0000016969
       -0.0000030451   0.0000001236   0.0002347111  -0.0000011194  -0.0000053974
        0.0010779061   0.0000023633  -0.0000007694   0.0003059066   0.0000731465
        0.0003898669   0.0467924766   0.0074040206   0.0271685232  -0.0016468300
       -0.0074220052  -0.0272157364  -0.0017371427   0.0000023958   0.0000010655
        0.0000961519  -0.0000004292   0.0000001404  -0.0000191848   0.0000004002
        0.0000002567  -0.0001513420   0.0000600482  -0.0000817985   0.0000409177
       -0.0000581720   0.0000790761   0.0000386433   0.0000006872   0.0000056288
       -0.0003002897
       -0.1059627632  -0.0312794863   0.1060430707  -0.0222848198  -0.0020234121
        0.0215598781  -0.0027249467   0.0023932455   0.0001628950  -0.0007809057
       -0.0001856869  -0.0017464208   0.0000262989  -0.0001105209   0.0007415485
        0.0000420277  -0.0003157053  -0.0011440548  -0.0003919279  -0.0011522769
       -0.0000371928   0.0002384982  -0.0000744917   0.0002572832  -0.0040339277
       -0.0044211259   0.0074040206   0.1263606333   0.0338414821  -0.1206896631
        0.0087170947   0.0031628350  -0.0130872843   0.0001261802   0.0002461221
        0.0004646831  -0.0001768563   0.0000838686   0.0000864844   0.0000968087
       -0.0000521568   0.0000695463   0.0000188644   0.0000484145  -0.0000440289
        0.0000617629  -0.0000392878  -0.0000931813   0.0006679785  -0.0001218175
        0.0000524162
       -0.0288136326  -0.0557759242   0.0440517965   0.0077528251   0.0042308671
       -0.0121567151   0.0009985254  -0.0007848721  -0.0002279083   0.0002340006
        0.0001326726   0.0006457294   0.0002798975   0.0002471979  -0.0003923657
       -0.0007040481   0.0001386976   0.0009172226   0.0014786790  -0.0004987622
       -0.0000343982   0.0000823225  -0.0004151642  -0.0001630902  -0.0179946882
       -0.0113096321   0.0271685232   0.0338414821   0.0629724308  -0.0524880004
        0.0031329283   0.0026193457  -0.0064897308   0.0000790013   0.0000078778
       -0.0000649588   0.0000862921  -0.0000468663  -0.0000155074  -0.0000283579
        0.0000212543  -0.0000606678   0.0001282688  -0.0002637516   0.0001027088
       -0.0002384198   0.0002642680   0.0001192107  -0.0003150762  -0.0015396392
       -0.0009118486
        0.1031018935   0.0454524483  -0.1986725818   0.0039509869  -0.0013306009
       -0.0001422782  -0.0001618199  -0.0002226983  -0.0002247882  -0.0002918466
        0.0001402884   0.0001291137  -0.0001477095  -0.0002021759  -0.0000445505
        0.0000870764   0.0001843631   0.0000522447   0.0003926591   0.0005999074
        0.0005918252   0.0002206902   0.0000260748   0.0000973965   0.0015687494
        0.0022657150  -0.0016468300  -0.1206896631  -0.0524880004   0.2289423074
        0.0131259191   0.0065761275  -0.0288093239  -0.0000812404  -0.0001418790
       -0.0000733837  -0.0000419847   0.0000118747   0.0000085164  -0.0000720320
        0.0000112476  -0.0000131140  -0.0002319271   0.0000876485   0.0000164206
       -0.0001971095   0.0001607697   0.0000046419  -0.0005326419  -0.0011311105
       -0.0002156162
       -0.1057476195  -0.0309371959  -0.1060236618  -0.0222688176  -0.0019574405
       -0.0215825943  -0.0027155493   0.0023900874  -0.0001574272  -0.0007790077
       -0.0001844249   0.0017479971   0.0000246966  -0.0001113230  -0.0007419601
        0.0000444198  -0.0003155307   0.0011449797  -0.0003987386  -0.0011530016
        0.0000376282   0.0002402886  -0.0000748690  -0.0002608560  -0.0040256696
       -0.0044014927  -0.0074220052   0.0087170947   0.0031329283   0.0131259191
        0.1261122847   0.0334463854   0.1206725760   0.0001254923   0.0002448027
       -0.0004651092  -0.0001758936   0.0000833577  -0.0000869716   0.0000967268
       -0.0000517591  -0.0000695447   0.0000612276  -0.0000334435   0.0000925914
        0.0000178691   0.0000423820   0.0000418279   0.0006711959  -0.0001194624
       -0.0000533893
       -0.0284566846  -0.0554966913  -0.0436412473   0.0077444859   0.0041963878
        0.0121783047   0.0009983001  -0.0007825032   0.0002256297   0.0002298670
        0.0001354683  -0.0006467754   0.0002761507   0.0002421190   0.0003949566
       -0.0006956340   0.0001391425  -0.0009247072   0.0014635262  -0.0005035319
        0.0000274802   0.0001109222  -0.0004281587   0.0001679007  -0.0179692353
       -0.0112313512  -0.0272157364   0.0031628350   0.0026193457   0.0065761275
        0.0334463854   0.0626726714   0.0520385293   0.0000778490   0.0000070615
        0.0000658630   0.0000858806  -0.0000465867   0.0000160433  -0.0000288533
        0.0000209613   0.0000611186  -0.0002459702   0.0002674264  -0.0001213228
        0.0001268518  -0.0002594492  -0.0000940329  -0.0003266766  -0.0015523116
        0.0008918684
       -0.1030706631  -0.0450692442  -0.1990715750  -0.0039556642   0.0013447497
       -0.0001264799   0.0001670074   0.0002235794  -0.0002256714   0.0002915096
       -0.0001376601   0.0001278088   0.0001474653   0.0002001786  -0.0000435450
       -0.0000876771  -0.0001834062   0.0000496182  -0.0003942289  -0.0006033301
        0.0005923860  -0.0002194078  -0.0000305424   0.0000807896  -0.0016226056
       -0.0022976666  -0.0017371427  -0.0130872843  -0.0064897308  -0.0288093239
        0.1206725760   0.0520385293   0.2294059417   0.0000810376   0.0001415952
       -0.0000734154   0.0000418958  -0.0000118759   0.0000088526   0.0000721354
       -0.0000111634  -0.0000130398   0.0001914429  -0.0001541600   0.0000061172
        0.0002375010  -0.0000978355   0.0000166619   0.0005349600   0.0011379830
       -0.0001879829
        0.0010660810  -0.0020832740  -0.0000021130  -0.0017244907  -0.0248132371
       -0.0000056850  -0.0431088825  -0.0040617060   0.0000009191   0.0009316872
        0.0234352115   0.0000061980  -0.0049910313   0.0061233311   0.0000014338
       -0.0006456087  -0.0004526094  -0.0000001552  -0.0042375754  -0.0027100886
        0.0000026113  -0.0000264053  -0.0013460470  -0.0000036459  -0.0011898649
        0.0005444563   0.0000023958   0.0001261802   0.0000790013  -0.0000812404
        0.0001254923   0.0000778490   0.0000810376   0.0530649364   0.0046253101
       -0.0000025096   0.0007406565   0.0008219629  -0.0000001012  -0.0000157841
        0.0000471222   0.0000000072  -0.0001435873  -0.0001266778  -0.0000195358
       -0.0001479119  -0.0001311131   0.0000194408   0.0001761085  -0.0000294915
        0.0000009424
        0.0014627328   0.0012580717  -0.0000001014  -0.0023954868  -0.0198697263
       -0.0000053446  -0.0046142312  -0.2985627076  -0.0000685765   0.0001681227
       -0.0175596901  -0.0000041803   0.0043613554  -0.0034449863  -0.0000028036
        0.0004206309   0.0013890744   0.0000002474  -0.0036554278  -0.0004129067
        0.0000005036   0.0003609339  -0.0007539208  -0.0000024106  -0.0005301735
        0.0008724251   0.0000010655   0.0002461221   0.0000078778  -0.0001418790
        0.0002448027   0.0000070615   0.0001415952   0.0046253101   0.3364135337
        0.0000802521  -0.0006026939   0.0006423685   0.0000007677  -0.0000159949
        0.0000880955   0.0000003790  -0.0000636469  -0.0000653366  -0.0000441576
       -0.0000670420  -0.0000676211   0.0000438380   0.0000546863   0.0000583874
        0.0000008052
       -0.0000019832   0.0000039302  -0.0025782946  -0.0000003214  -0.0000070801
        0.0010479491   0.0000036491  -0.0000692885  -0.0335366571  -0.0000024419
       -0.0000048093  -0.0003458690  -0.0000007981  -0.0000044157   0.0081645381
        0.0000036358  -0.0000000858  -0.0004634243  -0.0000012308  -0.0000004123
        0.0087521202   0.0000010228  -0.0000011167  -0.0001185987   0.0000008330
       -0.0000008581   0.0000961519   0.0004646831  -0.0000649588  -0.0000733837
       -0.0004651092   0.0000658630  -0.0000734154  -0.0000025096   0.0000802521
        0.0232496077  -0.0000000180   0.0000007657  -0.0019632299  -0.0000002675
        0.0000005368  -0.0022002124  -0.0000537841   0.0000273909   0.0000100092
        0.0000541414  -0.0000262775   0.0000084362   0.0000004985   0.0000005641
        0.0000242726
       -0.0013570867  -0.0006755536   0.0000005166  -0.0038870743   0.0035744251
        0.0000008669  -0.0273263972  -0.0109849823  -0.0000029925  -0.2423016596
       -0.0977413959  -0.0000301226   0.0003108450  -0.0086987682  -0.0000011577
        0.0004464199  -0.0004596012  -0.0000005943   0.0008544544   0.0005500474
       -0.0000000554   0.0000964652   0.0000857897  -0.0000001211   0.0001015048
       -0.0001363721  -0.0000004292  -0.0001768563   0.0000862921  -0.0000419847
       -0.0001758936   0.0000858806   0.0000418958   0.0007406565  -0.0006026939
       -0.0000000180   0.2726601196   0.1146893256   0.0000339354  -0.0001147604
        0.0001574173  -0.0000000518   0.0000408862   0.0000147835   0.0000048494
        0.0000409294   0.0000136452  -0.0000053734   0.0000474472   0.0000417607
        0.0000008367
        0.0006358981   0.0002558245   0.0000000025   0.0028159495  -0.0008957492
       -0.0000019635   0.0105484458   0.0056486204   0.0000014398  -0.0973808291
       -0.0894151272  -0.0000164637  -0.0301136268  -0.0239802477  -0.0000036278
       -0.0012510512  -0.0079259116  -0.0000033933   0.0006884945  -0.0000961989
       -0.0000002520   0.0000079174   0.0001894930  -0.0000000421  -0.0000541293
        0.0001413614   0.0000001404   0.0000838686  -0.0000468663   0.0000118747
        0.0000833577  -0.0000465867  -0.0000118759   0.0008219629   0.0006423685
        0.0000007657   0.1146893256   0.1165237649   0.0000244546  -0.0016202615
       -0.0010405236  -0.0000009784   0.0000603027   0.0000101509  -0.0000298593
        0.0000607606   0.0000114024   0.0000305081  -0.0000763855   0.0000242251
       -0.0000007299
       -0.0000010357   0.0000006298  -0.0005710804   0.0000011539  -0.0000014773
        0.0080478644   0.0000047773  -0.0000016102   0.0024825814  -0.0000350168
       -0.0000145996  -0.0351289092  -0.0000038304  -0.0000064887  -0.0049318596
        0.0000006344  -0.0000036250   0.0095278209  -0.0000002031  -0.0000001427
        0.0002745162  -0.0000018924   0.0000028241  -0.0019630892   0.0000001148
       -0.0000001718  -0.0000191848   0.0000864844  -0.0000155074   0.0000085164
       -0.0000869716   0.0000160433   0.0000088526  -0.0000001012   0.0000007677
       -0.0019632299   0.0000339354   0.0000244546   0.0238071069  -0.0000006168
       -0.0000004769   0.0005499412   0.0002336776   0.0002278819  -0.0000367080
       -0.0002277630  -0.0002258503  -0.0000348046  -0.0000033468  -0.0000026516
       -0.0000583342
       -0.0000098038   0.0014842712   0.0000019907  -0.0047474706   0.0024649406
        0.0000005777  -0.0003670393  -0.0001399527  -0.0000009359  -0.0047329674
       -0.0046089357  -0.0000015005  -0.0002669783  -0.0306253306  -0.0000075164
       -0.0448129460   0.0262434906   0.0000017979  -0.0036156905   0.0252215999
        0.0000117367   0.0006890189   0.0008852251   0.0000044716  -0.0003216468
        0.0002459411   0.0000004002   0.0000968087  -0.0000283579  -0.0000720320
        0.0000967268  -0.0000288533   0.0000721354  -0.0000157841  -0.0000159949
       -0.0000002675  -0.0001147604  -0.0016202615  -0.0000006168   0.0584105862
       -0.0194188338   0.0000008682  -0.0002737157   0.0000887343   0.0004651515
       -0.0002878108   0.0000797965  -0.0004762514   0.0002734732  -0.0002274788
       -0.0000000095
       -0.0001103060  -0.0009310098   0.0000002887   0.0032585504  -0.0005953186
       -0.0000041049  -0.0001160729   0.0013414985  -0.0000003490  -0.0037528098
       -0.0026232862  -0.0000044047  -0.0093324684  -0.0242557035  -0.0000037558
        0.0260871310  -0.2833412787  -0.0000857231   0.0043658842  -0.0193395273
       -0.0000085700  -0.0014392259   0.0009453531  -0.0000011169   0.0001724572
       -0.0001232343   0.0000002567  -0.0000521568   0.0000212543   0.0000112476
       -0.0000517591   0.0000209613  -0.0000111634   0.0000471222   0.0000880955
        0.0000005368   0.0001574173  -0.0010405236  -0.0000004769  -0.0194188338
        0.3293289265   0.0001031473   0.0003100567   0.0002134927  -0.0002735988
        0.0003151395   0.0002290284   0.0002789216  -0.0004401258   0.0000612715
       -0.0000011352
       -0.0000006224   0.0000006757  -0.0005452505   0.0000046880   0.0000003593
        0.0080428409  -0.0000052547   0.0000003003   0.0001404724   0.0000018172
       -0.0000066787   0.0099120391  -0.0000016040  -0.0000035573  -0.0050638231
        0.0000011512  -0.0000864114  -0.0359702788  -0.0000113181  -0.0000199578
        0.0034053959   0.0000068124   0.0000161655  -0.0016699811  -0.0000000766
        0.0000006442  -0.0001513420   0.0000695463  -0.0000606678  -0.0000131140
       -0.0000695447   0.0000611186  -0.0000130398   0.0000000072   0.0000003790
       -0.0022002124  -0.0000000518  -0.0000009784   0.0005499412   0.0000008682
        0.0001031473   0.0239121481   0.0001960583   0.0003580324  -0.0001324424
       -0.0001912940  -0.0003610229  -0.0001289079  -0.0000011825  -0.0000015484
       -0.0000744459
        0.0002128709   0.0004596012   0.0004792068  -0.0026073436  -0.0006249388
        0.0007157803  -0.0003939162  -0.0005838775  -0.0013847012   0.0000242786
       -0.0003603962   0.0001192582   0.0006064064   0.0004134579  -0.0007186790
       -0.0006258625  -0.0016771651   0.0001781987  -0.0033568628  -0.0172969044
        0.0195091867  -0.0416064880   0.0025097217   0.0000504952   0.0000491586
        0.0001091565   0.0000600482   0.0000188644   0.0001282688  -0.0002319271
        0.0000612276  -0.0002459702   0.0001914429  -0.0001435873  -0.0000636469
       -0.0000537841   0.0000408862   0.0000603027   0.0002336776  -0.0002737157
        0.0003100567   0.0001960583   0.0487049781   0.0001287702   0.0020069053
        0.0014027090  -0.0002652768   0.0013274526  -0.0021136037   0.0169988402
       -0.0226786195
       -0.0001197807  -0.0000904029   0.0000438525  -0.0023515899  -0.0008184926
        0.0005821263  -0.0001760795  -0.0006015043  -0.0010798876   0.0000437528
        0.0003471307   0.0000504596  -0.0000313321  -0.0005922393  -0.0008962350
        0.0017133165   0.0002186219   0.0002315673  -0.0072087952  -0.0159429420
        0.0150054561   0.0046143076  -0.1197882939   0.1143149528  -0.0000512374
        0.0001213471  -0.0000817985   0.0000484145  -0.0002637516   0.0000876485
       -0.0000334435   0.0002674264  -0.0001541600  -0.0001266778  -0.0000653366
        0.0000273909   0.0000147835   0.0000101509   0.0002278819   0.0000887343
        0.0002134927   0.0003580324   0.0001287702   0.1397560981  -0.1314402640
       -0.0001363147   0.0101582158  -0.0150106370   0.0035831714  -0.0129295203
        0.0177336137
        0.0000172128  -0.0000935401   0.0000143714   0.0001472800  -0.0002136155
       -0.0004466247  -0.0002274902  -0.0001783088   0.0000967204   0.0000097730
       -0.0004109896  -0.0000219959   0.0000787835   0.0001858605   0.0001974419
       -0.0009210214   0.0002820624   0.0007023965   0.0030995453   0.0031403635
        0.0001427922  -0.0021651757   0.1122651138  -0.1994266106   0.0000045819
       -0.0000869449   0.0000409177  -0.0000440289   0.0001027088   0.0000164206
        0.0000925914  -0.0001213228   0.0000061172  -0.0000195358  -0.0000441576
        0.0000100092   0.0000048494  -0.0000298593  -0.0000367080   0.0004651515
       -0.0002735988  -0.0001324424   0.0020069053  -0.1314402640   0.2301442834
       -0.0010153874   0.0144111754  -0.0292819463  -0.0015340347   0.0025053171
       -0.0020251426
        0.0002031531   0.0004687555  -0.0004688044  -0.0026526388  -0.0006782652
       -0.0007113850  -0.0003915405  -0.0006025493   0.0013698382   0.0000255913
       -0.0003624799  -0.0001203765   0.0006286011   0.0004220002   0.0006913770
       -0.0006157343  -0.0016974036  -0.0001782226  -0.0030707664  -0.0175020497
       -0.0192796410  -0.0417542874   0.0036745781   0.0015071258   0.0000517817
        0.0001087468  -0.0000581720   0.0000617629  -0.0002384198  -0.0001971095
        0.0000178691   0.0001268518   0.0002375010  -0.0001479119  -0.0000670420
        0.0000541414   0.0000409294   0.0000607606  -0.0002277630  -0.0002878108
        0.0003151395  -0.0001912940   0.0014027090  -0.0001363147  -0.0010153874
        0.0488358959  -0.0012333259  -0.0038171180  -0.0023476034   0.0173410177
        0.0224052899
       -0.0001213682  -0.0000974678  -0.0000383199  -0.0023731361  -0.0008397826
       -0.0006071658  -0.0001787170  -0.0006169903   0.0010656642   0.0000506173
        0.0003486790  -0.0000502395  -0.0000209120  -0.0005858630   0.0008928536
        0.0017442848   0.0002339887  -0.0002125218  -0.0070861382  -0.0162509843
       -0.0148382538   0.0058059502  -0.1232868692  -0.1154550835  -0.0000544174
        0.0001208567   0.0000790761  -0.0000392878   0.0002642680   0.0001607697
        0.0000423820  -0.0002594492  -0.0000978355  -0.0001311131  -0.0000676211
       -0.0000262775   0.0000136452   0.0000114024  -0.0002258503   0.0000797965
        0.0002290284  -0.0003610229  -0.0002652768   0.0101582158   0.0144111754
       -0.0012333259   0.1438542025   0.1328130382   0.0037670165  -0.0132156140
       -0.0175100067
       -0.0000200916   0.0000992795   0.0000120886  -0.0001426278   0.0001854481
       -0.0004349874   0.0002430240   0.0001815856   0.0000956312  -0.0000146483
        0.0004159387  -0.0000196112  -0.0000797047  -0.0001825307   0.0001886267
        0.0009132158  -0.0002753243   0.0007066211  -0.0029629900  -0.0030356084
        0.0001782085   0.0036004758  -0.1135000834  -0.1960670214  -0.0000044335
        0.0000859654   0.0000386433  -0.0000931813   0.0001192107   0.0000046419
        0.0000418279  -0.0000940329   0.0000166619   0.0000194408   0.0000438380
        0.0000084362  -0.0000053734   0.0000305081  -0.0000348046  -0.0004762514
        0.0002789216  -0.0001289079   0.0013274526  -0.0150106370  -0.0292819463
       -0.0038171180   0.1328130382   0.2261987962   0.0014709832  -0.0021555173
       -0.0014810767
        0.0005426540   0.0004246135   0.0000000067   0.0000188777   0.0019627243
        0.0000042481  -0.0000226200   0.0003941613   0.0000110424   0.0003671187
        0.0002524766  -0.0000013569  -0.0021928676   0.0002467667   0.0000185305
       -0.0037671994  -0.0033091101  -0.0000230507  -0.0267515243   0.0111259523
       -0.0002013304  -0.2146868903   0.1140702285  -0.0017168829   0.0002286863
        0.0002830224   0.0000006872   0.0006679785  -0.0003150762  -0.0005326419
        0.0006711959  -0.0003266766   0.0005349600   0.0001761085   0.0000546863
        0.0000004985   0.0000474472  -0.0000763855  -0.0000033468   0.0002734732
       -0.0004401258  -0.0000011825  -0.0021136037   0.0035831714  -0.0015340347
       -0.0023476034   0.0037670165   0.0014709832   0.2488887689  -0.1316974456
        0.0019728704
       -0.0003601939  -0.0016593431  -0.0000295004  -0.0005312137   0.0008896163
       -0.0000067562   0.0002799380   0.0001102332   0.0000107472   0.0000281681
        0.0002544862  -0.0000000885  -0.0013980313   0.0001362337   0.0000071713
       -0.0023539228  -0.0018857419   0.0000059530  -0.0125282305   0.0100867497
       -0.0001432356   0.1147527916  -0.1179299449   0.0011017896  -0.0000752282
       -0.0000090137   0.0000056288  -0.0001218175  -0.0015396392  -0.0011311105
       -0.0001194624  -0.0015523116   0.0011379830  -0.0000294915   0.0000583874
        0.0000005641   0.0000417607   0.0000242251  -0.0000026516  -0.0002274788
        0.0000612715  -0.0000015484   0.0169988402  -0.0129295203   0.0025053171
        0.0173410177  -0.0132156140  -0.0021555173  -0.1316974456   0.1390999257
       -0.0013047455
        0.0000165044  -0.0000011851   0.0004535009  -0.0000146170   0.0000079446
        0.0001844510   0.0000022660  -0.0000009475   0.0000364966  -0.0000013351
        0.0000009785  -0.0000110716   0.0000095334   0.0000058885   0.0002351758
       -0.0000019407   0.0000009634   0.0007359766   0.0000053439  -0.0000040049
        0.0001006108  -0.0017191167   0.0010887702  -0.0438579826   0.0000030247
        0.0000037710  -0.0003002897   0.0000524162  -0.0009118486  -0.0002156162
       -0.0000533893   0.0008918684  -0.0001879829   0.0000009424   0.0000008052
        0.0000242726   0.0000008367  -0.0000007299  -0.0000583342  -0.0000000095
       -0.0000011352  -0.0000744459  -0.0226786195   0.0177336137  -0.0020251426
        0.0224052899  -0.0175100067  -0.0014810767   0.0019728704  -0.0013047455
        0.0464414581
