           1           2  0.99568866085446972     
           2           3  0.96966658803356931     
           3           4   1.7616877674715476     
           3           5   1.1277481378997576     
           4           5  0.17312785568178729     
           5           6  0.95806467013223362     
           1           7  0.98690862536166823     
           1           8  0.98824663144160618     
           1           9  0.98424736712404060     
           2          10  0.97500577509718545     
           2          11  0.96606884796868209     
           6          12  0.97728195041594390     
           6          13  0.97740498669565690     
           6          14  0.98207035408044407     
