$hessian                                                                        
        0.4737264677   0.0463182436   0.0000271686  -0.1444082490   0.0472214019
        0.0000090755  -0.0026906567   0.0164843814  -0.0000015189  -0.0491366127
        0.0091488901   0.0000014491  -0.0025555002  -0.0037796380   0.0000010797
       -0.0413333157   0.0026083831   0.0074738893  -0.0413288270   0.0025168219
       -0.0073289114  -0.1907623957  -0.1230431912  -0.0001820896   0.0001480188
        0.0018618814   0.0000003500   0.0009467684  -0.0002840303  -0.0000002124
       -0.0013019958   0.0004731428   0.0000012735  -0.0013037022   0.0004737130
       -0.0000015535
        0.0463182436   0.5100751072  -0.0000246517   0.0393245111  -0.0861195877
       -0.0000022540   0.0390068243  -0.0476772483  -0.0000079150  -0.0063273797
        0.0086178175   0.0000007336  -0.0027955224  -0.0003403755   0.0000016918
        0.0040331889  -0.1196101688  -0.1137083517   0.0039451335  -0.1200619040
        0.1138822292  -0.1216307788  -0.1451750207  -0.0001410254  -0.0005199621
        0.0003389758  -0.0000009994  -0.0007767339  -0.0002780707   0.0000000924
       -0.0002880497   0.0001149955   0.0001258483  -0.0002894750   0.0001154796
       -0.0001253982
        0.0000271686  -0.0000246517   0.4927712803  -0.0000063904   0.0000003152
       -0.0695676746  -0.0000002259  -0.0000031863   0.0173214761   0.0000019255
        0.0000051810   0.0043969030  -0.0000015076  -0.0000000726   0.0060168346
        0.0113318163  -0.1174994860  -0.2030049144  -0.0111725317   0.1176645536
       -0.2025771049  -0.0001816592  -0.0001424803  -0.0445854051   0.0000017539
       -0.0000000723  -0.0009331058  -0.0000008753   0.0000001126  -0.0000099480
        0.0012912031  -0.0005965644   0.0000858951  -0.0012906771   0.0005963512
        0.0000857637
       -0.1444082490   0.0393245111  -0.0000063904   0.5336691636   0.0203256832
       -0.0000059115  -0.0813967191   0.0348928307   0.0000028341  -0.2491274567
       -0.1045758046  -0.0000118377  -0.0349081403  -0.0077586777   0.0000013413
       -0.0009868394   0.0040095766   0.0009724303  -0.0009589510   0.0039935700
       -0.0009556786  -0.0258732369   0.0089132999  -0.0000000089   0.0070568560
        0.0001086485   0.0000016930  -0.0000735200  -0.0000293194   0.0000000428
       -0.0014936018   0.0003966300   0.0014315786  -0.0014993054   0.0003990517
       -0.0014300930
        0.0472214019  -0.0861195877   0.0000003152   0.0203256832   0.9367860585
        0.0000608038   0.0288806099  -0.6713186328  -0.0000389214  -0.1089253687
       -0.1501741188  -0.0000147592   0.0032452168   0.0123738262   0.0000017657
        0.0143303748  -0.0123091939  -0.0043537680   0.0143533475  -0.0123455811
        0.0043450528  -0.0167749030   0.0097671462  -0.0000036620  -0.0191301536
       -0.0232819404   0.0000025389   0.0054341086   0.0005898609  -0.0000017955
        0.0055206256  -0.0019831040   0.0014750479   0.0055190569  -0.0019847331
       -0.0014726182
        0.0000090755  -0.0000022540  -0.0695676746  -0.0000059115   0.0000608038
        0.1791669636   0.0000021304  -0.0000430730  -0.0627384072  -0.0000062713
       -0.0000101417  -0.0312102798  -0.0000019532   0.0000015256  -0.0050926741
        0.0214200190  -0.0144322316  -0.0011966735  -0.0213893571   0.0144134434
       -0.0011866227  -0.0000264894   0.0000139708   0.0005431786  -0.0000039054
       -0.0000027003  -0.0076535448   0.0000014882  -0.0000002617   0.0013067277
       -0.0044279962   0.0006404227  -0.0011858394   0.0044291711  -0.0006395041
       -0.0011851538
       -0.0026906567   0.0390068243  -0.0000002259  -0.0813967191   0.0288806099
        0.0000021304   0.0920676812  -0.0137540122  -0.0000011839  -0.0015396158
       -0.0498652888  -0.0000049401  -0.0009165643  -0.0033123523   0.0000010430
       -0.0035302595   0.0034332532   0.0003357006  -0.0035392210   0.0034428555
       -0.0003346237   0.0034819333  -0.0003965967   0.0000016208  -0.0054793273
       -0.0053461296   0.0000006718   0.0009586555  -0.0007630805  -0.0000000970
        0.0012920770  -0.0006624058   0.0002621910   0.0012920168  -0.0006636769
       -0.0002622870
        0.0164843814  -0.0476772483  -0.0000031863   0.0348928307  -0.6713186328
       -0.0000430730  -0.0137540122   0.8086507461   0.0000489160  -0.0316131429
       -0.0838965797  -0.0000036181   0.0010324597  -0.0019174014  -0.0000012883
        0.0034441271  -0.0025302515   0.0010457489   0.0034577519  -0.0025336338
       -0.0010464861  -0.0016346905   0.0015649908   0.0000029927  -0.0090247187
       -0.0019120542  -0.0000005647  -0.0017063345  -0.0001025108   0.0000016919
       -0.0007903207   0.0008356198  -0.0004072445  -0.0007883313   0.0008369557
        0.0004061115
       -0.0000015189  -0.0000079150   0.0173214761   0.0000028341  -0.0000389214
       -0.0627384072  -0.0000011839   0.0000489160   0.0276786061  -0.0000010146
       -0.0000057687   0.0131818543   0.0000007575   0.0000000779  -0.0009736602
       -0.0018042408   0.0020659204   0.0001555098   0.0018029864  -0.0020622155
        0.0001551186   0.0000025441  -0.0000003084  -0.0007586130  -0.0000002562
       -0.0000005755   0.0069576906  -0.0000008893   0.0000003460  -0.0013841732
        0.0003180414   0.0004543265   0.0002024428  -0.0003180599  -0.0004538824
        0.0002021554
       -0.0491366127  -0.0063273797   0.0000019255  -0.2491274567  -0.1089253687
       -0.0000062713  -0.0015396158  -0.0316131429  -0.0000010146   0.6392264792
        0.0316361092   0.0000306646  -0.2088716326   0.0538206081  -0.0000136292
       -0.0009306296  -0.0010520743   0.0001725687  -0.0009282268  -0.0010540514
       -0.0001750612  -0.0063826329   0.0032607665   0.0000011798  -0.0510443963
        0.0318151146   0.0000004736  -0.0028313610   0.0081215582   0.0000031148
       -0.0342141060   0.0101609328  -0.0097385927  -0.0342198090   0.0101569276
        0.0097246421
        0.0091488901   0.0086178175   0.0000051810  -0.1045758046  -0.1501741188
       -0.0000101417  -0.0498652888  -0.0838965797  -0.0000057687   0.0316361092
        0.7358125714   0.0000797049   0.0566219425  -0.1060371772  -0.0000005226
        0.0005963366   0.0001922344   0.0006300058   0.0005985692   0.0001959069
       -0.0006329579   0.0031303736  -0.0011509959  -0.0000001068   0.0305443274
       -0.3920379938  -0.0000663426   0.0327418187  -0.0221513687  -0.0000007655
       -0.0052749605   0.0053103338   0.0023661514  -0.0053023135   0.0053193703
       -0.0023644374
        0.0000014491   0.0000007336   0.0043969030  -0.0000118377  -0.0000147592
       -0.0312102798  -0.0000049401  -0.0000036181   0.0131818543   0.0000306646
        0.0000797049   0.0505946040  -0.0000114755  -0.0000008466  -0.0455982408
       -0.0010824018   0.0007033887   0.0008599516   0.0010821510  -0.0007053506
        0.0008581273  -0.0000002708  -0.0000006417   0.0008467322   0.0000026418
       -0.0000599209  -0.0032529431   0.0000136511  -0.0000052006   0.0006492283
       -0.0215264213   0.0091337226   0.0043373511   0.0215067896  -0.0091272120
        0.0043367119
       -0.0025555002  -0.0027955224  -0.0000015076  -0.0349081403   0.0032452168
       -0.0000019532  -0.0009165643   0.0010324597   0.0000007575  -0.2088716326
        0.0566219425  -0.0000114755   0.4733386937   0.0345215067  -0.0000040697
       -0.0001873386  -0.0000479532  -0.0000913221  -0.0001857563  -0.0000486022
        0.0000912182  -0.0011869546   0.0010431234   0.0000012356  -0.0029237049
        0.0030376108   0.0000015126  -0.0439695855  -0.0252276297  -0.0000130392
       -0.0887717097  -0.0356317296  -0.0871730976  -0.0888618069  -0.0357504228
        0.0872017411
       -0.0037796380  -0.0003403755  -0.0000000726  -0.0077586777   0.0123738262
        0.0000015256  -0.0033123523  -0.0019174014   0.0000000779   0.0538206081
       -0.1060371772  -0.0000008466   0.0345215067   0.5161319930  -0.0000021324
       -0.0000828484   0.0000582358   0.0001806884  -0.0000825456   0.0000584023
       -0.0001808885  -0.0006213956   0.0004434308  -0.0000003663   0.0271452904
       -0.0115296261   0.0000018777  -0.0309921245  -0.2801816455  -0.0001213563
       -0.0343717392  -0.0644726986  -0.0574783886  -0.0344860837  -0.0645869639
        0.0575998817
        0.0000010797   0.0000016918   0.0060168346   0.0000013413   0.0000017657
       -0.0050926741   0.0000010430  -0.0000012883  -0.0009736602  -0.0000136292
       -0.0000005226  -0.0455982408  -0.0000040697  -0.0000021324   0.4925832878
       -0.0006092945   0.0004308466   0.0000116416   0.0006063020  -0.0004300265
        0.0000115050   0.0000016241  -0.0000008942   0.0004218505   0.0000060669
       -0.0000022181  -0.0041719316  -0.0000150967  -0.0001199945  -0.0447293637
       -0.0881821003  -0.0573219939  -0.1993322057   0.0882067333   0.0574447664
       -0.1991470434
       -0.0413333157   0.0040331889   0.0113318163  -0.0009868394   0.0143303748
        0.0214200190  -0.0035302595   0.0034441271  -0.0018042408  -0.0009306296
        0.0005963366  -0.0010824018  -0.0001873386  -0.0000828484  -0.0006092945
        0.0461445729  -0.0057741378  -0.0088627674   0.0014109732  -0.0007800869
       -0.0004235345  -0.0000926075  -0.0155996661  -0.0205623374  -0.0006510910
       -0.0001261383   0.0006878881   0.0001508886  -0.0000573471   0.0000072956
       -0.0001766742   0.0000502865  -0.0000844117   0.0001823209  -0.0000340893
       -0.0000180307
        0.0026083831  -0.1196101688  -0.1174994860   0.0040095766  -0.0123091939
       -0.0144322316   0.0034332532  -0.0025302515   0.0020659204  -0.0010520743
        0.0001922344   0.0007033887  -0.0000479532   0.0000582358   0.0004308466
       -0.0057741378   0.1376423172   0.1329533534  -0.0007942580   0.0102781460
        0.0147150217  -0.0020448725  -0.0141038725  -0.0187293153  -0.0001569819
        0.0003517779  -0.0002558851  -0.0000930136  -0.0000042101  -0.0000337703
        0.0000732532  -0.0000060810   0.0000419324  -0.0001611748   0.0000410665
        0.0000402252
        0.0074738893  -0.1137083517  -0.2030049144   0.0009724303  -0.0043537680
       -0.0011966735   0.0003357006   0.0010457489   0.0001555098   0.0001725687
        0.0006300058   0.0008599516  -0.0000913221   0.0001806884   0.0000116416
       -0.0088627674   0.1329533534   0.2327558923   0.0004482541  -0.0146415187
       -0.0277593720  -0.0011578250  -0.0024471331  -0.0016406218   0.0009263464
        0.0002567339  -0.0001943045  -0.0001187740   0.0000688029  -0.0000207025
       -0.0000117474   0.0000114268   0.0000471562  -0.0000867535   0.0000040114
       -0.0000135628
       -0.0413288270   0.0039451335  -0.0111725317  -0.0009589510   0.0143533475
       -0.0213893571  -0.0035392210   0.0034577519   0.0018029864  -0.0009282268
        0.0005985692   0.0010821510  -0.0001857563  -0.0000825456   0.0006063020
        0.0014109732  -0.0007942580   0.0004482541   0.0461382613  -0.0056716549
        0.0086832876  -0.0001118776  -0.0156389534   0.0205324978  -0.0006533874
       -0.0001261769  -0.0006885468   0.0001508048  -0.0000571407  -0.0000072863
        0.0001818894  -0.0000340000   0.0000179158  -0.0001756815   0.0000499276
        0.0000843272
        0.0025168219  -0.1200619040   0.1176645536   0.0039935700  -0.0123455811
        0.0144134434   0.0034428555  -0.0025336338  -0.0020622155  -0.0010540514
        0.0001959069  -0.0007053506  -0.0000486022   0.0000584023  -0.0004300265
       -0.0007800869   0.0102781460  -0.0146415187  -0.0056716549   0.1381671570
       -0.1331487184  -0.0020617436  -0.0141432281   0.0187016421  -0.0001554933
        0.0003534748   0.0002567517  -0.0000932069  -0.0000040955   0.0000337662
       -0.0001613331   0.0000411745  -0.0000402427   0.0000729248  -0.0000058190
       -0.0000420846
       -0.0073289114   0.1138822292  -0.2025771049  -0.0009556786   0.0043450528
       -0.0011866227  -0.0003346237  -0.0010464861   0.0001551186  -0.0001750612
       -0.0006329579   0.0008581273   0.0000912182  -0.0001808885   0.0000115050
       -0.0004235345   0.0147150217  -0.0277593720   0.0086832876  -0.1331487184
        0.2322594362   0.0011545376   0.0024077846  -0.0015807862  -0.0009286411
       -0.0002566769  -0.0001931377   0.0001189735  -0.0000689084  -0.0000206713
        0.0000865771  -0.0000039713  -0.0000136306   0.0000118566  -0.0000114809
        0.0000471382
       -0.1907623957  -0.1216307788  -0.0001816592  -0.0258732369  -0.0167749030
       -0.0000264894   0.0034819333  -0.0016346905   0.0000025441  -0.0063826329
        0.0031303736  -0.0000002708  -0.0011869546  -0.0006213956   0.0000016241
       -0.0000926075  -0.0020448725  -0.0011578250  -0.0001118776  -0.0020617436
        0.0011545376   0.2212767534   0.1410694358   0.0002079754  -0.0000195624
        0.0005560235  -0.0000004479   0.0000378872  -0.0001382741  -0.0000001129
       -0.0001831510   0.0000752579   0.0000402670  -0.0001841553   0.0000755673
       -0.0000401428
       -0.1230431912  -0.1451750207  -0.0001424803   0.0089132999   0.0097671462
        0.0000139708  -0.0003965967   0.0015649908  -0.0000003084   0.0032607665
       -0.0011509959  -0.0000006417   0.0010431234   0.0004434308  -0.0000008942
       -0.0155996661  -0.0141038725  -0.0024471331  -0.0156389534  -0.0141432281
        0.0024077846   0.1410694358   0.1627085124   0.0001695494   0.0002863034
        0.0000249295   0.0000001698  -0.0001356644   0.0001472021   0.0000000328
        0.0001202729  -0.0000414636   0.0000079467   0.0001208698  -0.0000416309
       -0.0000079965
       -0.0001820896  -0.0001410254  -0.0445854051  -0.0000000089  -0.0000036620
        0.0005431786   0.0000016208   0.0000029927  -0.0007586130   0.0000011798
       -0.0000001068   0.0008467322   0.0000012356  -0.0000003663   0.0004218505
       -0.0205623374  -0.0187293153  -0.0016406218   0.0205324978   0.0187016421
       -0.0015807862   0.0002079754   0.0001695494   0.0467984233  -0.0000000496
        0.0000003163  -0.0000859077  -0.0000000554   0.0000000218   0.0000138120
        0.0001260453  -0.0000479814   0.0000136411  -0.0001260139   0.0000479348
        0.0000136962
        0.0001480188  -0.0005199621   0.0000017539   0.0070568560  -0.0191301536
       -0.0000039054  -0.0054793273  -0.0090247187  -0.0000002562  -0.0510443963
        0.0305443274   0.0000026418  -0.0029237049   0.0271452904   0.0000060669
       -0.0006510910  -0.0001569819   0.0009263464  -0.0006533874  -0.0001554933
       -0.0009286411  -0.0000195624   0.0002863034  -0.0000000496   0.0593662662
       -0.0322338197  -0.0000033011  -0.0060025695   0.0026695251  -0.0000006349
        0.0001009335   0.0002877110  -0.0000635951   0.0001019642   0.0002879719
        0.0000635743
        0.0018618814   0.0003389758  -0.0000000723   0.0001086485  -0.0232819404
       -0.0000027003  -0.0053461296  -0.0019120542  -0.0000005755   0.0318151146
       -0.3920379938  -0.0000599209   0.0030376108  -0.0115296261  -0.0000022181
       -0.0001261383   0.0003517779   0.0002567339  -0.0001261769   0.0003534748
       -0.0002566769   0.0005560235   0.0000249295   0.0000003163  -0.0322338197
        0.4271289885   0.0000647811   0.0022972625  -0.0002834463   0.0000006618
       -0.0009217852   0.0004228390  -0.0001431521  -0.0009224917   0.0004240753
        0.0001428230
        0.0000003500  -0.0000009994  -0.0009331058   0.0000016930   0.0000025389
       -0.0076535448   0.0000006718  -0.0000005647   0.0069576906   0.0000004736
       -0.0000663426  -0.0032529431   0.0000015126   0.0000018777  -0.0041719316
        0.0006878881  -0.0002558851  -0.0001943045  -0.0006885468   0.0002567517
       -0.0001931377  -0.0000004479   0.0000001698  -0.0000859077  -0.0000033011
        0.0000647811   0.0083350237   0.0000011918  -0.0000020374   0.0007153794
       -0.0006987434   0.0009666527   0.0002380380   0.0006972584  -0.0009669428
        0.0002387436
        0.0009467684  -0.0007767339  -0.0000008753  -0.0000735200   0.0054341086
        0.0000014882   0.0009586555  -0.0017063345  -0.0000008893  -0.0028313610
        0.0327418187   0.0000136511  -0.0439695855  -0.0309921245  -0.0000150967
        0.0001508886  -0.0000930136  -0.0001187740   0.0001508048  -0.0000932069
        0.0001189735   0.0000378872  -0.0001356644  -0.0000000554  -0.0060025695
        0.0022972625   0.0000011918   0.0537670348   0.0231340806   0.0000158151
       -0.0015661045  -0.0148980970  -0.0012463291  -0.0015688987  -0.0149120957
        0.0012309000
       -0.0002840303  -0.0002780707   0.0000001126  -0.0000293194   0.0005898609
       -0.0000002617  -0.0007630805  -0.0001025108   0.0000003460   0.0081215582
       -0.0221513687  -0.0000052006  -0.0252276297  -0.2801816455  -0.0001199945
       -0.0000573471  -0.0000042101   0.0000688029  -0.0000571407  -0.0000040955
       -0.0000689084  -0.0001382741   0.0001472021   0.0000000218   0.0026695251
       -0.0002834463  -0.0000020374   0.0231340806   0.3268671448   0.0001404749
       -0.0036821686  -0.0122863276  -0.0021807679  -0.0036861735  -0.0123125326
        0.0021674122
       -0.0000002124   0.0000000924  -0.0000099480   0.0000000428  -0.0000017955
        0.0013067277  -0.0000000970   0.0000016919  -0.0013841732   0.0000031148
       -0.0000007655   0.0006492283  -0.0000130392  -0.0001213563  -0.0447293637
        0.0000072956  -0.0000337703  -0.0000207025  -0.0000072863   0.0000337662
       -0.0000206713  -0.0000001129   0.0000000328   0.0000138120  -0.0000006349
        0.0000006618   0.0007153794   0.0000158151   0.0001404749   0.0468291501
       -0.0046466768  -0.0273383918  -0.0016910889   0.0046417910   0.0273193595
       -0.0016583498
       -0.0013019958  -0.0002880497   0.0012912031  -0.0014936018   0.0055206256
       -0.0044279962   0.0012920770  -0.0007903207   0.0003180414  -0.0342141060
       -0.0052749605  -0.0215264213  -0.0887717097  -0.0343717392  -0.0881821003
       -0.0001766742   0.0000732532  -0.0000117474   0.0001818894  -0.0001613331
        0.0000865771  -0.0001831510   0.0001202729   0.0001260453   0.0001009335
       -0.0009217852  -0.0006987434  -0.0015661045  -0.0036821686  -0.0046466768
        0.1190375459   0.0366073853   0.1071020001   0.0070948972   0.0031688198
        0.0105698184
        0.0004731428   0.0001149955  -0.0005965644   0.0003966300  -0.0019831040
        0.0006404227  -0.0006624058   0.0008356198   0.0004543265   0.0101609328
        0.0053103338   0.0091337226  -0.0356317296  -0.0644726986  -0.0573219939
        0.0000502865  -0.0000060810   0.0000114268  -0.0000340000   0.0000411745
       -0.0000039713   0.0000752579  -0.0000414636  -0.0000479814   0.0002877110
        0.0004228390   0.0009666527  -0.0148980970  -0.0122863276  -0.0273383918
        0.0366073853   0.0687029308   0.0651506898   0.0031748861   0.0033617813
        0.0089516616
        0.0000012735   0.0001258483   0.0000858951   0.0014315786   0.0014750479
       -0.0011858394   0.0002621910  -0.0004072445   0.0002024428  -0.0097385927
        0.0023661514   0.0043373511  -0.0871730976  -0.0574783886  -0.1993322057
       -0.0000844117   0.0000419324   0.0000471562   0.0000179158  -0.0000402427
       -0.0000136306   0.0000402670   0.0000079467   0.0000136411  -0.0000635951
       -0.0001431521   0.0002380380  -0.0012463291  -0.0021807679  -0.0016910889
        0.1071020001   0.0651506898   0.2269516321  -0.0105491998  -0.0089178205
       -0.0296533920
       -0.0013037022  -0.0002894750  -0.0012906771  -0.0014993054   0.0055190569
        0.0044291711   0.0012920168  -0.0007883313  -0.0003180599  -0.0342198090
       -0.0053023135   0.0215067896  -0.0888618069  -0.0344860837   0.0882067333
        0.0001823209  -0.0001611748  -0.0000867535  -0.0001756815   0.0000729248
        0.0000118566  -0.0001841553   0.0001208698  -0.0001260139   0.0001019642
       -0.0009224917   0.0006972584  -0.0015688987  -0.0036861735   0.0046417910
        0.0070948972   0.0031748861  -0.0105491998   0.1191421599   0.0367483059
       -0.1071228959
        0.0004737130   0.0001154796   0.0005963512   0.0003990517  -0.0019847331
       -0.0006395041  -0.0006636769   0.0008369557  -0.0004538824   0.0101569276
        0.0053193703  -0.0091272120  -0.0357504228  -0.0645869639   0.0574447664
       -0.0000340893   0.0000410665   0.0000040114   0.0000499276  -0.0000058190
       -0.0000114809   0.0000755673  -0.0000416309   0.0000479348   0.0002879719
        0.0004240753  -0.0009669428  -0.0149120957  -0.0123125326   0.0273193595
        0.0031688198   0.0033617813  -0.0089178205   0.0367483059   0.0688329507
       -0.0652955804
       -0.0000015535  -0.0001253982   0.0000857637  -0.0014300930  -0.0014726182
       -0.0011851538  -0.0002622870   0.0004061115   0.0002021554   0.0097246421
       -0.0023644374   0.0043367119   0.0872017411   0.0575998817  -0.1991470434
       -0.0000180307   0.0000402252  -0.0000135628   0.0000843272  -0.0000420846
        0.0000471382  -0.0000401428  -0.0000079965   0.0000136962   0.0000635743
        0.0001428230   0.0002387436   0.0012309000   0.0021674122  -0.0016583498
        0.0105698184   0.0089516616  -0.0296533920  -0.1071228959  -0.0652955804
        0.2267332929
