           1           2  0.97672656677887071     
           2           3   1.6978589238212731     
           2           4   1.2396294375062062     
           3           4  0.19747531147481773     
           4           5   1.0072848879518361     
           1           6  0.97262835465677400     
           1           7  0.97266924006859745     
           1           8  0.98392794090006142     
           4           9  0.94701195014153083     
           5          10  0.97494662588336534     
           5          11  0.97784760222059308     
           5          12  0.97785786929293605     
