$hessian                                                                        
        0.0001615935  -0.0000012780   0.0000004331  -0.0000088767  -0.0000004273
        0.0000001986  -0.0000081385  -0.0000004043   0.0000002860  -0.0000077868
        0.0000002511   0.0000000863  -0.0000081489   0.0000008729  -0.0000001805
       -0.0000089047   0.0000008308  -0.0000002694  -0.0000092516   0.0000002128
       -0.0000001103  -0.0000099228   0.0000001994  -0.0000002726  -0.0000092382
        0.0000014560  -0.0000005182  -0.0000097661  -0.0000004831   0.0000023706
       -0.0000083005  -0.0000007022  -0.0000011582  -0.0000102827  -0.0000033808
        0.0000002559  -0.0000078543  -0.0000008881   0.0000005122  -0.0000072200
        0.0000002663   0.0000001498  -0.0000078892   0.0000013870  -0.0000003224
       -0.0000101708   0.0000005989  -0.0000002859  -0.0000100564   0.0000003362
       -0.0000002585  -0.0000100481  -0.0000002057  -0.0000004234  -0.0000097372
        0.0000013582  -0.0000004932
       -0.0000012780   0.0001543695   0.0000003316   0.0000009018  -0.0000118729
        0.0000001843   0.0000055271  -0.0000115812   0.0000003456   0.0000076438
       -0.0000074749   0.0000002222   0.0000051696  -0.0000036013  -0.0000000478
        0.0000005289  -0.0000038632  -0.0000002114  -0.0000016390  -0.0000079633
       -0.0000001202  -0.0000065611  -0.0000080356  -0.0000003550  -0.0000017456
        0.0000000678  -0.0000004632  -0.0000038160  -0.0000162556   0.0000018866
        0.0000016394  -0.0000181852  -0.0000008689  -0.0000034022  -0.0000187840
        0.0000000820   0.0000074767  -0.0000146051   0.0000005714   0.0000112352
       -0.0000073020   0.0000003447   0.0000067145  -0.0000003507  -0.0000001355
       -0.0000077957  -0.0000061178  -0.0000003807  -0.0000079353  -0.0000066219
       -0.0000003859  -0.0000077626  -0.0000112937  -0.0000004937  -0.0000049013
       -0.0000005289  -0.0000005060
        0.0000004331   0.0000003316   0.0001474002   0.0000002092   0.0000000204
       -0.0000143406   0.0000003281   0.0000000063  -0.0000127358   0.0000001889
       -0.0000001247  -0.0000044470  -0.0000000646  -0.0000002191   0.0000023604
       -0.0000001606  -0.0000001703   0.0000008513  -0.0000001012  -0.0000000842
       -0.0000074541  -0.0000005003  -0.0000000230  -0.0000086174  -0.0000003831
       -0.0000002630   0.0000078017   0.0000051594  -0.0000014500  -0.0000271209
        0.0000008354  -0.0000009820  -0.0000253530  -0.0000043776   0.0000037706
       -0.0000250673   0.0000005515   0.0000000739  -0.0000180693   0.0000002808
       -0.0000001410  -0.0000033027  -0.0000001534  -0.0000003189   0.0000088785
       -0.0000057963   0.0000004843  -0.0000056635   0.0000048171  -0.0000006517
       -0.0000061130  -0.0000008685  -0.0000000349  -0.0000149140  -0.0000003978
       -0.0000002243   0.0000059064
       -0.0000088767   0.0000009018   0.0000002092   0.0001617706   0.0000003686
        0.0000000942  -0.0000096993   0.0000003207   0.0000001270  -0.0000099563
       -0.0000001895   0.0000000253  -0.0000096314  -0.0000006669  -0.0000001050
       -0.0000090562  -0.0000006326  -0.0000001394  -0.0000087875  -0.0000001078
       -0.0000000470  -0.0000081241  -0.0000000932  -0.0000001006  -0.0000087579
       -0.0000011198  -0.0000002656  -0.0000086702   0.0000011270   0.0000006791
       -0.0000090359   0.0000014667  -0.0000001180  -0.0000087738   0.0000005042
        0.0000001498  -0.0000099562   0.0000006937   0.0000002332  -0.0000104081
       -0.0000002178   0.0000000506  -0.0000098181  -0.0000010728  -0.0000001820
       -0.0000079498  -0.0000002780  -0.0000001375  -0.0000079621  -0.0000003214
       -0.0000001214  -0.0000079445   0.0000003633  -0.0000000901  -0.0000083625
       -0.0000010459  -0.0000002618
       -0.0000004273  -0.0000118729   0.0000000204   0.0000003686   0.0001607422
        0.0000000281   0.0000021664  -0.0000100174   0.0000000797   0.0000029843
       -0.0000084112   0.0000000797   0.0000019993  -0.0000068973   0.0000000175
        0.0000002077  -0.0000069963  -0.0000000366  -0.0000006370  -0.0000086308
       -0.0000000178  -0.0000026436  -0.0000086564  -0.0000000496  -0.0000006982
       -0.0000054554  -0.0000001045  -0.0000015251  -0.0000124605  -0.0000008239
        0.0000003506  -0.0000132488   0.0000008904  -0.0000006430  -0.0000112096
       -0.0000000125   0.0000029422  -0.0000112009   0.0000001210   0.0000043864
       -0.0000083347   0.0000001236   0.0000025926  -0.0000056221   0.0000000076
       -0.0000029904  -0.0000079499  -0.0000001291  -0.0000033536  -0.0000080662
       -0.0000001325  -0.0000031460  -0.0000100258   0.0000001030  -0.0000019340
       -0.0000056860  -0.0000001644
        0.0000001986   0.0000001843  -0.0000143406   0.0000000942   0.0000000281
        0.0001594261   0.0000001565   0.0000000922  -0.0000125102   0.0000001056
        0.0000000464  -0.0000099732  -0.0000000135  -0.0000000391  -0.0000063543
       -0.0000000615  -0.0000000801  -0.0000052701  -0.0000000457  -0.0000000804
       -0.0000077799  -0.0000002609  -0.0000001444  -0.0000063939  -0.0000001669
       -0.0000001550  -0.0000016731   0.0000020320   0.0000001951  -0.0000155202
        0.0000001971  -0.0000005060  -0.0000154539  -0.0000014510   0.0000010430
       -0.0000142816   0.0000002597   0.0000001617  -0.0000153555   0.0000001564
        0.0000000895  -0.0000108253  -0.0000000470  -0.0000000672  -0.0000043206
       -0.0000023021  -0.0000010237  -0.0000048262   0.0000017634   0.0000007028
       -0.0000049031  -0.0000004284  -0.0000002833  -0.0000083488  -0.0000001865
       -0.0000001638  -0.0000012954
       -0.0000081385   0.0000055271   0.0000003281  -0.0000096993   0.0000021664
        0.0000001565   0.0001577351   0.0000019166   0.0000002324  -0.0000147194
       -0.0000011421   0.0000000781  -0.0000128349  -0.0000040143  -0.0000001498
       -0.0000093793  -0.0000038093  -0.0000002292  -0.0000077649  -0.0000007180
       -0.0000000813  -0.0000039764  -0.0000006437  -0.0000001790  -0.0000076477
       -0.0000067313  -0.0000004531  -0.0000065017   0.0000058298   0.0000006831
       -0.0000098311   0.0000076259   0.0000001980  -0.0000069379   0.0000057098
        0.0000002255  -0.0000146433   0.0000041587   0.0000004140  -0.0000174092
       -0.0000012906   0.0000001380  -0.0000139739  -0.0000064410  -0.0000002709
       -0.0000029996  -0.0000019013  -0.0000002736  -0.0000029811  -0.0000018707
       -0.0000002431  -0.0000030084   0.0000019142  -0.0000000990  -0.0000052883
       -0.0000062861  -0.0000004748
       -0.0000004043  -0.0000115812   0.0000000063   0.0000003207  -0.0000100174
        0.0000000922   0.0000019166   0.0001609704   0.0000003629   0.0000026446
       -0.0000084954   0.0000004404   0.0000017786  -0.0000071394   0.0000002428
        0.0000001840  -0.0000072144  -0.0000000315  -0.0000005653  -0.0000086500
       -0.0000001035  -0.0000023136  -0.0000086519  -0.0000003947  -0.0000006124
       -0.0000058383  -0.0000002204  -0.0000013471  -0.0000121004  -0.0000003057
        0.0000004148  -0.0000124734   0.0000004957  -0.0000008067  -0.0000113689
       -0.0000002417   0.0000025987  -0.0000109820   0.0000005163   0.0000038871
       -0.0000084409   0.0000006530   0.0000023080  -0.0000060105   0.0000002934
       -0.0000026633  -0.0000078722  -0.0000004949  -0.0000028876  -0.0000082889
       -0.0000005228  -0.0000027462  -0.0000098050  -0.0000003776  -0.0000017065
       -0.0000060402  -0.0000004101
        0.0000002860   0.0000003456  -0.0000127358   0.0000001270   0.0000000797
       -0.0000125102   0.0000002324   0.0000003629   0.0001517543   0.0000001977
        0.0000003432  -0.0000192406   0.0000000231   0.0000001145  -0.0000127283
       -0.0000000495  -0.0000001127  -0.0000060649  -0.0000000596  -0.0000002306
       -0.0000058116  -0.0000004615  -0.0000005640   0.0000017002  -0.0000002067
       -0.0000002999   0.0000001608   0.0000018218   0.0000024190  -0.0000130899
       -0.0000002681  -0.0000007684  -0.0000147119  -0.0000003144  -0.0000002849
       -0.0000106473   0.0000003784   0.0000005587  -0.0000242835   0.0000002915
        0.0000005414  -0.0000244242  -0.0000000047   0.0000001272  -0.0000126465
       -0.0000021780  -0.0000050306   0.0000045110   0.0000011457   0.0000039089
        0.0000047592  -0.0000006895  -0.0000011218   0.0000017145  -0.0000002715
       -0.0000003882   0.0000042947
       -0.0000077868   0.0000076438   0.0000001889  -0.0000099563   0.0000029843
        0.0000001056  -0.0000147194   0.0000026446   0.0000001977   0.0001540101
       -0.0000015768   0.0000001232  -0.0000142946  -0.0000055422  -0.0000000422
       -0.0000095305  -0.0000052598  -0.0000001368  -0.0000073028  -0.0000010005
       -0.0000000656  -0.0000021083  -0.0000008994  -0.0000001727  -0.0000071534
       -0.0000092927  -0.0000002982  -0.0000053767   0.0000079277   0.0000003465
       -0.0000102604   0.0000103725   0.0000001850  -0.0000061095   0.0000082273
        0.0000000920  -0.0000167593   0.0000057399   0.0000003288  -0.0000205865
       -0.0000017789   0.0000001955  -0.0000158695  -0.0000088905  -0.0000001022
       -0.0000008256  -0.0000026574  -0.0000002466  -0.0000006716  -0.0000025711
       -0.0000002281  -0.0000007992   0.0000026073  -0.0000001270  -0.0000038998
       -0.0000086779  -0.0000003439
        0.0000002511  -0.0000074749  -0.0000001247  -0.0000001895  -0.0000084112
        0.0000000464  -0.0000011421  -0.0000084954   0.0000003432  -0.0000015768
        0.0001615532   0.0000005010  -0.0000010628  -0.0000101148   0.0000003605
       -0.0000001089  -0.0000100407   0.0000000616   0.0000003374  -0.0000091874
       -0.0000000952   0.0000013676  -0.0000091394  -0.0000004164   0.0000003637
       -0.0000108334  -0.0000000667   0.0000007751  -0.0000077710  -0.0000003014
       -0.0000002928  -0.0000068909   0.0000001726   0.0000006072  -0.0000070347
       -0.0000003799  -0.0000015472  -0.0000078914   0.0000004535  -0.0000023176
       -0.0000093906   0.0000007323  -0.0000013795  -0.0000107848   0.0000004756
        0.0000016051  -0.0000093233  -0.0000004790   0.0000016740  -0.0000096533
       -0.0000005160   0.0000016211  -0.0000084103  -0.0000004914   0.0000010150
       -0.0000107057  -0.0000002759
        0.0000000863   0.0000002222  -0.0000044470   0.0000000253   0.0000000797
       -0.0000099732   0.0000000781   0.0000004404  -0.0000192406   0.0000001232
        0.0000005010   0.0001462561   0.0000000670   0.0000002801  -0.0000208566
        0.0000000420  -0.0000000304  -0.0000116057  -0.0000000080  -0.0000002361
       -0.0000060091  -0.0000002615  -0.0000006846   0.0000040867  -0.0000000126
       -0.0000002005  -0.0000082765  -0.0000010659   0.0000037976  -0.0000027336
       -0.0000008649  -0.0000003727  -0.0000055174   0.0000024793  -0.0000025536
       -0.0000009104   0.0000001173   0.0000006374  -0.0000222577   0.0000001802
        0.0000007569  -0.0000318131   0.0000000881   0.0000003607  -0.0000248974
        0.0000009862  -0.0000065713   0.0000056955  -0.0000016669   0.0000052835
        0.0000062931  -0.0000003086  -0.0000013756   0.0000081398  -0.0000000846
       -0.0000003347  -0.0000019331
       -0.0000081489   0.0000051696  -0.0000000646  -0.0000096314   0.0000019993
       -0.0000000135  -0.0000128349   0.0000017786   0.0000000231  -0.0000142946
       -0.0000010628   0.0000000670   0.0001583246  -0.0000037337   0.0000000704
       -0.0000093580  -0.0000035441   0.0000000332  -0.0000078583  -0.0000006887
       -0.0000000024  -0.0000044013  -0.0000006219  -0.0000000274  -0.0000077696
       -0.0000062585   0.0000000349  -0.0000064572   0.0000051400  -0.0000004798
       -0.0000099797   0.0000067397   0.0000003236  -0.0000068697   0.0000060964
       -0.0000000777  -0.0000141971   0.0000038631   0.0000000171  -0.0000167848
       -0.0000011945   0.0000000966  -0.0000136308  -0.0000059860   0.0000001003
       -0.0000035521  -0.0000018388  -0.0000000518  -0.0000034298  -0.0000017147
       -0.0000000526  -0.0000035444   0.0000017012   0.0000000090  -0.0000055819
       -0.0000058442  -0.0000000052
        0.0000008729  -0.0000036013  -0.0000002191  -0.0000006669  -0.0000068973
       -0.0000000391  -0.0000040143  -0.0000071394   0.0000001145  -0.0000055422
       -0.0000101148   0.0000002801  -0.0000037337   0.0001579854   0.0000002928
       -0.0000003842  -0.0000127014   0.0000001397   0.0000011858  -0.0000097018
       -0.0000000263   0.0000048185  -0.0000096231  -0.0000001881   0.0000012788
       -0.0000155403   0.0000001596   0.0000027754  -0.0000035717  -0.0000003353
       -0.0000009785  -0.0000017451  -0.0000001262   0.0000019793  -0.0000029350
       -0.0000003336  -0.0000054391  -0.0000049616   0.0000001048  -0.0000081460
       -0.0000102597   0.0000003987  -0.0000048462  -0.0000152659   0.0000004190
        0.0000056164  -0.0000108196  -0.0000001804   0.0000059404  -0.0000108484
       -0.0000002074   0.0000057141  -0.0000071536  -0.0000002967   0.0000035695
       -0.0000151053   0.0000000430
       -0.0000001805  -0.0000000478   0.0000023604  -0.0000001050   0.0000000175
       -0.0000063543  -0.0000001498   0.0000002428  -0.0000127283  -0.0000000422
        0.0000003605  -0.0000208566   0.0000000704   0.0000002928   0.0001481433
        0.0000001231   0.0000000854  -0.0000164429   0.0000000583  -0.0000001033
       -0.0000081715   0.0000001134  -0.0000003974  -0.0000015578   0.0000002181
        0.0000000481  -0.0000186885  -0.0000037889   0.0000027620   0.0000048948
       -0.0000011187   0.0000000893   0.0000035047   0.0000044092  -0.0000030256
        0.0000053592  -0.0000002560   0.0000003126  -0.0000112854  -0.0000000643
        0.0000005225  -0.0000257315   0.0000001323   0.0000004041  -0.0000290289
        0.0000041010  -0.0000041534  -0.0000024386  -0.0000039997   0.0000034769
       -0.0000018166   0.0000002970  -0.0000008344   0.0000047064   0.0000001821
       -0.0000000526  -0.0000138680
       -0.0000089047   0.0000005289  -0.0000001606  -0.0000090562   0.0000002077
       -0.0000000615  -0.0000093793   0.0000001840  -0.0000000495  -0.0000095305
       -0.0000001089   0.0000000420  -0.0000093580  -0.0000003842   0.0000001231
        0.0001618562  -0.0000003648   0.0000001127  -0.0000088814  -0.0000000687
        0.0000000193  -0.0000085303  -0.0000000618   0.0000000073  -0.0000088760
       -0.0000006448   0.0000001959  -0.0000086150   0.0000005661  -0.0000001291
       -0.0000091085   0.0000007335  -0.0000002675  -0.0000088804   0.0000005337
       -0.0000001581  -0.0000095145   0.0000003988  -0.0000001124  -0.0000097823
       -0.0000001231   0.0000000500  -0.0000094674  -0.0000006165   0.0000001958
       -0.0000085135  -0.0000001845   0.0000000524  -0.0000083536  -0.0000001767
        0.0000000363  -0.0000084526   0.0000001833  -0.0000000766  -0.0000086519
       -0.0000006022   0.0000001806
        0.0000008308  -0.0000038632  -0.0000001703  -0.0000006326  -0.0000069963
       -0.0000000801  -0.0000038093  -0.0000072144  -0.0000001127  -0.0000052598
       -0.0000100407  -0.0000000304  -0.0000035441  -0.0000127014   0.0000000854
       -0.0000003648   0.0001583725   0.0000001200   0.0000011251  -0.0000096735
        0.0000000382   0.0000045707  -0.0000096158   0.0000000810   0.0000012129
       -0.0000152230   0.0000002350   0.0000026372  -0.0000036540  -0.0000002533
       -0.0000009403  -0.0000021745  -0.0000002056   0.0000018978  -0.0000033354
       -0.0000001183  -0.0000051611  -0.0000051368  -0.0000002040  -0.0000077308
       -0.0000101698  -0.0000000569  -0.0000046001  -0.0000149419   0.0000001511
        0.0000053262  -0.0000108648   0.0000001306   0.0000056369  -0.0000106589
        0.0000001254   0.0000054187  -0.0000072954   0.0000000190   0.0000033869
       -0.0000148127   0.0000002457
       -0.0000002694  -0.0000002114   0.0000008513  -0.0000001394  -0.0000000366
       -0.0000052701  -0.0000002292  -0.0000000315  -0.0000060649  -0.0000001368
        0.0000000616  -0.0000116057   0.0000000332   0.0000001397  -0.0000164429
        0.0000001127   0.0000001200   0.0001551753   0.0000000735   0.0000000472
       -0.0000101526   0.0000003167   0.0000000251  -0.0000096639   0.0000002612
        0.0000001973  -0.0000206438  -0.0000036341   0.0000004929   0.0000025407
       -0.0000006568   0.0000003541   0.0000029425   0.0000033292  -0.0000016601
        0.0000017975  -0.0000003801  -0.0000000903  -0.0000022800  -0.0000002033
        0.0000000676  -0.0000121502   0.0000000897   0.0000002113  -0.0000208146
        0.0000040218  -0.0000001434  -0.0000118140  -0.0000034242   0.0000002725
       -0.0000115141   0.0000005646   0.0000000078  -0.0000053167   0.0000002704
        0.0000001762  -0.0000195741
       -0.0000092516  -0.0000016390  -0.0000001012  -0.0000087875  -0.0000006370
       -0.0000000457  -0.0000077649  -0.0000005653  -0.0000000596  -0.0000073028
        0.0000003374  -0.0000000080  -0.0000078583   0.0000011858   0.0000000583
       -0.0000088814   0.0000011251   0.0000000735   0.0001615323   0.0000002160
        0.0000000206  -0.0000104707   0.0000001960   0.0000000350  -0.0000093916
        0.0000019876   0.0000001404  -0.0000097161  -0.0000016647  -0.0000000674
       -0.0000087425  -0.0000021788  -0.0000001981  -0.0000096459  -0.0000018517
       -0.0000000772  -0.0000073263  -0.0000012275  -0.0000001111  -0.0000065078
        0.0000003800  -0.0000000196  -0.0000075210   0.0000019017   0.0000000999
       -0.0000107789   0.0000005732   0.0000000729  -0.0000107397   0.0000005531
        0.0000000597  -0.0000107577  -0.0000005481  -0.0000000173  -0.0000100878
        0.0000018562   0.0000001451
        0.0000002128  -0.0000079633  -0.0000000842  -0.0000001078  -0.0000086308
       -0.0000000804  -0.0000007180  -0.0000086500  -0.0000002306  -0.0000010005
       -0.0000091874  -0.0000002361  -0.0000006887  -0.0000097018  -0.0000001033
       -0.0000000687  -0.0000096735   0.0000000472   0.0000002160   0.0001617328
        0.0000000767   0.0000008072  -0.0000091591   0.0000002784   0.0000002179
       -0.0000101913   0.0000001646   0.0000004788  -0.0000082926  -0.0000011556
       -0.0000004012  -0.0000082403   0.0000008031   0.0000008808  -0.0000067976
        0.0000001010  -0.0000009640  -0.0000082485  -0.0000003450  -0.0000014706
       -0.0000091987  -0.0000003497  -0.0000008971  -0.0000101240  -0.0000001139
        0.0000010497  -0.0000095138   0.0000002681   0.0000008825  -0.0000092381
        0.0000002823   0.0000009424  -0.0000088083   0.0000004503   0.0000006286
       -0.0000101135   0.0000002270
       -0.0000001103  -0.0000001202  -0.0000074541  -0.0000000470  -0.0000000178
       -0.0000077799  -0.0000000813  -0.0000001035  -0.0000058116  -0.0000000656
       -0.0000000952  -0.0000060091  -0.0000000024  -0.0000000263  -0.0000081715
        0.0000000193   0.0000000382  -0.0000101526   0.0000000206   0.0000000767
        0.0001608852   0.0000001675   0.0000001713  -0.0000122610   0.0000000761
        0.0000000943  -0.0000122297  -0.0000006915  -0.0000005443  -0.0000070355
        0.0000001123   0.0000003281  -0.0000070428   0.0000001005  -0.0000002731
       -0.0000080110  -0.0000001343  -0.0000001617  -0.0000041019  -0.0000000968
       -0.0000001544  -0.0000044675   0.0000000099  -0.0000000286  -0.0000083739
        0.0000008072   0.0000015201  -0.0000131841  -0.0000004340  -0.0000011725
       -0.0000132400   0.0000002530   0.0000003493  -0.0000121338   0.0000000968
        0.0000001195  -0.0000134251
       -0.0000099228  -0.0000065611  -0.0000005003  -0.0000081241  -0.0000026436
       -0.0000002609  -0.0000039764  -0.0000023136  -0.0000004615  -0.0000021083
        0.0000013676  -0.0000002615  -0.0000044013   0.0000048185   0.0000001134
       -0.0000085303   0.0000045707   0.0000003167  -0.0000104707   0.0000008072
        0.0000001675   0.0001557477   0.0000007159   0.0000004664  -0.0000106374
        0.0000080887   0.0000006653  -0.0000120344  -0.0000077702  -0.0000028649
       -0.0000084244  -0.0000100827   0.0000014019  -0.0000104847  -0.0000047673
       -0.0000002049  -0.0000021672  -0.0000050092  -0.0000007769   0.0000011272
        0.0000015622  -0.0000004118  -0.0000030449   0.0000077449   0.0000002544
       -0.0000161300   0.0000021083   0.0000005064  -0.0000165786   0.0000023095
        0.0000004727  -0.0000163595  -0.0000025009   0.0000006798  -0.0000134798
        0.0000075551   0.0000006981
        0.0000001994  -0.0000080356  -0.0000000230  -0.0000000932  -0.0000086564
       -0.0000001444  -0.0000006437  -0.0000086519  -0.0000005640  -0.0000008994
       -0.0000091394  -0.0000006846  -0.0000006219  -0.0000096231  -0.0000003974
       -0.0000000618  -0.0000096158   0.0000000251   0.0000001960  -0.0000091591
        0.0000001713   0.0000007159   0.0001616980   0.0000006710   0.0000001929
       -0.0000100988   0.0000002850   0.0000004581  -0.0000080953  -0.0000011035
       -0.0000003752  -0.0000085161   0.0000007045   0.0000008179  -0.0000069659
        0.0000004319  -0.0000008625  -0.0000082721  -0.0000008010  -0.0000013225
       -0.0000091340  -0.0000010082  -0.0000008112  -0.0000100035  -0.0000004916
        0.0000009504  -0.0000096895   0.0000007194   0.0000007625  -0.0000090775
        0.0000007679   0.0000008364  -0.0000089307   0.0000009117   0.0000005619
       -0.0000100332   0.0000005300
       -0.0000002726  -0.0000003550  -0.0000086174  -0.0000001006  -0.0000000496
       -0.0000063939  -0.0000001790  -0.0000003947   0.0000017002  -0.0000001727
       -0.0000004164   0.0000040867  -0.0000000274  -0.0000001881  -0.0000015578
        0.0000000073   0.0000000810  -0.0000096639   0.0000000350   0.0000002784
       -0.0000122610   0.0000004664   0.0000006710   0.0001495847   0.0000001411
        0.0000002579  -0.0000149250  -0.0000004969  -0.0000024848  -0.0000077933
        0.0000007432   0.0000012423  -0.0000082712  -0.0000015583  -0.0000002299
       -0.0000114192  -0.0000002952  -0.0000005923   0.0000061867  -0.0000002540
       -0.0000006561   0.0000103823  -0.0000000120  -0.0000002400   0.0000001446
        0.0000008329   0.0000060015  -0.0000236420   0.0000002807  -0.0000046960
       -0.0000240688   0.0000006441   0.0000014024  -0.0000232983   0.0000002182
        0.0000003685  -0.0000201735
       -0.0000092382  -0.0000017456  -0.0000003831  -0.0000087579  -0.0000006982
       -0.0000001669  -0.0000076477  -0.0000006124  -0.0000002067  -0.0000071534
        0.0000003637  -0.0000000126  -0.0000077696   0.0000012788   0.0000002181
       -0.0000088760   0.0000012129   0.0000002612  -0.0000093916   0.0000002179
        0.0000000761  -0.0000106374   0.0000001929   0.0000001411   0.0001614496
        0.0000021453   0.0000004886  -0.0000096234  -0.0000020018  -0.0000008870
       -0.0000088430  -0.0000026123  -0.0000001134  -0.0000095735  -0.0000014132
       -0.0000003067  -0.0000071604  -0.0000013271  -0.0000003916  -0.0000062884
        0.0000004144  -0.0000000443  -0.0000074094   0.0000020543   0.0000003685
       -0.0000110137   0.0000005677   0.0000002274  -0.0000108950   0.0000006103
        0.0000001963  -0.0000109735  -0.0000006511   0.0000000559  -0.0000101976
        0.0000020035   0.0000004792
        0.0000014560   0.0000000678  -0.0000002630  -0.0000011198  -0.0000054554
       -0.0000001550  -0.0000067313  -0.0000058383  -0.0000002999  -0.0000092927
       -0.0000108334  -0.0000002005  -0.0000062585  -0.0000155403   0.0000000481
       -0.0000006448  -0.0000152230   0.0000001973   0.0000019876  -0.0000101913
        0.0000000943   0.0000080887  -0.0000100988   0.0000002579   0.0000021453
        0.0001508846   0.0000004428   0.0000046733   0.0000006349  -0.0000001486
       -0.0000016090   0.0000031392  -0.0000006078   0.0000032269   0.0000006968
       -0.0000001101  -0.0000091218  -0.0000021621  -0.0000004939  -0.0000136585
       -0.0000110590  -0.0000003161  -0.0000081229  -0.0000195000   0.0000001326
        0.0000094012  -0.0000123535   0.0000003782   0.0000100006  -0.0000118908
        0.0000003789   0.0000095929  -0.0000059938   0.0000001350   0.0000059870
       -0.0000192836   0.0000005297
       -0.0000005182  -0.0000004632   0.0000078017  -0.0000002656  -0.0000001045
       -0.0000016731  -0.0000004531  -0.0000002204   0.0000001608  -0.0000002982
       -0.0000000667  -0.0000082765   0.0000000349   0.0000001596  -0.0000186885
        0.0000001959   0.0000002350  -0.0000206438   0.0000001404   0.0000001646
       -0.0000122297   0.0000006653   0.0000002850  -0.0000149250   0.0000004886
        0.0000004428   0.0001398239  -0.0000064132  -0.0000005847   0.0000100246
       -0.0000010052   0.0000006485   0.0000124028   0.0000055055  -0.0000018333
        0.0000083276  -0.0000007453  -0.0000004023   0.0000083265  -0.0000004420
       -0.0000001454  -0.0000067216   0.0000001311   0.0000002665  -0.0000254259
        0.0000071925   0.0000020722  -0.0000195453  -0.0000058795  -0.0000013844
       -0.0000192032   0.0000011358   0.0000004788  -0.0000081863   0.0000005304
        0.0000004518  -0.0000313489
       -0.0000097661  -0.0000038160   0.0000051594  -0.0000086702  -0.0000015251
        0.0000020320  -0.0000065017  -0.0000013471   0.0000018218  -0.0000053767
        0.0000007751  -0.0000010659  -0.0000064572   0.0000027754  -0.0000037889
       -0.0000086150   0.0000026372  -0.0000036341  -0.0000097161   0.0000004788
       -0.0000006915  -0.0000120344   0.0000004581  -0.0000004969  -0.0000096234
        0.0000046733  -0.0000064132   0.0001559203  -0.0000044775   0.0000044395
       -0.0000076705  -0.0000055537   0.0000084497  -0.0000073731  -0.0000031693
        0.0000048775  -0.0000056764  -0.0000029103   0.0000039383  -0.0000036761
        0.0000008781  -0.0000011908  -0.0000056605   0.0000044613  -0.0000060856
       -0.0000105171   0.0000013284  -0.0000019929  -0.0000150718   0.0000013119
       -0.0000014554  -0.0000123072  -0.0000013477   0.0000021227  -0.0000112067
        0.0000043691  -0.0000060258
       -0.0000004831  -0.0000162556  -0.0000014500   0.0000011270  -0.0000124605
        0.0000001951   0.0000058298  -0.0000121004   0.0000024190   0.0000079277
       -0.0000077710   0.0000037976   0.0000051400  -0.0000035717   0.0000027620
        0.0000005661  -0.0000036540   0.0000004929  -0.0000016647  -0.0000082926
       -0.0000005443  -0.0000077702  -0.0000080953  -0.0000024848  -0.0000020018
        0.0000006349  -0.0000005847  -0.0000044775   0.0001441113  -0.0000175939
       -0.0000017082  -0.0000256110   0.0000151087   0.0000046448   0.0000013197
       -0.0000031527   0.0000080220  -0.0000154182   0.0000030981   0.0000116517
       -0.0000075961   0.0000055884   0.0000066273  -0.0000001173   0.0000036309
       -0.0000074065  -0.0000052385  -0.0000038552  -0.0000112987  -0.0000076359
       -0.0000041580  -0.0000094033  -0.0000123242  -0.0000006224  -0.0000053223
        0.0000000766  -0.0000026465
        0.0000023706   0.0000018866  -0.0000271209   0.0000006791  -0.0000008239
       -0.0000155202   0.0000006831  -0.0000003057  -0.0000130899   0.0000003465
       -0.0000003014  -0.0000027336  -0.0000004798  -0.0000003353   0.0000048948
       -0.0000001291  -0.0000002533   0.0000025407  -0.0000000674  -0.0000011556
       -0.0000070355  -0.0000028649  -0.0000011035  -0.0000077933  -0.0000008870
       -0.0000001486   0.0000100246   0.0000044395  -0.0000175939   0.0000997941
       -0.0000071135  -0.0000204791   0.0000066371   0.0000140067   0.0000474846
       -0.0000257181   0.0000013512  -0.0000003194  -0.0000194143   0.0000005120
       -0.0000000379  -0.0000008230  -0.0000008092  -0.0000002169   0.0000126474
       -0.0000047390  -0.0000009681  -0.0000069477  -0.0000020337  -0.0000013022
       -0.0000073681  -0.0000042026  -0.0000039793  -0.0000091592  -0.0000010627
       -0.0000000469   0.0000061852
       -0.0000083005   0.0000016394   0.0000008354  -0.0000090359   0.0000003506
        0.0000001971  -0.0000098311   0.0000004148  -0.0000002681  -0.0000102604
       -0.0000002928  -0.0000008649  -0.0000099797  -0.0000009785  -0.0000011187
       -0.0000091085  -0.0000009403  -0.0000006568  -0.0000087425  -0.0000004012
        0.0000001123  -0.0000084244  -0.0000003752   0.0000007432  -0.0000088430
       -0.0000016090  -0.0000010052  -0.0000076705  -0.0000017082  -0.0000071135
        0.0001585232  -0.0000019126   0.0000079952  -0.0000037181   0.0000098197
        0.0000022377  -0.0000100440   0.0000009437  -0.0000001439  -0.0000108508
       -0.0000002618  -0.0000011840  -0.0000103022  -0.0000015155  -0.0000016616
       -0.0000069437  -0.0000011783   0.0000002695  -0.0000095520  -0.0000001539
        0.0000000336  -0.0000086141  -0.0000003465   0.0000025037  -0.0000083018
       -0.0000014945  -0.0000009110
       -0.0000007022  -0.0000181852  -0.0000009820   0.0000014667  -0.0000132488
       -0.0000005060   0.0000076259  -0.0000124734  -0.0000007684   0.0000103725
       -0.0000068909  -0.0000003727   0.0000067397  -0.0000017451   0.0000000893
        0.0000007335  -0.0000021745   0.0000003541  -0.0000021788  -0.0000082403
        0.0000003281  -0.0000100827  -0.0000085161   0.0000012423  -0.0000026123
        0.0000031392   0.0000006485  -0.0000055537  -0.0000256110  -0.0000204791
       -0.0000019126   0.0001381875   0.0000154293   0.0000050748   0.0000006971
        0.0000018369   0.0000104844  -0.0000164947  -0.0000013009   0.0000152435
       -0.0000064363  -0.0000005169   0.0000086914   0.0000027452   0.0000002310
       -0.0000098109  -0.0000066591   0.0000001902  -0.0000144419  -0.0000057788
        0.0000004094  -0.0000121893  -0.0000146666   0.0000039615  -0.0000069482
        0.0000023517   0.0000002054
       -0.0000011582  -0.0000008689  -0.0000253530  -0.0000001180   0.0000008904
       -0.0000154539   0.0000001980   0.0000004957  -0.0000147119   0.0000001850
        0.0000001726  -0.0000055174   0.0000003236  -0.0000001262   0.0000035047
       -0.0000002675  -0.0000002056   0.0000029425  -0.0000001981   0.0000008031
       -0.0000070428   0.0000014019   0.0000007045  -0.0000082712  -0.0000001134
       -0.0000006078   0.0000124028   0.0000084497   0.0000151087   0.0000066371
        0.0000079952   0.0000154293   0.0001085720  -0.0000230890  -0.0000358063
       -0.0000280543   0.0000001331   0.0000007698  -0.0000214620   0.0000002769
       -0.0000000239  -0.0000052019   0.0000004259  -0.0000004640   0.0000111203
       -0.0000090553   0.0000013455  -0.0000020927   0.0000129119  -0.0000000373
       -0.0000026367   0.0000016916   0.0000030488  -0.0000214678   0.0000000066
       -0.0000006285   0.0000120862
       -0.0000102827  -0.0000034022  -0.0000043776  -0.0000087738  -0.0000006430
       -0.0000014510  -0.0000069379  -0.0000008067  -0.0000003144  -0.0000061095
        0.0000006072   0.0000024793  -0.0000068697   0.0000019793   0.0000044092
       -0.0000088804   0.0000018978   0.0000033292  -0.0000096459   0.0000008808
        0.0000001005  -0.0000104847   0.0000008179  -0.0000015583  -0.0000095735
        0.0000032269   0.0000055055  -0.0000073731   0.0000046448   0.0000140067
       -0.0000037181   0.0000050748  -0.0000230890   0.0001485962  -0.0000227358
       -0.0000063505  -0.0000063237  -0.0000018618  -0.0000016473  -0.0000047616
        0.0000005276   0.0000032558  -0.0000062141   0.0000030448   0.0000067833
       -0.0000148148   0.0000025564   0.0000005004  -0.0000065906   0.0000002545
        0.0000002772  -0.0000105561   0.0000009440  -0.0000069634  -0.0000106860
        0.0000029930   0.0000051045
       -0.0000033808  -0.0000187840   0.0000037706   0.0000005042  -0.0000112096
        0.0000010430   0.0000057098  -0.0000113689  -0.0000002849   0.0000082273
       -0.0000070347  -0.0000025536   0.0000060964  -0.0000029350  -0.0000030256
        0.0000005337  -0.0000033354  -0.0000016601  -0.0000018517  -0.0000067976
       -0.0000002731  -0.0000047673  -0.0000069659  -0.0000002299  -0.0000014132
        0.0000006968  -0.0000018333  -0.0000031693   0.0000013197   0.0000474846
        0.0000098197   0.0000006971  -0.0000358063  -0.0000227358   0.0001049433
        0.0000016215   0.0000073981  -0.0000145226   0.0000004614   0.0000120972
       -0.0000070830  -0.0000037268   0.0000080379   0.0000003906  -0.0000043685
       -0.0000099415  -0.0000049185   0.0000022202  -0.0000013234  -0.0000053554
        0.0000022823  -0.0000051399  -0.0000077054  -0.0000056883  -0.0000047012
       -0.0000000314   0.0000005668
        0.0000002559   0.0000000820  -0.0000250673   0.0000001498  -0.0000000125
       -0.0000142816   0.0000002255  -0.0000002417  -0.0000106473   0.0000000920
       -0.0000003799  -0.0000009104  -0.0000000777  -0.0000003336   0.0000053592
       -0.0000001581  -0.0000001183   0.0000017975  -0.0000000772   0.0000001010
       -0.0000080110  -0.0000002049   0.0000004319  -0.0000114192  -0.0000003067
       -0.0000001101   0.0000083276   0.0000048775  -0.0000031527  -0.0000257181
        0.0000022377   0.0000018369  -0.0000280543  -0.0000063505   0.0000016215
        0.0001410139   0.0000003785  -0.0000003040  -0.0000155221   0.0000001383
       -0.0000005434   0.0000017954  -0.0000001584  -0.0000004682   0.0000129947
       -0.0000062915   0.0000022135  -0.0000084976   0.0000059580  -0.0000016226
       -0.0000091492  -0.0000003962   0.0000010387  -0.0000190920  -0.0000002920
       -0.0000000388   0.0000050817
       -0.0000078543   0.0000074767   0.0000005515  -0.0000099562   0.0000029422
        0.0000002597  -0.0000146433   0.0000025987   0.0000003784  -0.0000167593
       -0.0000015472   0.0000001173  -0.0000141971  -0.0000054391  -0.0000002560
       -0.0000095145  -0.0000051611  -0.0000003801  -0.0000073263  -0.0000009640
       -0.0000001343  -0.0000021672  -0.0000008625  -0.0000002952  -0.0000071604
       -0.0000091218  -0.0000007453  -0.0000056764   0.0000080220   0.0000013512
       -0.0000100440   0.0000104844   0.0000001331  -0.0000063237   0.0000073981
        0.0000003785   0.0001542256   0.0000056372   0.0000006778  -0.0000204076
       -0.0000017512   0.0000002104  -0.0000157384  -0.0000087294  -0.0000004587
       -0.0000008388  -0.0000025466  -0.0000004366  -0.0000008169  -0.0000025453
       -0.0000003870  -0.0000008403   0.0000026274  -0.0000001950  -0.0000039610
       -0.0000085186  -0.0000007697
       -0.0000008881  -0.0000146051   0.0000000739   0.0000006937  -0.0000112009
        0.0000001617   0.0000041587  -0.0000109820   0.0000005587   0.0000057399
       -0.0000078914   0.0000006374   0.0000038631  -0.0000049616   0.0000003126
        0.0000003988  -0.0000051368  -0.0000000903  -0.0000012275  -0.0000082485
       -0.0000001617  -0.0000050092  -0.0000082721  -0.0000005923  -0.0000013271
       -0.0000021621  -0.0000004023  -0.0000029103  -0.0000154182  -0.0000003194
        0.0000009437  -0.0000164947   0.0000007698  -0.0000018618  -0.0000145226
       -0.0000003040   0.0000056372   0.0001576181   0.0000008115   0.0000084367
       -0.0000077656   0.0000009496   0.0000050134  -0.0000025132   0.0000003596
       -0.0000057928  -0.0000066938  -0.0000007521  -0.0000062241  -0.0000073629
       -0.0000007906  -0.0000059437  -0.0000107829  -0.0000005468  -0.0000037009
       -0.0000026036  -0.0000006755
        0.0000005122   0.0000005714  -0.0000180693   0.0000002332   0.0000001210
       -0.0000153555   0.0000004140   0.0000005163  -0.0000242835   0.0000003288
        0.0000004535  -0.0000222577   0.0000000171   0.0000001048  -0.0000112854
       -0.0000001124  -0.0000002040  -0.0000022800  -0.0000001111  -0.0000003450
       -0.0000041019  -0.0000007769  -0.0000008010   0.0000061867  -0.0000003916
       -0.0000004939   0.0000083265   0.0000039383   0.0000030981  -0.0000194143
       -0.0000001439  -0.0000013009  -0.0000214620  -0.0000016473   0.0000004614
       -0.0000155221   0.0000006778   0.0000008115   0.0001379496   0.0000004855
        0.0000007287  -0.0000292710  -0.0000000448   0.0000000957  -0.0000094609
       -0.0000045993  -0.0000069664   0.0000109336   0.0000029007   0.0000053426
        0.0000111656  -0.0000011940  -0.0000015855   0.0000045364  -0.0000004863
       -0.0000006085   0.0000136653
       -0.0000072200   0.0000112352   0.0000002808  -0.0000104081   0.0000043864
        0.0000001564  -0.0000174092   0.0000038871   0.0000002915  -0.0000205865
       -0.0000023176   0.0000001802  -0.0000167848  -0.0000081460  -0.0000000643
       -0.0000097823  -0.0000077308  -0.0000002033  -0.0000065078  -0.0000014706
       -0.0000000968   0.0000011272  -0.0000013225  -0.0000002540  -0.0000062884
       -0.0000136585  -0.0000004420  -0.0000036761   0.0000116517   0.0000005120
       -0.0000108508   0.0000152435   0.0000002769  -0.0000047616   0.0000120972
        0.0000001383  -0.0000204076   0.0000084367   0.0000004855   0.0001448584
       -0.0000026146   0.0000002863  -0.0000190996  -0.0000130674  -0.0000001541
        0.0000030143  -0.0000039057  -0.0000003634   0.0000032371  -0.0000037805
       -0.0000003359   0.0000030521   0.0000038314  -0.0000001852  -0.0000015063
       -0.0000127549  -0.0000005089
        0.0000002663  -0.0000073020  -0.0000001410  -0.0000002178  -0.0000083347
        0.0000000895  -0.0000012906  -0.0000084409   0.0000005414  -0.0000017789
       -0.0000093906   0.0000007569  -0.0000011945  -0.0000102597   0.0000005225
       -0.0000001231  -0.0000101698   0.0000000676   0.0000003800  -0.0000091987
       -0.0000001544   0.0000015622  -0.0000091340  -0.0000006561   0.0000004144
       -0.0000110590  -0.0000001454   0.0000008781  -0.0000075961  -0.0000000379
       -0.0000002618  -0.0000064363  -0.0000000239   0.0000005276  -0.0000070830
       -0.0000005434  -0.0000017512  -0.0000077656   0.0000007287  -0.0000026146
        0.0001614340   0.0000011081  -0.0000015494  -0.0000110165   0.0000006818
        0.0000018010  -0.0000092597  -0.0000007385   0.0000019459  -0.0000097983
       -0.0000007929   0.0000018564  -0.0000082752  -0.0000008132   0.0000011501
       -0.0000109138  -0.0000004498
        0.0000001498   0.0000003447  -0.0000033027   0.0000000506   0.0000001236
       -0.0000108253   0.0000001380   0.0000006530  -0.0000244242   0.0000001955
        0.0000007323  -0.0000318131   0.0000000966   0.0000003987  -0.0000257315
        0.0000000500  -0.0000000569  -0.0000121502  -0.0000000196  -0.0000003497
       -0.0000044675  -0.0000004118  -0.0000010082   0.0000103823  -0.0000000443
       -0.0000003161  -0.0000067216  -0.0000011908   0.0000055884  -0.0000008230
       -0.0000011840  -0.0000005169  -0.0000052019   0.0000032558  -0.0000037268
        0.0000017954   0.0000002104   0.0000009496  -0.0000292710   0.0000002863
        0.0000011081   0.0001285377   0.0000001224   0.0000005095  -0.0000312422
        0.0000010317  -0.0000096791   0.0000129892  -0.0000020811   0.0000077736
        0.0000138382  -0.0000005044  -0.0000020155   0.0000158959  -0.0000001511
       -0.0000005121   0.0000025354
       -0.0000078892   0.0000067145  -0.0000001534  -0.0000098181   0.0000025926
       -0.0000000470  -0.0000139739   0.0000023080  -0.0000000047  -0.0000158695
       -0.0000013795   0.0000000881  -0.0000136308  -0.0000048462   0.0000001323
       -0.0000094674  -0.0000046001   0.0000000897  -0.0000075210  -0.0000008971
        0.0000000099  -0.0000030449  -0.0000008112  -0.0000000120  -0.0000074094
       -0.0000081229   0.0000001311  -0.0000056605   0.0000066273  -0.0000008092
       -0.0000103022   0.0000086914   0.0000004259  -0.0000062141   0.0000080379
       -0.0000001584  -0.0000157384   0.0000050134  -0.0000000448  -0.0000190996
       -0.0000015494   0.0000001224   0.0001558783  -0.0000077687   0.0000001985
       -0.0000019563  -0.0000023977  -0.0000000309  -0.0000017724  -0.0000022225
       -0.0000000368  -0.0000019394   0.0000021952   0.0000000241  -0.0000045712
       -0.0000075851   0.0000000751
        0.0000013870  -0.0000003507  -0.0000003189  -0.0000010728  -0.0000056221
       -0.0000000672  -0.0000064410  -0.0000060105   0.0000001272  -0.0000088905
       -0.0000107848   0.0000003607  -0.0000059860  -0.0000152659   0.0000004041
       -0.0000006165  -0.0000149419   0.0000002113   0.0000019017  -0.0000101240
       -0.0000000286   0.0000077449  -0.0000100035  -0.0000002400   0.0000020543
       -0.0000195000   0.0000002665   0.0000044613  -0.0000001173  -0.0000002169
       -0.0000015155   0.0000027452  -0.0000004640   0.0000030448   0.0000003906
       -0.0000004682  -0.0000087294  -0.0000025132   0.0000000957  -0.0000130674
       -0.0000110165   0.0000005095  -0.0000077687   0.0001518380   0.0000005854
        0.0000089985  -0.0000119489  -0.0000002014   0.0000095781  -0.0000119407
       -0.0000002384   0.0000091877  -0.0000060302  -0.0000004413   0.0000057297
       -0.0000188036   0.0000001246
       -0.0000003224  -0.0000001355   0.0000088785  -0.0000001820   0.0000000076
       -0.0000043206  -0.0000002709   0.0000002934  -0.0000126465  -0.0000001022
        0.0000004756  -0.0000248974   0.0000001003   0.0000004190  -0.0000290289
        0.0000001958   0.0000001511  -0.0000208146   0.0000000999  -0.0000001139
       -0.0000083739   0.0000002544  -0.0000004916   0.0000001446   0.0000003685
        0.0000001326  -0.0000254259  -0.0000060856   0.0000036309   0.0000126474
       -0.0000016616   0.0000002310   0.0000111203   0.0000067833  -0.0000043685
        0.0000129947  -0.0000004587   0.0000003596  -0.0000094609  -0.0000001541
        0.0000006818  -0.0000312422   0.0000001985   0.0000005854   0.0001323628
        0.0000066258  -0.0000052910  -0.0000017436  -0.0000062888   0.0000044844
       -0.0000008536   0.0000005736  -0.0000010499   0.0000096215   0.0000003264
       -0.0000000019  -0.0000189616
       -0.0000101708  -0.0000077957  -0.0000057963  -0.0000079498  -0.0000029904
       -0.0000023021  -0.0000029996  -0.0000026633  -0.0000021780  -0.0000008256
        0.0000016051   0.0000009862  -0.0000035521   0.0000056164   0.0000041010
       -0.0000085135   0.0000053262   0.0000040218  -0.0000107789   0.0000010497
        0.0000008072  -0.0000161300   0.0000009504   0.0000008329  -0.0000110137
        0.0000094012   0.0000071925  -0.0000105171  -0.0000074065  -0.0000047390
       -0.0000069437  -0.0000098109  -0.0000090553  -0.0000148148  -0.0000099415
       -0.0000062915  -0.0000008388  -0.0000057928  -0.0000045993   0.0000030143
        0.0000018010   0.0000010317  -0.0000019563   0.0000089985   0.0000066258
        0.0001510585   0.0000027336   0.0000023515  -0.0000151391   0.0000026423
        0.0000021650  -0.0000175794  -0.0000024999  -0.0000020042  -0.0000143497
        0.0000087769   0.0000068502
        0.0000005989  -0.0000061178   0.0000004843  -0.0000002780  -0.0000079499
       -0.0000010237  -0.0000019013  -0.0000078722  -0.0000050306  -0.0000026574
       -0.0000093233  -0.0000065713  -0.0000018388  -0.0000108196  -0.0000041534
       -0.0000001845  -0.0000108648  -0.0000001434   0.0000005732  -0.0000095138
        0.0000015201   0.0000021083  -0.0000096895   0.0000060015   0.0000005677
       -0.0000123535   0.0000020722   0.0000013284  -0.0000052385  -0.0000009681
       -0.0000011783  -0.0000066591   0.0000013455   0.0000025564  -0.0000049185
        0.0000022135  -0.0000025466  -0.0000066938  -0.0000069664  -0.0000039057
       -0.0000092597  -0.0000096791  -0.0000023977  -0.0000119489  -0.0000052910
        0.0000027336   0.0001579311   0.0000069206   0.0000023152  -0.0000075753
        0.0000071589   0.0000024483  -0.0000089384   0.0000074341   0.0000016584
       -0.0000121943   0.0000046760
       -0.0000002859  -0.0000003807  -0.0000056635  -0.0000001375  -0.0000001291
       -0.0000048262  -0.0000002736  -0.0000004949   0.0000045110  -0.0000002466
       -0.0000004790   0.0000056955  -0.0000000518  -0.0000001804  -0.0000024386
        0.0000000524   0.0000001306  -0.0000118140   0.0000000729   0.0000002681
       -0.0000131841   0.0000005064   0.0000007194  -0.0000236420   0.0000002274
        0.0000003782  -0.0000195453  -0.0000019929  -0.0000038552  -0.0000069477
        0.0000002695   0.0000001902  -0.0000020927   0.0000005004   0.0000022202
       -0.0000084976  -0.0000004366  -0.0000007521   0.0000109336  -0.0000003634
       -0.0000007385   0.0000129892  -0.0000000309  -0.0000002014  -0.0000017436
        0.0000023515   0.0000069206   0.0001436466  -0.0000012253  -0.0000054909
       -0.0000276063   0.0000007555   0.0000013693  -0.0000242555   0.0000003083
        0.0000005056  -0.0000255188
       -0.0000100564  -0.0000079353   0.0000048171  -0.0000079621  -0.0000033536
        0.0000017634  -0.0000029811  -0.0000028876   0.0000011457  -0.0000006716
        0.0000016740  -0.0000016669  -0.0000034298   0.0000059404  -0.0000039997
       -0.0000083536   0.0000056369  -0.0000034242  -0.0000107397   0.0000008825
       -0.0000004340  -0.0000165786   0.0000007625   0.0000002807  -0.0000108950
        0.0000100006  -0.0000058795  -0.0000150718  -0.0000112987  -0.0000020337
       -0.0000095520  -0.0000144419   0.0000129119  -0.0000065906  -0.0000013234
        0.0000059580  -0.0000008169  -0.0000062241   0.0000029007   0.0000032371
        0.0000019459  -0.0000020811  -0.0000017724   0.0000095781  -0.0000062888
       -0.0000151391   0.0000023152  -0.0000012253   0.0001497581   0.0000028961
       -0.0000010689  -0.0000180100  -0.0000035129   0.0000037666  -0.0000143746
        0.0000093453  -0.0000054420
        0.0000003362  -0.0000066219  -0.0000006517  -0.0000003214  -0.0000080662
        0.0000007028  -0.0000018707  -0.0000082889   0.0000039089  -0.0000025711
       -0.0000096533   0.0000052835  -0.0000017147  -0.0000108484   0.0000034769
       -0.0000001767  -0.0000106589   0.0000002725   0.0000005531  -0.0000092381
       -0.0000011725   0.0000023095  -0.0000090775  -0.0000046960   0.0000006103
       -0.0000118908  -0.0000013844   0.0000013119  -0.0000076359  -0.0000013022
       -0.0000001539  -0.0000057788  -0.0000000373   0.0000002545  -0.0000053554
       -0.0000016226  -0.0000025453  -0.0000073629   0.0000053426  -0.0000037805
       -0.0000097983   0.0000077736  -0.0000022225  -0.0000119407   0.0000044844
        0.0000026423  -0.0000075753  -0.0000054909   0.0000028961   0.0001592014
       -0.0000056560   0.0000027678  -0.0000077599  -0.0000057011   0.0000016752
       -0.0000116503  -0.0000035305
       -0.0000002585  -0.0000003859  -0.0000061130  -0.0000001214  -0.0000001325
       -0.0000049031  -0.0000002431  -0.0000005228   0.0000047592  -0.0000002281
       -0.0000005160   0.0000062931  -0.0000000526  -0.0000002074  -0.0000018166
        0.0000000363   0.0000001254  -0.0000115141   0.0000000597   0.0000002823
       -0.0000132400   0.0000004727   0.0000007679  -0.0000240688   0.0000001963
        0.0000003789  -0.0000192032  -0.0000014554  -0.0000041580  -0.0000073681
        0.0000000336   0.0000004094  -0.0000026367   0.0000002772   0.0000022823
       -0.0000091492  -0.0000003870  -0.0000007906   0.0000111656  -0.0000003359
       -0.0000007929   0.0000138382  -0.0000000368  -0.0000002384  -0.0000008536
        0.0000021650   0.0000071589  -0.0000276063  -0.0000010689  -0.0000056560
        0.0001427945   0.0000006636   0.0000014825  -0.0000249601   0.0000002835
        0.0000005128  -0.0000254177
       -0.0000100481  -0.0000077626  -0.0000008685  -0.0000079445  -0.0000031460
       -0.0000004284  -0.0000030084  -0.0000027462  -0.0000006895  -0.0000007992
        0.0000016211  -0.0000003086  -0.0000035444   0.0000057141   0.0000002970
       -0.0000084526   0.0000054187   0.0000005646  -0.0000107577   0.0000009424
        0.0000002530  -0.0000163595   0.0000008364   0.0000006441  -0.0000109735
        0.0000095929   0.0000011358  -0.0000123072  -0.0000094033  -0.0000042026
       -0.0000086141  -0.0000121893   0.0000016916  -0.0000105561  -0.0000051399
       -0.0000003962  -0.0000008403  -0.0000059437  -0.0000011940   0.0000030521
        0.0000018564  -0.0000005044  -0.0000019394   0.0000091877   0.0000005736
       -0.0000175794   0.0000024483   0.0000007555  -0.0000180100   0.0000027678
        0.0000006636   0.0001530314  -0.0000030156   0.0000008551  -0.0000143491
        0.0000089608   0.0000011583
       -0.0000002057  -0.0000112937  -0.0000000349   0.0000003633  -0.0000100258
       -0.0000002833   0.0000019142  -0.0000098050  -0.0000011218   0.0000026073
       -0.0000084103  -0.0000013756   0.0000017012  -0.0000071536  -0.0000008344
        0.0000001833  -0.0000072954   0.0000000078  -0.0000005481  -0.0000088083
        0.0000003493  -0.0000025009  -0.0000089307   0.0000014024  -0.0000006511
       -0.0000059938   0.0000004788  -0.0000013477  -0.0000123242  -0.0000039793
       -0.0000003465  -0.0000146666   0.0000030488   0.0000009440  -0.0000077054
        0.0000010387   0.0000026274  -0.0000107829  -0.0000015855   0.0000038314
       -0.0000082752  -0.0000020155   0.0000021952  -0.0000060302  -0.0000010499
       -0.0000024999  -0.0000089384   0.0000013693  -0.0000035129  -0.0000077599
        0.0000014825  -0.0000030156   0.0001604032   0.0000021869  -0.0000017391
       -0.0000062036   0.0000009156
       -0.0000004234  -0.0000004937  -0.0000149140  -0.0000000901   0.0000001030
       -0.0000083488  -0.0000000990  -0.0000003776   0.0000017145  -0.0000001270
       -0.0000004914   0.0000081398   0.0000000090  -0.0000002967   0.0000047064
       -0.0000000766   0.0000000190  -0.0000053167  -0.0000000173   0.0000004503
       -0.0000121338   0.0000006798   0.0000009117  -0.0000232983   0.0000000559
        0.0000001350  -0.0000081863   0.0000021227  -0.0000006224  -0.0000091592
        0.0000025037   0.0000039615  -0.0000214678  -0.0000069634  -0.0000056883
       -0.0000190920  -0.0000001950  -0.0000005468   0.0000045364  -0.0000001852
       -0.0000008132   0.0000158959   0.0000000241  -0.0000004413   0.0000096215
       -0.0000020042   0.0000074341  -0.0000242555   0.0000037666  -0.0000057011
       -0.0000249601   0.0000008551   0.0000021869   0.0001414056   0.0000001644
        0.0000002711  -0.0000148875
       -0.0000097372  -0.0000049013  -0.0000003978  -0.0000083625  -0.0000019340
       -0.0000001865  -0.0000052883  -0.0000017065  -0.0000002715  -0.0000038998
        0.0000010150  -0.0000000846  -0.0000055819   0.0000035695   0.0000001821
       -0.0000086519   0.0000033869   0.0000002704  -0.0000100878   0.0000006286
        0.0000000968  -0.0000134798   0.0000005619   0.0000002182  -0.0000101976
        0.0000059870   0.0000005304  -0.0000112067  -0.0000053223  -0.0000010627
       -0.0000083018  -0.0000069482   0.0000000066  -0.0000106860  -0.0000047012
       -0.0000002920  -0.0000039610  -0.0000037009  -0.0000004863  -0.0000015063
        0.0000011501  -0.0000001511  -0.0000045712   0.0000057297   0.0000003264
       -0.0000143497   0.0000016584   0.0000003083  -0.0000143746   0.0000016752
        0.0000002835  -0.0000143491  -0.0000017391   0.0000001644   0.0001585932
        0.0000055911   0.0000005452
        0.0000013582  -0.0000005289  -0.0000002243  -0.0000010459  -0.0000056860
       -0.0000001638  -0.0000062861  -0.0000060402  -0.0000003882  -0.0000086779
       -0.0000107057  -0.0000003347  -0.0000058442  -0.0000151053  -0.0000000526
       -0.0000006022  -0.0000148127   0.0000001762   0.0000018562  -0.0000101135
        0.0000001195   0.0000075551  -0.0000100332   0.0000003685   0.0000020035
       -0.0000192836   0.0000004518   0.0000043691   0.0000000766  -0.0000000469
       -0.0000014945   0.0000023517  -0.0000006285   0.0000029930  -0.0000000314
       -0.0000000388  -0.0000085186  -0.0000026036  -0.0000006085  -0.0000127549
       -0.0000109138  -0.0000005121  -0.0000075851  -0.0000188036  -0.0000000019
        0.0000087769  -0.0000121943   0.0000005056   0.0000093453  -0.0000116503
        0.0000005128   0.0000089608  -0.0000062036   0.0000002711   0.0000055911
        0.0001522815   0.0000005947
       -0.0000004932  -0.0000005060   0.0000059064  -0.0000002618  -0.0000001644
       -0.0000012954  -0.0000004748  -0.0000004101   0.0000042947  -0.0000003439
       -0.0000002759  -0.0000019331  -0.0000000052   0.0000000430  -0.0000138680
        0.0000001806   0.0000002457  -0.0000195741   0.0000001451   0.0000002270
       -0.0000134251   0.0000006981   0.0000005300  -0.0000201735   0.0000004792
        0.0000005297  -0.0000313489  -0.0000060258  -0.0000026465   0.0000061852
       -0.0000009110   0.0000002054   0.0000120862   0.0000051045   0.0000005668
        0.0000050817  -0.0000007697  -0.0000006755   0.0000136653  -0.0000005089
       -0.0000004498   0.0000025354   0.0000000751   0.0000001246  -0.0000189616
        0.0000068502   0.0000046760  -0.0000255188  -0.0000054420  -0.0000035305
       -0.0000254177   0.0000011583   0.0000009156  -0.0000148875   0.0000005452
        0.0000005947   0.0001366487
