           1           2   1.0195016273346591     
           2           3   1.0266431822174351     
           3           4   1.9766380012833005     
           1           5  0.98705140219033138     
           1           6  0.98753169872676783     
           1           7  0.98705111302958315     
           2           8  0.96093373485184519     
           2           9  0.96094414431843711     
           3          10  0.96699478078026946     
           4          11  0.97747152973329454     
           4          12  0.97404685381833778     
