$hessian                                                                        
        0.4343826575   0.0499975611  -0.0302744203  -0.0727856280   0.0359822321
        0.0166508070  -0.0037815300   0.0077326521   0.0041405938   0.0076600575
       -0.0038808462  -0.0026289321   0.0003977156  -0.0004923287  -0.0002130559
        0.0035065914   0.0008944216  -0.0000842435  -0.0002810995  -0.0000699657
       -0.0001297448  -0.0371521038  -0.0182134066  -0.0032408664  -0.0034328537
       -0.0039460192   0.0004955021  -0.1599202654   0.0002325657  -0.0678337817
       -0.0011486069   0.0006972687  -0.0023014922  -0.0011971519   0.0005533963
       -0.0001911211  -0.0010475048  -0.0071951920   0.0007086101  -0.0305086244
        0.0238570746  -0.0036433064  -0.0895108238  -0.0893372921   0.0446411462
       -0.0466775836   0.0033350477   0.0438349883   0.0003453291  -0.0003123115
       -0.0000901300   0.0004855446   0.0002083715   0.0001905773  -0.0000077990
        0.0005288947   0.0002439990   0.0006736791  -0.0005721239  -0.0002751295
        0.0499975611   0.4899799642  -0.0322417588   0.0370209562  -0.1394200030
       -0.0221124793   0.0042884970  -0.0055681949  -0.0036848357   0.0084580010
       -0.0301046737  -0.0029797618   0.0005869134   0.0006807942  -0.0006943239
       -0.0011962007   0.0018935388  -0.0002569981   0.0000240581  -0.0003760346
       -0.0005168885  -0.0259016288  -0.0035735715  -0.0163531775  -0.0041643220
       -0.0031962712   0.0010719417   0.0120357046  -0.0680492797   0.0239762293
        0.0002739699   0.0008023857  -0.0001132592   0.0007656713   0.0006782425
       -0.0002496846  -0.0021002818  -0.0067837635   0.0008259947   0.0037264171
        0.0016958830   0.0013293811  -0.0859080304  -0.1919104323   0.0723994696
        0.0030172196  -0.0479530926  -0.0212293016  -0.0003350845  -0.0000644854
       -0.0001647987   0.0000026167  -0.0001650270   0.0000138082  -0.0002318914
       -0.0002546581   0.0004490489  -0.0003601463   0.0016886793   0.0005313943
       -0.0302744203  -0.0322417588   0.4980114499   0.0185127564  -0.0225501766
       -0.0719496244   0.0150406442  -0.0255535648  -0.0093774416  -0.0015945760
        0.0066624925   0.0022321986  -0.0001998813   0.0013888465   0.0001839025
       -0.0000995872  -0.0003266519   0.0002557046  -0.0000850062  -0.0003110541
       -0.0004670938   0.0031611908  -0.0099185956   0.0083295780   0.0003937190
        0.0014162202   0.0011489521  -0.0779083032   0.0151185046  -0.1102595790
        0.0003431486   0.0009166150  -0.0003014123   0.0000291671   0.0004990138
       -0.0006991962  -0.0004237547   0.0027582533  -0.0000202476  -0.0145274464
        0.0106331966   0.0013676797   0.0415440967   0.0697051780  -0.0772013875
        0.0467129673  -0.0202716125  -0.2432186773   0.0004840885  -0.0003837406
        0.0002124092   0.0001334229  -0.0000502195   0.0002390449   0.0002097958
        0.0001315669   0.0001627861  -0.0014520221   0.0023774872   0.0013509543
       -0.0727856280   0.0370209562   0.0185127564   0.4651200996  -0.0031862505
       -0.0128860456  -0.0500746890   0.0031417686   0.0459003978  -0.0814676389
       -0.0518045935   0.0265959160  -0.0039852391  -0.0054408502   0.0039336346
       -0.0200443570  -0.0171010212   0.0026555620   0.0005453345  -0.0001604940
        0.0006301151   0.0002841583   0.0010301193   0.0012907106   0.0004961661
       -0.0000267199  -0.0001386645  -0.0305164847   0.0223545931  -0.0062210220
        0.0008984187  -0.0004033573  -0.0007020296  -0.0044267192  -0.0004815795
       -0.0016464746   0.0014419174   0.0187475850  -0.0040296208  -0.2144181321
       -0.0006692812  -0.0706796987   0.0068623023  -0.0105408829  -0.0019432782
       -0.0037616015   0.0070526972   0.0042169696  -0.0005351223   0.0000057233
        0.0003720178  -0.0001579090  -0.0003845299  -0.0001124076   0.0025748533
        0.0016433956   0.0007013622   0.0039502707  -0.0007972780  -0.0064502007
        0.0359822321  -0.1394200030  -0.0225501766  -0.0031862505   0.4192686991
        0.0082947059   0.0030178428  -0.0442391871  -0.0139234653  -0.0393067248
       -0.1139336739   0.0277892911  -0.0021310024  -0.0014534798   0.0030820489
       -0.0077983514  -0.0026434372  -0.0013617341   0.0006454769   0.0001018866
        0.0004013992  -0.0002260213   0.0047299369   0.0006413627  -0.0002236041
       -0.0005655791  -0.0000126779   0.0055614604   0.0003115377   0.0032376081
        0.0000467532  -0.0010860184  -0.0003651963   0.0022593217   0.0020332267
       -0.0001720489  -0.0082972264  -0.0445040626   0.0061222039   0.0007049466
       -0.0436838665  -0.0014276659   0.0114109741  -0.0260549658  -0.0040223850
        0.0046602198  -0.0061795681  -0.0046042288  -0.0003804071   0.0001625502
        0.0002405804   0.0000979382  -0.0004809288  -0.0001158719  -0.0004806531
        0.0007994860   0.0001650363  -0.0023569246  -0.0031625527  -0.0014187858
        0.0166508070  -0.0221124793  -0.0719496244  -0.0128860456   0.0082947059
        0.5397675534   0.0497711593  -0.0127367633  -0.2489736419   0.0238474231
        0.0306323704  -0.0817013103   0.0180257996   0.0219508596  -0.0133485490
       -0.0067182741  -0.0081677383   0.0030546815  -0.0013773522  -0.0007678415
       -0.0003742122  -0.0000107767  -0.0001520124   0.0012896672   0.0000007331
       -0.0000618087  -0.0000369076  -0.0153517140   0.0130813130   0.0009841205
        0.0000604662   0.0000140378  -0.0005376859  -0.0042762310  -0.0016705939
       -0.0002736758  -0.0010962424  -0.0051948782   0.0018028184  -0.0406237998
       -0.0033066042  -0.1025195321  -0.0039934450   0.0090144502   0.0020666863
        0.0154334615  -0.0259742733  -0.0108428046   0.0001369456   0.0000530961
        0.0000787275   0.0000202115   0.0000180056   0.0001371896  -0.0010818055
       -0.0022672995   0.0030073387  -0.0365313205  -0.0006465462  -0.0216308393
       -0.0037815300   0.0042884970   0.0150406442  -0.0500746890   0.0030178428
        0.0497711593   0.0646759773  -0.0023391452  -0.0457354292  -0.0049745533
       -0.0016913397   0.0169738444  -0.0017170577  -0.0025772622   0.0011968599
        0.0001740249  -0.0002747230   0.0015791964  -0.0004997371  -0.0005209410
       -0.0004626108  -0.0005330305  -0.0000260786   0.0007669931  -0.0000098590
        0.0000105675  -0.0000147192   0.0014458095  -0.0008466665  -0.0003698971
        0.0000679954   0.0000125642  -0.0006028271   0.0003348332   0.0004433191
       -0.0006217322   0.0002281525   0.0008829397  -0.0008085511  -0.0008282063
       -0.0023009026  -0.0327279679   0.0005435056  -0.0007006206  -0.0001682980
       -0.0014079951   0.0027177019   0.0005582574   0.0000756740  -0.0000147571
        0.0000018660   0.0000464976   0.0000531928   0.0000923089   0.0004907506
        0.0002310649  -0.0000744956  -0.0042565625  -0.0003652532  -0.0043946013
        0.0077326521  -0.0055681949  -0.0255535648   0.0031417686  -0.0442391871
       -0.0127367633  -0.0023391452   0.0530577469   0.0167596958  -0.0073678385
       -0.0020930928   0.0227991181  -0.0024321433  -0.0033117126   0.0014531162
        0.0004120005   0.0002012709   0.0007254210  -0.0002925479  -0.0000081092
       -0.0001487636   0.0000365001  -0.0003809870  -0.0003476334   0.0000073635
       -0.0000471491  -0.0000030363  -0.0011728452   0.0013165320   0.0009416588
        0.0000152805   0.0000007636   0.0001024643   0.0002724723   0.0001590076
       -0.0002691965  -0.0010553052   0.0025842194   0.0006371548  -0.0008156933
        0.0009759095  -0.0010862637  -0.0000246403   0.0006441873  -0.0008822950
        0.0029698258  -0.0041614315  -0.0017166559   0.0000599968   0.0000698575
        0.0000432233  -0.0000010879   0.0000238561   0.0000738841   0.0008850566
       -0.0005478159  -0.0005438784  -0.0000316701   0.0013243293  -0.0002476857
        0.0041405938  -0.0036848357  -0.0093774416   0.0459003978  -0.0139234653
       -0.2489736419  -0.0457354292   0.0167596958   0.2967129107   0.0064201757
        0.0019991669  -0.0145532050   0.0011342618   0.0017888861  -0.0005896064
       -0.0005759632  -0.0003869648   0.0001375935   0.0000468507   0.0000514100
        0.0005128439   0.0005010830  -0.0002564480  -0.0007620545  -0.0000677928
       -0.0000077798   0.0000405495  -0.0001410195   0.0007242060   0.0011067032
        0.0000791128   0.0000177082   0.0004235020  -0.0003823491  -0.0001612527
        0.0003730076  -0.0006649499  -0.0008795104   0.0011526223  -0.0068441949
       -0.0016412103  -0.0243057683  -0.0002996405   0.0002613607   0.0003864864
        0.0003768149  -0.0013986176   0.0000062787  -0.0001051581  -0.0000277657
       -0.0000401295   0.0000576858  -0.0000535620  -0.0001390734  -0.0003476830
        0.0011286512  -0.0001491501  -0.0034927964  -0.0003096728  -0.0019624269
        0.0076600575   0.0084580010  -0.0015945760  -0.0814676389  -0.0393067248
        0.0238474231  -0.0049745533  -0.0073678385   0.0064201757   0.4420649039
       -0.0012568338  -0.0330118141  -0.0490133322  -0.0020129030   0.0366355417
       -0.1212532979  -0.0064602997  -0.0438928016   0.0003221429   0.0007004508
       -0.0019490670  -0.0150073471   0.0129582326  -0.0041563910  -0.0003956558
        0.0008120178   0.0002937089  -0.0014345349  -0.0036964091   0.0002000236
        0.0002930173  -0.0007672049  -0.0023316209  -0.0353138888  -0.0143275831
       -0.0068895741  -0.0865527030   0.0523509177   0.0240946379  -0.0425009162
       -0.0261278818  -0.0023241458  -0.0014282861   0.0030186395   0.0001271156
        0.0001634558   0.0008958175  -0.0003572305  -0.0005940629  -0.0002345188
        0.0004973483   0.0008394661   0.0007585244   0.0007499489  -0.0129443091
        0.0213182544   0.0037663085   0.0015374827   0.0002873420  -0.0001250111
       -0.0038808462  -0.0301046737   0.0066624925  -0.0518045935  -0.1139336739
        0.0306323704  -0.0016913397  -0.0020930928   0.0019991669  -0.0012568338
        0.4520589392  -0.0032073358  -0.0013951163  -0.0389974916  -0.0069185497
        0.0061870504  -0.0477584557  -0.0021222200  -0.0041594714   0.0011017345
       -0.0046784946   0.0213805453  -0.0066428165   0.0090230787   0.0022501145
       -0.0037111376  -0.0002997307  -0.0028005953   0.0030644708  -0.0008844480
       -0.0004574124   0.0005567256   0.0014068120  -0.0338235462  -0.0139428273
       -0.0049264845   0.0767299427  -0.1938642253  -0.0168546369  -0.0071513849
       -0.0053599455  -0.0012194775   0.0019207623  -0.0031904550  -0.0005912671
       -0.0006831771   0.0006095252   0.0007436268   0.0002771567   0.0000476992
       -0.0003178035  -0.0034930180   0.0001856960  -0.0000962465   0.0040032183
       -0.0001810255  -0.0079338182  -0.0001514551   0.0021550302  -0.0004170343
       -0.0026289321  -0.0029797618   0.0022321986   0.0265959160   0.0277892911
       -0.0817013103   0.0169738444   0.0227991181  -0.0145532050  -0.0330118141
       -0.0032073358   0.5205136709   0.0369662441  -0.0052055295  -0.2497767785
       -0.0455675049  -0.0043478334  -0.0978375575  -0.0258868049   0.0009822208
       -0.0221203995   0.0016427472   0.0042838369   0.0058487568   0.0008564167
       -0.0013357513   0.0004878839  -0.0001070916  -0.0007612809  -0.0000370912
        0.0006678357  -0.0003620049  -0.0028553558   0.0104617170   0.0026720718
        0.0053369969   0.0171145834   0.0024142960  -0.0680453672  -0.0161560574
       -0.0104182890   0.0032682993   0.0004438628  -0.0012362176   0.0003442265
       -0.0000839192  -0.0016788912   0.0002005810   0.0006197698  -0.0002253533
        0.0005599861  -0.0003777604  -0.0001284225   0.0020846717   0.0130201520
       -0.0267926939  -0.0057237282  -0.0015432048  -0.0022614696   0.0017735215
        0.0003977156   0.0005869134  -0.0001998813  -0.0039852391  -0.0021310024
        0.0180257996  -0.0017170577  -0.0024321433   0.0011342618  -0.0490133322
       -0.0013951163   0.0369662441   0.0621659796  -0.0062751921  -0.0463150654
        0.0003645880  -0.0005370727  -0.0266149311  -0.0044954656   0.0002003917
       -0.0032596742   0.0008884791  -0.0004036620  -0.0008702530   0.0001648646
       -0.0001054800   0.0003424191  -0.0003890097  -0.0000912755   0.0000636865
        0.0001487057   0.0000369800   0.0004713520   0.0022457694   0.0010132071
        0.0009360374  -0.0068040336   0.0077118271   0.0175817085   0.0016985785
        0.0008837234   0.0007176816  -0.0000757854   0.0001711932  -0.0000839174
        0.0002433404   0.0000614914  -0.0001057221  -0.0011469848  -0.0000722041
       -0.0002837244  -0.0000580371  -0.0002347061  -0.0001875581  -0.0001958522
        0.0034033941   0.0022737061  -0.0004372235  -0.0003912667  -0.0005921697
       -0.0004923287   0.0006807942   0.0013888465  -0.0054408502  -0.0014534798
        0.0219508596  -0.0025772622  -0.0033117126   0.0017888861  -0.0020129030
       -0.0389974916  -0.0052055295  -0.0062751921   0.0566542787   0.0146172308
       -0.0007117198   0.0012738554  -0.0017540051  -0.0000399213   0.0002032064
        0.0000449250   0.0003098314   0.0003351685   0.0007795880  -0.0001365814
       -0.0000035082  -0.0001379404  -0.0001753617  -0.0002299391  -0.0002770352
       -0.0001656487  -0.0001204940  -0.0000996252   0.0004766952   0.0002190850
       -0.0001769432   0.0154591803  -0.0109523221  -0.0281930895   0.0016107534
        0.0006437630   0.0001710217   0.0000537273   0.0002157670  -0.0002341788
       -0.0000645000  -0.0007381236  -0.0002033520   0.0002427781   0.0002253324
        0.0000144192  -0.0001874353  -0.0004924109  -0.0004920180   0.0003410296
       -0.0044133648  -0.0034741671  -0.0002142909   0.0002615962  -0.0005078930
       -0.0002130559  -0.0006943239   0.0001839025   0.0039336346   0.0030820489
       -0.0133485490   0.0011968599   0.0014531162  -0.0005896064   0.0366355417
       -0.0069185497  -0.2497767785  -0.0463150654   0.0146172308   0.2925600079
       -0.0020645462   0.0007108931  -0.0227395572  -0.0031152979  -0.0000128329
       -0.0020309585   0.0004104720  -0.0003929434  -0.0013744622   0.0002889655
       -0.0001437336   0.0001324774  -0.0002478723   0.0003096426  -0.0000008944
        0.0008983503  -0.0005605844   0.0012491272   0.0015716671   0.0003847816
        0.0021023831   0.0089517632  -0.0088981024  -0.0066083643  -0.0006716634
       -0.0007716479   0.0013174023  -0.0000214452  -0.0002773753   0.0002152282
       -0.0000441944   0.0003309641   0.0004430412  -0.0006341169   0.0001282943
        0.0000137387  -0.0001899759  -0.0005672014  -0.0005904980  -0.0010008059
       -0.0020914315  -0.0012942749   0.0006307850   0.0003117549   0.0001366346
        0.0035065914  -0.0011962007  -0.0000995872  -0.0200443570  -0.0077983514
       -0.0067182741   0.0001740249   0.0004120005  -0.0005759632  -0.1212532979
        0.0061870504  -0.0455675049   0.0003645880  -0.0007117198  -0.0020645462
        0.4403098469  -0.0000676524  -0.0194599499  -0.0435458700   0.0070153080
        0.0232935167  -0.0848925437   0.0417296952  -0.0014116491  -0.0163557672
        0.0247705715  -0.0003311432   0.0039737136  -0.0226573415   0.0000045310
       -0.0058020160   0.0094261430   0.0167108667  -0.1410688278  -0.0813893757
        0.0476832356  -0.0277623201   0.0174837360  -0.0080591675  -0.0006232898
       -0.0020006407   0.0008059891  -0.0002849061   0.0002300001  -0.0000604150
       -0.0003234209  -0.0000717583  -0.0000975770   0.0003047958   0.0013946875
        0.0020142717   0.0150330096   0.0063882976  -0.0058077482  -0.0013336662
        0.0010945941  -0.0002569910  -0.0003762878  -0.0002390434  -0.0000018946
        0.0008944216   0.0018935388  -0.0003266519  -0.0171010212  -0.0026434372
       -0.0081677383  -0.0002747230   0.0002012709  -0.0003869648  -0.0064602997
       -0.0477584557  -0.0043478334  -0.0005370727   0.0012738554   0.0007108931
       -0.0000676524   0.4626153466   0.0011869209   0.0077134946  -0.0448407187
       -0.0314104853   0.0476854934  -0.1188658719  -0.0182153198   0.0065095876
       -0.0061044577   0.0002244762  -0.0025017703  -0.0415014515   0.0033190809
        0.0068095954  -0.0089590508  -0.0114694059  -0.0537923560  -0.1432001678
        0.0426784330   0.0352111044  -0.0215169812   0.0105173483  -0.0044800975
       -0.0029074859   0.0003545972   0.0003440987   0.0003420749   0.0000984023
       -0.0000370713  -0.0002141658   0.0000350110  -0.0011549995   0.0016172532
        0.0011342721  -0.0193589671  -0.0292317086   0.0124520682   0.0008509402
       -0.0000621923   0.0015237055  -0.0002527052  -0.0001371947   0.0000891907
       -0.0000842435  -0.0002569981   0.0002557046   0.0026555620  -0.0013617341
        0.0030546815   0.0015791964   0.0007254210   0.0001375935  -0.0438928016
       -0.0021222200  -0.0978375575  -0.0266149311  -0.0017540051  -0.0227395572
       -0.0194599499   0.0011869209   0.5091409297   0.0244352936  -0.0284324499
       -0.2387653936  -0.0009123948  -0.0114266273  -0.0558498022  -0.0087942715
        0.0122220255   0.0021025050   0.0015640699   0.0117686884   0.0016715179
        0.0234146558  -0.0311536927  -0.0319996142   0.0368040247   0.0421867272
       -0.0733857608   0.0022511239   0.0043102290   0.0063202056   0.0036316062
        0.0015959405   0.0008776935   0.0000766268   0.0001011061   0.0000052497
        0.0000739569  -0.0001773163  -0.0002503943   0.0015467029  -0.0020973246
       -0.0008593448   0.0008917833   0.0051630856  -0.0024351017   0.0010423191
       -0.0004808403   0.0005839222  -0.0002083290   0.0000030640  -0.0000274769
       -0.0002810995   0.0000240581  -0.0000850062   0.0005453345   0.0006454769
       -0.0013773522  -0.0004997371  -0.0002925479   0.0000468507   0.0003221429
       -0.0041594714  -0.0258868049  -0.0044954656  -0.0000399213  -0.0031152979
       -0.0435458700   0.0077134946   0.0244352936   0.0597388807  -0.0003590556
       -0.0375759749  -0.0018309914   0.0031245649   0.0134518758  -0.0000042742
       -0.0000084769   0.0006124598   0.0005520687  -0.0001078244  -0.0004566956
       -0.0017775427   0.0035948178   0.0030644405  -0.0105899379  -0.0095192024
        0.0253852963   0.0018398959  -0.0005407440   0.0011459464   0.0000920431
       -0.0000479386   0.0002765993  -0.0000427664   0.0000141126  -0.0000053709
       -0.0001413288   0.0000731515   0.0000828442   0.0001144145  -0.0003566872
       -0.0002407652   0.0002248637   0.0002226278   0.0001313226  -0.0002762842
       -0.0000514386  -0.0000813572   0.0000556536   0.0000710040   0.0001916957
       -0.0000699657  -0.0003760346  -0.0003110541  -0.0001604940   0.0001018866
       -0.0007678415  -0.0005209410  -0.0000081092   0.0000514100   0.0007004508
        0.0011017345   0.0009822208   0.0002003917   0.0002032064  -0.0000128329
        0.0070153080  -0.0448407187  -0.0284324499  -0.0003590556   0.0558080635
        0.0254034800   0.0042025238  -0.0038784087  -0.0229738122  -0.0002905235
        0.0006835623  -0.0003977540  -0.0003045440   0.0013080328   0.0005452518
        0.0038775004  -0.0058521160  -0.0048134240  -0.0135316945  -0.0047759930
        0.0283376111  -0.0007262167   0.0005055925   0.0002191242   0.0001958356
       -0.0000361246   0.0001974527   0.0000383438  -0.0000225337   0.0000234159
        0.0001382454   0.0000874496   0.0002147481  -0.0003241444  -0.0001585308
        0.0002470172  -0.0003416640  -0.0000023562   0.0013523588   0.0002028769
        0.0001620497   0.0000433687   0.0000577669  -0.0000106524   0.0000917096
       -0.0001297448  -0.0005168885  -0.0004670938   0.0006301151   0.0004013992
       -0.0003742122  -0.0004626108  -0.0001487636   0.0005128439  -0.0019490670
       -0.0046784946  -0.0221203995  -0.0032596742   0.0000449250  -0.0020309585
        0.0232935167  -0.0314104853  -0.2387653936  -0.0375759749   0.0254034800
        0.2855249003   0.0019201021  -0.0021274149  -0.0096528247   0.0000424218
        0.0003554070   0.0004449986  -0.0007262527   0.0001526007   0.0010819217
        0.0016843070  -0.0022329476  -0.0004612221   0.0151906691   0.0133501744
       -0.0160936475   0.0014092640   0.0005091922   0.0023191035   0.0002037439
       -0.0000645138   0.0004032630   0.0000449811   0.0000477854   0.0000119621
        0.0000431564   0.0002040637   0.0002199962  -0.0003100112   0.0005214405
        0.0000965683   0.0004564553   0.0000353833  -0.0004457804  -0.0006499604
        0.0000352688  -0.0003412436   0.0001445635   0.0001183878   0.0001372182
       -0.0371521038  -0.0259016288   0.0031611908   0.0002841583  -0.0002260213
       -0.0000107767  -0.0005330305   0.0000365001   0.0005010830  -0.0150073471
        0.0213805453   0.0016427472   0.0008884791   0.0003098314   0.0004104720
       -0.0848925437   0.0476854934  -0.0009123948  -0.0018309914   0.0042025238
        0.0019201021   0.4923648735   0.0086030528   0.0585689444  -0.1785363082
        0.0230512740  -0.0973286195  -0.1038091997  -0.0530220046   0.0019845796
       -0.0614530137  -0.0048377588   0.0137734306   0.0050168888  -0.0188962451
        0.0015340966  -0.0067739440   0.0018268051  -0.0025283561   0.0018712217
       -0.0006262566   0.0008319170  -0.0059734050  -0.0011506561  -0.0029074769
        0.0021050188   0.0001668225   0.0013959103  -0.0042750840  -0.0015558189
        0.0175576195  -0.0014506464  -0.0021474942   0.0008861336  -0.0004300426
        0.0007853917  -0.0001900945  -0.0004129802   0.0003156441  -0.0002905084
       -0.0182134066  -0.0035735715  -0.0099185956   0.0010301193   0.0047299369
       -0.0001520124  -0.0000260786  -0.0003809870  -0.0002564480   0.0129582326
       -0.0066428165   0.0042838369  -0.0004036620   0.0003351685  -0.0003929434
        0.0417296952  -0.1188658719  -0.0114266273   0.0031245649  -0.0038784087
       -0.0021274149   0.0086030528   0.4416493536  -0.0140809773   0.0186316015
       -0.0437776506   0.0122110678  -0.0660955395  -0.1667737480   0.0432993190
        0.0060681222  -0.0732808650  -0.0521693888   0.0033962575  -0.0300862159
        0.0016070030  -0.0034741186   0.0026300368  -0.0006714492  -0.0001615805
       -0.0026810446   0.0001063564  -0.0012858299   0.0003150145  -0.0004595504
        0.0004806973   0.0004231506   0.0012573660  -0.0062416742   0.0031165060
        0.0294126846  -0.0009807164  -0.0043951059  -0.0004266171   0.0008704586
        0.0000961709  -0.0000099608  -0.0000101953   0.0010409477  -0.0000856484
       -0.0032408664  -0.0163531775   0.0083295780   0.0012907106   0.0006413627
        0.0012896672   0.0007669931  -0.0003476334  -0.0007620545  -0.0041563910
        0.0090230787   0.0058487568  -0.0008702530   0.0007795880  -0.0013744622
       -0.0014116491  -0.0182153198  -0.0558498022   0.0134518758  -0.0229738122
       -0.0096528247   0.0585689444  -0.0140809773   0.4586717960  -0.0946189296
        0.0127363726  -0.0991086706   0.0084553103   0.0481610789  -0.0784751843
        0.0281652229  -0.0189043601  -0.2083442926  -0.0011906752   0.0078936282
       -0.0038671234  -0.0043890775   0.0033665047  -0.0020316348  -0.0005742085
        0.0001411164  -0.0008097458  -0.0032281142  -0.0000565579  -0.0013030733
       -0.0015216380  -0.0014928673  -0.0009695800   0.0036596314   0.0077640649
       -0.0122521369   0.0009824048   0.0022312803   0.0008157589   0.0000905456
       -0.0001986352  -0.0002224480  -0.0002298366  -0.0001147348   0.0000674762
       -0.0034328537  -0.0041643220   0.0003937190   0.0004961661  -0.0002236041
        0.0000007331  -0.0000098590   0.0000073635  -0.0000677928  -0.0003956558
        0.0022501145   0.0008564167   0.0001648646  -0.0001365814   0.0002889655
       -0.0163557672   0.0065095876  -0.0087942715  -0.0000042742  -0.0002905235
        0.0000424218  -0.1785363082   0.0186316015  -0.0946189296   0.2169209682
       -0.0153118914   0.1112384936  -0.0274216996  -0.0067938082  -0.0104090446
        0.0087791319  -0.0005587037   0.0006787315   0.0007562818  -0.0003966027
        0.0003430967  -0.0009805201   0.0008132196  -0.0002113492   0.0001508922
        0.0000282048   0.0000968512  -0.0008560100   0.0000227670  -0.0005276121
        0.0002476937   0.0001117137   0.0005566363   0.0003107795  -0.0001703751
        0.0002350016   0.0000818503  -0.0002066502  -0.0000645758  -0.0000575672
       -0.0000903137  -0.0001039978   0.0001418867  -0.0000311962   0.0000665062
       -0.0039460192  -0.0031962712   0.0014162202  -0.0000267199  -0.0005655791
       -0.0000618087   0.0000105675  -0.0000471491  -0.0000077798   0.0008120178
       -0.0037111376  -0.0013357513  -0.0001054800  -0.0000035082  -0.0001437336
        0.0247705715  -0.0061044577   0.0122220255  -0.0000084769   0.0006835623
        0.0003554070   0.0230512740  -0.0437776506   0.0127363726  -0.0153118914
        0.0539531767  -0.0117194242  -0.0268309145  -0.0021029317  -0.0124430828
       -0.0024120114   0.0041573813  -0.0014377749  -0.0007526769   0.0012761870
       -0.0005215547   0.0020528676  -0.0012424377   0.0006116723  -0.0001024849
        0.0003594094  -0.0000491605  -0.0010678728  -0.0000678678  -0.0005669470
        0.0002082608   0.0000010962   0.0002254437  -0.0002345690   0.0003200821
        0.0006459847  -0.0001105017   0.0002584852  -0.0000252883   0.0000254042
       -0.0000213022   0.0000846290  -0.0000213448  -0.0001690874   0.0000145508
        0.0004955021   0.0010719417   0.0011489521  -0.0001386645  -0.0000126779
       -0.0000369076  -0.0000147192  -0.0000030363   0.0000405495   0.0002937089
       -0.0002997307   0.0004878839   0.0003424191  -0.0001379404   0.0001324774
       -0.0003311432   0.0002244762   0.0021025050   0.0006124598  -0.0003977540
        0.0004449986  -0.0973286195   0.0122110678  -0.0991086706   0.1112384936
       -0.0117194242   0.1378792086   0.0023769471  -0.0014798709   0.0035733798
       -0.0187042709   0.0007421872  -0.0464380155   0.0003288512   0.0000010132
        0.0002121490   0.0001794907  -0.0001113467   0.0000665878   0.0001212985
       -0.0000122744   0.0000227541   0.0002896398   0.0000568705   0.0001466372
        0.0005348406   0.0001889054   0.0001554095  -0.0004369010  -0.0000444654
       -0.0007470025   0.0001368031  -0.0002639840  -0.0001215551  -0.0000271141
       -0.0000293470   0.0000174414   0.0000309779   0.0000153902   0.0000212173
       -0.1599202654   0.0120357046  -0.0779083032  -0.0305164847   0.0055614604
       -0.0153517140   0.0014458095  -0.0011728452  -0.0001410195  -0.0014345349
       -0.0028005953  -0.0001070916  -0.0003890097  -0.0001753617  -0.0002478723
        0.0039737136  -0.0025017703   0.0015640699   0.0005520687  -0.0003045440
       -0.0007262527  -0.1038091997  -0.0660955395   0.0084553103  -0.0274216996
       -0.0268309145   0.0023769471   0.3701769154   0.0970799443   0.0830076749
       -0.0110675207  -0.0186986945   0.0240937960   0.0017767773   0.0009701492
       -0.0005061043   0.0019729887   0.0006953491   0.0003804587  -0.0104844677
        0.0087796181  -0.0017941612  -0.0237029814  -0.0061756358  -0.0091484990
       -0.0091444815  -0.0008801220  -0.0178075932  -0.0018998104   0.0018789042
        0.0033721353  -0.0003809084  -0.0000935915  -0.0002424511  -0.0003646002
       -0.0006234605  -0.0002229752   0.0006376911  -0.0006480551   0.0009536452
        0.0002325657  -0.0680492797   0.0151185046   0.0223545931   0.0003115377
        0.0130813130  -0.0008466665   0.0013165320   0.0007242060  -0.0036964091
        0.0030644708  -0.0007612809  -0.0000912755  -0.0002299391   0.0003096426
       -0.0226573415  -0.0415014515   0.0117686884  -0.0001078244   0.0013080328
        0.0001526007  -0.0530220046  -0.1667737480   0.0481610789  -0.0067938082
       -0.0021029317  -0.0014798709   0.0970799443   0.2967900664  -0.0962581366
       -0.0129083005  -0.0072458155   0.0200084729   0.0039890935  -0.0120819791
        0.0004527330   0.0008523958   0.0007622563   0.0000772364   0.0078835898
       -0.0041189655   0.0008542568  -0.0254517977  -0.0024565749  -0.0123849162
       -0.0034506666   0.0028001045  -0.0024760068  -0.0014144918   0.0011169244
        0.0024470008  -0.0016112577  -0.0020290485   0.0003733437  -0.0003859809
        0.0000396444  -0.0000937655   0.0000456429  -0.0009198358  -0.0000751008
       -0.0678337817   0.0239762293  -0.1102595790  -0.0062210220   0.0032376081
        0.0009841205  -0.0003698971   0.0009416588   0.0011067032   0.0002000236
       -0.0008844480  -0.0000370912   0.0000636865  -0.0002770352  -0.0000008944
        0.0000045310   0.0033190809   0.0016715179  -0.0004566956   0.0005452518
        0.0010819217   0.0019845796   0.0432993190  -0.0784751843  -0.0104090446
       -0.0124430828   0.0035733798   0.0830076749  -0.0962581366   0.2266569390
        0.0291046214   0.0358926213  -0.0195561169   0.0000677432   0.0000511818
        0.0016567991   0.0003653782   0.0001332971   0.0003288475  -0.0016923160
        0.0011334763   0.0008203229   0.0066648838  -0.0009003544   0.0057104860
       -0.0387363016  -0.0009444192  -0.0268407025   0.0039025737  -0.0003414000
       -0.0083148697   0.0000380871   0.0000226090  -0.0002441525  -0.0002075005
       -0.0000280734  -0.0001868592   0.0005227760  -0.0004753838   0.0003244119
       -0.0011486069   0.0002739699   0.0003431486   0.0008984187   0.0000467532
        0.0000604662   0.0000679954   0.0000152805   0.0000791128   0.0002930173
       -0.0004574124   0.0006678357   0.0001487057  -0.0001656487   0.0008983503
       -0.0058020160   0.0068095954   0.0234146558  -0.0017775427   0.0038775004
        0.0016843070  -0.0614530137   0.0060681222   0.0281652229   0.0087791319
       -0.0024120114  -0.0187042709  -0.0110675207  -0.0129083005   0.0291046214
        0.1554241237   0.1656717506  -0.1023949637   0.0030765873  -0.0013455070
       -0.0007308899  -0.0000688239   0.0005465201   0.0002568810  -0.0005772483
       -0.0000913253  -0.0001199171   0.0006515619   0.0002166210   0.0005606114
       -0.0007902006   0.0001055785   0.0010249752  -0.0869334758  -0.1653245704
        0.0358871341  -0.0003847610  -0.0007373969  -0.0003775116   0.0001795199
       -0.0002169976   0.0000623837   0.0004841478   0.0000274782   0.0001178470
        0.0006972687   0.0008023857   0.0009166150  -0.0004033573  -0.0010860184
        0.0000140378   0.0000125642   0.0000007636   0.0000177082  -0.0007672049
        0.0005567256  -0.0003620049   0.0000369800  -0.0001204940  -0.0005605844
        0.0094261430  -0.0089590508  -0.0311536927   0.0035948178  -0.0058521160
       -0.0022329476  -0.0048377588  -0.0732808650  -0.0189043601  -0.0005587037
        0.0041573813   0.0007421872  -0.0186986945  -0.0072458155   0.0358926213
        0.1656717506   0.4234584254  -0.0297339937   0.0016770889  -0.0022236029
       -0.0042450100   0.0005575900   0.0002550479   0.0001038675   0.0003270105
        0.0007223790   0.0000520165   0.0004865520   0.0002100884  -0.0001801987
       -0.0003392151  -0.0002715960  -0.0003574888  -0.1565235738  -0.3316022387
        0.0507823552   0.0001143239   0.0008614687  -0.0006405732  -0.0003628161
       -0.0000028676  -0.0001356242  -0.0001107654  -0.0003800008  -0.0000149302
       -0.0023014922  -0.0001132592  -0.0003014123  -0.0007020296  -0.0003651963
       -0.0005376859  -0.0006028271   0.0001024643   0.0004235020  -0.0023316209
        0.0014068120  -0.0028553558   0.0004713520  -0.0000996252   0.0012491272
        0.0167108667  -0.0114694059  -0.0319996142   0.0030644405  -0.0048134240
       -0.0004612221   0.0137734306  -0.0521693888  -0.2083442926   0.0006787315
       -0.0014377749  -0.0464380155   0.0240937960   0.0200084729  -0.0195561169
       -0.1023949637  -0.0297339937   0.3526672006  -0.0021307967   0.0025588724
        0.0047189257   0.0008859925  -0.0009849812   0.0012982577   0.0007956315
        0.0000229776   0.0006594639  -0.0004906431  -0.0003187572   0.0002533434
        0.0012435373   0.0002326092   0.0018843094   0.0495393228   0.0761596468
       -0.0517674388   0.0000556922   0.0007165045  -0.0008507777  -0.0005432624
        0.0002766471   0.0000563455   0.0001848420   0.0000207996  -0.0000985434
       -0.0011971519   0.0007656713   0.0000291671  -0.0044267192   0.0022593217
       -0.0042762310   0.0003348332   0.0002724723  -0.0003823491  -0.0353138888
       -0.0338235462   0.0104617170   0.0022457694   0.0004766952   0.0015716671
       -0.1410688278  -0.0537923560   0.0368040247  -0.0105899379  -0.0135316945
        0.0151906691   0.0050168888   0.0033962575  -0.0011906752   0.0007562818
       -0.0007526769   0.0003288512   0.0017767773   0.0039890935   0.0000677432
        0.0030765873   0.0016770889  -0.0021307967   0.3598905468  -0.0781041630
       -0.0449028810   0.0014704744  -0.0002556905   0.0010364493  -0.0048944118
       -0.0031200785  -0.0006807385   0.0000945268   0.0000233819   0.0000394026
        0.0000068290   0.0000277260   0.0000057654  -0.0016580756  -0.0013372584
       -0.0008822981  -0.1762909448   0.1722995539  -0.0109472491   0.0004229232
       -0.0007175944  -0.0004114645   0.0003475196   0.0002477962   0.0002692263
        0.0005533963   0.0006782425   0.0004990138  -0.0004815795   0.0020332267
       -0.0016705939   0.0004433191   0.0001590076  -0.0001612527  -0.0143275831
       -0.0139428273   0.0026720718   0.0010132071   0.0002190850   0.0003847816
       -0.0813893757  -0.1432001678   0.0421867272  -0.0095192024  -0.0047759930
        0.0133501744  -0.0188962451  -0.0300862159   0.0078936282  -0.0003966027
        0.0012761870   0.0000010132   0.0009701492  -0.0120819791   0.0000511818
       -0.0013455070  -0.0022236029   0.0025588724  -0.0781041630   0.4813972523
       -0.1036156043   0.0040531916   0.0048603914   0.0007422849  -0.0026394160
       -0.0009023625  -0.0004655402   0.0001379977   0.0001968599   0.0000628007
        0.0000445119   0.0001398712   0.0000188663  -0.0000011361   0.0013832334
        0.0001211273   0.1992828769  -0.2843437921   0.0352552323   0.0002512739
       -0.0006602777  -0.0000946159   0.0003508868  -0.0001261386   0.0002098310
       -0.0001911211  -0.0002496846  -0.0006991962  -0.0016464746  -0.0001720489
       -0.0002736758  -0.0006217322  -0.0002691965   0.0003730076  -0.0068895741
       -0.0049264845   0.0053369969   0.0009360374  -0.0001769432   0.0021023831
        0.0476832356   0.0426784330  -0.0733857608   0.0253852963   0.0283376111
       -0.0160936475   0.0015340966   0.0016070030  -0.0038671234   0.0003430967
       -0.0005215547   0.0002121490  -0.0005061043   0.0004527330   0.0016567991
       -0.0007308899  -0.0042450100   0.0047189257  -0.0449028810  -0.1036156043
        0.0910900012  -0.0011025194  -0.0008807280   0.0014999578  -0.0004514176
       -0.0003994862   0.0003162885  -0.0000281961  -0.0000880580   0.0000681718
        0.0000914625   0.0001745482   0.0002560026  -0.0016196646   0.0021165255
       -0.0001101840  -0.0166674387   0.0400006197  -0.0130029946  -0.0007726276
        0.0000233881  -0.0002741257   0.0001574161   0.0001539373   0.0000760247
       -0.0010475048  -0.0021002818  -0.0004237547   0.0014419174  -0.0082972264
       -0.0010962424   0.0002281525  -0.0010553052  -0.0006649499  -0.0865527030
        0.0767299427   0.0171145834  -0.0068040336   0.0154591803   0.0089517632
       -0.0277623201   0.0352111044   0.0022511239   0.0018398959  -0.0007262167
        0.0014092640  -0.0067739440  -0.0034741186  -0.0043890775  -0.0009805201
        0.0020528676   0.0001794907   0.0019729887   0.0008523958   0.0003653782
       -0.0000688239   0.0005575900   0.0008859925   0.0014704744   0.0040531916
       -0.0011025194   0.3054425167  -0.0802684242  -0.2409489115   0.0044867353
       -0.0028706555   0.0011905804   0.0002710897  -0.0003217154  -0.0000537403
       -0.0000594540  -0.0002370054   0.0000792676   0.0004321036  -0.0001278034
       -0.0004777449   0.0031809995  -0.0008075489  -0.0000754244  -0.1904180508
       -0.0360736392   0.2163777267  -0.0002995196   0.0014436681   0.0004271944
       -0.0071951920  -0.0067837635   0.0027582533   0.0187475850  -0.0445040626
       -0.0051948782   0.0008829397   0.0025842194  -0.0008795104   0.0523509177
       -0.1938642253   0.0024142960   0.0077118271  -0.0109523221  -0.0088981024
        0.0174837360  -0.0215169812   0.0043102290  -0.0005407440   0.0005055925
        0.0005091922   0.0018268051   0.0026300368   0.0033665047   0.0008132196
       -0.0012424377  -0.0001113467   0.0006953491   0.0007622563   0.0001332971
        0.0005465201   0.0002550479  -0.0009849812  -0.0002556905   0.0048603914
       -0.0008807280  -0.0802684242   0.3114577492  -0.0343087848  -0.0003744086
        0.0046997291  -0.0009640674   0.0013745805  -0.0023891812  -0.0002792601
       -0.0002849385   0.0003049057   0.0004685417  -0.0002838279  -0.0004290587
        0.0002415290   0.0017036358  -0.0003479208  -0.0007377496  -0.0154937467
       -0.0454527047   0.0386539658   0.0005598567  -0.0005772702   0.0003835999
        0.0007086101   0.0008259947  -0.0000202476  -0.0040296208   0.0061222039
        0.0018028184  -0.0008085511   0.0006371548   0.0011526223   0.0240946379
       -0.0168546369  -0.0680453672   0.0175817085  -0.0281930895  -0.0066083643
       -0.0080591675   0.0105173483   0.0063202056   0.0011459464   0.0002191242
        0.0023191035  -0.0025283561  -0.0006714492  -0.0020316348  -0.0002113492
        0.0006116723   0.0000665878   0.0003804587   0.0000772364   0.0003288475
        0.0002568810   0.0001038675   0.0012982577   0.0010364493   0.0007422849
        0.0014999578  -0.2409489115  -0.0343087848   0.3083257909   0.0003972363
       -0.0007350117   0.0011194206  -0.0001314962   0.0001051108   0.0001786608
       -0.0000878536   0.0003188155   0.0002262408  -0.0002734292  -0.0000695061
       -0.0002970848   0.0002973229   0.0009671055  -0.0021110068   0.2109457228
        0.0589715802  -0.2455696548   0.0002337613   0.0006129792   0.0000448465
       -0.0305086244   0.0037264171  -0.0145274464  -0.2144181321   0.0007049466
       -0.0406237998  -0.0008282063  -0.0008156933  -0.0068441949  -0.0425009162
       -0.0071513849  -0.0161560574   0.0016985785   0.0016107534  -0.0006716634
       -0.0006232898  -0.0044800975   0.0036316062   0.0000920431   0.0001958356
        0.0002037439   0.0018712217  -0.0001615805  -0.0005742085   0.0001508922
       -0.0001024849   0.0001212985  -0.0104844677   0.0078835898  -0.0016923160
       -0.0005772483   0.0003270105   0.0007956315  -0.0048944118  -0.0026394160
       -0.0004514176   0.0044867353  -0.0003744086   0.0003972363   0.3503939423
       -0.0013761148   0.0247305255   0.0006779653  -0.0003434418  -0.0000468734
        0.0014934896  -0.0012273867   0.0002571406   0.0003344489  -0.0001577511
       -0.0004620007   0.0001722368   0.0006754090  -0.0000251895  -0.0005778477
       -0.0000815757  -0.0006758042  -0.0559584094   0.0037873738   0.0526137894
        0.0238570746   0.0016958830   0.0106331966  -0.0006692812  -0.0436838665
       -0.0033066042  -0.0023009026   0.0009759095  -0.0016412103  -0.0261278818
       -0.0053599455  -0.0104182890   0.0008837234   0.0006437630  -0.0007716479
       -0.0020006407  -0.0029074859   0.0015959405  -0.0000479386  -0.0000361246
       -0.0000645138  -0.0006262566  -0.0026810446   0.0001411164   0.0000282048
        0.0003594094  -0.0000122744   0.0087796181  -0.0041189655   0.0011334763
       -0.0000913253   0.0007223790   0.0000229776  -0.0031200785  -0.0009023625
       -0.0003994862  -0.0028706555   0.0046997291  -0.0007350117  -0.0013761148
        0.0520455088   0.0258409848  -0.0009161573   0.0025509015  -0.0003005734
       -0.0008022825   0.0006120131   0.0010700892   0.0003139438  -0.0001459820
       -0.0001330074   0.0003740972   0.0003410853   0.0000649168   0.0013378455
        0.0010276978   0.0014577612   0.0053750082  -0.0058385025  -0.0241778414
       -0.0036433064   0.0013293811   0.0013676797  -0.0706796987  -0.0014276659
       -0.1025195321  -0.0327279679  -0.0010862637  -0.0243057683  -0.0023241458
       -0.0012194775   0.0032682993   0.0007176816   0.0001710217   0.0013174023
        0.0008059891   0.0003545972   0.0008776935   0.0002765993   0.0001974527
        0.0004032630   0.0008319170   0.0001063564  -0.0008097458   0.0000968512
       -0.0000491605   0.0000227541  -0.0017941612   0.0008542568   0.0008203229
       -0.0001199171   0.0000520165   0.0006594639  -0.0006807385  -0.0004655402
        0.0003162885   0.0011905804  -0.0009640674   0.0011194206   0.0247305255
        0.0258409848   0.5386768092   0.0000627865   0.0000795491  -0.0001396144
        0.0006038057   0.0001716199   0.0015343383  -0.0000141063  -0.0000333498
       -0.0002053419   0.0000153111   0.0001370973  -0.0001675880   0.0001725209
        0.0001453203  -0.0008272592   0.0824794735  -0.0241941284  -0.4214088858
       -0.0895108238  -0.0859080304   0.0415440967   0.0068623023   0.0114109741
       -0.0039934450   0.0005435056  -0.0000246403  -0.0002996405  -0.0014282861
        0.0019207623   0.0004438628  -0.0000757854   0.0000537273  -0.0000214452
       -0.0002849061   0.0003440987   0.0000766268  -0.0000427664   0.0000383438
        0.0000449811  -0.0059734050  -0.0012858299  -0.0032281142  -0.0008560100
       -0.0010678728   0.0002896398  -0.0237029814  -0.0254517977   0.0066648838
        0.0006515619   0.0004865520  -0.0004906431   0.0000945268   0.0001379977
       -0.0000281961   0.0002710897   0.0013745805  -0.0001314962   0.0006779653
       -0.0009161573   0.0000627865   0.1149035415   0.1049286205  -0.0456661630
       -0.0021106202  -0.0061255526   0.0049654447   0.0000675051   0.0000195885
       -0.0001903472   0.0000167826  -0.0000161963  -0.0000213197   0.0000304163
       -0.0000453309  -0.0000781595  -0.0001336127   0.0001261627   0.0000566475
       -0.0893372921  -0.1919104323   0.0697051780  -0.0105408829  -0.0260549658
        0.0090144502  -0.0007006206   0.0006441873   0.0002613607   0.0030186395
       -0.0031904550  -0.0012362176   0.0001711932   0.0002157670  -0.0002773753
        0.0002300001   0.0003420749   0.0001011061   0.0000141126  -0.0000225337
        0.0000477854  -0.0011506561   0.0003150145  -0.0000565579   0.0000227670
       -0.0000678678   0.0000568705  -0.0061756358  -0.0024565749  -0.0009003544
        0.0002166210   0.0002100884  -0.0003187572   0.0000233819   0.0001968599
       -0.0000880580  -0.0003217154  -0.0023891812   0.0001051108  -0.0003434418
        0.0025509015   0.0000795491   0.1049286205   0.2210411061  -0.0776630681
       -0.0002893408   0.0009875331   0.0011575407   0.0001672357   0.0000320721
       -0.0001106605   0.0000898730   0.0001304995   0.0000184587  -0.0001525022
        0.0000380371   0.0001349431   0.0001296431  -0.0006121305  -0.0000313043
        0.0446411462   0.0723994696  -0.0772013875  -0.0019432782  -0.0040223850
        0.0020666863  -0.0001682980  -0.0008822950   0.0003864864   0.0001271156
       -0.0005912671   0.0003442265  -0.0000839174  -0.0002341788   0.0002152282
       -0.0000604150   0.0000984023   0.0000052497  -0.0000053709   0.0000234159
        0.0000119621  -0.0029074769  -0.0004595504  -0.0013030733  -0.0005276121
       -0.0005669470   0.0001466372  -0.0091484990  -0.0123849162   0.0057104860
        0.0005606114  -0.0001801987   0.0002533434   0.0000394026   0.0000628007
        0.0000681718  -0.0000537403  -0.0002792601   0.0001786608  -0.0000468734
       -0.0003005734  -0.0001396144  -0.0456661630  -0.0776630681   0.0843587365
        0.0152936276   0.0244969108  -0.0149424278  -0.0001490836   0.0001193182
        0.0000559641  -0.0000136586  -0.0000422888  -0.0000354820  -0.0000062344
       -0.0000030081   0.0000498314   0.0001187175   0.0004096190  -0.0002296854
       -0.0466775836   0.0030172196   0.0467129673  -0.0037616015   0.0046602198
        0.0154334615  -0.0014079951   0.0029698258   0.0003768149   0.0001634558
       -0.0006831771  -0.0000839192   0.0002433404  -0.0000645000  -0.0000441944
       -0.0003234209  -0.0000370713   0.0000739569  -0.0001413288   0.0001382454
        0.0000431564   0.0021050188   0.0004806973  -0.0015216380   0.0002476937
        0.0002082608   0.0005348406  -0.0091444815  -0.0034506666  -0.0387363016
       -0.0007902006  -0.0003392151   0.0012435373   0.0000068290   0.0000445119
        0.0000914625  -0.0000594540  -0.0002849385  -0.0000878536   0.0014934896
       -0.0008022825   0.0006038057  -0.0021106202  -0.0002893408   0.0152936276
        0.0603296332  -0.0060659328  -0.0389336197   0.0001662686   0.0002193761
       -0.0002775207   0.0000019129  -0.0000202097  -0.0000114812   0.0000047126
       -0.0000536013   0.0000084115  -0.0003456686   0.0003525792  -0.0007195140
        0.0033350477  -0.0479530926  -0.0202716125   0.0070526972  -0.0061795681
       -0.0259742733   0.0027177019  -0.0041614315  -0.0013986176   0.0008958175
        0.0006095252  -0.0016788912   0.0000614914  -0.0007381236   0.0003309641
       -0.0000717583  -0.0002141658  -0.0001773163   0.0000731515   0.0000874496
        0.0002040637   0.0001668225   0.0004231506  -0.0014928673   0.0001117137
        0.0000010962   0.0001889054  -0.0008801220   0.0028001045  -0.0009444192
        0.0001055785  -0.0002715960   0.0002326092   0.0000277260   0.0001398712
        0.0001745482  -0.0002370054   0.0003049057   0.0003188155  -0.0012273867
        0.0006120131   0.0001716199  -0.0061255526   0.0009875331   0.0244969108
       -0.0060659328   0.0531876568   0.0254204510  -0.0001691279  -0.0000363673
       -0.0001195861   0.0000103383  -0.0000262635  -0.0000662653  -0.0000895180
        0.0000994559   0.0001690850   0.0003083174   0.0003278466   0.0004158758
        0.0438349883  -0.0212293016  -0.2432186773   0.0042169696  -0.0046042288
       -0.0108428046   0.0005582574  -0.0017166559   0.0000062787  -0.0003572305
        0.0007436268   0.0002005810  -0.0001057221  -0.0002033520   0.0004430412
       -0.0000975770   0.0000350110  -0.0002503943   0.0000828442   0.0002147481
        0.0002199962   0.0013959103   0.0012573660  -0.0009695800   0.0005566363
        0.0002254437   0.0001554095  -0.0178075932  -0.0024760068  -0.0268407025
        0.0010249752  -0.0003574888   0.0018843094   0.0000057654   0.0000188663
        0.0002560026   0.0000792676   0.0004685417   0.0002262408   0.0002571406
        0.0010700892   0.0015343383   0.0049654447   0.0011575407  -0.0149424278
       -0.0389336197   0.0254204510   0.2921215307  -0.0001622033   0.0004251943
        0.0000724492  -0.0000073228   0.0000323240  -0.0000933306  -0.0000711548
        0.0000842026  -0.0000531621   0.0005642236  -0.0005663715   0.0000909014
        0.0003453291  -0.0003350845   0.0004840885  -0.0005351223  -0.0003804071
        0.0001369456   0.0000756740   0.0000599968  -0.0001051581  -0.0005940629
        0.0002771567   0.0006197698  -0.0011469848   0.0002427781  -0.0006341169
        0.0003047958  -0.0011549995   0.0015467029   0.0001144145  -0.0003241444
       -0.0003100112  -0.0042750840  -0.0062416742   0.0036596314   0.0003107795
       -0.0002345690  -0.0004369010  -0.0018998104  -0.0014144918   0.0039025737
       -0.0869334758  -0.1565235738   0.0495393228  -0.0016580756  -0.0000011361
       -0.0016196646   0.0004321036  -0.0002838279  -0.0002734292   0.0003344489
        0.0003139438  -0.0000141063   0.0000675051   0.0001672357  -0.0001490836
        0.0001662686  -0.0001691279  -0.0001622033   0.0947559217   0.1655362546
       -0.0565877846   0.0004060893   0.0005552115   0.0005354502  -0.0000398272
        0.0000781519  -0.0001120910  -0.0002308872  -0.0001676929  -0.0000199351
       -0.0003123115  -0.0000644854  -0.0003837406   0.0000057233   0.0001625502
        0.0000530961  -0.0000147571   0.0000698575  -0.0000277657  -0.0002345188
        0.0000476992  -0.0002253533  -0.0000722041   0.0002253324   0.0001282943
        0.0013946875   0.0016172532  -0.0020973246  -0.0003566872  -0.0001585308
        0.0005214405  -0.0015558189   0.0031165060   0.0077640649  -0.0001703751
        0.0003200821  -0.0000444654   0.0018789042   0.0011169244  -0.0003414000
       -0.1653245704  -0.3316022387   0.0761596468  -0.0013372584   0.0013832334
        0.0021165255  -0.0001278034  -0.0004290587  -0.0000695061  -0.0001577511
       -0.0001459820  -0.0000333498   0.0000195885   0.0000320721   0.0001193182
        0.0002193761  -0.0000363673   0.0004251943   0.1655362546   0.3244463398
       -0.0847045472   0.0004550500  -0.0001733622   0.0005521754   0.0001243108
       -0.0000133983   0.0000596078   0.0000301610   0.0000855730   0.0000280889
       -0.0000901300  -0.0001647987   0.0002124092   0.0003720178   0.0002405804
        0.0000787275   0.0000018660   0.0000432233  -0.0000401295   0.0004973483
       -0.0003178035   0.0005599861  -0.0002837244   0.0000144192   0.0000137387
        0.0020142717   0.0011342721  -0.0008593448  -0.0002407652   0.0002470172
        0.0000965683   0.0175576195   0.0294126846  -0.0122521369   0.0002350016
        0.0006459847  -0.0007470025   0.0033721353   0.0024470008  -0.0083148697
        0.0358871341   0.0507823552  -0.0517674388  -0.0008822981   0.0001211273
       -0.0001101840  -0.0004777449   0.0002415290  -0.0002970848  -0.0004620007
       -0.0001330074  -0.0002053419  -0.0001903472  -0.0001106605   0.0000559641
       -0.0002775207  -0.0001195861   0.0000724492  -0.0565877846  -0.0847045472
        0.0728517563  -0.0005707343   0.0002307766   0.0005256578   0.0001497760
       -0.0000497095   0.0000525766  -0.0000241201   0.0000391426   0.0000736991
        0.0004855446   0.0000026167   0.0001334229  -0.0001579090   0.0000979382
        0.0000202115   0.0000464976  -0.0000010879   0.0000576858   0.0008394661
       -0.0034930180  -0.0003777604  -0.0000580371  -0.0001874353  -0.0001899759
        0.0150330096  -0.0193589671   0.0008917833   0.0002248637  -0.0003416640
        0.0004564553  -0.0014506464  -0.0009807164   0.0009824048   0.0000818503
       -0.0001105017   0.0001368031  -0.0003809084  -0.0016112577   0.0000380871
       -0.0003847610   0.0001143239   0.0000556922  -0.1762909448   0.1992828769
       -0.0166674387   0.0031809995   0.0017036358   0.0002973229   0.0001722368
        0.0003740972   0.0000153111   0.0000167826   0.0000898730  -0.0000136586
        0.0000019129   0.0000103383  -0.0000073228   0.0004060893   0.0004550500
       -0.0005707343   0.1583542362  -0.1760145627   0.0145106287  -0.0000208104
        0.0001939068   0.0002652016  -0.0000994719  -0.0002254460  -0.0000341195
        0.0002083715  -0.0001650270  -0.0000502195  -0.0003845299  -0.0004809288
        0.0000180056   0.0000531928   0.0000238561  -0.0000535620   0.0007585244
        0.0001856960  -0.0001284225  -0.0002347061  -0.0004924109  -0.0005672014
        0.0063882976  -0.0292317086   0.0051630856   0.0002226278  -0.0000023562
        0.0000353833  -0.0021474942  -0.0043951059   0.0022312803  -0.0002066502
        0.0002584852  -0.0002639840  -0.0000935915  -0.0020290485   0.0000226090
       -0.0007373969   0.0008614687   0.0007165045   0.1722995539  -0.2843437921
        0.0400006197  -0.0008075489  -0.0003479208   0.0009671055   0.0006754090
        0.0003410853   0.0001370973  -0.0000161963   0.0001304995  -0.0000422888
       -0.0000202097  -0.0000262635   0.0000323240   0.0005552115  -0.0001733622
        0.0002307766  -0.1760145627   0.3195825241  -0.0478373557  -0.0003549257
        0.0004131496  -0.0005705568  -0.0001433764  -0.0001088402  -0.0000412007
        0.0001905773   0.0000138082   0.0002390449  -0.0001124076  -0.0001158719
        0.0001371896   0.0000923089   0.0000738841  -0.0001390734   0.0007499489
       -0.0000962465   0.0020846717  -0.0001875581  -0.0004920180  -0.0005904980
       -0.0058077482   0.0124520682  -0.0024351017   0.0001313226   0.0013523588
       -0.0004457804   0.0008861336  -0.0004266171   0.0008157589  -0.0000645758
       -0.0000252883  -0.0001215551  -0.0002424511   0.0003733437  -0.0002441525
       -0.0003775116  -0.0006405732  -0.0008507777  -0.0109472491   0.0352552323
       -0.0130029946  -0.0000754244  -0.0007377496  -0.0021110068  -0.0000251895
        0.0000649168  -0.0001675880  -0.0000213197   0.0000184587  -0.0000354820
       -0.0000114812  -0.0000662653  -0.0000933306   0.0005354502   0.0005521754
        0.0005256578   0.0145106287  -0.0478373557   0.0162265984   0.0008664609
        0.0003944142   0.0002251150  -0.0000899147  -0.0001126747  -0.0000166954
       -0.0000077990  -0.0002318914   0.0002097958   0.0025748533  -0.0004806531
       -0.0010818055   0.0004907506   0.0008850566  -0.0003476830  -0.0129443091
        0.0040032183   0.0130201520  -0.0001958522   0.0003410296  -0.0010008059
       -0.0013336662   0.0008509402   0.0010423191  -0.0002762842   0.0002028769
       -0.0006499604  -0.0004300426   0.0008704586   0.0000905456  -0.0000575672
        0.0000254042  -0.0000271141  -0.0003646002  -0.0003859809  -0.0002075005
        0.0001795199  -0.0003628161  -0.0005432624   0.0004229232   0.0002512739
       -0.0007726276  -0.1904180508  -0.0154937467   0.2109457228  -0.0005778477
        0.0013378455   0.0001725209   0.0000304163  -0.0001525022  -0.0000062344
        0.0000047126  -0.0000895180  -0.0000711548  -0.0000398272   0.0001243108
        0.0001497760  -0.0000208104  -0.0003549257   0.0008664609   0.2028886389
        0.0090221931  -0.2216286009   0.0000748421  -0.0003625734  -0.0001605436
        0.0005288947  -0.0002546581   0.0001315669   0.0016433956   0.0007994860
       -0.0022672995   0.0002310649  -0.0005478159   0.0011286512   0.0213182544
       -0.0001810255  -0.0267926939   0.0034033941  -0.0044133648  -0.0020914315
        0.0010945941  -0.0000621923  -0.0004808403  -0.0000514386   0.0001620497
        0.0000352688   0.0007853917   0.0000961709  -0.0001986352  -0.0000903137
       -0.0000213022  -0.0000293470  -0.0006234605   0.0000396444  -0.0000280734
       -0.0002169976  -0.0000028676   0.0002766471  -0.0007175944  -0.0006602777
        0.0000233881  -0.0360736392  -0.0454527047   0.0589715802  -0.0000815757
        0.0010276978   0.0001453203  -0.0000453309   0.0000380371  -0.0000030081
       -0.0000536013   0.0000994559   0.0000842026   0.0000781519  -0.0000133983
       -0.0000497095   0.0001939068   0.0004131496   0.0003944142   0.0090221931
        0.0493206920  -0.0292563282  -0.0003452896  -0.0003867762   0.0000063270
        0.0002439990   0.0004490489   0.0001627861   0.0007013622   0.0001650363
        0.0030073387  -0.0000744956  -0.0005438784  -0.0001491501   0.0037663085
       -0.0079338182  -0.0057237282   0.0022737061  -0.0034741671  -0.0012942749
       -0.0002569910   0.0015237055   0.0005839222  -0.0000813572   0.0000433687
       -0.0003412436  -0.0001900945  -0.0000099608  -0.0002224480  -0.0001039978
        0.0000846290   0.0000174414  -0.0002229752  -0.0000937655  -0.0001868592
        0.0000623837  -0.0001356242   0.0000563455  -0.0004114645  -0.0000946159
       -0.0002741257   0.2163777267   0.0386539658  -0.2455696548  -0.0006758042
        0.0014577612  -0.0008272592  -0.0000781595   0.0001349431   0.0000498314
        0.0000084115   0.0001690850  -0.0000531621  -0.0001120910   0.0000596078
        0.0000525766   0.0002652016  -0.0005705568   0.0002251150  -0.2216286009
       -0.0292563282   0.2509135668   0.0001369320  -0.0006284364  -0.0004270180
        0.0006736791  -0.0003601463  -0.0014520221   0.0039502707  -0.0023569246
       -0.0365313205  -0.0042565625  -0.0000316701  -0.0034927964   0.0015374827
       -0.0001514551  -0.0015432048  -0.0004372235  -0.0002142909   0.0006307850
       -0.0003762878  -0.0002527052  -0.0002083290   0.0000556536   0.0000577669
        0.0001445635  -0.0004129802  -0.0000101953  -0.0002298366   0.0001418867
       -0.0000213448   0.0000309779   0.0006376911   0.0000456429   0.0005227760
        0.0004841478  -0.0001107654   0.0001848420   0.0003475196   0.0003508868
        0.0001574161  -0.0002995196   0.0005598567   0.0002337613  -0.0559584094
        0.0053750082   0.0824794735  -0.0001336127   0.0001296431   0.0001187175
       -0.0003456686   0.0003083174   0.0005642236  -0.0002308872   0.0000301610
       -0.0000241201  -0.0000994719  -0.0001433764  -0.0000899147   0.0000748421
       -0.0003452896   0.0001369320   0.0546474499  -0.0028591193  -0.0416329243
       -0.0005721239   0.0016886793   0.0023774872  -0.0007972780  -0.0031625527
       -0.0006465462  -0.0003652532   0.0013243293  -0.0003096728   0.0002873420
        0.0021550302  -0.0022614696  -0.0003912667   0.0002615962   0.0003117549
       -0.0002390434  -0.0001371947   0.0000030640   0.0000710040  -0.0000106524
        0.0001183878   0.0003156441   0.0010409477  -0.0001147348  -0.0000311962
       -0.0001690874   0.0000153902  -0.0006480551  -0.0009198358  -0.0004753838
        0.0000274782  -0.0003800008   0.0000207996   0.0002477962  -0.0001261386
        0.0001539373   0.0014436681  -0.0005772702   0.0006129792   0.0037873738
       -0.0058385025  -0.0241941284   0.0001261627  -0.0006121305   0.0004096190
        0.0003525792   0.0003278466  -0.0005663715  -0.0001676929   0.0000855730
        0.0000391426  -0.0002254460  -0.0001088402  -0.0001126747  -0.0003625734
       -0.0003867762  -0.0006284364  -0.0028591193   0.0055449797   0.0252468565
       -0.0002751295   0.0005313943   0.0013509543  -0.0064502007  -0.0014187858
       -0.0216308393  -0.0043946013  -0.0002476857  -0.0019624269  -0.0001250111
       -0.0004170343   0.0017735215  -0.0005921697  -0.0005078930   0.0001366346
       -0.0000018946   0.0000891907  -0.0000274769   0.0001916957   0.0000917096
        0.0001372182  -0.0002905084  -0.0000856484   0.0000674762   0.0000665062
        0.0000145508   0.0000212173   0.0009536452  -0.0000751008   0.0003244119
        0.0001178470  -0.0000149302  -0.0000985434   0.0002692263   0.0002098310
        0.0000760247   0.0004271944   0.0003835999   0.0000448465   0.0526137894
       -0.0241778414  -0.4214088858   0.0000566475  -0.0000313043  -0.0002296854
       -0.0007195140   0.0004158758   0.0000909014  -0.0000199351   0.0000280889
        0.0000736991  -0.0000341195  -0.0000412007  -0.0000166954  -0.0001605436
        0.0000063270  -0.0004270180  -0.0416329243   0.0252468565   0.4417046653
