           1           2  0.97024488724169489     
           2           3  0.95762196523465604     
           2           4  0.96904713477419624     
           4           5  0.95534659684202183     
           4           6  0.96340318078531217     
           6           7  0.95831862787993483     
           6           8  0.95008090820829383     
           8           9  0.94776000845668540     
           1          10  0.97655766032573510     
           8          10  0.99817779372254400     
           8          11  0.99307427017982630     
           6          12  0.99915996513215743     
           4          13  0.99395916343097590     
           2          14   1.0042834765621125     
           1          15  0.96850130426877068     
           1          16  0.96635398636973635     
          11          17  0.87177257262604990     
          12          18  0.87756610834389970     
          13          19  0.89031975604112690     
          14          20  0.89305491261113767     
