           1           2  0.99513400899091708     
           2           3  0.96956656296355537     
           3           4   1.7625433503976560     
           3           5   1.1272803725903224     
           4           5  0.17270953898601343     
           5           6  0.95863636058615209     
           1           7  0.98758467939888561     
           1           8  0.98413409707417698     
           1           9  0.98778172717235369     
           2          10  0.97181195488241068     
           2          11  0.97053650973844208     
           6          12  0.98200966168429515     
           6          13  0.97740604214544746     
           6          14  0.97723075598231679     
