$hessian                                                                        
        0.4865174777   0.0293645465  -0.0001208661  -0.1861897426   0.0630415121
        0.0056383814  -0.0072518636   0.0089228233   0.0004288902   0.0012553606
        0.0001435462   0.0002798721  -0.0006556917   0.0002156016   0.0000312306
       -0.0019302023  -0.0035483115   0.0004694765  -0.0330273340   0.0068775129
        0.0015564988  -0.0002422068   0.0022259200  -0.0001749778  -0.0012751325
        0.0006118213   0.0000541248  -0.0448782234   0.0126529229  -0.0228906472
       -0.1717643223  -0.1212076618   0.0069783576  -0.0416256377   0.0020186802
        0.0079652237   0.0012280622  -0.0018292902  -0.0001589877  -0.0001774904
        0.0000194979  -0.0000057561   0.0001026908  -0.0000267354  -0.0000704185
        0.0002099877  -0.0000388093  -0.0001096321  -0.0002350080   0.0005106461
        0.0000084904   0.0002982481   0.0000496252   0.0001116676  -0.0003589720
       -0.0000038480   0.0000090719
        0.0293645465   0.5116063980  -0.0014894364   0.0561457316  -0.0964258463
       -0.0024777337   0.0281008800  -0.0215034042  -0.0012037700  -0.0013165362
       -0.0046761953   0.0001335447   0.0007277727  -0.0001592703  -0.0000372720
       -0.0030012653  -0.0013530042   0.0001887644  -0.0085811787   0.0078322569
        0.0003617264  -0.0004178725  -0.0011243310   0.0000017214  -0.0007628300
        0.0005928342   0.0000343428   0.0156882686  -0.1174542443   0.1097711871
       -0.1209090497  -0.1563901267   0.0065863830   0.0052714253  -0.1205644070
       -0.1118760429   0.0018492945   0.0007449698  -0.0001019635   0.0013323937
       -0.0008685615  -0.0000569788  -0.0000043262   0.0001362123  -0.0000122206
       -0.0013804218  -0.0001421987   0.0006571890  -0.0002913623   0.0000166786
        0.0000183002  -0.0014137899  -0.0001319957  -0.0005157112  -0.0004016802
       -0.0001357645   0.0000179702
       -0.0001208661  -0.0014894364   0.4888128219   0.0056889350  -0.0028199369
       -0.0607070391   0.0003348301  -0.0003021093   0.0028460153   0.0003060092
        0.0000564962   0.0072553464   0.0000124649  -0.0000057455  -0.0001015714
        0.0004700567   0.0002032379   0.0075129144   0.0016395470  -0.0003563083
        0.0002402230  -0.0001486299  -0.0001205451  -0.0035356287   0.0000641349
       -0.0000299935  -0.0000794705  -0.0258878812   0.1117084826  -0.1966125634
        0.0069587682   0.0066127862  -0.0453049246   0.0109103711  -0.1135036709
       -0.1967860037  -0.0001762664   0.0000743840  -0.0022625744  -0.0000071949
        0.0000039027  -0.0001546365  -0.0000764924  -0.0000072800  -0.0014961704
       -0.0007639171  -0.0009067044   0.0003201037   0.0000148801  -0.0000258793
        0.0000460000   0.0007743101   0.0009074530   0.0002370359   0.0000069406
        0.0000008668  -0.0002298781
       -0.1861897426   0.0561457316   0.0056889350   0.6192897300   0.0070769652
       -0.0224973446  -0.0916553570   0.0490412966   0.0018520227   0.0217043368
        0.0272914317  -0.0011833902  -0.0103671776  -0.0255927653   0.0004492865
       -0.0643942179   0.0200197875   0.0028006166  -0.2395490858  -0.1338919994
        0.0097548431   0.0003205512  -0.0084611274   0.0000395653  -0.0001215653
        0.0044484352   0.0002668752  -0.0071360989   0.0096522267  -0.0033803150
       -0.0268907998   0.0068216254   0.0012524626  -0.0046807103   0.0085545847
        0.0038332723  -0.0025782568  -0.0254479376   0.0002665890  -0.0044027773
        0.0031697499   0.0005592710   0.0005599515  -0.0007344675  -0.0000201566
       -0.0009441208   0.0013336254   0.0011555749  -0.0002099471   0.0001808048
        0.0000387860  -0.0010342813   0.0013543413  -0.0010097311  -0.0017204310
       -0.0009623088   0.0001328375
        0.0630415121  -0.0964258463  -0.0028199369   0.0070769652   0.6590980824
       -0.0030534271  -0.0291972270  -0.3176812585   0.0028255093   0.0864383574
       -0.0317429002  -0.0039644234  -0.0297538870  -0.0484932518   0.0016660478
       -0.0350183640   0.0580452456   0.0013529499  -0.0629046636  -0.1528983317
        0.0035360692  -0.0238022352  -0.0243211842   0.0012806523   0.0063504789
       -0.0017595340  -0.0002730600   0.0180150500  -0.0126699232   0.0021929162
       -0.0170056409   0.0083674584   0.0007802560   0.0180051231  -0.0128830667
       -0.0037564555  -0.0028494013  -0.0192536004   0.0002179144   0.0025084497
       -0.0003499722  -0.0000745502  -0.0005338646  -0.0004455332   0.0000362477
       -0.0007456337  -0.0000331524  -0.0001408369   0.0001033629  -0.0064664664
        0.0000240961  -0.0007296495  -0.0000323692   0.0002182572   0.0010012674
       -0.0000543961  -0.0000482261
        0.0056383814  -0.0024777337  -0.0607070391  -0.0224973446  -0.0030534271
        0.1488600334   0.0022626792  -0.0009210967  -0.0477967007  -0.0014966578
       -0.0011218981   0.0000368680   0.0004626929   0.0014510110  -0.0038961163
        0.0030878486  -0.0012929356  -0.0036394926   0.0093806722   0.0069227941
       -0.0502826678   0.0001153276   0.0005414832   0.0001258114   0.0002663020
       -0.0001653176   0.0058654946  -0.0213912584   0.0114293424   0.0012608773
        0.0014259870  -0.0003845929   0.0001827833   0.0217244132  -0.0121337862
       -0.0009776345   0.0001491506   0.0013202988   0.0002329587   0.0005650344
       -0.0001096692   0.0076790343  -0.0000221248   0.0000390627   0.0000080414
       -0.0000050693  -0.0003820121   0.0005870522   0.0000438458   0.0000258104
        0.0007731728   0.0001666204   0.0002610956   0.0006779303   0.0001234995
        0.0000515712   0.0010095932
       -0.0072518636   0.0281008800   0.0003348301  -0.0916553570  -0.0291972270
        0.0022626792   0.6784960539  -0.0009757700  -0.0270821316  -0.2865671088
        0.1402304900   0.0107587009  -0.0688534008  -0.0342639290   0.0035494005
       -0.0168102173   0.0332112954   0.0003866292   0.0303561294  -0.0225959733
       -0.0013158252  -0.0040321277  -0.0025630751   0.0005306683   0.0002200650
       -0.0011813237  -0.0000033825  -0.0027952137   0.0020550349   0.0001210890
        0.0007343019   0.0025322555  -0.0000654163  -0.0027499920   0.0020204713
        0.0000928497  -0.2235432840  -0.1160732171   0.0097585440  -0.0020874942
        0.0026282560   0.0001066812  -0.0037019733  -0.0030869877   0.0005541186
       -0.0000591594   0.0003739462   0.0001347423  -0.0001336974  -0.0012069269
        0.0000268210  -0.0000855482   0.0002492827  -0.0001330480   0.0005198871
       -0.0002574823  -0.0000179504
        0.0089228233  -0.0215034042  -0.0003021093   0.0490412966  -0.3176812585
       -0.0009210967  -0.0009757700   0.6496430126  -0.0028080582   0.0624563783
       -0.1467169667  -0.0024526418   0.0236962577   0.0560467596  -0.0014121123
        0.0320294647  -0.0443488162  -0.0013216444  -0.0762184780  -0.0383552168
        0.0038535200  -0.0023746149   0.0000183621   0.0001387496  -0.0031914266
       -0.0005725276   0.0001564023   0.0008033982  -0.0001802558  -0.0005147311
       -0.0021474258   0.0009855545   0.0001086552   0.0008684418  -0.0001802521
        0.0004331579  -0.1157522379  -0.1184788360   0.0059928408   0.0266512179
       -0.0173539414  -0.0011857573  -0.0038545050  -0.0008307246   0.0002316619
       -0.0000830417  -0.0000094802   0.0000477643   0.0001951337  -0.0007895388
       -0.0000078960  -0.0000861717  -0.0000253446  -0.0000401208   0.0000192596
        0.0003328747   0.0000034158
        0.0004288902  -0.0012037700   0.0028460153   0.0018520227   0.0028255093
       -0.0477967007  -0.0270821316  -0.0028080582   0.1123898927   0.0111621044
       -0.0061614276  -0.0460921176   0.0032554598   0.0013593909   0.0015880159
        0.0004033362  -0.0013738176  -0.0049308649  -0.0010352168   0.0012801467
        0.0003623581   0.0005389410   0.0001554259   0.0069520954  -0.0000098344
        0.0000517461  -0.0001351971  -0.0004387378   0.0003354428  -0.0003012947
       -0.0000331439  -0.0001275508  -0.0001921859   0.0006626162  -0.0005386288
       -0.0003531823   0.0097485232   0.0059987856  -0.0327175991  -0.0000166259
       -0.0000291313   0.0005523950   0.0005591848   0.0001909778   0.0075465017
        0.0001208165   0.0012579456  -0.0000187772   0.0000158692   0.0000655621
        0.0002237582  -0.0001116846  -0.0012893267   0.0000198231  -0.0000203891
        0.0000107782   0.0000570642
        0.0012553606  -0.0013165362   0.0003060092   0.0217043368   0.0864383574
       -0.0014966578  -0.2865671088   0.0624563783   0.0111621044   0.6625755327
       -0.0013551952  -0.0262111382  -0.2682761363  -0.0742741047   0.0111706204
        0.0340382398  -0.0814218797  -0.0012804470  -0.0633328016  -0.0022571047
        0.0028770140   0.0001690579  -0.0006287781   0.0000103275  -0.0016999526
        0.0020313048   0.0003743883  -0.0002159789   0.0006466394   0.0000163533
        0.0000374475  -0.0001516436  -0.0000145943  -0.0003479508   0.0007435008
        0.0000084325  -0.0268727497   0.0102455482   0.0012106322  -0.0449074070
        0.0115226454   0.0005040241  -0.0267997735  -0.0130421201   0.0013186392
       -0.0002160419   0.0000327247  -0.0000649814   0.0002479687  -0.0001458260
       -0.0000022749  -0.0002055857   0.0000343113   0.0000846506  -0.0005864572
        0.0004417780   0.0000268979
        0.0001435462  -0.0046761953   0.0000564962   0.0272914317  -0.0317429002
       -0.0011218981   0.1402304900  -0.1467169667  -0.0061614276  -0.0013551952
        0.6778283383  -0.0029504428  -0.1505320422  -0.1655993277   0.0078450388
       -0.0224927066  -0.0383113305   0.0012680085  -0.0023152896   0.0045532362
        0.0000633979   0.0004244107  -0.0010373103  -0.0000121731  -0.0010124937
       -0.0065348732   0.0001149110   0.0006278062  -0.0004972656  -0.0002161830
       -0.0004041122   0.0000020465   0.0000035098   0.0006404932  -0.0004857299
        0.0001640531  -0.0141758986   0.0064598539   0.0006467497   0.0117496348
       -0.3003550432   0.0008740686   0.0113462588   0.0070201797  -0.0005897099
       -0.0001590417   0.0000579436   0.0001144391   0.0001176634   0.0002288013
        0.0000044850  -0.0001705438   0.0000548598  -0.0001024669   0.0000455885
       -0.0002483167  -0.0000008564
        0.0002798721   0.0001335447   0.0072553464  -0.0011833902  -0.0039644234
        0.0000368680   0.0107587009  -0.0024526418  -0.0460921176  -0.0262111382
       -0.0029504428   0.1150600687   0.0115603671   0.0042089075  -0.0437262815
       -0.0015927533   0.0040854883  -0.0020256442   0.0028999742   0.0000689627
       -0.0032182873  -0.0000175290   0.0000380441  -0.0001277900   0.0004040828
       -0.0000337796   0.0068371921   0.0012295532  -0.0010226544   0.0000722261
       -0.0000013249   0.0000063386  -0.0000293833  -0.0011962117   0.0009606703
        0.0001744884   0.0013450866  -0.0005227214  -0.0003114827   0.0004790601
        0.0008773279  -0.0335749906   0.0012021625   0.0005842504  -0.0005052235
        0.0000050462  -0.0000106640   0.0000013710  -0.0000142254   0.0000045601
       -0.0000238170   0.0000168269   0.0000070020  -0.0000051440   0.0000358401
       -0.0000177691   0.0002026012
       -0.0006556917   0.0007277727   0.0000124649  -0.0103671776  -0.0297538870
        0.0004626929  -0.0688534008   0.0236962577   0.0032554598  -0.2682761363
       -0.1505320422   0.0115603671   0.6761011553   0.0098022325  -0.0273184005
       -0.0915605643   0.0625363608   0.0017119616   0.0206443108   0.0246915985
       -0.0011586360  -0.0040867379   0.0026739353   0.0005113641  -0.0134856150
       -0.0448674325   0.0011723111   0.0001419711  -0.0002768775   0.0001331334
        0.0003717630   0.0001252998   0.0000021898   0.0001363877  -0.0002774709
       -0.0001395586  -0.0042611864   0.0026021899   0.0005383465  -0.0000055327
       -0.0012500574   0.0000079118  -0.2377021031   0.1026899153   0.0093806732
        0.0000202570   0.0006390594  -0.0001888083  -0.0004963442  -0.0003218467
        0.0000085103   0.0000535795   0.0004886560   0.0001939808   0.0022810654
       -0.0033936638  -0.0001459639
        0.0002156016  -0.0001592703  -0.0000057455  -0.0255927653  -0.0484932518
        0.0014510110  -0.0342639290   0.0560467596   0.0013593909  -0.0742741047
       -0.1655993277   0.0042089075   0.0098022325   0.6550418400  -0.0033684059
       -0.0239427177  -0.3148087329   0.0025396108   0.0770232502  -0.0288923848
       -0.0035360783   0.0008938221   0.0014579875  -0.0000124766  -0.0115483142
       -0.0360176705   0.0007844910   0.0001679363  -0.0001370555  -0.0000576550
       -0.0000325868   0.0000819942  -0.0000004949   0.0001643621  -0.0001379477
        0.0000415446   0.0031958894  -0.0002642661  -0.0001164651  -0.0255965698
       -0.0202792686   0.0013357695   0.1020541474  -0.0991961656  -0.0045256206
        0.0005288851  -0.0004557825   0.0000813816  -0.0004411829   0.0005441641
        0.0000181231   0.0005178943  -0.0004719712  -0.0001233534   0.0011281494
        0.0017403497  -0.0000739346
        0.0000312306  -0.0000372720  -0.0001015714   0.0004492865   0.0016660478
       -0.0038961163   0.0035494005  -0.0014121123   0.0015880159   0.0111706204
        0.0078450388  -0.0437262815  -0.0273184005  -0.0033684059   0.1076849246
        0.0021586498  -0.0015844688  -0.0487935386  -0.0014530663  -0.0010366188
       -0.0010368720   0.0005311064  -0.0001069048   0.0070823500   0.0009948341
        0.0023748279   0.0057275653   0.0000048112  -0.0000230501   0.0000065179
       -0.0000183186  -0.0000071796   0.0000172565  -0.0000187632   0.0000512170
        0.0000200284   0.0005396021  -0.0000849276   0.0073719694   0.0001537957
        0.0001691364   0.0003462546   0.0093704815  -0.0045555763  -0.0312368044
       -0.0001526920   0.0015452435   0.0001371119   0.0000234728   0.0000147850
       -0.0000671553   0.0001558379  -0.0015943295   0.0001203549  -0.0001718890
        0.0001445493  -0.0012440100
       -0.0019302023  -0.0030012653   0.0004700567  -0.0643942179  -0.0350183640
        0.0030878486  -0.0168102173   0.0320294647   0.0004033362   0.0340382398
       -0.0224927066  -0.0015927533  -0.0915605643  -0.0239427177   0.0021586498
        0.6336413363  -0.0130295800  -0.0242103917  -0.2382168503   0.1312672625
        0.0083233358  -0.0039407643   0.0089545876   0.0002642252  -0.2042555083
       -0.0803732638   0.0085004416   0.0004180260  -0.0002026964   0.0001744509
       -0.0008833069   0.0006769801   0.0000470913   0.0002856535  -0.0001672319
       -0.0002070371   0.0003315110   0.0006697008   0.0000002285  -0.0036140924
       -0.0030862968   0.0005848429  -0.0075810749   0.0273512001   0.0002590340
        0.0002355625  -0.0015420037  -0.0004259336   0.0003471473  -0.0035867992
        0.0000309005   0.0002276097  -0.0014496397   0.0003629107  -0.0363382871
       -0.0130566308   0.0017687631
       -0.0035483115  -0.0013530042   0.0002032379   0.0200197875   0.0580452456
       -0.0012929356   0.0332112954  -0.0443488162  -0.0013738176  -0.0814218797
       -0.0383113305   0.0040854883   0.0625363608  -0.3148087329  -0.0015844688
       -0.0130295800   0.6653851433  -0.0022027145   0.0539636087  -0.1356237540
       -0.0021293162   0.0271624627  -0.0245570328  -0.0011591758  -0.1138981586
       -0.1534301640   0.0060642382   0.0000749956  -0.0001828511   0.0001101429
       -0.0009908074   0.0001613124   0.0000668753   0.0000595160  -0.0001801221
       -0.0001104641   0.0005711473  -0.0003555299  -0.0000319210  -0.0020953772
        0.0000545365   0.0001358309   0.0026717766  -0.0169367662  -0.0000237524
        0.0001439681  -0.0045090221   0.0001072728   0.0007446353  -0.0007353969
       -0.0000387107   0.0001369021  -0.0044904666  -0.0000788841   0.0136876583
        0.0161767517  -0.0007469256
        0.0004694765   0.0001887644   0.0075129144   0.0028006166   0.0013529499
       -0.0036394926   0.0003866292  -0.0013216444  -0.0049308649  -0.0012804470
        0.0012680085  -0.0020256442   0.0017119616   0.0025396108  -0.0487935386
       -0.0242103917  -0.0022027145   0.1281124967   0.0087306685  -0.0058348605
       -0.0503966276   0.0001643104  -0.0002851191   0.0025557073   0.0086648240
        0.0044550998  -0.0364612896   0.0011690401  -0.0004063657  -0.0001046904
        0.0000595959  -0.0000295823   0.0003122211  -0.0012033232   0.0004207282
        0.0000206387   0.0000086129  -0.0000258296   0.0005398474   0.0005674820
        0.0001911474   0.0080044714   0.0003863865  -0.0012154732   0.0007676724
        0.0004265569  -0.0008840611  -0.0006266489   0.0000037896   0.0001771706
        0.0004725339  -0.0005031481   0.0010657331  -0.0006271998   0.0016473593
        0.0005464376  -0.0006925070
       -0.0330273340  -0.0085811787   0.0016395470  -0.2395490858  -0.0629046636
        0.0093806722   0.0303561294  -0.0762184780  -0.0010352168  -0.0633328016
       -0.0023152896   0.0028999742   0.0206443108   0.0770232502  -0.0014530663
       -0.2382168503   0.0539636087   0.0087306685   0.6521066715   0.0060073027
       -0.0244694107  -0.0666999442   0.0050260842   0.0003212222  -0.0502778075
        0.0070103278   0.0025073127  -0.0005021534  -0.0011366952   0.0001649611
       -0.0051740522   0.0022327428   0.0002723154  -0.0004857987  -0.0011382593
       -0.0000358204   0.0007326968   0.0007209540   0.0002927185  -0.0006069219
        0.0000508357   0.0000428231   0.0010384820  -0.0004091723   0.0002719493
       -0.0008432896   0.0146733801   0.0009999715  -0.0007531506  -0.0287837003
        0.0002058124  -0.0010348477   0.0169443921  -0.0010276916  -0.0043742528
       -0.0021654414   0.0002912577
        0.0068775129   0.0078322569  -0.0003563083  -0.1338919994  -0.1528983317
        0.0069227941  -0.0225959733  -0.0383552168   0.0012801467  -0.0022571047
        0.0045532362   0.0000689627   0.0246915985  -0.0288923848  -0.0010366188
        0.1312672625  -0.1356237540  -0.0058348605   0.0060073027   0.6232359094
       -0.0027834132  -0.0001799165  -0.2163943980   0.0008050102  -0.0207051204
        0.0058031195   0.0009832358   0.0009190102  -0.0010152683   0.0009694797
        0.0026841992  -0.0014091240  -0.0001199617   0.0008167192  -0.0010286126
       -0.0010385247   0.0000194131  -0.0057302283   0.0000686186  -0.0001484466
        0.0008457183   0.0000036317   0.0006147330  -0.0056672674   0.0000321202
        0.0063634560  -0.0186527248  -0.0048899135  -0.0048915165  -0.0167993758
        0.0003157995   0.0067806986  -0.0183652234   0.0044812283  -0.0023718285
       -0.0014383304   0.0001285732
        0.0015564988   0.0003617264   0.0002402230   0.0097548431   0.0035360692
       -0.0502826678  -0.0013158252   0.0038535200   0.0003623581   0.0028770140
        0.0000633979  -0.0032182873  -0.0011586360  -0.0035360783  -0.0010368720
        0.0083233358  -0.0021293162  -0.0503966276  -0.0244694107  -0.0027834132
        0.1420758503   0.0003466233   0.0005667676  -0.0595578353   0.0026506989
       -0.0003510316   0.0027416886  -0.0002223830   0.0000842586   0.0006814460
        0.0002847714  -0.0000935443   0.0010495144   0.0003244840   0.0000469847
        0.0006786036   0.0002950953   0.0000296805   0.0069095732   0.0000359846
       -0.0000057081   0.0000912450   0.0002737411   0.0000855702   0.0068430713
        0.0011405430  -0.0251464311   0.0005393174   0.0000761250   0.0014304789
        0.0002723370  -0.0010738682   0.0238677629   0.0004395363   0.0003003651
        0.0001193060   0.0015675257
       -0.0002422068  -0.0004178725  -0.0001486299   0.0003205512  -0.0238022352
        0.0001153276  -0.0040321277  -0.0023746149   0.0005389410   0.0001690579
        0.0004244107  -0.0000175290  -0.0040867379   0.0008938221   0.0005311064
       -0.0039407643   0.0271624627   0.0001643104  -0.0666999442  -0.0001799165
        0.0003466233   0.5345817347   0.0079831141  -0.0022366870  -0.0001978802
        0.0016049222  -0.0000809674  -0.0005907075  -0.0009995410   0.0005424663
        0.0000687790  -0.0004984087  -0.0000005266  -0.0005449364  -0.0009834520
       -0.0004558430  -0.0001322293  -0.0014860958   0.0000180834   0.0001206634
       -0.0000382919  -0.0000820145  -0.0002662354   0.0013351944  -0.0000116844
       -0.0887827180   0.0341482656   0.0877158402  -0.2598470548  -0.0822635630
        0.0104462918  -0.1061168379   0.0391716298  -0.0973797094   0.0002195942
        0.0003201701  -0.0000053992
        0.0022259200  -0.0011243310  -0.0001205451  -0.0084611274  -0.0243211842
        0.0005414832  -0.0025630751   0.0000183621   0.0001554259  -0.0006287781
       -0.0010373103   0.0000380441   0.0026739353   0.0014579875  -0.0001069048
        0.0089545876  -0.0245570328  -0.0002851191   0.0050260842  -0.2163943980
        0.0005667676   0.0079831141   0.4661448036  -0.0002383844   0.0005377556
        0.0010556381  -0.0000472041   0.0004164812   0.0007322804  -0.0003764043
        0.0003717902  -0.0002523747  -0.0000265450   0.0004708778   0.0007408669
        0.0003352521   0.0000516087  -0.0008914729   0.0000059666  -0.0000076818
        0.0001580130  -0.0000057965  -0.0000260299  -0.0008003326   0.0000015516
        0.0313380133  -0.0640606385  -0.0634655494  -0.0838385597  -0.0736385948
        0.0040660321   0.0360681134  -0.0627622857   0.0589274300  -0.0005930296
       -0.0004679961   0.0000344995
       -0.0001749778   0.0000017214  -0.0035356287   0.0000395653   0.0012806523
        0.0001258114   0.0005306683   0.0001387496   0.0069520954   0.0000103275
       -0.0000121731  -0.0001277900   0.0005113641  -0.0000124766   0.0070823500
        0.0002642252  -0.0011591758   0.0025557073   0.0003212222   0.0008050102
       -0.0595578353  -0.0022366870  -0.0002383844   0.4890960767  -0.0000850408
       -0.0000961967  -0.0017561471  -0.0011226835  -0.0002857255   0.0003049899
       -0.0000044901   0.0000234754   0.0000158562   0.0012075461   0.0003803749
        0.0002318275   0.0000094204   0.0000768008   0.0000735444  -0.0000832724
       -0.0000076498  -0.0015712308  -0.0000044208  -0.0000635920  -0.0003733486
        0.0884755529  -0.0666359442  -0.2052022820   0.0104560126   0.0039804010
       -0.0453070347  -0.0981134255   0.0618374555  -0.1891216584  -0.0000009066
       -0.0000133230   0.0001146969
       -0.0012751325  -0.0007628300   0.0000641349  -0.0001215653   0.0063504789
        0.0002663020   0.0002200650  -0.0031914266  -0.0000098344  -0.0016999526
       -0.0010124937   0.0004040828  -0.0134856150  -0.0115483142   0.0009948341
       -0.2042555083  -0.1138981586   0.0086648240  -0.0502778075  -0.0207051204
        0.0026506989  -0.0001978802   0.0005377556  -0.0000850408   0.5338477988
       -0.0704424249  -0.0240811677  -0.0000468604  -0.0000206106  -0.0000237806
       -0.0003547848   0.0000695268   0.0000121872  -0.0000425808  -0.0000127486
        0.0000300518   0.0002616261   0.0001498693  -0.0000677707  -0.0005736417
       -0.0005730150   0.0000135249   0.0037533419   0.0029001006  -0.0002824604
        0.0000733833   0.0002284673   0.0001265541  -0.0009527782   0.0033057253
       -0.0000131402   0.0001357147   0.0002646017  -0.0001194479  -0.2650078224
        0.2083606171   0.0114554480
        0.0006118213   0.0005928342  -0.0000299935   0.0044484352  -0.0017595340
       -0.0001653176  -0.0011813237  -0.0005725276   0.0000517461   0.0020313048
       -0.0065348732  -0.0000337796  -0.0448674325  -0.0360176705   0.0023748279
       -0.0803732638  -0.1534301640   0.0044550998   0.0070103278   0.0058031195
       -0.0003510316   0.0016049222   0.0010556381  -0.0000961967  -0.0704424249
        0.3943885031   0.0015747047  -0.0001677365   0.0000585762  -0.0001096066
        0.0002946650  -0.0000633481  -0.0000190353  -0.0001580934   0.0000618459
        0.0001218681   0.0000755642   0.0001644528  -0.0000012447  -0.0018681894
       -0.0015417464   0.0000934851  -0.0008841153   0.0024710290   0.0000147375
        0.0001714962   0.0008045216   0.0000294679   0.0019800087   0.0002395223
       -0.0000999705   0.0001725789   0.0008095865  -0.0000528837   0.1815414550
       -0.2065297654  -0.0077568770
        0.0000541248   0.0000343428  -0.0000794705   0.0002668752  -0.0002730600
        0.0058654946  -0.0000033825   0.0001564023  -0.0001351971   0.0003743883
        0.0001149110   0.0068371921   0.0011723111   0.0007844910   0.0057275653
        0.0085004416   0.0060642382  -0.0364612896   0.0025073127   0.0009832358
        0.0027416886  -0.0000809674  -0.0000472041  -0.0017561471  -0.0240811677
        0.0015747047   0.0277147359   0.0000323680  -0.0000630797   0.0000320774
        0.0000115084  -0.0000043705  -0.0000658814  -0.0000257267   0.0000667651
        0.0000322590  -0.0000819534  -0.0000180339  -0.0014015839   0.0000336477
        0.0000341597  -0.0001105445  -0.0002565863  -0.0001620239  -0.0017054642
       -0.0007587863  -0.0003634982   0.0002708105  -0.0000036702  -0.0001630342
       -0.0008771088   0.0007682484   0.0003354884   0.0002046195   0.0115710142
       -0.0090544345  -0.0068337558
       -0.0448782234   0.0156882686  -0.0258878812  -0.0071360989   0.0180150500
       -0.0213912584  -0.0027952137   0.0008033982  -0.0004387378  -0.0002159789
        0.0006278062   0.0012295532   0.0001419711   0.0001679363   0.0000048112
        0.0004180260   0.0000749956   0.0011690401  -0.0005021534   0.0009190102
       -0.0002223830  -0.0005907075   0.0004164812  -0.0011226835  -0.0000468604
       -0.0001677365   0.0000323680   0.0528612340  -0.0200670539   0.0273853449
        0.0017176110  -0.0146722677   0.0190676244   0.0014180336  -0.0006616370
       -0.0000237849  -0.0001215379  -0.0000632967  -0.0002522321  -0.0001576572
        0.0000968596   0.0000094339   0.0000185438  -0.0000594043  -0.0002294889
        0.0000483991  -0.0002991446  -0.0001092121   0.0001637231   0.0000529938
        0.0001411070  -0.0004354630  -0.0009105338   0.0007002844   0.0000923525
        0.0000382748  -0.0000619053
        0.0126529229  -0.1174542443   0.1117084826   0.0096522267  -0.0126699232
        0.0114293424   0.0020550349  -0.0001802558   0.0003354428   0.0006466394
       -0.0004972656  -0.0010226544  -0.0002768775  -0.0001370555  -0.0000230501
       -0.0002026964  -0.0001828511  -0.0004063657  -0.0011366952  -0.0010152683
        0.0000842586  -0.0009995410   0.0007322804  -0.0002857255  -0.0000206106
        0.0000585762  -0.0000630797  -0.0200670539   0.1374997587  -0.1286205250
       -0.0003176486  -0.0159471060   0.0207550017  -0.0020838464   0.0095148686
       -0.0147045049   0.0001136017   0.0002445320   0.0003394711   0.0000868354
       -0.0000565162  -0.0000162996   0.0000127601   0.0000127134   0.0001686924
        0.0001895648   0.0001081874  -0.0000348706  -0.0000961253  -0.0000431914
        0.0000791889  -0.0001469493   0.0000180218   0.0002266344  -0.0000615418
       -0.0000052609   0.0000505604
       -0.0228906472   0.1097711871  -0.1966125634  -0.0033803150   0.0021929162
        0.0012608773   0.0001210890  -0.0005147311  -0.0003012947   0.0000163533
       -0.0002161830   0.0000722261   0.0001331334  -0.0000576550   0.0000065179
        0.0001744509   0.0001101429  -0.0001046904   0.0001649611   0.0009694797
        0.0006814460   0.0005424663  -0.0003764043   0.0003049899  -0.0000237806
       -0.0001096066   0.0000320774   0.0273853449  -0.1286205250   0.2273081165
        0.0008759085   0.0033001689  -0.0028775863  -0.0029396369   0.0142926279
       -0.0295025203  -0.0000662170  -0.0001415220  -0.0000584588   0.0000348342
       -0.0000289125   0.0000246796  -0.0000161826  -0.0000343158  -0.0000020219
       -0.0000901297  -0.0000575349  -0.0007347078   0.0002802480  -0.0000391652
       -0.0000065295  -0.0003966080  -0.0004472113   0.0005309022   0.0000747276
        0.0000072441  -0.0000214597
       -0.1717643223  -0.1209090497   0.0069587682  -0.0268907998  -0.0170056409
        0.0014259870   0.0007343019  -0.0021474258  -0.0000331439   0.0000374475
       -0.0004041122  -0.0000013249   0.0003717630  -0.0000325868  -0.0000183186
       -0.0008833069  -0.0009908074   0.0000595959  -0.0051740522   0.0026841992
        0.0002847714   0.0000687790   0.0003717902  -0.0000044901  -0.0003547848
        0.0002946650   0.0000115084   0.0017176110  -0.0003176486   0.0008759085
        0.2018653224   0.1388735797  -0.0084416324  -0.0002225656  -0.0023170733
       -0.0010985610   0.0002888885   0.0015093063  -0.0000152251   0.0001867080
       -0.0000450613  -0.0000081927   0.0000517995   0.0000443893  -0.0000040118
       -0.0000118291   0.0001415919   0.0000889859   0.0001387703   0.0001141356
        0.0000003320  -0.0000311609   0.0001311580  -0.0000866845  -0.0001285696
        0.0000045907   0.0000057276
       -0.1212076618  -0.1563901267   0.0066127862   0.0068216254   0.0083674584
       -0.0003845929   0.0025322555   0.0009855545  -0.0001275508  -0.0001516436
        0.0000020465   0.0000063386   0.0001252998   0.0000819942  -0.0000071796
        0.0006769801   0.0001613124  -0.0000295823   0.0022327428  -0.0014091240
       -0.0000935443  -0.0004984087  -0.0002523747   0.0000234754   0.0000695268
       -0.0000633481  -0.0000043705  -0.0146722677  -0.0159471060   0.0033001689
        0.1388735797   0.1808420117  -0.0076213886  -0.0151758524  -0.0162641420
       -0.0016600940   0.0004753504  -0.0006102892  -0.0000194000  -0.0000018835
        0.0000360880   0.0000001664  -0.0000493342   0.0000204648   0.0000017687
        0.0000056180   0.0001554670   0.0002918868  -0.0000786651   0.0001110921
        0.0000048036  -0.0000225562   0.0001517131  -0.0002916730   0.0000452948
        0.0000213079  -0.0000020183
        0.0069783576   0.0065863830  -0.0453049246   0.0012524626   0.0007802560
        0.0001827833  -0.0000654163   0.0001086552  -0.0001921859  -0.0000145943
        0.0000035098  -0.0000293833   0.0000021898  -0.0000004949   0.0000172565
        0.0000470913   0.0000668753   0.0003122211   0.0002723154  -0.0001199617
        0.0010495144  -0.0000005266  -0.0000265450   0.0000158562   0.0000121872
       -0.0000190353  -0.0000658814   0.0190676244   0.0207550017  -0.0028775863
       -0.0084416324  -0.0076213886   0.0472639374  -0.0190975798  -0.0204231742
       -0.0006124776  -0.0000080541  -0.0000734355   0.0001258725  -0.0000077986
        0.0000036956  -0.0000095092  -0.0000054464  -0.0000025670  -0.0000118821
        0.0001199960   0.0000964156   0.0000105981   0.0000006328  -0.0000032888
        0.0001200361  -0.0001171426  -0.0001107291   0.0000323107   0.0000053344
       -0.0000001719  -0.0000265559
       -0.0416256377   0.0052714253   0.0109103711  -0.0046807103   0.0180051231
        0.0217244132  -0.0027499920   0.0008684418   0.0006626162  -0.0003479508
        0.0006404932  -0.0011962117   0.0001363877   0.0001643621  -0.0000187632
        0.0002856535   0.0000595160  -0.0012033232  -0.0004857987   0.0008167192
        0.0003244840  -0.0005449364   0.0004708778   0.0012075461  -0.0000425808
       -0.0001580934  -0.0000257267   0.0014180336  -0.0020838464  -0.0029396369
       -0.0002225656  -0.0151758524  -0.0190975798   0.0492537534  -0.0077963063
       -0.0101643875  -0.0000929388  -0.0000496648   0.0002542290  -0.0001590217
        0.0000959450   0.0000074841   0.0000433583  -0.0000530436   0.0002259034
       -0.0004590563  -0.0008795506  -0.0006060010   0.0001203891   0.0000560119
       -0.0001539924   0.0000628277  -0.0002916969   0.0000370423   0.0000907858
        0.0000391391   0.0000515328
        0.0020186802  -0.1205644070  -0.1135036709   0.0085545847  -0.0128830667
       -0.0121337862   0.0020204713  -0.0001802521  -0.0005386288   0.0007435008
       -0.0004857299   0.0009606703  -0.0002774709  -0.0001379477   0.0000512170
       -0.0001672319  -0.0001801221   0.0004207282  -0.0011382593  -0.0010286126
        0.0000469847  -0.0009834520   0.0007408669   0.0003803749  -0.0000127486
        0.0000618459   0.0000667651  -0.0006616370   0.0095148686   0.0142926279
       -0.0023170733  -0.0162641420  -0.0204231742  -0.0077963063   0.1411262967
        0.1312049579   0.0000824364   0.0002448256  -0.0003496989   0.0000887103
       -0.0000567453   0.0000085727  -0.0000025375   0.0000115781  -0.0001688237
       -0.0001670404   0.0000219647  -0.0002065836  -0.0001076642  -0.0000433549
       -0.0000692947   0.0001902599   0.0001079949   0.0000056896  -0.0000672222
       -0.0000058610  -0.0000449273
        0.0079652237  -0.1118760429  -0.1967860037   0.0038332723  -0.0037564555
       -0.0009776345   0.0000928497   0.0004331579  -0.0003531823   0.0000084325
        0.0001640531   0.0001744884  -0.0001395586   0.0000415446   0.0000200284
       -0.0002070371  -0.0001104641   0.0000206387  -0.0000358204  -0.0010385247
        0.0006786036  -0.0004558430   0.0003352521   0.0002318275   0.0000300518
        0.0001218681   0.0000322590  -0.0000237849  -0.0147045049  -0.0295025203
       -0.0010985610  -0.0016600940  -0.0006124776  -0.0101643875   0.1312049579
        0.2273381696   0.0000683683   0.0001434759  -0.0000836894  -0.0000176997
        0.0000206241   0.0000262729   0.0000118227   0.0000397572  -0.0000232572
        0.0004932532   0.0005383039   0.0005517488  -0.0002918020   0.0000345596
        0.0000337457   0.0000172131   0.0000786881  -0.0007495140  -0.0000859931
       -0.0000101563  -0.0000195037
        0.0012280622   0.0018492945  -0.0001762664  -0.0025782568  -0.0028494013
        0.0001491506  -0.2235432840  -0.1157522379   0.0097485232  -0.0268727497
       -0.0141758986   0.0013450866  -0.0042611864   0.0031958894   0.0005396021
        0.0003315110   0.0005711473   0.0000086129   0.0007326968   0.0000194131
        0.0002950953  -0.0001322293   0.0000516087   0.0000094204   0.0002616261
        0.0000755642  -0.0000819534  -0.0001215379   0.0001136017  -0.0000662170
        0.0002888885   0.0004753504  -0.0000080541  -0.0000929388   0.0000824364
        0.0000683683   0.2551324975   0.1275953386  -0.0117398320   0.0007909486
       -0.0005976496  -0.0001593290  -0.0013567298  -0.0007792142   0.0000868439
        0.0000103151   0.0000032849  -0.0000266097   0.0000709794  -0.0000092437
       -0.0000061414   0.0000139291   0.0000036100   0.0000246269   0.0000974583
        0.0001271060  -0.0000109271
       -0.0018292902   0.0007449698   0.0000743840  -0.0254479376  -0.0192536004
        0.0013202988  -0.1160732171  -0.1184788360   0.0059987856   0.0102455482
        0.0064598539  -0.0005227214   0.0026021899  -0.0002642661  -0.0000849276
        0.0006697008  -0.0003555299  -0.0000258296   0.0007209540  -0.0057302283
        0.0000296805  -0.0014860958  -0.0008914729   0.0000768008   0.0001498693
        0.0001644528  -0.0000180339  -0.0000632967   0.0002445320  -0.0001415220
        0.0015093063  -0.0006102892  -0.0000734355  -0.0000496648   0.0002448256
        0.0001434759   0.1275953386   0.1366960695  -0.0066907018   0.0008522340
        0.0009830554  -0.0000577240   0.0006232036   0.0002663956  -0.0000309466
       -0.0000311032   0.0001019501   0.0000528899   0.0000456745  -0.0004607751
        0.0000018711  -0.0000359707   0.0001010742  -0.0000509790   0.0000025568
        0.0000378188  -0.0000013650
       -0.0001589877  -0.0001019635  -0.0022625744   0.0002665890   0.0002179144
        0.0002329587   0.0097585440   0.0059928408  -0.0327175991   0.0012106322
        0.0006467497  -0.0003114827   0.0005383465  -0.0001164651   0.0073719694
        0.0000002285  -0.0000319210   0.0005398474   0.0002927185   0.0000686186
        0.0069095732   0.0000180834   0.0000059666   0.0000735444  -0.0000677707
       -0.0000012447  -0.0014015839  -0.0002522321   0.0003394711  -0.0000584588
       -0.0000152251  -0.0000194000   0.0001258725   0.0002542290  -0.0003496989
       -0.0000836894  -0.0117398320  -0.0066907018   0.0240236263  -0.0001656777
        0.0000074411  -0.0025999029   0.0000789151   0.0000390351   0.0003430827
       -0.0000106196   0.0000006655  -0.0000116388  -0.0000053351   0.0000025018
       -0.0000329711   0.0000088232  -0.0000025382  -0.0000145435  -0.0000114294
       -0.0000072715  -0.0001260302
       -0.0001774904   0.0013323937  -0.0000071949  -0.0044027773   0.0025084497
        0.0005650344  -0.0020874942   0.0266512179  -0.0000166259  -0.0449074070
        0.0117496348   0.0004790601  -0.0000055327  -0.0255965698   0.0001537957
       -0.0036140924  -0.0020953772   0.0005674820  -0.0006069219  -0.0001484466
        0.0000359846   0.0001206634  -0.0000076818  -0.0000832724  -0.0005736417
       -0.0018681894   0.0000336477  -0.0001576572   0.0000868354   0.0000348342
        0.0001867080  -0.0000018835  -0.0000077986  -0.0001590217   0.0000887103
       -0.0000176997   0.0007909486   0.0008522340  -0.0001656777   0.0545543884
       -0.0127154729  -0.0013973582   0.0008816223  -0.0008381116  -0.0001652139
       -0.0000135005  -0.0000473294  -0.0000285182   0.0000126682   0.0000620876
       -0.0000026085  -0.0000103903  -0.0000186274   0.0000289999   0.0001689285
        0.0000061262  -0.0000068704
        0.0000194979  -0.0008685615   0.0000039027   0.0031697499  -0.0003499722
       -0.0001096692   0.0026282560  -0.0173539414  -0.0000291313   0.0115226454
       -0.3003550432   0.0008773279  -0.0012500574  -0.0202792686   0.0001691364
       -0.0030862968   0.0000545365   0.0001911474   0.0000508357   0.0008457183
       -0.0000057081  -0.0000382919   0.0001580130  -0.0000076498  -0.0005730150
       -0.0015417464   0.0000341597   0.0000968596  -0.0000565162  -0.0000289125
       -0.0000450613   0.0000360880   0.0000036956   0.0000959450  -0.0000567453
        0.0000206241  -0.0005976496   0.0009830554   0.0000074411  -0.0127154729
        0.3375791103  -0.0010715136   0.0005420545   0.0010159983  -0.0000447260
        0.0000203409   0.0000500037   0.0000030817  -0.0000215301   0.0000546440
       -0.0000012029   0.0000200191   0.0000534557  -0.0000049977   0.0001611710
        0.0000311715  -0.0000070056
       -0.0000057561  -0.0000569788  -0.0001546365   0.0005592710  -0.0000745502
        0.0076790343   0.0001066812  -0.0011857573   0.0005523950   0.0005040241
        0.0008740686  -0.0335749906   0.0000079118   0.0013357695   0.0003462546
        0.0005848429   0.0001358309   0.0080044714   0.0000428231   0.0000036317
        0.0000912450  -0.0000820145  -0.0000057965  -0.0015712308   0.0000135249
        0.0000934851  -0.0001105445   0.0000094339  -0.0000162996   0.0000246796
       -0.0000081927   0.0000001664  -0.0000095092   0.0000074841   0.0000085727
        0.0000262729  -0.0001593290  -0.0000577240  -0.0025999029  -0.0013973582
       -0.0010715136   0.0240034182  -0.0001723193   0.0000193650  -0.0026776797
       -0.0000036460  -0.0002956535  -0.0000049449  -0.0000018733  -0.0000048852
       -0.0000153607   0.0000030006   0.0002996174  -0.0000116488  -0.0000085086
       -0.0000013485   0.0000026776
        0.0001026908  -0.0000043262  -0.0000764924   0.0005599515  -0.0005338646
       -0.0000221248  -0.0037019733  -0.0038545050   0.0005591848  -0.0267997735
        0.0113462588   0.0012021625  -0.2377021031   0.1020541474   0.0093704815
       -0.0075810749   0.0026717766   0.0003863865   0.0010384820   0.0006147330
        0.0002737411  -0.0002662354  -0.0000260299  -0.0000044208   0.0037533419
       -0.0008841153  -0.0002565863   0.0000185438   0.0000127601  -0.0000161826
        0.0000517995  -0.0000493342  -0.0000054464   0.0000433583  -0.0000025375
        0.0000118227  -0.0013567298   0.0006232036   0.0000789151   0.0008816223
        0.0005420545  -0.0001723193   0.2709557548  -0.1137779251  -0.0112990502
        0.0000051044   0.0000291345  -0.0000174076   0.0000638949  -0.0000120788
        0.0000009520   0.0000055822   0.0000336982   0.0000175407  -0.0000722363
        0.0012169498  -0.0000311564
       -0.0000267354   0.0001362123  -0.0000072800  -0.0007344675  -0.0004455332
        0.0000390627  -0.0030869877  -0.0008307246   0.0001909778  -0.0130421201
        0.0070201797   0.0005842504   0.1026899153  -0.0991961656  -0.0045555763
        0.0273512001  -0.0169367662  -0.0012154732  -0.0004091723  -0.0056672674
        0.0000855702   0.0013351944  -0.0008003326  -0.0000635920   0.0029001006
        0.0024710290  -0.0001620239  -0.0000594043   0.0000127134  -0.0000343158
        0.0000443893   0.0000204648  -0.0000025670  -0.0000530436   0.0000115781
        0.0000397572  -0.0007792142   0.0002663956   0.0000390351  -0.0008381116
        0.0010159983   0.0000193650  -0.1137779251   0.1139121391   0.0049651956
        0.0000412410  -0.0002201438   0.0000451539   0.0001579845   0.0001699391
       -0.0000079581   0.0000363330  -0.0002191421  -0.0000469835  -0.0017491763
       -0.0007205739   0.0000874021
       -0.0000704185  -0.0000122206  -0.0014961704  -0.0000201566   0.0000362477
        0.0000080414   0.0005541186   0.0002316619   0.0075465017   0.0013186392
       -0.0005897099  -0.0005052235   0.0093806732  -0.0045256206  -0.0312368044
        0.0002590340  -0.0000237524   0.0007676724   0.0002719493   0.0000321202
        0.0068430713  -0.0000116844   0.0000015516  -0.0003733486  -0.0002824604
        0.0000147375  -0.0017054642  -0.0002294889   0.0001686924  -0.0000020219
       -0.0000040118   0.0000017687  -0.0000118821   0.0002259034  -0.0001688237
       -0.0000232572   0.0000868439  -0.0000309466   0.0003430827  -0.0001652139
       -0.0000447260  -0.0026776797  -0.0112990502   0.0049651956   0.0230028517
        0.0000118552  -0.0000517897   0.0000133808  -0.0000012708   0.0000005655
        0.0000428070  -0.0000121185   0.0000519609   0.0000125220  -0.0000131429
       -0.0000569124  -0.0005480790
        0.0002099877  -0.0013804218  -0.0007639171  -0.0009441208  -0.0007456337
       -0.0000050693  -0.0000591594  -0.0000830417   0.0001208165  -0.0002160419
       -0.0001590417   0.0000050462   0.0000202570   0.0005288851  -0.0001526920
        0.0002355625   0.0001439681   0.0004265569  -0.0008432896   0.0063634560
        0.0011405430  -0.0887827180   0.0313380133   0.0884755529   0.0000733833
        0.0001714962  -0.0007587863   0.0000483991   0.0001895648  -0.0000901297
       -0.0000118291   0.0000056180   0.0001199960  -0.0004590563  -0.0001670404
        0.0004932532   0.0000103151  -0.0000311032  -0.0000106196  -0.0000135005
        0.0000203409  -0.0000036460   0.0000051044   0.0000412410   0.0000118552
        0.1010699544  -0.0404059917  -0.1027899334  -0.0172415335   0.0083910563
        0.0276339711   0.0068325823  -0.0043564463  -0.0141680738   0.0000657033
        0.0001350809   0.0003152762
       -0.0000388093  -0.0001421987  -0.0009067044   0.0013336254  -0.0000331524
       -0.0003820121   0.0003739462  -0.0000094802   0.0012579456   0.0000327247
        0.0000579436  -0.0000106640   0.0006390594  -0.0004557825   0.0015452435
       -0.0015420037  -0.0045090221  -0.0008840611   0.0146733801  -0.0186527248
       -0.0251464311   0.0341482656  -0.0640606385  -0.0666359442   0.0002284673
        0.0008045216  -0.0003634982  -0.0002991446   0.0001081874  -0.0000575349
        0.0001415919   0.0001554670   0.0000964156  -0.0008795506   0.0000219647
        0.0005383039   0.0000032849   0.0001019501   0.0000006655  -0.0000473294
        0.0000500037  -0.0002956535   0.0000291345  -0.0002201438  -0.0000517897
       -0.0404059917   0.0787099586   0.0753321459  -0.0045880465   0.0040275569
        0.0084300492  -0.0035323238   0.0039357518   0.0074877301  -0.0002702803
        0.0001098378   0.0000457942
       -0.0001096321   0.0006571890   0.0003201037   0.0011555749  -0.0001408369
        0.0005870522   0.0001347423   0.0000477643  -0.0000187772  -0.0000649814
        0.0001144391   0.0000013710  -0.0001888083   0.0000813816   0.0001371119
       -0.0004259336   0.0001072728  -0.0006266489   0.0009999715  -0.0048899135
        0.0005393174   0.0877158402  -0.0634655494  -0.2052022820   0.0001265541
        0.0000294679   0.0002708105  -0.0001092121  -0.0000348706  -0.0007347078
        0.0000889859   0.0002918868   0.0000105981  -0.0006060010  -0.0002065836
        0.0005517488  -0.0000266097   0.0000528899  -0.0000116388  -0.0000285182
        0.0000030817  -0.0000049449  -0.0000174076   0.0000451539   0.0000133808
       -0.1027899334   0.0753321459   0.2370373838   0.0035358071  -0.0006662855
       -0.0032932785   0.0108217787  -0.0074642514  -0.0294808479  -0.0002122173
        0.0001056178  -0.0000957523
       -0.0002350080  -0.0002913623   0.0000148801  -0.0002099471   0.0001033629
        0.0000438458  -0.0001336974   0.0001951337   0.0000158692   0.0002479687
        0.0001176634  -0.0000142254  -0.0004963442  -0.0004411829   0.0000234728
        0.0003471473   0.0007446353   0.0000037896  -0.0007531506  -0.0048915165
        0.0000761250  -0.2598470548  -0.0838385597   0.0104560126  -0.0009527782
        0.0019800087  -0.0000036702   0.0001637231  -0.0000961253   0.0002802480
        0.0001387703  -0.0000786651   0.0000006328   0.0001203891  -0.0001076642
       -0.0002918020   0.0000709794   0.0000456745  -0.0000053351   0.0000126682
       -0.0000215301  -0.0000018733   0.0000638949   0.0001579845  -0.0000012708
       -0.0172415335  -0.0045880465   0.0035358071   0.2990465453   0.0958383217
       -0.0122340906  -0.0200159806  -0.0053840185  -0.0019223905  -0.0003265919
        0.0005558864   0.0000239750
        0.0005106461   0.0000166786  -0.0000258793   0.0001808048  -0.0064664664
        0.0000258104  -0.0012069269  -0.0007895388   0.0000655621  -0.0001458260
        0.0002288013   0.0000045601  -0.0003218467   0.0005441641   0.0000147850
       -0.0035867992  -0.0007353969   0.0001771706  -0.0287837003  -0.0167993758
        0.0014304789  -0.0822635630  -0.0736385948   0.0039804010   0.0033057253
        0.0002395223  -0.0001630342   0.0000529938  -0.0000431914  -0.0000391652
        0.0001141356   0.0001110921  -0.0000032888   0.0000560119  -0.0000433549
        0.0000345596  -0.0000092437  -0.0004607751   0.0000025018   0.0000620876
        0.0000546440  -0.0000048852  -0.0000120788   0.0001699391   0.0000005655
        0.0083910563   0.0040275569  -0.0006662855   0.0958383217   0.0892054349
       -0.0046855202   0.0081376918   0.0039469825  -0.0001625229  -0.0003194902
        0.0004318783   0.0000141861
        0.0000084904   0.0000183002   0.0000460000   0.0000387860   0.0000240961
        0.0007731728   0.0000268210  -0.0000078960   0.0002237582  -0.0000022749
        0.0000044850  -0.0000238170   0.0000085103   0.0000181231  -0.0000671553
        0.0000309005  -0.0000387107   0.0004725339   0.0002058124   0.0003157995
        0.0002723370   0.0104462918   0.0040660321  -0.0453070347  -0.0000131402
       -0.0000999705  -0.0008771088   0.0001411070   0.0000791889  -0.0000065295
        0.0000003320   0.0000048036   0.0001200361  -0.0001539924  -0.0000692947
        0.0000337457  -0.0000061414   0.0000018711  -0.0000329711  -0.0000026085
       -0.0000012029  -0.0000153607   0.0000009520  -0.0000079581   0.0000428070
        0.0276339711   0.0084300492  -0.0032932785  -0.0122340906  -0.0046855202
        0.0478226270  -0.0261582009  -0.0080249847  -0.0004436922   0.0000284743
       -0.0000272108   0.0002599300
        0.0002982481  -0.0014137899   0.0007743101  -0.0010342813  -0.0007296495
        0.0001666204  -0.0000855482  -0.0000861717  -0.0001116846  -0.0002055857
       -0.0001705438   0.0000168269   0.0000535795   0.0005178943   0.0001558379
        0.0002276097   0.0001369021  -0.0005031481  -0.0010348477   0.0067806986
       -0.0010738682  -0.1061168379   0.0360681134  -0.0981134255   0.0001357147
        0.0001725789   0.0007682484  -0.0004354630  -0.0001469493  -0.0003966080
       -0.0000311609  -0.0000225562  -0.0001171426   0.0000628277   0.0001902599
        0.0000172131   0.0000139291  -0.0000359707   0.0000088232  -0.0000103903
        0.0000200191   0.0000030006   0.0000055822   0.0000363330  -0.0000121185
        0.0068325823  -0.0035323238   0.0108217787  -0.0200159806   0.0081376918
       -0.0261582009   0.1212852990  -0.0460427736   0.1140833849   0.0000547234
        0.0001202373  -0.0003298478
        0.0000496252  -0.0001319957   0.0009074530   0.0013543413  -0.0000323692
        0.0002610956   0.0002492827  -0.0000253446  -0.0012893267   0.0000343113
        0.0000548598   0.0000070020   0.0004886560  -0.0004719712  -0.0015943295
       -0.0014496397  -0.0044904666   0.0010657331   0.0169443921  -0.0183652234
        0.0238677629   0.0391716298  -0.0627622857   0.0618374555   0.0002646017
        0.0008095865   0.0003354884  -0.0009105338   0.0000180218  -0.0004472113
        0.0001311580   0.0001517131  -0.0001107291  -0.0002916969   0.0001079949
        0.0000786881   0.0000036100   0.0001010742  -0.0000025382  -0.0000186274
        0.0000534557   0.0002996174   0.0000336982  -0.0002191421   0.0000519609
       -0.0043564463   0.0039357518  -0.0074642514  -0.0053840185   0.0039469825
       -0.0080249847  -0.0460427736   0.0772112675  -0.0697556223  -0.0002715703
        0.0001080907  -0.0000232638
        0.0001116676  -0.0005157112   0.0002370359  -0.0010097311   0.0002182572
        0.0006779303  -0.0001330480  -0.0000401208   0.0000198231   0.0000846506
       -0.0001024669  -0.0000051440   0.0001939808  -0.0001233534   0.0001203549
        0.0003629107  -0.0000788841  -0.0006271998  -0.0010276916   0.0044812283
        0.0004395363  -0.0973797094   0.0589274300  -0.1891216584  -0.0001194479
       -0.0000528837   0.0002046195   0.0007002844   0.0002266344   0.0005309022
       -0.0000866845  -0.0002916730   0.0000323107   0.0000370423   0.0000056896
       -0.0007495140   0.0000246269  -0.0000509790  -0.0000145435   0.0000289999
       -0.0000049977  -0.0000116488   0.0000175407  -0.0000469835   0.0000125220
       -0.0141680738   0.0074877301  -0.0294808479  -0.0019223905  -0.0001625229
       -0.0004436922   0.1140833849  -0.0697556223   0.2182613413   0.0002016882
       -0.0001207712  -0.0000821275
       -0.0003589720  -0.0004016802   0.0000069406  -0.0017204310   0.0010012674
        0.0001234995   0.0005198871   0.0000192596  -0.0000203891  -0.0005864572
        0.0000455885   0.0000358401   0.0022810654   0.0011281494  -0.0001718890
       -0.0363382871   0.0136876583   0.0016473593  -0.0043742528  -0.0023718285
        0.0003003651   0.0002195942  -0.0005930296  -0.0000009066  -0.2650078224
        0.1815414550   0.0115710142   0.0000923525  -0.0000615418   0.0000747276
       -0.0001285696   0.0000452948   0.0000053344   0.0000907858  -0.0000672222
       -0.0000859931   0.0000974583   0.0000025568  -0.0000114294   0.0001689285
        0.0001611710  -0.0000085086  -0.0000722363  -0.0017491763  -0.0000131429
        0.0000657033  -0.0002702803  -0.0002122173  -0.0003265919  -0.0003194902
        0.0000284743   0.0000547234  -0.0002715703   0.0002016882   0.3053231218
       -0.1915265813  -0.0134707672
       -0.0000038480  -0.0001357645   0.0000008668  -0.0009623088  -0.0000543961
        0.0000515712  -0.0002574823   0.0003328747   0.0000107782   0.0004417780
       -0.0002483167  -0.0000177691  -0.0033936638   0.0017403497   0.0001445493
       -0.0130566308   0.0161767517   0.0005464376  -0.0021654414  -0.0014383304
        0.0001193060   0.0003201701  -0.0004679961  -0.0000133230   0.2083606171
       -0.2065297654  -0.0090544345   0.0000382748  -0.0000052609   0.0000072441
        0.0000045907   0.0000213079  -0.0000001719   0.0000391391  -0.0000058610
       -0.0000101563   0.0001271060   0.0000378188  -0.0000072715   0.0000061262
        0.0000311715  -0.0000013485   0.0012169498  -0.0007205739  -0.0000569124
        0.0001350809   0.0001098378   0.0001056178   0.0005558864   0.0004318783
       -0.0000272108   0.0001202373   0.0001080907  -0.0001207712  -0.1915265813
        0.1906161839   0.0083229982
        0.0000090719   0.0000179702  -0.0002298781   0.0001328375  -0.0000482261
        0.0010095932  -0.0000179504   0.0000034158   0.0000570642   0.0000268979
       -0.0000008564   0.0002026012  -0.0001459639  -0.0000739346  -0.0012440100
        0.0017687631  -0.0007469256  -0.0006925070   0.0002912577   0.0001285732
        0.0015675257  -0.0000053992   0.0000344995   0.0001146969   0.0114554480
       -0.0077568770  -0.0068337558  -0.0000619053   0.0000505604  -0.0000214597
        0.0000057276  -0.0000020183  -0.0000265559   0.0000515328  -0.0000449273
       -0.0000195037  -0.0000109271  -0.0000013650  -0.0001260302  -0.0000068704
       -0.0000070056   0.0000026776  -0.0000311564   0.0000874021  -0.0005480790
        0.0003152762   0.0000457942  -0.0000957523   0.0000239750   0.0000141861
        0.0002599300  -0.0003298478  -0.0000232638  -0.0000821275  -0.0134707672
        0.0083229982   0.0067055703
