$hessian                                                                        
        0.5014542907  -0.0028309476   0.0348239944  -0.0977290721  -0.0115988989
        0.0650309113  -0.0228860145   0.0023725631   0.0222184940  -0.0005804135
        0.0005035495  -0.0024756404  -0.0009027338   0.0008501124  -0.0003867226
        0.0001355764   0.0003953082  -0.0013897559  -0.2385757451   0.0906720972
       -0.0335024166  -0.0473785977  -0.0261437914   0.0037818416  -0.0971714014
       -0.0523472561  -0.0866008232  -0.0030176588  -0.0026952385   0.0068589106
        0.0067402877   0.0008788083  -0.0082784404   0.0002109213  -0.0000549842
       -0.0000020866  -0.0002101776  -0.0000419126  -0.0000351114  -0.0000892616
        0.0000405907  -0.0000431550
       -0.0028309476   0.5245789018   0.0066686185  -0.0064375907  -0.0640470605
        0.0071369989   0.0060439393   0.0018180214  -0.0099080579   0.0010631530
       -0.0022160084   0.0016595004   0.0001417977   0.0002511487  -0.0000397649
       -0.0000366715  -0.0001042660   0.0004508156   0.0906649992  -0.0867415314
        0.0141045003  -0.0261484204  -0.2726831723   0.0507160536  -0.0523866793
       -0.0980141272  -0.0840809325  -0.0165420261  -0.0045484032   0.0249730890
        0.0065004243   0.0016782761  -0.0116863031  -0.0000687125   0.0000028511
       -0.0000411924   0.0000296862   0.0000458421   0.0000120634   0.0000070483
       -0.0000204723   0.0000346110
        0.0348239944   0.0066686185   0.4709117885   0.0533266816   0.0124597656
       -0.1560772598   0.0114295944  -0.0052317258   0.0027199460  -0.0007154688
        0.0027068064   0.0002770415  -0.0022763091  -0.0015949837  -0.0019971572
        0.0001396710  -0.0000037944   0.0001179478  -0.0336715410   0.0142304755
       -0.0466322353   0.0041694694   0.0513410237  -0.0549737280  -0.0869585120
       -0.0849131755  -0.1793472889   0.0069097784   0.0040956896  -0.0095311233
        0.0128901894   0.0001685144  -0.0254778078  -0.0000594605   0.0000275620
       -0.0000084139   0.0000293094   0.0000666132   0.0000042575  -0.0000373966
       -0.0000213895   0.0000140328
       -0.0977290721  -0.0064375907   0.0533266816   0.4545946684   0.0304983995
        0.0425351833  -0.1475451160   0.0469376913  -0.0124216428  -0.0091785132
        0.0180756712  -0.0028512723  -0.0433425268  -0.0001738655  -0.0163819252
       -0.0009565828  -0.0023526961  -0.0026588810  -0.0196501092  -0.0013522777
        0.0258640377  -0.0037088451  -0.0029723492   0.0061258250   0.0065888483
        0.0016555824  -0.0082410205  -0.0452612730  -0.0324903881   0.0016077070
       -0.0926150508  -0.0518961435  -0.0866053078   0.0002128605   0.0000169667
       -0.0001083935  -0.0003494796  -0.0000268870   0.0000520971  -0.0010598085
        0.0005178867  -0.0002430885
       -0.0115988989  -0.0640470605   0.0124597656   0.0304983995   0.5414251441
        0.0216115989   0.0403813536  -0.0822071942   0.0099989414   0.0433107919
       -0.0347705501  -0.0043019483  -0.0136772397   0.0081277920  -0.0034088573
       -0.0029146945  -0.0013641665  -0.0029539464   0.0070250911   0.0014343301
       -0.0097298947  -0.0161941112  -0.0043150243   0.0250729193   0.0071108859
        0.0012557191  -0.0121728597  -0.0322038738  -0.2665945268   0.0456004262
       -0.0508676077  -0.0989256872  -0.0818186607   0.0002251519  -0.0001770691
        0.0000470049  -0.0001616599  -0.0002428703  -0.0001411813  -0.0009335881
        0.0004011636  -0.0002633078
        0.0650309113   0.0071369989  -0.1560772598   0.0425351833   0.0216115989
        0.4714106691  -0.0241306772   0.0148957491  -0.0709085823   0.0044536815
       -0.0118959226   0.0136363429  -0.0197996152   0.0035898820   0.0006000210
       -0.0044101933  -0.0031595747   0.0032768102   0.0030372196  -0.0006803280
       -0.0011942766   0.0063370076   0.0041403622  -0.0091891976   0.0125720437
        0.0003482655  -0.0255641473   0.0014851378   0.0470061894  -0.0513366908
       -0.0863428796  -0.0831176053  -0.1745618879  -0.0008574352   0.0000638602
       -0.0004281383   0.0007746307  -0.0001511534   0.0003291317  -0.0006850150
        0.0002116779   0.0000072058
       -0.0228860145   0.0060439393   0.0114295944  -0.1475451160   0.0403813536
       -0.0241306772   0.4901811060  -0.1492321697   0.0470695332  -0.1204128030
        0.1644136094   0.0361369458  -0.1391299531  -0.0486097855  -0.0450088601
       -0.0411815865  -0.0168361348  -0.0200743263  -0.0008177631  -0.0000676433
        0.0013563570  -0.0001844645  -0.0001221766   0.0001098226   0.0010269185
       -0.0003873877  -0.0012785497   0.0038838765   0.0007341749   0.0026260739
       -0.0169304610   0.0036338749  -0.0054787719  -0.0002633698  -0.0009293008
       -0.0009637349   0.0007168974  -0.0010105378  -0.0001083507  -0.0064572668
        0.0019881841  -0.0016850561
        0.0023725631   0.0018180214  -0.0052317258   0.0469376913  -0.0822071942
        0.0148957491  -0.1492321697   0.8667356797   0.1722306408   0.1510645324
       -0.6358802160  -0.1356111395  -0.0650365489  -0.1519357451  -0.0534767053
       -0.0059593352   0.0143450180   0.0015532129  -0.0010323675   0.0002388351
        0.0015659163  -0.0022687261  -0.0004915190   0.0013833669   0.0004788142
       -0.0001954935  -0.0014285110   0.0247038860  -0.0186137766   0.0051565174
       -0.0112315560   0.0056999688  -0.0042031983   0.0037102114   0.0019727186
       -0.0008187078   0.0030837297   0.0009164765   0.0039662759   0.0024092753
       -0.0024027738   0.0000183084
        0.0222184940  -0.0099080579   0.0027199460  -0.0124216428   0.0099989414
       -0.0709085823   0.0470695332   0.1722306408   0.2698468589   0.0316599972
       -0.1334649906  -0.0987785158  -0.0484615042  -0.0473718358  -0.0879187648
       -0.0169927921  -0.0011855612  -0.0060246426   0.0041037831   0.0002456127
       -0.0050602258   0.0005154254  -0.0001787288   0.0007446719   0.0011376886
       -0.0011467494  -0.0008449531  -0.0062734221   0.0031154068   0.0000811824
       -0.0222072189   0.0082857010  -0.0055606167   0.0024875236   0.0004838741
        0.0005687009  -0.0006199161  -0.0008034290   0.0014458840  -0.0022159489
       -0.0003008240  -0.0003109431
       -0.0005804135   0.0010631530  -0.0007154688  -0.0091785132   0.0433107919
        0.0044536815  -0.1204128030   0.1510645324   0.0316599972   0.1211218971
       -0.1629105044  -0.0214942172   0.0094053940  -0.0323432915  -0.0161989801
        0.0012006095  -0.0040396084   0.0002381080  -0.0003082043  -0.0001894770
        0.0004919836   0.0003810159  -0.0001910079  -0.0004785557  -0.0000846439
        0.0001536178   0.0000674371  -0.0069881809   0.0045881654  -0.0009282746
        0.0022880977  -0.0003018761   0.0014988408   0.0014006218   0.0010240909
       -0.0001553994   0.0005043704  -0.0000490566   0.0013556607   0.0012507528
       -0.0011795294   0.0002051869
        0.0005035495  -0.0022160084   0.0027068064   0.0180756712  -0.0347705501
       -0.0118959226   0.1644136094  -0.6358802160  -0.1334649906  -0.1629105044
        0.7597593559   0.1868731884  -0.0252825713  -0.0889225815  -0.0466527042
        0.0019757549   0.0010794146   0.0028295223   0.0008774663   0.0003767678
       -0.0015624171   0.0005943568   0.0008420128  -0.0004757698  -0.0001458581
       -0.0001523703   0.0003093647   0.0052134475  -0.0021355618   0.0008544143
       -0.0021610298   0.0007660505   0.0005855857  -0.0013154737  -0.0002571960
        0.0007391603  -0.0007401423   0.0002325372  -0.0015773173   0.0009017240
        0.0012783453   0.0007310795
       -0.0024756404   0.0016595004   0.0002770415  -0.0028512723  -0.0043019483
        0.0136363429   0.0361369458  -0.1356111395  -0.0987785158  -0.0214942172
        0.1868731884   0.0808613570  -0.0143632105  -0.0489446832   0.0050047188
        0.0023488354  -0.0000714579  -0.0029476039  -0.0003529933  -0.0001427450
        0.0007122978  -0.0003117633   0.0001498649  -0.0002330216  -0.0001301278
        0.0001418733   0.0001730351   0.0008486086  -0.0000368859   0.0007073084
        0.0014561868  -0.0000996315   0.0007544927  -0.0000476474  -0.0001690085
       -0.0002893557   0.0005268959   0.0005516228  -0.0002810706   0.0007093998
        0.0000014499   0.0004029736
       -0.0009027338   0.0001417977  -0.0022763091  -0.0433425268  -0.0136772397
       -0.0197996152  -0.1391299531  -0.0650365489  -0.0484615042   0.0094053940
       -0.0252825713  -0.0143632105   0.4203540423  -0.0007921264   0.1185998071
       -0.1672780960   0.0684026116  -0.0167668556  -0.0005787706   0.0000358554
        0.0007195931   0.0001251165  -0.0002309949  -0.0001320192   0.0002372664
        0.0003036491   0.0005030922   0.0000379310  -0.0003616718  -0.0007261396
       -0.0064992336   0.0026787087  -0.0016678956  -0.0350986380   0.0149989364
        0.0014906774  -0.0117581089   0.0139878334  -0.0087721612  -0.0255716894
        0.0048317607  -0.0083474597
        0.0008501124   0.0002511487  -0.0015949837  -0.0001738655   0.0081277920
        0.0035898820  -0.0486097855  -0.1519357451  -0.0473718358  -0.0323432915
       -0.0889225815  -0.0489446832  -0.0007921264   0.3469467826   0.0876527610
        0.0536987447  -0.1041401988   0.0031520972  -0.0002659717  -0.0001317149
        0.0002253624   0.0002345608   0.0000906866  -0.0002428044  -0.0000622160
        0.0000930775   0.0006125413  -0.0001620311   0.0013375994  -0.0009255587
        0.0026022298   0.0000862054   0.0006123417   0.0137800065  -0.0054224199
       -0.0004602593   0.0310681588  -0.0153434535   0.0078102088  -0.0198245251
        0.0089628213  -0.0041150694
       -0.0003867226  -0.0000397649  -0.0019971572  -0.0163819252  -0.0034088573
        0.0006000210  -0.0450088601  -0.0534767053  -0.0879187648  -0.0161989801
       -0.0466527042   0.0050047188   0.1185998071   0.0876527610   0.1425127145
       -0.0211636568   0.0083467541  -0.0605711402  -0.0002273667  -0.0000115221
        0.0008817049  -0.0000091355  -0.0001544688  -0.0000214145  -0.0001658116
        0.0005472438   0.0010073646   0.0011545809  -0.0002877679  -0.0003716934
       -0.0015427705   0.0005215148   0.0000750703   0.0217514595  -0.0086280153
        0.0096439612  -0.0224629020   0.0101759569  -0.0049014201  -0.0179577164
        0.0054155753  -0.0039439650
        0.0001355764  -0.0000366715   0.0001396710  -0.0009565828  -0.0029146945
       -0.0044101933  -0.0411815865  -0.0059593352  -0.0169927921   0.0012006095
        0.0019757549   0.0023488354  -0.1672780960   0.0536987447  -0.0211636568
        0.4276921539   0.0423911456  -0.0104151769   0.0001685704  -0.0000988904
        0.0001603380  -0.0001303344   0.0001670169  -0.0000677794  -0.0002006075
        0.0000665418   0.0000934474  -0.0000680039  -0.0003866007   0.0000518222
       -0.0016774937   0.0007385377   0.0000993087  -0.0845490774   0.0198059260
        0.0912943866  -0.0422740334  -0.0215634012   0.0143256434  -0.0908810946
       -0.0878840742  -0.0554638542
        0.0003953082  -0.0001042660  -0.0000037944  -0.0023526961  -0.0013641665
       -0.0031595747  -0.0168361348   0.0143450180  -0.0011855612  -0.0040396084
        0.0010794146  -0.0000714579   0.0684026116  -0.1041401988   0.0083467541
        0.0423911456   0.5164070264   0.0227739156   0.0000811964   0.0000580747
       -0.0000349794  -0.0000527970  -0.0001624575   0.0000311496   0.0000873267
        0.0001187319   0.0001681096   0.0002407688   0.0001953501   0.0000401740
       -0.0009437324   0.0003658286  -0.0003900601   0.0195188806  -0.0536308460
       -0.0434477572  -0.0244949932  -0.1977835156   0.1047984986  -0.0823972763
       -0.1753839941  -0.0878654165
       -0.0013897559   0.0004508156   0.0001179478  -0.0026588810  -0.0029539464
        0.0032768102  -0.0200743263   0.0015532129  -0.0060246426   0.0002381080
        0.0028295223  -0.0029476039  -0.0167668556   0.0031520972  -0.0605711402
       -0.0104151769   0.0227739156   0.5009815061  -0.0002300017  -0.0000033729
        0.0002871678   0.0000952998   0.0001629778  -0.0001070062   0.0000338948
       -0.0001101614  -0.0002501242   0.0001178899  -0.0003021977   0.0000399973
       -0.0004619537   0.0000044880   0.0001326801   0.0878290350  -0.0432054793
       -0.2170081395   0.0168575399   0.1055021762  -0.1155057122  -0.0531748163
       -0.0898540478  -0.1024217406
       -0.2385757451   0.0906649992  -0.0336715410  -0.0196501092   0.0070250911
        0.0030372196  -0.0008177631  -0.0010323675   0.0041037831  -0.0003082043
        0.0008774663  -0.0003529933  -0.0005787706  -0.0002659717  -0.0002273667
        0.0001685704   0.0000811964  -0.0002300017   0.2756037428  -0.1052831255
        0.0351858434   0.0011431373   0.0012688628  -0.0007344604  -0.0179570985
        0.0066726919  -0.0062749937   0.0002258491  -0.0000612358  -0.0004560301
        0.0007145583   0.0000662996  -0.0004017943   0.0000331408   0.0000079185
        0.0000347816   0.0000072565  -0.0000248659   0.0000056033  -0.0000085644
        0.0000030406  -0.0000180498
        0.0906720972  -0.0867415314   0.0142304755  -0.0013522777   0.0014343301
       -0.0006803280  -0.0000676433   0.0002388351   0.0002456127  -0.0001894770
        0.0003767678  -0.0001427450   0.0000358554  -0.0001317149  -0.0000115221
       -0.0000988904   0.0000580747  -0.0000033729  -0.1052831255   0.0961201633
       -0.0172011526   0.0298548539  -0.0178321608   0.0067385914  -0.0132309689
        0.0060701503  -0.0030923396  -0.0006012642   0.0004557296   0.0000196611
        0.0002835009  -0.0000784616  -0.0000938768  -0.0000066512   0.0000098143
        0.0000018549  -0.0000284844   0.0000053733  -0.0000171741   0.0000124752
        0.0000146302   0.0000063153
       -0.0335024166   0.0141045003  -0.0466322353   0.0258640377  -0.0097298947
       -0.0011942766   0.0013563570   0.0015659163  -0.0050602258   0.0004919836
       -0.0015624171   0.0007122978   0.0007195931   0.0002253624   0.0008817049
        0.0001603380  -0.0000349794   0.0002871678   0.0351858434  -0.0172011526
        0.0555056191  -0.0066226637   0.0036540920  -0.0005268600  -0.0237945816
        0.0094570655  -0.0053244143  -0.0002037475  -0.0002689862   0.0005994206
        0.0003566434  -0.0001916924   0.0007110026  -0.0000877579   0.0000058246
        0.0000214353   0.0000484957  -0.0000306642   0.0000018277   0.0000278753
        0.0000070253   0.0000175363
       -0.0473785977  -0.0261484204   0.0041694694  -0.0037088451  -0.0161941112
        0.0063370076  -0.0001844645  -0.0022687261   0.0005154254   0.0003810159
        0.0005943568  -0.0003117633   0.0001251165   0.0002345608  -0.0000091355
       -0.0001303344  -0.0000527970   0.0000952998   0.0011431373   0.0298548539
       -0.0066226637   0.0527615917   0.0314675543  -0.0085661468  -0.0018642235
       -0.0171055734   0.0015464885  -0.0015408076  -0.0006791378   0.0034717674
        0.0004181032   0.0002477472  -0.0005969347   0.0000079582   0.0000004911
       -0.0000127142  -0.0000659733   0.0000271832  -0.0000285903   0.0000363233
        0.0000220186   0.0000124905
       -0.0261437914  -0.2726831723   0.0513410237  -0.0029723492  -0.0043150243
        0.0041403622  -0.0001221766  -0.0004915190  -0.0001787288  -0.0001910079
        0.0008420128   0.0001498649  -0.0002309949   0.0000906866  -0.0001544688
        0.0001670169  -0.0001624575   0.0001629778   0.0012688628  -0.0178321608
        0.0036540920   0.0314675543   0.3122752179  -0.0609859385  -0.0031017491
       -0.0193020997   0.0010060555  -0.0004353117   0.0009793451   0.0010984387
        0.0002869154   0.0005314523  -0.0002199862   0.0000014939   0.0000113250
       -0.0000013702  -0.0000226059   0.0000590452  -0.0000252637   0.0000281433
       -0.0000026512   0.0000129414
        0.0037818416   0.0507160536  -0.0549737280   0.0061258250   0.0250729193
       -0.0091891976   0.0001098226   0.0013833669   0.0007446719  -0.0004785557
       -0.0004757698  -0.0002330216  -0.0001320192  -0.0002428044  -0.0000214145
       -0.0000677794   0.0000311496  -0.0001070062  -0.0007344604   0.0067385914
       -0.0005268600  -0.0085661468  -0.0609859385   0.0641218980  -0.0034065133
       -0.0240380661   0.0042926918   0.0035906539   0.0010733008  -0.0045731177
       -0.0001737432   0.0007263317   0.0004573263   0.0000007099   0.0000262161
       -0.0000039901  -0.0000293089  -0.0000162621   0.0000242098  -0.0000203260
       -0.0000090886  -0.0000124621
       -0.0971714014  -0.0523866793  -0.0869585120   0.0065888483   0.0071108859
        0.0125720437   0.0010269185   0.0004788142   0.0011376886  -0.0000846439
       -0.0001458581  -0.0001301278   0.0002372664  -0.0000622160  -0.0001658116
       -0.0002006075   0.0000873267   0.0000338948  -0.0179570985  -0.0132309689
       -0.0237945816  -0.0018642235  -0.0031017491  -0.0034065133   0.1099659283
        0.0608757484   0.0974702959   0.0004731553   0.0003090087  -0.0001989182
       -0.0010651794   0.0000949555   0.0034561477   0.0000700440  -0.0000254049
       -0.0000336112   0.0000018582   0.0000400150   0.0000093081  -0.0000208648
       -0.0000438782   0.0000086969
       -0.0523472561  -0.0980141272  -0.0849131755   0.0016555824   0.0012557191
        0.0003482655  -0.0003873877  -0.0001954935  -0.0011467494   0.0001536178
       -0.0001523703   0.0001418733   0.0003036491   0.0000930775   0.0005472438
        0.0000665418   0.0001187319  -0.0001101614   0.0066726919   0.0060701503
        0.0094570655  -0.0171055734  -0.0193020997  -0.0240380661   0.0608757484
        0.1086547749   0.0983694007   0.0002545162   0.0005708802   0.0007754566
       -0.0001392519   0.0009886493   0.0005418121  -0.0000306052  -0.0000135039
        0.0000383980   0.0000566207  -0.0000782357  -0.0000115493  -0.0000288940
        0.0000038471   0.0000001862
       -0.0866008232  -0.0840809325  -0.1793472889  -0.0082410205  -0.0121728597
       -0.0255641473  -0.0012785497  -0.0014285110  -0.0008449531   0.0000674371
        0.0003093647   0.0001730351   0.0005030922   0.0006125413   0.0010073646
        0.0000934474   0.0001681096  -0.0002501242  -0.0062749937  -0.0030923396
       -0.0053244143   0.0015464885   0.0010060555   0.0042926918   0.0974702959
        0.0983694007   0.2103207908  -0.0006030736  -0.0002305797   0.0005376896
        0.0035225838   0.0004634970  -0.0050032479  -0.0000922677   0.0000272776
        0.0000274945  -0.0000901397   0.0000250546  -0.0000250010  -0.0000224767
        0.0000239215   0.0000001105
       -0.0030176588  -0.0165420261   0.0069097784  -0.0452612730  -0.0322038738
        0.0014851378   0.0038838765   0.0247038860  -0.0062734221  -0.0069881809
        0.0052134475   0.0008486086   0.0000379310  -0.0001620311   0.0011545809
       -0.0000680039   0.0002407688   0.0001178899   0.0002258491  -0.0006012642
       -0.0002037475  -0.0015408076  -0.0004353117   0.0035906539   0.0004731553
        0.0002545162  -0.0006030736   0.0538381422   0.0352297804  -0.0086791268
       -0.0018174773  -0.0155914541   0.0015782819   0.0000449844   0.0000165481
       -0.0000255528   0.0000864145  -0.0000646674   0.0000975458   0.0001030487
       -0.0000583189   0.0000024457
       -0.0026952385  -0.0045484032   0.0040956896  -0.0324903881  -0.2665945268
        0.0470061894   0.0007341749  -0.0186137766   0.0031154068   0.0045881654
       -0.0021355618  -0.0000368859  -0.0003616718   0.0013375994  -0.0002877679
       -0.0003866007   0.0001953501  -0.0003021977  -0.0000612358   0.0004557296
       -0.0002689862  -0.0006791378   0.0009793451   0.0010733008   0.0003090087
        0.0005708802  -0.0002305797   0.0352297804   0.3058780002  -0.0549984935
       -0.0037439364  -0.0177017859   0.0009848306  -0.0000894740  -0.0000065919
        0.0000074660  -0.0002157649   0.0000960284  -0.0001306158  -0.0001376814
        0.0000877133  -0.0000273566
        0.0068589106   0.0249730890  -0.0095311233   0.0016077070   0.0456004262
       -0.0513366908   0.0026260739   0.0051565174   0.0000811824  -0.0009282746
        0.0008544143   0.0007073084  -0.0007261396  -0.0009255587  -0.0003716934
        0.0000518222   0.0000401740   0.0000399973  -0.0004560301   0.0000196611
        0.0005994206   0.0034717674   0.0010984387  -0.0045731177  -0.0001989182
        0.0007754566   0.0005376896  -0.0086791268  -0.0549984935   0.0600479173
       -0.0038296523  -0.0224910408   0.0037917361   0.0001111009  -0.0000577441
       -0.0000084562   0.0000687290  -0.0000347458   0.0000184787   0.0000220306
       -0.0000105945  -0.0000026491
        0.0067402877   0.0065004243   0.0128901894  -0.0926150508  -0.0508676077
       -0.0863428796  -0.0169304610  -0.0112315560  -0.0222072189   0.0022880977
       -0.0021610298   0.0014561868  -0.0064992336   0.0026022298  -0.0015427705
       -0.0016774937  -0.0009437324  -0.0004619537   0.0007145583   0.0002835009
        0.0003566434   0.0004181032   0.0002869154  -0.0001737432  -0.0010651794
       -0.0001392519   0.0035225838  -0.0018174773  -0.0037439364  -0.0038296523
        0.1107352971   0.0594133467   0.0963585164  -0.0000630977  -0.0000340627
       -0.0000723337   0.0001299476  -0.0001090796   0.0000786466  -0.0003582980
        0.0001438393  -0.0000322144
        0.0008788083   0.0016782761   0.0001685144  -0.0518961435  -0.0989256872
       -0.0831176053   0.0036338749   0.0056999688   0.0082857010  -0.0003018761
        0.0007660505  -0.0000996315   0.0026787087   0.0000862054   0.0005215148
        0.0007385377   0.0003658286   0.0000044880   0.0000662996  -0.0000784616
       -0.0001916924   0.0002477472   0.0005314523   0.0007263317   0.0000949555
        0.0009886493   0.0004634970  -0.0155914541  -0.0177017859  -0.0224910408
        0.0594133467   0.1065117724   0.0956984552  -0.0000325375   0.0000157201
        0.0000295765  -0.0000816690   0.0000735022  -0.0000346835   0.0001514014
       -0.0000114912   0.0000365750
       -0.0082784404  -0.0116863031  -0.0254778078  -0.0866053078  -0.0818186607
       -0.1745618879  -0.0054787719  -0.0042031983  -0.0055606167   0.0014988408
        0.0005855857   0.0007544927  -0.0016678956   0.0006123417   0.0000750703
        0.0000993087  -0.0003900601   0.0001326801  -0.0004017943  -0.0000938768
        0.0007110026  -0.0005969347  -0.0002199862   0.0004573263   0.0034561477
        0.0005418121  -0.0050032479   0.0015782819   0.0009848306   0.0037917361
        0.0963585164   0.0956984552   0.2046497772  -0.0000292440  -0.0000104646
        0.0000222179   0.0000738653  -0.0000486122  -0.0000025184  -0.0000065720
        0.0000481366   0.0000117755
        0.0002109213  -0.0000687125  -0.0000594605   0.0002128605   0.0002251519
       -0.0008574352  -0.0002633698   0.0037102114   0.0024875236   0.0014006218
       -0.0013154737  -0.0000476474  -0.0350986380   0.0137800065   0.0217514595
       -0.0845490774   0.0195188806   0.0878290350   0.0000331408  -0.0000066512
       -0.0000877579   0.0000079582   0.0000014939   0.0000007099   0.0000700440
       -0.0000306052  -0.0000922677   0.0000449844  -0.0000894740   0.0001111009
       -0.0000630977  -0.0000325375  -0.0000292440   0.1120156679  -0.0319158628
       -0.1068697455  -0.0009765893  -0.0007415793   0.0070923413   0.0069545733
       -0.0030348480  -0.0112286121
       -0.0000549842   0.0000028511   0.0000275620   0.0000169667  -0.0001770691
        0.0000638602  -0.0009293008   0.0019727186   0.0004838741   0.0010240909
       -0.0002571960  -0.0001690085   0.0149989364  -0.0054224199  -0.0086280153
        0.0198059260  -0.0536308460  -0.0432054793   0.0000079185   0.0000098143
        0.0000058246   0.0000004911   0.0000113250   0.0000262161  -0.0000254049
       -0.0000135039   0.0000272776   0.0000165481  -0.0000065919  -0.0000577441
       -0.0000340627   0.0000157201  -0.0000104646  -0.0319158628   0.0598728950
        0.0502437171  -0.0114434333   0.0037082792   0.0238169104   0.0085321711
       -0.0060859765  -0.0226245302
       -0.0000020866  -0.0000411924  -0.0000084139  -0.0001083935   0.0000470049
       -0.0004281383  -0.0009637349  -0.0008187078   0.0005687009  -0.0001553994
        0.0007391603  -0.0002893557   0.0014906774  -0.0004602593   0.0096439612
        0.0912943866  -0.0434477572  -0.2170081395   0.0000347816   0.0000018549
        0.0000214353  -0.0000127142  -0.0000013702  -0.0000039901  -0.0000336112
        0.0000383980   0.0000274945  -0.0000255528   0.0000074660  -0.0000084562
       -0.0000723337   0.0000295765   0.0000222179  -0.1068697455   0.0502437171
        0.2443293230   0.0092578164  -0.0013371474  -0.0205187788   0.0061659097
       -0.0050007434  -0.0163478601
       -0.0002101776   0.0000296862   0.0000293094  -0.0003494796  -0.0001616599
        0.0007746307   0.0007168974   0.0030837297  -0.0006199161   0.0005043704
       -0.0007401423   0.0005268959  -0.0117581089   0.0310681588  -0.0224629020
       -0.0422740334  -0.0244949932   0.0168575399   0.0000072565  -0.0000284844
        0.0000484957  -0.0000659733  -0.0000226059  -0.0000293089   0.0000018582
        0.0000566207  -0.0000901397   0.0000864145  -0.0002157649   0.0000687290
        0.0001299476  -0.0000816690   0.0000738653  -0.0009765893  -0.0114434333
        0.0092578164   0.0553464485   0.0153129540  -0.0123616010  -0.0011588310
       -0.0123623967   0.0079265855
       -0.0000419126   0.0000458421   0.0000666132  -0.0000268870  -0.0002428703
       -0.0001511534  -0.0010105378   0.0009164765  -0.0008034290  -0.0000490566
        0.0002325372   0.0005516228   0.0139878334  -0.0153434535   0.0101759569
       -0.0215634012  -0.1977835156   0.1055021762  -0.0000248659   0.0000053733
       -0.0000306642   0.0000271832   0.0000590452  -0.0000162621   0.0000400150
       -0.0000782357   0.0000250546  -0.0000646674   0.0000960284  -0.0000347458
       -0.0001090796   0.0000735022  -0.0000486122  -0.0007415793   0.0037082792
       -0.0013371474   0.0153129540   0.2303442473  -0.1264324447  -0.0057359983
       -0.0220332562   0.0125330350
       -0.0000351114   0.0000120634   0.0000042575   0.0000520971  -0.0001411813
        0.0003291317  -0.0001083507   0.0039662759   0.0014458840   0.0013556607
       -0.0015773173  -0.0002810706  -0.0087721612   0.0078102088  -0.0049014201
        0.0143256434   0.1047984986  -0.1155057122   0.0000056033  -0.0000171741
        0.0000018277  -0.0000285903  -0.0000252637   0.0000242098   0.0000093081
       -0.0000115493  -0.0000250010   0.0000975458  -0.0001306158   0.0000184787
        0.0000786466  -0.0000346835  -0.0000025184   0.0070923413   0.0238169104
       -0.0205187788  -0.0123616010  -0.1264324447   0.1312186549  -0.0017110316
       -0.0120337272   0.0081920568
       -0.0000892616   0.0000070483  -0.0000373966  -0.0010598085  -0.0009335881
       -0.0006850150  -0.0064572668   0.0024092753  -0.0022159489   0.0012507528
        0.0009017240   0.0007093998  -0.0255716894  -0.0198245251  -0.0179577164
       -0.0908810946  -0.0823972763  -0.0531748163  -0.0000085644   0.0000124752
        0.0000278753   0.0000363233   0.0000281433  -0.0000203260  -0.0000208648
       -0.0000288940  -0.0000224767   0.0001030487  -0.0001376814   0.0000220306
       -0.0003582980   0.0001514014  -0.0000065720   0.0069545733   0.0085321711
        0.0061659097  -0.0011588310  -0.0057359983  -0.0017110316   0.1172609812
        0.0970157247   0.0689060843
        0.0000405907  -0.0000204723  -0.0000213895   0.0005178867   0.0004011636
        0.0002116779   0.0019881841  -0.0024027738  -0.0003008240  -0.0011795294
        0.0012783453   0.0000014499   0.0048317607   0.0089628213   0.0054155753
       -0.0878840742  -0.1753839941  -0.0898540478   0.0000030406   0.0000146302
        0.0000070253   0.0000220186  -0.0000026512  -0.0000090886  -0.0000438782
        0.0000038471   0.0000239215  -0.0000583189   0.0000877133  -0.0000105945
        0.0001438393  -0.0000114912   0.0000481366  -0.0030348480  -0.0060859765
       -0.0050007434  -0.0123623967  -0.0220332562  -0.0120337272   0.0970157247
        0.1951920946   0.1015226286
       -0.0000431550   0.0000346110   0.0000140328  -0.0002430885  -0.0002633078
        0.0000072058  -0.0016850561   0.0000183084  -0.0003109431   0.0002051869
        0.0007310795   0.0004029736  -0.0083474597  -0.0041150694  -0.0039439650
       -0.0554638542  -0.0878654165  -0.1024217406  -0.0000180498   0.0000063153
        0.0000175363   0.0000124905   0.0000129414  -0.0000124621   0.0000086969
        0.0000001862   0.0000001105   0.0000024457  -0.0000273566  -0.0000026491
       -0.0000322144   0.0000365750   0.0000117755  -0.0112286121  -0.0226245302
       -0.0163478601   0.0079265855   0.0125330350   0.0081920568   0.0689060843
        0.1015226286   0.1143939286
