           1           2  0.99496581624891767     
           2           3  0.96961901106961312     
           3           4   1.7625646016820729     
           3           5   1.1271912928507866     
           4           5  0.17269240086561963     
           5           6  0.95860563719622427     
           1           7  0.98783473200805627     
           1           8  0.98753291431573864     
           1           9  0.98409915754635358     
           2          10  0.97140100135985075     
           2          11  0.97103086230121571     
           6          12  0.97725986777195373     
           6          13  0.98206882643486959     
           6          14  0.97743952208892049     
