$hessian                                                                        
        0.0006782846  -0.0000172898  -0.0000028059  -0.0000356786  -0.0000116859
       -0.0000023648  -0.0000282221  -0.0000153998  -0.0000034765  -0.0000362821
       -0.0000024409  -0.0000004747  -0.0000446385   0.0000031291   0.0000007726
       -0.0000410628   0.0000129515   0.0000021955  -0.0000319742   0.0000127966
        0.0000020428  -0.0000280157   0.0000032424   0.0000004229  -0.0000425797
       -0.0000228107  -0.0000022579  -0.0000509887  -0.0000128195  -0.0000040773
       -0.0000472735  -0.0000208662  -0.0000021882  -0.0000489890   0.0000023945
        0.0000008088  -0.0000486877   0.0000010823   0.0000005995  -0.0000459551
        0.0000180325   0.0000029526  -0.0000397074   0.0000144131   0.0000023644
       -0.0000335060   0.0000132351   0.0000021716  -0.0000271772   0.0000183675
        0.0000029683  -0.0000235044   0.0000003570  -0.0000000802  -0.0000240418
        0.0000033112   0.0000004264
       -0.0000172898   0.0006384386   0.0000006232   0.0000065813  -0.0000696885
       -0.0000009222   0.0000268874  -0.0000796819  -0.0000025554   0.0000044112
       -0.0000446165  -0.0000004343  -0.0000181302  -0.0000299019   0.0000014679
       -0.0000090851  -0.0000029794   0.0000012225   0.0000169933  -0.0000039849
       -0.0000007791   0.0000265149  -0.0000289702  -0.0000018863  -0.0000143878
       -0.0001014980  -0.0000002128  -0.0000329016  -0.0000746468   0.0000022824
       -0.0000213237  -0.0000897534   0.0000008188  -0.0000272391  -0.0000326507
        0.0000021186  -0.0000312117  -0.0000349733   0.0000023526  -0.0000212624
        0.0000101042   0.0000023757  -0.0000079942   0.0000021927   0.0000012283
        0.0000159499  -0.0000040792  -0.0000007015   0.0000286445   0.0000115104
       -0.0000014461   0.0000404916  -0.0000375528  -0.0000030902   0.0000343515
       -0.0000272686  -0.0000024618
       -0.0000028059   0.0000006232   0.0006189600  -0.0000004141  -0.0000000556
       -0.0000726025  -0.0000001203  -0.0000002488  -0.0000731085   0.0000016907
       -0.0000008088  -0.0000434923   0.0000006417  -0.0000001099  -0.0000387870
        0.0000063186  -0.0000026847  -0.0000017995  -0.0000063346   0.0000036553
        0.0000135069   0.0000029444  -0.0000012721  -0.0000116467  -0.0000148616
        0.0000080920  -0.0001190993  -0.0000115763   0.0000057651  -0.0001030892
        0.0000166056  -0.0000119187  -0.0001138193  -0.0000214227   0.0000105587
       -0.0000455623   0.0000174267  -0.0000082998  -0.0000538295  -0.0000040620
        0.0000026155   0.0000074032   0.0000300433  -0.0000144313   0.0000029641
       -0.0000306296   0.0000156379   0.0000148496   0.0000025035  -0.0000004576
        0.0000383863  -0.0000117045   0.0000059683  -0.0000123820   0.0000257570
       -0.0000126287  -0.0000068520
       -0.0000356786   0.0000065813  -0.0000004141   0.0006839352   0.0000044922
       -0.0000005737  -0.0000420910   0.0000058881  -0.0000009935  -0.0000386614
        0.0000009678  -0.0000001472  -0.0000353871  -0.0000011014   0.0000003007
       -0.0000366357  -0.0000048799   0.0000005079  -0.0000405289  -0.0000049698
        0.0000002735  -0.0000417944  -0.0000012777  -0.0000001316  -0.0000355778
        0.0000090345  -0.0000004136  -0.0000338708   0.0000050490  -0.0000007879
       -0.0000352145   0.0000073718   0.0000001884  -0.0000343194  -0.0000011101
        0.0000003971  -0.0000332881  -0.0000000361   0.0000003668  -0.0000350014
       -0.0000069209   0.0000007310  -0.0000365518  -0.0000052213   0.0000005403
       -0.0000406723  -0.0000053631   0.0000003240  -0.0000420565  -0.0000070358
        0.0000003643  -0.0000439733  -0.0000002994  -0.0000003377  -0.0000426321
       -0.0000011692  -0.0000001948
       -0.0000116859  -0.0000696885  -0.0000000556   0.0000044922   0.0006632586
        0.0000003262   0.0000183730  -0.0000667078   0.0000007619   0.0000029525
       -0.0000426413   0.0000000429  -0.0000124322  -0.0000325405  -0.0000002872
       -0.0000062886  -0.0000144222  -0.0000000746   0.0000116074  -0.0000144830
        0.0000001006   0.0000180194  -0.0000319333   0.0000001607  -0.0000105950
       -0.0000805045  -0.0000015584  -0.0000223546  -0.0000633314   0.0000013189
       -0.0000132613  -0.0000732518  -0.0000004054  -0.0000184881  -0.0000332459
       -0.0000003467  -0.0000215066  -0.0000368832  -0.0000005362  -0.0000145844
       -0.0000050267  -0.0000000230  -0.0000056507  -0.0000120544  -0.0000000347
        0.0000111187  -0.0000133745   0.0000000895   0.0000194434  -0.0000042945
        0.0000001116   0.0000276765  -0.0000370925   0.0000002147   0.0000231642
       -0.0000317824   0.0000001949
       -0.0000023648  -0.0000009222  -0.0000726025  -0.0000005737   0.0000003262
        0.0006481051  -0.0000010172   0.0000004720  -0.0000994681   0.0000014773
        0.0000010228  -0.0000475709   0.0000012540   0.0000007885  -0.0000176702
        0.0000055558   0.0000031395   0.0000018568  -0.0000053165  -0.0000039166
       -0.0000151904   0.0000020373   0.0000009059  -0.0000462564  -0.0000070428
       -0.0000060095  -0.0000832670  -0.0000090888  -0.0000034582  -0.0000611008
        0.0000070845   0.0000059769  -0.0000721659  -0.0000163620  -0.0000115190
       -0.0000130162   0.0000152786   0.0000106011  -0.0000145422  -0.0000022738
       -0.0000025181   0.0000223915   0.0000243782   0.0000158614   0.0000046950
       -0.0000251569  -0.0000168652  -0.0000131552   0.0000018323   0.0000004335
       -0.0000076613  -0.0000101880  -0.0000068399  -0.0000626541   0.0000204864
        0.0000125211  -0.0000507271
       -0.0000282221   0.0000268874  -0.0000001203  -0.0000420910   0.0000183730
       -0.0000010172   0.0006688795   0.0000241192  -0.0000021198  -0.0000405577
        0.0000039338  -0.0000002674  -0.0000272921  -0.0000045419   0.0000007517
       -0.0000325339  -0.0000199839   0.0000006597  -0.0000479704  -0.0000202159
       -0.0000000286  -0.0000533913  -0.0000052269  -0.0000005868  -0.0000279881
        0.0000367252   0.0000009811  -0.0000198755   0.0000208660  -0.0000020035
       -0.0000272666   0.0000300344   0.0000017106  -0.0000222768  -0.0000043732
        0.0000010785  -0.0000193179  -0.0000003870   0.0000011491  -0.0000255217
       -0.0000282118   0.0000009487  -0.0000329306  -0.0000215862   0.0000006386
       -0.0000477892  -0.0000215946   0.0000000771  -0.0000545146  -0.0000287321
       -0.0000000936  -0.0000617921  -0.0000010963  -0.0000009979  -0.0000575479
       -0.0000049895  -0.0000007600
       -0.0000153998  -0.0000796819  -0.0000002488   0.0000058881  -0.0000667078
        0.0000004720   0.0000241192   0.0006470920   0.0000012593   0.0000038902
       -0.0000441142   0.0000001087  -0.0000163298  -0.0000307331  -0.0000006229
       -0.0000082635  -0.0000069979  -0.0000002717   0.0000152927  -0.0000069554
        0.0000003257   0.0000237134  -0.0000300510   0.0000005753  -0.0000136127
       -0.0000933076  -0.0000019880  -0.0000294822  -0.0000715034   0.0000008511
       -0.0000178251  -0.0000847015  -0.0000003157  -0.0000242524  -0.0000314191
       -0.0000007694  -0.0000282840  -0.0000365730  -0.0000011374  -0.0000191432
        0.0000054699  -0.0000004118  -0.0000074847  -0.0000041633  -0.0000002318
        0.0000146785  -0.0000052178   0.0000003173   0.0000256040   0.0000063657
        0.0000004899   0.0000364353  -0.0000366741   0.0000008585   0.0000304561
       -0.0000301266   0.0000007397
       -0.0000034765  -0.0000025554  -0.0000731085  -0.0000009935   0.0000007619
       -0.0000994681  -0.0000021198   0.0000012593   0.0005675689   0.0000022328
        0.0000028859  -0.0000562939   0.0000023565   0.0000018050   0.0000093324
        0.0000084841   0.0000090504   0.0000294846  -0.0000080113  -0.0000114753
       -0.0000201650   0.0000026960   0.0000030136  -0.0000748174  -0.0000072683
       -0.0000198067  -0.0000885458  -0.0000130058  -0.0000120831  -0.0000458400
        0.0000064943   0.0000225334  -0.0000663161  -0.0000234136  -0.0000337018
        0.0000245762   0.0000233272   0.0000298377   0.0000266291  -0.0000026463
       -0.0000075665   0.0000707242   0.0000359706   0.0000463273   0.0000328495
       -0.0000373458  -0.0000494315  -0.0000164082   0.0000024729   0.0000013547
       -0.0000196520  -0.0000155897  -0.0000197552  -0.0001121619   0.0000298362
        0.0000375463  -0.0000883882
       -0.0000362821   0.0000044112   0.0000016907  -0.0000386614   0.0000029525
        0.0000014773  -0.0000405577   0.0000038902   0.0000022328   0.0006844767
        0.0000006044   0.0000003138  -0.0000364123  -0.0000008212  -0.0000005624
       -0.0000374227  -0.0000033319  -0.0000014395  -0.0000394810  -0.0000032113
       -0.0000012077  -0.0000406675  -0.0000008191  -0.0000001338  -0.0000368792
        0.0000058082   0.0000015016  -0.0000346111   0.0000031806   0.0000021271
       -0.0000355587   0.0000054534   0.0000015212  -0.0000348868  -0.0000004750
       -0.0000006174  -0.0000357140  -0.0000004353  -0.0000005064  -0.0000360074
       -0.0000045648  -0.0000020056  -0.0000381982  -0.0000038435  -0.0000015465
       -0.0000386144  -0.0000031830  -0.0000012835  -0.0000408771  -0.0000046700
       -0.0000017297  -0.0000415270  -0.0000000051   0.0000002644  -0.0000421182
       -0.0000009403  -0.0000000962
       -0.0000024409  -0.0000446165  -0.0000008088   0.0000009678  -0.0000426413
        0.0000010228   0.0000039338  -0.0000441142   0.0000028859   0.0000006044
        0.0006838928   0.0000004397  -0.0000026686  -0.0000369529  -0.0000016026
       -0.0000014112  -0.0000334487  -0.0000011446   0.0000025240  -0.0000326099
        0.0000009486   0.0000037987  -0.0000369054   0.0000019982  -0.0000023188
       -0.0000461344  -0.0000009256  -0.0000046190  -0.0000427389  -0.0000015174
       -0.0000026976  -0.0000466241  -0.0000013469  -0.0000037528  -0.0000356494
       -0.0000023056  -0.0000047661  -0.0000390092  -0.0000026411  -0.0000030932
       -0.0000307740  -0.0000022137  -0.0000014852  -0.0000345005  -0.0000011096
        0.0000026600  -0.0000307938   0.0000008647   0.0000040971  -0.0000310039
        0.0000016669   0.0000059987  -0.0000370395   0.0000032021   0.0000046687
       -0.0000383360   0.0000025871
       -0.0000004747  -0.0000004343  -0.0000434923  -0.0000001472   0.0000000429
       -0.0000475709  -0.0000002674   0.0000001087  -0.0000562939   0.0000003138
        0.0000004397   0.0006820757   0.0000002894   0.0000002212  -0.0000305595
        0.0000012990   0.0000014765  -0.0000272806  -0.0000013023  -0.0000018267
       -0.0000353134   0.0000004078   0.0000005576  -0.0000440583  -0.0000021859
       -0.0000035945  -0.0000472130  -0.0000020882  -0.0000024090  -0.0000376073
        0.0000025759   0.0000045129  -0.0000429831  -0.0000038530  -0.0000054333
       -0.0000281376   0.0000036025   0.0000046388  -0.0000278430  -0.0000005673
       -0.0000012141  -0.0000205505   0.0000057797   0.0000075187  -0.0000267072
       -0.0000059544  -0.0000079772  -0.0000347318   0.0000003360   0.0000002832
       -0.0000353495  -0.0000024915  -0.0000031521  -0.0000501020   0.0000047277
        0.0000062412  -0.0000462817
       -0.0000446385  -0.0000181302   0.0000006417  -0.0000353871  -0.0000124322
        0.0000012540  -0.0000272921  -0.0000163298   0.0000023565  -0.0000364123
       -0.0000026686   0.0000002894   0.0006777007   0.0000030400  -0.0000007704
       -0.0000418474   0.0000134587  -0.0000009520  -0.0000313002   0.0000136647
       -0.0000003615  -0.0000277536   0.0000035446   0.0000003852  -0.0000449806
       -0.0000247646  -0.0000006361  -0.0000504602  -0.0000142845   0.0000023504
       -0.0000447098  -0.0000199917  -0.0000005405  -0.0000484720   0.0000030487
       -0.0000010286  -0.0000508848   0.0000001346  -0.0000010790  -0.0000465117
        0.0000190428  -0.0000013393  -0.0000417960   0.0000144519  -0.0000009541
       -0.0000311479   0.0000146755  -0.0000004526  -0.0000269845   0.0000193929
       -0.0000004942  -0.0000219303   0.0000008002   0.0000008156  -0.0000251916
        0.0000033470   0.0000005154
        0.0000031291  -0.0000299019  -0.0000001099  -0.0000011014  -0.0000325405
        0.0000007885  -0.0000045419  -0.0000307331   0.0000018050  -0.0000008212
       -0.0000369529   0.0000002212   0.0000030400   0.0006834103  -0.0000007355
        0.0000014869  -0.0000442712  -0.0000005453  -0.0000029758  -0.0000438830
        0.0000002194  -0.0000046586  -0.0000395855   0.0000006810   0.0000012385
       -0.0000275101  -0.0000012099   0.0000058824  -0.0000317110   0.0000011991
        0.0000054760  -0.0000283390  -0.0000012122   0.0000046526  -0.0000387464
       -0.0000010756   0.0000052215  -0.0000391334  -0.0000011659   0.0000035355
       -0.0000464046  -0.0000008742   0.0000013388  -0.0000454753  -0.0000004961
       -0.0000026826  -0.0000435518   0.0000001493  -0.0000050829  -0.0000466785
        0.0000003802  -0.0000070223  -0.0000379125   0.0000011176  -0.0000061147
       -0.0000400796   0.0000008631
        0.0000007726   0.0000014679  -0.0000387870   0.0000003007  -0.0000002872
       -0.0000176702   0.0000007517  -0.0000006229   0.0000093324  -0.0000005624
       -0.0000016026  -0.0000305595  -0.0000007704  -0.0000007355   0.0006615439
       -0.0000023515  -0.0000052316  -0.0000616325   0.0000023104   0.0000066312
       -0.0000328083  -0.0000004971  -0.0000019991  -0.0000125536   0.0000019999
        0.0000130944  -0.0000326697   0.0000031295   0.0000082576  -0.0000554061
       -0.0000020543  -0.0000161975  -0.0000431332   0.0000060990   0.0000196082
       -0.0000707629  -0.0000065208  -0.0000165984  -0.0000739786   0.0000005470
        0.0000044505  -0.0000798266  -0.0000097575  -0.0000269609  -0.0000620934
        0.0000102026   0.0000287563  -0.0000342453  -0.0000004061  -0.0000009194
       -0.0000261440   0.0000045467   0.0000113257   0.0000058455  -0.0000077399
       -0.0000224366  -0.0000044509
       -0.0000410628  -0.0000090851   0.0000063186  -0.0000366357  -0.0000062886
        0.0000055558  -0.0000325339  -0.0000082635   0.0000084841  -0.0000374227
       -0.0000014112   0.0000012990  -0.0000418474   0.0000014869  -0.0000023515
        0.0006822753   0.0000065863  -0.0000058705  -0.0000338558   0.0000071442
       -0.0000044598  -0.0000331617   0.0000017248  -0.0000000001  -0.0000399015
       -0.0000120921   0.0000077630  -0.0000429496  -0.0000069576   0.0000054655
       -0.0000433310  -0.0000105058   0.0000062772  -0.0000408062   0.0000022784
       -0.0000026659  -0.0000466973  -0.0000006036  -0.0000022027  -0.0000418902
        0.0000097668  -0.0000085144  -0.0000435664   0.0000062678  -0.0000063554
       -0.0000308593   0.0000084901  -0.0000047539  -0.0000327227   0.0000097511
       -0.0000062225  -0.0000284332   0.0000008415   0.0000018965  -0.0000345979
        0.0000008697   0.0000003369
        0.0000129515  -0.0000029794  -0.0000026847  -0.0000048799  -0.0000144222
        0.0000031395  -0.0000199839  -0.0000069979   0.0000090504  -0.0000033319
       -0.0000334487   0.0000014765   0.0000134587  -0.0000442712  -0.0000052316
        0.0000065863   0.0006577363  -0.0000039483  -0.0000124846  -0.0000622404
        0.0000031363  -0.0000198093  -0.0000452566   0.0000067633   0.0000109244
        0.0000120001  -0.0000010774   0.0000247991  -0.0000088651  -0.0000072330
        0.0000156619  -0.0000029118  -0.0000037853   0.0000208028  -0.0000383025
       -0.0000075679   0.0000227514  -0.0000435232  -0.0000085447   0.0000159030
       -0.0000731860  -0.0000077768   0.0000051739  -0.0000733802  -0.0000038951
       -0.0000110737  -0.0000578698   0.0000028693  -0.0000213895  -0.0000753026
        0.0000056142  -0.0000298257  -0.0000362438   0.0000109096  -0.0000262346
       -0.0000505348   0.0000087858
        0.0000021955   0.0000012225  -0.0000017995   0.0000005079  -0.0000000746
        0.0000018568   0.0000006597  -0.0000002717   0.0000294846  -0.0000014395
       -0.0000011446  -0.0000272806  -0.0000009520  -0.0000005453  -0.0000616325
       -0.0000058705  -0.0000039483   0.0006401592   0.0000060245   0.0000047546
       -0.0000615716  -0.0000021266  -0.0000015171  -0.0000264040   0.0000128763
        0.0000098920   0.0000159013   0.0000097644   0.0000063950  -0.0000230234
       -0.0000150663  -0.0000120841   0.0000005903   0.0000186886   0.0000143541
       -0.0000673386  -0.0000163002  -0.0000121322  -0.0000658919   0.0000031996
        0.0000031220  -0.0001071778  -0.0000271524  -0.0000199098  -0.0000861225
        0.0000278443   0.0000209908  -0.0000637704  -0.0000016955  -0.0000008449
       -0.0000685148   0.0000113205   0.0000082944  -0.0000068287  -0.0000224783
       -0.0000165527  -0.0000206358
       -0.0000319742   0.0000169933  -0.0000063346  -0.0000405289   0.0000116074
       -0.0000053165  -0.0000479704   0.0000152927  -0.0000080113  -0.0000394810
        0.0000025240  -0.0000013023  -0.0000313002  -0.0000029758   0.0000023104
       -0.0000338558  -0.0000124846   0.0000060245   0.0006777871  -0.0000130401
        0.0000044665  -0.0000474975  -0.0000031472  -0.0000001338  -0.0000353929
        0.0000221244  -0.0000093220  -0.0000273772   0.0000125184  -0.0000033822
       -0.0000270018   0.0000208019  -0.0000073458  -0.0000309644  -0.0000035139
        0.0000025944  -0.0000241733   0.0000000771   0.0000020902  -0.0000308112
       -0.0000180642   0.0000089324  -0.0000309546  -0.0000126717   0.0000065665
       -0.0000481662  -0.0000147512   0.0000047315  -0.0000483750  -0.0000181269
        0.0000061491  -0.0000546763  -0.0000010527  -0.0000021769  -0.0000472863
       -0.0000021112  -0.0000005401
        0.0000127966  -0.0000039849   0.0000036553  -0.0000049698  -0.0000144830
       -0.0000039166  -0.0000202159  -0.0000069554  -0.0000114753  -0.0000032113
       -0.0000326099  -0.0000018267   0.0000136647  -0.0000438830   0.0000066312
        0.0000071442  -0.0000622404   0.0000047546  -0.0000130401   0.0006572491
       -0.0000041707  -0.0000197327  -0.0000440476  -0.0000085694   0.0000104886
        0.0000042517   0.0000025956   0.0000240790  -0.0000141685   0.0000084336
        0.0000162168   0.0000067803   0.0000053280   0.0000194439  -0.0000491434
        0.0000095954   0.0000243004  -0.0000344319   0.0000109291   0.0000158095
       -0.0000754803   0.0000094146   0.0000074367  -0.0000582207   0.0000046403
       -0.0000134453  -0.0000737218  -0.0000038377  -0.0000213343  -0.0000745498
       -0.0000073533  -0.0000309331  -0.0000425020  -0.0000137214  -0.0000244981
       -0.0000378584  -0.0000111067
        0.0000020428  -0.0000007791   0.0000135069   0.0000002735   0.0000001006
       -0.0000151904  -0.0000000286   0.0000003257  -0.0000201650  -0.0000012077
        0.0000009486  -0.0000353134  -0.0000003615   0.0000002194  -0.0000328083
       -0.0000044598   0.0000031363  -0.0000615716   0.0000044665  -0.0000041707
        0.0006437675  -0.0000021951   0.0000013995  -0.0000637246   0.0000110210
       -0.0000089961   0.0000238746   0.0000084256  -0.0000061558   0.0000162590
       -0.0000123471   0.0000126102   0.0000218404   0.0000154403  -0.0000121499
       -0.0000256848  -0.0000122887   0.0000097539  -0.0000186011   0.0000030339
       -0.0000029270  -0.0000650840  -0.0000214402   0.0000166336  -0.0000651847
        0.0000218089  -0.0000179304  -0.0000800240  -0.0000018780   0.0000005454
       -0.0000999758   0.0000082061  -0.0000069075  -0.0000668377  -0.0000185117
        0.0000143436  -0.0000690830
       -0.0000280157   0.0000265149   0.0000029444  -0.0000417944   0.0000180194
        0.0000020373  -0.0000533913   0.0000237134   0.0000026960  -0.0000406675
        0.0000037987   0.0000004078  -0.0000277536  -0.0000046586  -0.0000004971
       -0.0000331617  -0.0000198093  -0.0000021266  -0.0000474975  -0.0000197327
       -0.0000021951   0.0006696793  -0.0000050658  -0.0000006389  -0.0000295866
        0.0000355314   0.0000034794  -0.0000187482   0.0000201873   0.0000028461
       -0.0000259717   0.0000308057   0.0000031770  -0.0000215868  -0.0000038951
       -0.0000003993  -0.0000210289  -0.0000011483  -0.0000001164  -0.0000257808
       -0.0000277046  -0.0000029025  -0.0000347929  -0.0000218350  -0.0000023415
       -0.0000458179  -0.0000206248  -0.0000022892  -0.0000545608  -0.0000282427
       -0.0000031766  -0.0000606842  -0.0000007447  -0.0000002201  -0.0000588389
       -0.0000051093  -0.0000006845
        0.0000032424  -0.0000289702  -0.0000012721  -0.0000012777  -0.0000319333
        0.0000009059  -0.0000052269  -0.0000300510   0.0000030136  -0.0000008191
       -0.0000369054   0.0000005576   0.0000035446  -0.0000395855  -0.0000019991
        0.0000017248  -0.0000452566  -0.0000015171  -0.0000031472  -0.0000440476
        0.0000013995  -0.0000050658   0.0006829680   0.0000028275   0.0000039622
       -0.0000241768   0.0000005434   0.0000063444  -0.0000298636  -0.0000046660
        0.0000023868  -0.0000305488  -0.0000009785   0.0000055472  -0.0000373757
       -0.0000029000   0.0000058996  -0.0000398539  -0.0000032876   0.0000042436
       -0.0000469210  -0.0000031673   0.0000011707  -0.0000481730  -0.0000015295
       -0.0000027187  -0.0000420738   0.0000013208  -0.0000054252  -0.0000477230
        0.0000025159  -0.0000075952  -0.0000372121   0.0000045445  -0.0000067905
       -0.0000422967   0.0000036884
        0.0000004229  -0.0000018863  -0.0000116467  -0.0000001316   0.0000001607
       -0.0000462564  -0.0000005868   0.0000005753  -0.0000748174  -0.0000001338
        0.0000019982  -0.0000440583   0.0000003852   0.0000006810  -0.0000125536
       -0.0000000001   0.0000067633  -0.0000264040  -0.0000001338  -0.0000085694
       -0.0000637246  -0.0000006389   0.0000028275   0.0006469424   0.0000011471
       -0.0000182928  -0.0000153591   0.0000010502  -0.0000122115   0.0000094919
       -0.0000006208   0.0000241840  -0.0000045788   0.0000013191  -0.0000254041
        0.0000000582   0.0000001100   0.0000208606   0.0000066362   0.0000006283
       -0.0000058360  -0.0000098821  -0.0000008419   0.0000350012  -0.0000276449
        0.0000006825  -0.0000373258  -0.0000627259  -0.0000006552   0.0000013217
       -0.0000807295  -0.0000004516  -0.0000145453  -0.0000959209  -0.0000015509
        0.0000296978  -0.0000868263
       -0.0000425797  -0.0000143878  -0.0000148616  -0.0000355778  -0.0000105950
       -0.0000070428  -0.0000279881  -0.0000136127  -0.0000072683  -0.0000368792
       -0.0000023188  -0.0000021859  -0.0000449806   0.0000012385   0.0000019999
       -0.0000399015   0.0000109244   0.0000128763  -0.0000353929   0.0000104886
        0.0000110210  -0.0000295866   0.0000039622   0.0000011471   0.0006574331
       -0.0000264724  -0.0000399099  -0.0000498307  -0.0000176588   0.0000145516
       -0.0000137958  -0.0000016470  -0.0000290608  -0.0000550314   0.0000010455
        0.0000011960  -0.0000444668  -0.0000016547  -0.0000008818  -0.0000481781
        0.0000145233   0.0000204738  -0.0000306725   0.0000134990   0.0000147864
       -0.0000426836   0.0000094443   0.0000111655  -0.0000298749   0.0000159672
        0.0000147338  -0.0000295621   0.0000004552  -0.0000030733  -0.0000204506
        0.0000067988   0.0000003332
       -0.0000228107  -0.0001014980   0.0000080920   0.0000090345  -0.0000805045
       -0.0000060095   0.0000367252  -0.0000933076  -0.0000198067   0.0000058082
       -0.0000461344  -0.0000035945  -0.0000247646  -0.0000275101   0.0000130944
       -0.0000120921   0.0000120001   0.0000098920   0.0000221244   0.0000042517
       -0.0000089961   0.0000355314  -0.0000241768  -0.0000182928  -0.0000264724
        0.0005872654  -0.0000024419  -0.0000440775  -0.0000928802   0.0000295984
       -0.0000190708  -0.0000924724   0.0000054917  -0.0000387324  -0.0000420504
        0.0000188025  -0.0000412875  -0.0000265191   0.0000216244  -0.0000296125
        0.0000242336   0.0000205068  -0.0000084283   0.0000312869   0.0000099836
        0.0000192038  -0.0000083326  -0.0000085198   0.0000380851   0.0000294719
       -0.0000161507   0.0000533486  -0.0000433312  -0.0000293894   0.0000474877
       -0.0000097921  -0.0000238842
       -0.0000022579  -0.0000002128  -0.0001190993  -0.0000004136  -0.0000015584
       -0.0000832670   0.0000009811  -0.0000019880  -0.0000885458   0.0000015016
       -0.0000009256  -0.0000472130  -0.0000006361  -0.0000012099  -0.0000326697
        0.0000077630  -0.0000010774   0.0000159013  -0.0000093220   0.0000025956
        0.0000238746   0.0000034794   0.0000005434  -0.0000153591  -0.0000399099
       -0.0000024419   0.0005577984  -0.0000161087  -0.0000049455  -0.0000821134
        0.0000523590   0.0000082395  -0.0001414138  -0.0000316720   0.0000060090
       -0.0000384982   0.0000220400  -0.0000075848  -0.0000486843  -0.0000082339
        0.0000017581   0.0000365602   0.0000423710  -0.0000071376   0.0000228606
       -0.0000423763   0.0000088280   0.0000257100   0.0000021743   0.0000010473
        0.0000511582  -0.0000165215   0.0000039301  -0.0000239799   0.0000347823
       -0.0000038689  -0.0000130199
       -0.0000509887  -0.0000329016  -0.0000115763  -0.0000338708  -0.0000223546
       -0.0000090888  -0.0000198755  -0.0000294822  -0.0000130058  -0.0000346111
       -0.0000046190  -0.0000020882  -0.0000504602   0.0000058824   0.0000031295
       -0.0000429496   0.0000247991   0.0000097644  -0.0000273772   0.0000240790
        0.0000084256  -0.0000187482   0.0000063444   0.0000010502  -0.0000498307
       -0.0000440775  -0.0000161087   0.0006578753  -0.0000256860  -0.0000093014
       -0.0000498686  -0.0000375574  -0.0000111490  -0.0000615172   0.0000039075
        0.0000032833  -0.0000559574   0.0000024116   0.0000021577  -0.0000537402
        0.0000340715   0.0000139288  -0.0000371763   0.0000283791   0.0000107233
       -0.0000333234   0.0000240694   0.0000089369  -0.0000171899   0.0000349987
        0.0000118675  -0.0000120867   0.0000003255  -0.0000016706  -0.0000083036
        0.0000074101   0.0000007215
       -0.0000128195  -0.0000746468   0.0000057651   0.0000050490  -0.0000633314
       -0.0000034582   0.0000208660  -0.0000715034  -0.0000120831   0.0000031806
       -0.0000427389  -0.0000024090  -0.0000142845  -0.0000317110   0.0000082576
       -0.0000069576  -0.0000088651   0.0000063950   0.0000125184  -0.0000141685
       -0.0000061558   0.0000201873  -0.0000298636  -0.0000122115  -0.0000176588
       -0.0000928802  -0.0000049455  -0.0000256860   0.0006483223   0.0000221434
       -0.0000063731  -0.0000647773   0.0000052897  -0.0000223742  -0.0000409334
        0.0000123185  -0.0000236955  -0.0000301304   0.0000134162  -0.0000172241
       -0.0000026409   0.0000136890  -0.0000045158   0.0000034925   0.0000064544
        0.0000108168  -0.0000227814  -0.0000057735   0.0000215788   0.0000009603
       -0.0000111291   0.0000302882  -0.0000417840  -0.0000196581   0.0000271039
       -0.0000200188  -0.0000159050
       -0.0000040773   0.0000022824  -0.0001030892  -0.0000007879   0.0000013189
       -0.0000611008  -0.0000020035   0.0000008511  -0.0000458400   0.0000021271
       -0.0000015174  -0.0000376073   0.0000023504   0.0000011991  -0.0000554061
        0.0000054655  -0.0000072330  -0.0000230234  -0.0000033822   0.0000084336
        0.0000162590   0.0000028461  -0.0000046660   0.0000094919   0.0000145516
        0.0000295984  -0.0000821134  -0.0000093014   0.0000221434   0.0005691470
       -0.0000243371  -0.0000458741  -0.0000988889  -0.0000117580   0.0000265777
       -0.0000684348   0.0000142478  -0.0000171230  -0.0000780488   0.0000003976
        0.0000060644  -0.0000324816   0.0000191094  -0.0000372764  -0.0000198961
       -0.0000202674   0.0000389894   0.0000169205   0.0000035506  -0.0000027110
        0.0000472099  -0.0000071874   0.0000142267   0.0000252557   0.0000184560
       -0.0000352843   0.0000216464
       -0.0000472735  -0.0000213237   0.0000166056  -0.0000352145  -0.0000132613
        0.0000070845  -0.0000272666  -0.0000178251   0.0000064943  -0.0000355587
       -0.0000026976   0.0000025759  -0.0000447098   0.0000054760  -0.0000020543
       -0.0000433310   0.0000156619  -0.0000150663  -0.0000270018   0.0000162168
       -0.0000123471  -0.0000259717   0.0000023868  -0.0000006208  -0.0000137958
       -0.0000190708   0.0000523590  -0.0000498686  -0.0000063731  -0.0000243371
        0.0006312523  -0.0000458831   0.0000342730  -0.0000401779   0.0000045949
       -0.0000011370  -0.0000562376   0.0000039265   0.0000015261  -0.0000431506
        0.0000230219  -0.0000246063  -0.0000538845   0.0000151849  -0.0000175031
       -0.0000192192   0.0000191430  -0.0000125051  -0.0000238320   0.0000218228
       -0.0000161038  -0.0000143487   0.0000005815   0.0000047209  -0.0000304098
       -0.0000015824   0.0000006416
       -0.0000208662  -0.0000897534  -0.0000119187   0.0000073718  -0.0000732518
        0.0000059769   0.0000300344  -0.0000847015   0.0000225334   0.0000054534
       -0.0000466241   0.0000045129  -0.0000199917  -0.0000283390  -0.0000161975
       -0.0000105058  -0.0000029118  -0.0000120841   0.0000208019   0.0000067803
        0.0000126102   0.0000308057  -0.0000305488   0.0000241840  -0.0000016470
       -0.0000924724   0.0000082395  -0.0000375574  -0.0000647773  -0.0000458741
       -0.0000458831   0.0005961903  -0.0000078607  -0.0000276481  -0.0000138163
       -0.0000237819  -0.0000366651  -0.0000472535  -0.0000267285  -0.0000223486
        0.0000212748  -0.0000262331  -0.0000131169  -0.0000175421  -0.0000122467
        0.0000219337   0.0000275130   0.0000120216   0.0000338453   0.0000169613
        0.0000225966   0.0000484211  -0.0000275252   0.0000387030   0.0000375627
       -0.0000492026   0.0000315472
       -0.0000021882   0.0000008188  -0.0001138193   0.0000001884  -0.0000004054
       -0.0000721659   0.0000017106  -0.0000003157  -0.0000663161   0.0000015212
       -0.0000013469  -0.0000429831  -0.0000005405  -0.0000012122  -0.0000431332
        0.0000062772  -0.0000037853   0.0000005903  -0.0000073458   0.0000053280
        0.0000218404   0.0000031770  -0.0000009785  -0.0000045788  -0.0000290608
        0.0000054917  -0.0001414138  -0.0000111490   0.0000052897  -0.0000988889
        0.0000342730  -0.0000078607   0.0005881412  -0.0000256423   0.0000145444
       -0.0000528355   0.0000176531  -0.0000140806  -0.0000628754  -0.0000062694
        0.0000036473   0.0000100424   0.0000338460  -0.0000199826   0.0000064288
       -0.0000342168   0.0000218796   0.0000228599   0.0000021120  -0.0000001281
        0.0000508123  -0.0000129064   0.0000088546  -0.0000034168   0.0000285607
       -0.0000157579   0.0000017115
       -0.0000489890  -0.0000272391  -0.0000214227  -0.0000343194  -0.0000184881
       -0.0000163620  -0.0000222768  -0.0000242524  -0.0000234136  -0.0000348868
       -0.0000037528  -0.0000038530  -0.0000484720   0.0000046526   0.0000060990
       -0.0000408062   0.0000208028   0.0000186886  -0.0000309644   0.0000194439
        0.0000154403  -0.0000215868   0.0000055472   0.0000013191  -0.0000550314
       -0.0000387324  -0.0000316720  -0.0000615172  -0.0000223742  -0.0000117580
       -0.0000401779  -0.0000276481  -0.0000256423   0.0006600201   0.0000017889
        0.0000063647  -0.0000491112   0.0000025729   0.0000044437  -0.0000523430
        0.0000277673   0.0000272953  -0.0000300703   0.0000253345   0.0000205116
       -0.0000416365   0.0000178548   0.0000162162  -0.0000206549   0.0000290364
        0.0000215592  -0.0000195887  -0.0000004064  -0.0000043104  -0.0000075879
        0.0000080922   0.0000004965
        0.0000023945  -0.0000326507   0.0000105587  -0.0000011101  -0.0000332459
       -0.0000115190  -0.0000043732  -0.0000314191  -0.0000337018  -0.0000004750
       -0.0000356494  -0.0000054333   0.0000030487  -0.0000387464   0.0000196082
        0.0000022784  -0.0000383025   0.0000143541  -0.0000035139  -0.0000491434
       -0.0000121499  -0.0000038951  -0.0000373757  -0.0000254041   0.0000010455
       -0.0000420504   0.0000060090   0.0000039075  -0.0000409334   0.0000265777
        0.0000045949  -0.0000138163   0.0000145444   0.0000017889   0.0006659143
        0.0000283110   0.0000072619  -0.0000235089   0.0000322393   0.0000030033
       -0.0000492125   0.0000284093   0.0000049976  -0.0000188051   0.0000140951
       -0.0000063822  -0.0000697397  -0.0000111847  -0.0000042751  -0.0000443254
       -0.0000215523  -0.0000079782  -0.0000485690  -0.0000407894  -0.0000023183
       -0.0000184206  -0.0000329721
        0.0000008088   0.0000021186  -0.0000455623   0.0000003971  -0.0000003467
       -0.0000130162   0.0000010785  -0.0000007694   0.0000245762  -0.0000006174
       -0.0000023056  -0.0000281376  -0.0000010286  -0.0000010756  -0.0000707629
       -0.0000026659  -0.0000075679  -0.0000673386   0.0000025944   0.0000095954
       -0.0000256848  -0.0000003993  -0.0000029000   0.0000000582   0.0000011960
        0.0000188025  -0.0000384982   0.0000032833   0.0000123185  -0.0000684348
       -0.0000011370  -0.0000237819  -0.0000528355   0.0000063647   0.0000283110
        0.0006386440  -0.0000073993  -0.0000240133  -0.0000896269   0.0000003444
        0.0000064545  -0.0000917749  -0.0000106417  -0.0000389894  -0.0000675056
        0.0000112015   0.0000415939  -0.0000275660  -0.0000003248  -0.0000013360
       -0.0000139592   0.0000051920   0.0000163770   0.0000256159  -0.0000082465
       -0.0000324855   0.0000118093
       -0.0000486877  -0.0000312117   0.0000174267  -0.0000332881  -0.0000215066
        0.0000152786  -0.0000193179  -0.0000282840   0.0000233272  -0.0000357140
       -0.0000047661   0.0000036025  -0.0000508848   0.0000052215  -0.0000065208
       -0.0000466973   0.0000227514  -0.0000163002  -0.0000241733   0.0000243004
       -0.0000122887  -0.0000210289   0.0000058996   0.0000001100  -0.0000444668
       -0.0000412875   0.0000220400  -0.0000559574  -0.0000236955   0.0000142478
       -0.0000562376  -0.0000366651   0.0000176531  -0.0000491112   0.0000072619
       -0.0000073993   0.0006569711  -0.0000013587  -0.0000061097  -0.0000513658
        0.0000333976  -0.0000237316  -0.0000544562   0.0000222577  -0.0000176615
       -0.0000159664   0.0000282951  -0.0000130942  -0.0000195106   0.0000334323
       -0.0000171027  -0.0000060834   0.0000025127   0.0000054374  -0.0000240238
        0.0000034450   0.0000010852
        0.0000010823  -0.0000349733  -0.0000082998  -0.0000000361  -0.0000368832
        0.0000106011  -0.0000003870  -0.0000365730   0.0000298377  -0.0000004353
       -0.0000390092   0.0000046388   0.0000001346  -0.0000391334  -0.0000165984
       -0.0000006036  -0.0000435232  -0.0000121322   0.0000000771  -0.0000344319
        0.0000097539  -0.0000011483  -0.0000398539   0.0000208606  -0.0000016547
       -0.0000265191  -0.0000075848   0.0000024116  -0.0000301304  -0.0000171230
        0.0000039265  -0.0000472535  -0.0000140806   0.0000025729  -0.0000235089
       -0.0000240133  -0.0000013587   0.0006718719  -0.0000271937   0.0000005313
       -0.0000367085  -0.0000235329  -0.0000027811  -0.0000601849  -0.0000118089
        0.0000027314  -0.0000176675   0.0000088525  -0.0000013104  -0.0000407938
        0.0000172653   0.0000000441  -0.0000294118   0.0000335384  -0.0000037968
       -0.0000553125   0.0000270194
        0.0000005995   0.0000023526  -0.0000538295   0.0000003668  -0.0000005362
       -0.0000145422   0.0000011491  -0.0000011374   0.0000266291  -0.0000005064
       -0.0000026411  -0.0000278430  -0.0000010790  -0.0000011659  -0.0000739786
       -0.0000022027  -0.0000085447  -0.0000658919   0.0000020902   0.0000109291
       -0.0000186011  -0.0000001164  -0.0000032876   0.0000066362  -0.0000008818
        0.0000216244  -0.0000486843   0.0000021577   0.0000134162  -0.0000780488
        0.0000015261  -0.0000267285  -0.0000628754   0.0000044437   0.0000322393
       -0.0000896269  -0.0000061097  -0.0000271937   0.0006266013  -0.0000001589
        0.0000073658  -0.0000914734  -0.0000081316  -0.0000442352  -0.0000655107
        0.0000087076   0.0000472743  -0.0000204971  -0.0000000966  -0.0000014543
       -0.0000029545   0.0000043069   0.0000185915   0.0000344640  -0.0000060645
       -0.0000368686   0.0000200271
       -0.0000459551  -0.0000212624  -0.0000040620  -0.0000350014  -0.0000145844
       -0.0000022738  -0.0000255217  -0.0000191432  -0.0000026463  -0.0000360074
       -0.0000030932  -0.0000005673  -0.0000465117   0.0000035355   0.0000005470
       -0.0000418902   0.0000159030   0.0000031996  -0.0000308112   0.0000158095
        0.0000030339  -0.0000257808   0.0000042436   0.0000006283  -0.0000481781
       -0.0000296125  -0.0000082339  -0.0000537402  -0.0000172241   0.0000003976
       -0.0000431506  -0.0000223486  -0.0000062694  -0.0000523430   0.0000030033
        0.0000003444  -0.0000513658   0.0000005313  -0.0000001589   0.0006746265
        0.0000221478   0.0000047796  -0.0000394610   0.0000177085   0.0000036232
       -0.0000329754   0.0000163437   0.0000031145  -0.0000249412   0.0000227493
        0.0000042147  -0.0000204057   0.0000006308  -0.0000002220  -0.0000205859
        0.0000046621   0.0000005510
        0.0000180325   0.0000101042   0.0000026155  -0.0000069209  -0.0000050267
       -0.0000025181  -0.0000282118   0.0000054699  -0.0000075665  -0.0000045648
       -0.0000307740  -0.0000012141   0.0000190428  -0.0000464046   0.0000044505
        0.0000097668  -0.0000731860   0.0000031220  -0.0000180642  -0.0000754803
       -0.0000029270  -0.0000277046  -0.0000469210  -0.0000058360   0.0000145233
        0.0000242336   0.0000017581   0.0000340715  -0.0000026409   0.0000060644
        0.0000230219   0.0000212748   0.0000036473   0.0000277673  -0.0000492125
        0.0000064545   0.0000333976  -0.0000367085   0.0000073658   0.0000221478
        0.0006334336   0.0000062593   0.0000095158  -0.0000724326   0.0000030404
       -0.0000178813  -0.0000816447  -0.0000027097  -0.0000299547  -0.0000894954
       -0.0000051350  -0.0000429155  -0.0000417484  -0.0000093112  -0.0000350696
       -0.0000428405  -0.0000075601
        0.0000029526   0.0000023757   0.0000074032   0.0000007310  -0.0000000230
        0.0000223915   0.0000009487  -0.0000004118   0.0000707242  -0.0000020056
       -0.0000022137  -0.0000205505  -0.0000013393  -0.0000008742  -0.0000798266
       -0.0000085144  -0.0000077768  -0.0001071778   0.0000089324   0.0000094146
       -0.0000650840  -0.0000029025  -0.0000031673  -0.0000098821   0.0000204738
        0.0000205068   0.0000365602   0.0000139288   0.0000136890  -0.0000324816
       -0.0000246063  -0.0000262331   0.0000100424   0.0000272953   0.0000284093
       -0.0000917749  -0.0000237316  -0.0000235329  -0.0000914734   0.0000047796
        0.0000062593   0.0005751835  -0.0000396956  -0.0000394170  -0.0001116614
        0.0000406935   0.0000416057  -0.0000685598  -0.0000021887  -0.0000017315
       -0.0000702370   0.0000167568   0.0000163184   0.0000246604  -0.0000325085
       -0.0000331975   0.0000017437
       -0.0000397074  -0.0000079942   0.0000300433  -0.0000365518  -0.0000056507
        0.0000243782  -0.0000329306  -0.0000074847   0.0000359706  -0.0000381982
       -0.0000014852   0.0000057797  -0.0000417960   0.0000013388  -0.0000097575
       -0.0000435664   0.0000051739  -0.0000271524  -0.0000309546   0.0000074367
       -0.0000214402  -0.0000347929   0.0000011707  -0.0000008419  -0.0000306725
       -0.0000084283   0.0000423710  -0.0000371763  -0.0000045158   0.0000191094
       -0.0000538845  -0.0000131169   0.0000338460  -0.0000300703   0.0000049976
       -0.0000106417  -0.0000544562  -0.0000027811  -0.0000081316  -0.0000394610
        0.0000095158  -0.0000396956   0.0006651345   0.0000016019  -0.0000296464
       -0.0000164043   0.0000119950  -0.0000226566  -0.0000340873   0.0000086233
       -0.0000298458  -0.0000232500   0.0000024058   0.0000077187  -0.0000471743
       -0.0000028028   0.0000005926
        0.0000144131   0.0000021927  -0.0000144313  -0.0000052213  -0.0000120544
        0.0000158614  -0.0000215862  -0.0000041633   0.0000463273  -0.0000038435
       -0.0000345005   0.0000075187   0.0000144519  -0.0000454753  -0.0000269609
        0.0000062678  -0.0000733802  -0.0000199098  -0.0000126717  -0.0000582207
        0.0000166336  -0.0000218350  -0.0000481730   0.0000350012   0.0000134990
        0.0000312869  -0.0000071376   0.0000283791   0.0000034925  -0.0000372764
        0.0000151849  -0.0000175421  -0.0000199826   0.0000253345  -0.0000188051
       -0.0000389894   0.0000222577  -0.0000601849  -0.0000442352   0.0000177085
       -0.0000724326  -0.0000394170   0.0000016019   0.0006190073  -0.0000195789
       -0.0000078952  -0.0000312983   0.0000152891  -0.0000234972  -0.0000802598
        0.0000295830  -0.0000307142  -0.0000248639   0.0000562677  -0.0000318343
       -0.0000746253   0.0000454372
        0.0000023644   0.0000012283   0.0000029641   0.0000005403  -0.0000000347
        0.0000046950   0.0000006386  -0.0000002318   0.0000328495  -0.0000015465
       -0.0000011096  -0.0000267072  -0.0000009541  -0.0000004961  -0.0000620934
       -0.0000063554  -0.0000038951  -0.0000861225   0.0000065665   0.0000046403
       -0.0000651847  -0.0000023415  -0.0000015295  -0.0000276449   0.0000147864
        0.0000099836   0.0000228606   0.0000107233   0.0000064544  -0.0000198961
       -0.0000175031  -0.0000122467   0.0000064288   0.0000205116   0.0000140951
       -0.0000675056  -0.0000176615  -0.0000118089  -0.0000655107   0.0000036232
        0.0000030404  -0.0001116614  -0.0000296464  -0.0000195789   0.0006332582
        0.0000303571   0.0000205900  -0.0000675031  -0.0000018498  -0.0000008798
       -0.0000737248   0.0000122993   0.0000081215  -0.0000075100  -0.0000245524
       -0.0000163423  -0.0000219919
       -0.0000335060   0.0000159499  -0.0000306296  -0.0000406723   0.0000111187
       -0.0000251569  -0.0000477892   0.0000146785  -0.0000373458  -0.0000386144
        0.0000026600  -0.0000059544  -0.0000311479  -0.0000026826   0.0000102026
       -0.0000308593  -0.0000110737   0.0000278443  -0.0000481662  -0.0000134453
        0.0000218089  -0.0000458179  -0.0000027187   0.0000006825  -0.0000426836
        0.0000192038  -0.0000423763  -0.0000333234   0.0000108168  -0.0000202674
       -0.0000192192   0.0000219337  -0.0000342168  -0.0000416365  -0.0000063822
        0.0000112015  -0.0000159664   0.0000027314   0.0000087076  -0.0000329754
       -0.0000178813   0.0000406935  -0.0000164043  -0.0000078952   0.0000303571
        0.0006600976  -0.0000184891   0.0000230658  -0.0000468870  -0.0000171327
        0.0000303599  -0.0000600005  -0.0000027743  -0.0000081571  -0.0000344279
        0.0000013823  -0.0000008195
        0.0000132351  -0.0000040792   0.0000156379  -0.0000053631  -0.0000133745
       -0.0000168652  -0.0000215946  -0.0000052178  -0.0000494315  -0.0000031830
       -0.0000307938  -0.0000079772   0.0000146755  -0.0000435518   0.0000287563
        0.0000084901  -0.0000578698   0.0000209908  -0.0000147512  -0.0000737218
       -0.0000179304  -0.0000206248  -0.0000420738  -0.0000373258   0.0000094443
       -0.0000083326   0.0000088280   0.0000240694  -0.0000227814   0.0000389894
        0.0000191430   0.0000275130   0.0000218796   0.0000178548  -0.0000697397
        0.0000415939   0.0000282951  -0.0000176675   0.0000472743   0.0000163437
       -0.0000816447   0.0000416057   0.0000119950  -0.0000312983   0.0000205900
       -0.0000184891   0.0006182357  -0.0000164997  -0.0000223809  -0.0000750167
       -0.0000317812  -0.0000345589  -0.0000542349  -0.0000599057  -0.0000226004
       -0.0000143506  -0.0000484289
        0.0000021716  -0.0000007015   0.0000148496   0.0000003240   0.0000000895
       -0.0000131552   0.0000000771   0.0000003173  -0.0000164082  -0.0000012835
        0.0000008647  -0.0000347318  -0.0000004526   0.0000001493  -0.0000342453
       -0.0000047539   0.0000028693  -0.0000637704   0.0000047315  -0.0000038377
       -0.0000800240  -0.0000022892   0.0000013208  -0.0000627259   0.0000111655
       -0.0000085198   0.0000257100   0.0000089369  -0.0000057735   0.0000169205
       -0.0000125051   0.0000120216   0.0000228599   0.0000162162  -0.0000111847
       -0.0000275660  -0.0000130942   0.0000088525  -0.0000204971   0.0000031145
       -0.0000027097  -0.0000685598  -0.0000226566   0.0000152891  -0.0000675031
        0.0000230658  -0.0000164997   0.0006421151  -0.0000019733   0.0000005068
       -0.0001008635   0.0000087304  -0.0000063281  -0.0000647086  -0.0000195249
        0.0000132738  -0.0000676962
       -0.0000271772   0.0000286445   0.0000025035  -0.0000420565   0.0000194434
        0.0000018323  -0.0000545146   0.0000256040   0.0000024729  -0.0000408771
        0.0000040971   0.0000003360  -0.0000269845  -0.0000050829  -0.0000004061
       -0.0000327227  -0.0000213895  -0.0000016955  -0.0000483750  -0.0000213343
       -0.0000018780  -0.0000545608  -0.0000054252  -0.0000006552  -0.0000298749
        0.0000380851   0.0000021743  -0.0000171899   0.0000215788   0.0000035506
       -0.0000238320   0.0000338453   0.0000021120  -0.0000206549  -0.0000042751
       -0.0000003248  -0.0000195106  -0.0000013104  -0.0000000966  -0.0000249412
       -0.0000299547  -0.0000021887  -0.0000340873  -0.0000234972  -0.0000018498
       -0.0000468870  -0.0000223809  -0.0000019733   0.0006671125  -0.0000304882
       -0.0000027670  -0.0000626847  -0.0000008153  -0.0000004045  -0.0000601816
       -0.0000053445  -0.0000007422
        0.0000183675   0.0000115104  -0.0000004576  -0.0000070358  -0.0000042945
        0.0000004335  -0.0000287321   0.0000063657   0.0000013547  -0.0000046700
       -0.0000310039   0.0000002832   0.0000193929  -0.0000466785  -0.0000009194
        0.0000097511  -0.0000753026  -0.0000008449  -0.0000181269  -0.0000745498
        0.0000005454  -0.0000282427  -0.0000477230   0.0000013217   0.0000159672
        0.0000294719   0.0000010473   0.0000349987   0.0000009603  -0.0000027110
        0.0000218228   0.0000169613  -0.0000001281   0.0000290364  -0.0000443254
       -0.0000013360   0.0000334323  -0.0000407938  -0.0000014543   0.0000227493
       -0.0000894954  -0.0000017315   0.0000086233  -0.0000802598  -0.0000008798
       -0.0000171327  -0.0000750167   0.0000005068  -0.0000304882   0.0006321427
        0.0000010479  -0.0000432178  -0.0000389073   0.0000021828  -0.0000364955
       -0.0000490616   0.0000017393
        0.0000029683  -0.0000014461   0.0000383863   0.0000003643   0.0000001116
       -0.0000076613  -0.0000000936   0.0000004899  -0.0000196520  -0.0000017297
        0.0000016669  -0.0000353495  -0.0000004942   0.0000003802  -0.0000261440
       -0.0000062225   0.0000056142  -0.0000685148   0.0000061491  -0.0000073533
       -0.0000999758  -0.0000031766   0.0000025159  -0.0000807295   0.0000147338
       -0.0000161507   0.0000511582   0.0000118675  -0.0000111291   0.0000472099
       -0.0000161038   0.0000225966   0.0000508123   0.0000215592  -0.0000215523
       -0.0000139592  -0.0000171027   0.0000172653  -0.0000029545   0.0000042147
       -0.0000051350  -0.0000702370  -0.0000298458   0.0000295830  -0.0000737248
        0.0000303599  -0.0000317812  -0.0001008635  -0.0000027670   0.0000010479
        0.0005911258   0.0000112893  -0.0000122484  -0.0000887527  -0.0000259700
        0.0000255245  -0.0000901738
       -0.0000235044   0.0000404916  -0.0000117045  -0.0000439733   0.0000276765
       -0.0000101880  -0.0000617921   0.0000364353  -0.0000155897  -0.0000415270
        0.0000059987  -0.0000024915  -0.0000219303  -0.0000070223   0.0000045467
       -0.0000284332  -0.0000298257   0.0000113205  -0.0000546763  -0.0000309331
        0.0000082061  -0.0000606842  -0.0000075952  -0.0000004516  -0.0000295621
        0.0000533486  -0.0000165215  -0.0000120867   0.0000302882  -0.0000071874
       -0.0000143487   0.0000484211  -0.0000129064  -0.0000195887  -0.0000079782
        0.0000051920  -0.0000060834   0.0000000441   0.0000043069  -0.0000204057
       -0.0000429155   0.0000167568  -0.0000232500  -0.0000307142   0.0000122993
       -0.0000600005  -0.0000345589   0.0000087304  -0.0000626847  -0.0000432178
        0.0000112893   0.0006462539  -0.0000023237  -0.0000043527  -0.0000617225
       -0.0000056196  -0.0000012546
        0.0000003570  -0.0000375528   0.0000059683  -0.0000002994  -0.0000370925
       -0.0000068399  -0.0000010963  -0.0000366741  -0.0000197552  -0.0000000051
       -0.0000370395  -0.0000031521   0.0000008002  -0.0000379125   0.0000113257
        0.0000008415  -0.0000362438   0.0000082944  -0.0000010527  -0.0000425020
       -0.0000069075  -0.0000007447  -0.0000372121  -0.0000145453   0.0000004552
       -0.0000433312   0.0000039301   0.0000003255  -0.0000417840   0.0000142267
        0.0000005815  -0.0000275252   0.0000088546  -0.0000004064  -0.0000485690
        0.0000163770   0.0000025127  -0.0000294118   0.0000185915   0.0000006308
       -0.0000417484   0.0000163184   0.0000024058  -0.0000248639   0.0000081215
       -0.0000027743  -0.0000542349  -0.0000063281  -0.0000008153  -0.0000389073
       -0.0000122484  -0.0000023237   0.0006789746  -0.0000233668   0.0000006077
       -0.0000263697  -0.0000188649
       -0.0000000802  -0.0000030902  -0.0000123820  -0.0000003377   0.0000002147
       -0.0000626541  -0.0000009979   0.0000008585  -0.0001121619   0.0000002644
        0.0000032021  -0.0000501020   0.0000008156   0.0000011176   0.0000058455
        0.0000018965   0.0000109096  -0.0000068287  -0.0000021769  -0.0000137214
       -0.0000668377  -0.0000002201   0.0000045445  -0.0000959209  -0.0000030733
       -0.0000293894  -0.0000239799  -0.0000016706  -0.0000196581   0.0000252557
        0.0000047209   0.0000387030  -0.0000034168  -0.0000043104  -0.0000407894
        0.0000256159   0.0000054374   0.0000335384   0.0000344640  -0.0000002220
       -0.0000093112   0.0000246604   0.0000077187   0.0000562677  -0.0000075100
       -0.0000081571  -0.0000599057  -0.0000647086  -0.0000004045   0.0000021828
       -0.0000887527  -0.0000043527  -0.0000233668   0.0005924961   0.0000051498
        0.0000476932  -0.0001130822
       -0.0000240418   0.0000343515   0.0000257570  -0.0000426321   0.0000231642
        0.0000204864  -0.0000575479   0.0000304561   0.0000298362  -0.0000421182
        0.0000046687   0.0000047277  -0.0000251916  -0.0000061147  -0.0000077399
       -0.0000345979  -0.0000262346  -0.0000224783  -0.0000472863  -0.0000244981
       -0.0000185117  -0.0000588389  -0.0000067905  -0.0000015509  -0.0000204506
        0.0000474877   0.0000347823  -0.0000083036   0.0000271039   0.0000184560
       -0.0000304098   0.0000375627   0.0000285607  -0.0000075879  -0.0000023183
       -0.0000082465  -0.0000240238  -0.0000037968  -0.0000060645  -0.0000205859
       -0.0000350696  -0.0000325085  -0.0000471743  -0.0000318343  -0.0000245524
       -0.0000344279  -0.0000226004  -0.0000195249  -0.0000601816  -0.0000364955
       -0.0000259700  -0.0000617225   0.0000006077   0.0000051498   0.0006471228
       -0.0000096496  -0.0000006083
        0.0000033112  -0.0000272686  -0.0000126287  -0.0000011692  -0.0000317824
        0.0000125211  -0.0000049895  -0.0000301266   0.0000375463  -0.0000009403
       -0.0000383360   0.0000062412   0.0000033470  -0.0000400796  -0.0000224366
        0.0000008697  -0.0000505348  -0.0000165527  -0.0000021112  -0.0000378584
        0.0000143436  -0.0000051093  -0.0000422967   0.0000296978   0.0000067988
       -0.0000097921  -0.0000038689   0.0000074101  -0.0000200188  -0.0000352843
       -0.0000015824  -0.0000492026  -0.0000157579   0.0000080922  -0.0000184206
       -0.0000324855   0.0000034450  -0.0000553125  -0.0000368686   0.0000046621
       -0.0000428405  -0.0000331975  -0.0000028028  -0.0000746253  -0.0000163423
        0.0000013823  -0.0000143506   0.0000132738  -0.0000053445  -0.0000490616
        0.0000255245  -0.0000056196  -0.0000263697   0.0000476932  -0.0000096496
        0.0006582773   0.0000385817
        0.0000004264  -0.0000024618  -0.0000068520  -0.0000001948   0.0000001949
       -0.0000507271  -0.0000007600   0.0000007397  -0.0000883882  -0.0000000962
        0.0000025871  -0.0000462817   0.0000005154   0.0000008631  -0.0000044509
        0.0000003369   0.0000087858  -0.0000206358  -0.0000005401  -0.0000111067
       -0.0000690830  -0.0000006845   0.0000036884  -0.0000868263   0.0000003332
       -0.0000238842  -0.0000130199   0.0000007215  -0.0000159050   0.0000216464
        0.0000006416   0.0000315472   0.0000017115   0.0000004965  -0.0000329721
        0.0000118093   0.0000010852   0.0000270194   0.0000200271   0.0000005510
       -0.0000075601   0.0000017437   0.0000005926   0.0000454372  -0.0000219919
       -0.0000008195  -0.0000484289  -0.0000676962  -0.0000007422   0.0000017393
       -0.0000901738  -0.0000012546  -0.0000188649  -0.0001130822  -0.0000006083
        0.0000385817   0.0006222706
