$hessian                                                                        
        0.0010134599  -0.0000153135   0.0000005287  -0.0000887749  -0.0000045009
        0.0000005302  -0.0000788558  -0.0000042200   0.0000012655  -0.0000949629
        0.0000046004  -0.0000001730  -0.0000901906   0.0000152404  -0.0000005711
       -0.0001003625  -0.0000155921   0.0000004865  -0.0001012070  -0.0000157594
        0.0000004692  -0.0000895929  -0.0000224322   0.0000007123  -0.0001030541
        0.0000039539  -0.0000013623  -0.0000866254   0.0000154830  -0.0000013591
       -0.0000965115   0.0000215166   0.0000011074  -0.0000833224   0.0000170239
       -0.0000016342
       -0.0000153135   0.0009335137   0.0000008345   0.0000198865  -0.0001177037
        0.0000000320   0.0000736010  -0.0001153901  -0.0000004774  -0.0000145199
       -0.0000681971  -0.0000000763   0.0000113842  -0.0000092083  -0.0000008036
       -0.0000413534  -0.0001780895   0.0000010801  -0.0000453795  -0.0001774844
        0.0000011112   0.0000153688  -0.0002126893   0.0000008906  -0.0000586994
       -0.0000721032   0.0000003806   0.0000335599  -0.0000001995  -0.0000010738
       -0.0000232607   0.0000238217  -0.0000008454   0.0000447261  -0.0000062704
       -0.0000010526
        0.0000005287   0.0000008345   0.0009196928   0.0000020724  -0.0000004810
       -0.0001139882   0.0000057390  -0.0000017551  -0.0000940938  -0.0000001280
       -0.0000002437  -0.0000703835  -0.0000007150  -0.0000007146   0.0000033561
       -0.0000439229   0.0000141278  -0.0002004570   0.0000431365  -0.0000116882
       -0.0002016474   0.0000015705   0.0000009121  -0.0002203844  -0.0000062309
        0.0000017809  -0.0000887231  -0.0000477113   0.0000137480   0.0000210419
        0.0000084589  -0.0000038458   0.0000277609   0.0000372022  -0.0000126747
        0.0000178258
       -0.0000887749   0.0000198865   0.0000020724   0.0010115423   0.0000060468
        0.0000011066  -0.0001104143   0.0000053612   0.0000020380  -0.0000888860
       -0.0000057707  -0.0000008945  -0.0000950810  -0.0000199684  -0.0000021626
       -0.0000813665   0.0000211307   0.0000016880  -0.0000827050   0.0000198786
        0.0000016349  -0.0000961488   0.0000287932   0.0000036050  -0.0000779376
       -0.0000046599  -0.0000017187  -0.0000991064  -0.0000218128  -0.0000023779
       -0.0000872119  -0.0000280658  -0.0000032455  -0.0001039100  -0.0000208194
       -0.0000017457
       -0.0000045009  -0.0001177037  -0.0000004810   0.0000060468   0.0010081849
        0.0000017517   0.0000222952  -0.0001005327   0.0000057292  -0.0000045414
       -0.0000851168  -0.0000015012   0.0000033603  -0.0000668536   0.0000001133
       -0.0000116991  -0.0001148840  -0.0000026948  -0.0000138841  -0.0001218676
       -0.0000031123   0.0000046770  -0.0001289931   0.0000026910  -0.0000179045
       -0.0000852853  -0.0000041243   0.0000112769  -0.0000582928   0.0000021632
       -0.0000074780  -0.0000584512  -0.0000053357   0.0000123519  -0.0000702041
        0.0000048010
        0.0000005302   0.0000000320  -0.0001139882   0.0000011066   0.0000017517
        0.0009818458   0.0000029838   0.0000065425  -0.0001869747  -0.0000004950
       -0.0000005537  -0.0000652746  -0.0000005080   0.0000000660  -0.0000662593
       -0.0000172693  -0.0000448904  -0.0000860831   0.0000183261   0.0000417817
       -0.0000823422   0.0000008203   0.0000019740  -0.0001646731  -0.0000034606
       -0.0000074926  -0.0000150793  -0.0000179938  -0.0000422705  -0.0000834931
        0.0000026898   0.0000086582  -0.0000187363   0.0000132698   0.0000344011
       -0.0000989420
       -0.0000788558   0.0000736010   0.0000057390  -0.0001104143   0.0000222952
        0.0000029838   0.0009500860   0.0000199247   0.0000054049  -0.0000794652
       -0.0000214617  -0.0000025428  -0.0001024217  -0.0000738179  -0.0000059883
       -0.0000522013   0.0000777015   0.0000045896  -0.0000554011   0.0000739808
        0.0000044374  -0.0001062253   0.0001067001   0.0000101714  -0.0000392316
       -0.0000175126  -0.0000043899  -0.0001181412  -0.0000799993  -0.0000061752
       -0.0000730195  -0.0001037758  -0.0000101105  -0.0001347091  -0.0000776359
       -0.0000041194
       -0.0000042200  -0.0001153901  -0.0000017551   0.0000053612  -0.0001005327
        0.0000065425   0.0000199247   0.0010067645   0.0000213133  -0.0000039892
       -0.0000855776  -0.0000046442   0.0000031545  -0.0000692089   0.0000004897
       -0.0000101906  -0.0001045246  -0.0000087908  -0.0000135622  -0.0001266074
       -0.0000101519   0.0000041714  -0.0001261109   0.0000077664  -0.0000158158
       -0.0000833203  -0.0000167331   0.0000106117  -0.0000537314   0.0000045842
       -0.0000068466  -0.0000645749  -0.0000101674   0.0000114008  -0.0000771857
        0.0000115464
        0.0000012655  -0.0000004774  -0.0000940938   0.0000020380   0.0000057292
       -0.0001869747   0.0000054049   0.0000213133   0.0007182853  -0.0000014321
       -0.0000015085  -0.0000215500  -0.0000010786   0.0000006895  -0.0000756489
       -0.0000245958  -0.0001518962   0.0000022282   0.0000282731   0.0001405436
        0.0000147326   0.0000014998   0.0000055303  -0.0002333053  -0.0000065303
       -0.0000242300   0.0001498118  -0.0000242977  -0.0001436225  -0.0001433937
        0.0000026914   0.0000292825   0.0000588363   0.0000167619   0.0001186461
       -0.0001889279
       -0.0000949629  -0.0000145199  -0.0000001280  -0.0000888860  -0.0000045414
       -0.0000004950  -0.0000794652  -0.0000039892  -0.0000014321   0.0010138078
        0.0000041380   0.0000001784  -0.0000904956   0.0000146556   0.0000001896
       -0.0000994306  -0.0000153515   0.0000000867  -0.0001000011  -0.0000147072
        0.0000001287  -0.0000896866  -0.0000208807  -0.0000003972  -0.0001028521
        0.0000033444   0.0000014056  -0.0000862197   0.0000171130   0.0000006604
       -0.0000965933   0.0000203767  -0.0000009449  -0.0000852146   0.0000143622
        0.0000007477
        0.0000046004  -0.0000681971  -0.0000002437  -0.0000057707  -0.0000851168
       -0.0000005537  -0.0000214617  -0.0000855776  -0.0000015085   0.0000041380
        0.0010092643   0.0000002017  -0.0000034158  -0.0001165906   0.0000003129
        0.0000124372  -0.0000679011  -0.0000000535   0.0000135022  -0.0000672421
        0.0000000092  -0.0000044713  -0.0000571017  -0.0000005375   0.0000169970
       -0.0000986497   0.0000014788  -0.0000093686  -0.0001183915   0.0000009105
        0.0000066023  -0.0001261939  -0.0000009068  -0.0000137890  -0.0001183021
        0.0000008906
       -0.0000001730  -0.0000000763  -0.0000703835  -0.0000008945  -0.0000015012
       -0.0000652746  -0.0000025428  -0.0000046442  -0.0000215500   0.0000001784
        0.0000002017   0.0009943621   0.0000002454   0.0000001874  -0.0001177728
        0.0000165971   0.0000333857  -0.0000911556  -0.0000161160  -0.0000315073
       -0.0000938433  -0.0000006818  -0.0000011955  -0.0000295404   0.0000026951
        0.0000049653  -0.0001499881   0.0000175349   0.0000342488  -0.0001039293
       -0.0000028874  -0.0000060987  -0.0001589040  -0.0000139555  -0.0000279658
       -0.0000920204
       -0.0000901906   0.0000113842  -0.0000007150  -0.0000950810   0.0000033603
       -0.0000005080  -0.0001024217   0.0000031545  -0.0000010786  -0.0000904956
       -0.0000034158   0.0000002454   0.0010148001  -0.0000113356   0.0000007526
       -0.0000866795   0.0000115519  -0.0000006562  -0.0000857193   0.0000117711
       -0.0000006412  -0.0000944913   0.0000166608  -0.0000010537  -0.0000845291
       -0.0000029495   0.0000011086  -0.0000969675  -0.0000116380   0.0000013306
       -0.0000892769  -0.0000159707  -0.0000002132  -0.0000989476  -0.0000125734
        0.0000014286
        0.0000152404  -0.0000092083  -0.0000007146  -0.0000199684  -0.0000668536
        0.0000000660  -0.0000738179  -0.0000692089   0.0000006895   0.0000146556
       -0.0001165906   0.0000001874  -0.0000113356   0.0009328884   0.0000006933
        0.0000410712  -0.0000066905  -0.0000007780   0.0000453446  -0.0000067157
       -0.0000007807  -0.0000154258   0.0000281072  -0.0000010860   0.0000589776
       -0.0001127326  -0.0000008269  -0.0000341463  -0.0001865671   0.0000002822
        0.0000235353  -0.0002087995   0.0000025060  -0.0000441306  -0.0001776288
       -0.0000002382
       -0.0000005711  -0.0000008036   0.0000033561  -0.0000021626   0.0000001133
       -0.0000662593  -0.0000059883   0.0000004897  -0.0000756489   0.0000001896
        0.0000003129  -0.0001177728   0.0000007526   0.0000006933   0.0009208905
        0.0000447477  -0.0000062311   0.0000096465  -0.0000440679   0.0000044050
        0.0000101506  -0.0000016317  -0.0000011690   0.0000413173   0.0000065177
       -0.0000003826  -0.0001082334   0.0000485050  -0.0000060109  -0.0002020941
       -0.0000085679   0.0000021048  -0.0002191349  -0.0000377231   0.0000064783
       -0.0001962176
       -0.0001003625  -0.0000413534  -0.0000439229  -0.0000813665  -0.0000116991
       -0.0000172693  -0.0000522013  -0.0000101906  -0.0000245958  -0.0000994306
        0.0000124372   0.0000165971  -0.0000866795   0.0000410712   0.0000447477
        0.0009712078  -0.0000502801  -0.0000400979  -0.0000937963  -0.0000348494
       -0.0000395331  -0.0000838690  -0.0000603879  -0.0000714883  -0.0001248917
        0.0000094976   0.0000197150  -0.0001020791   0.0000326534   0.0000435179
       -0.0000989250   0.0000597284   0.0000760618  -0.0000476063   0.0000533728
        0.0000362676
       -0.0000155921  -0.0001780895   0.0000141278   0.0000211307  -0.0001148840
       -0.0000448904   0.0000777015  -0.0001045246  -0.0001518962  -0.0000153515
       -0.0000679011   0.0000333857   0.0000115519  -0.0000066905  -0.0000062311
       -0.0000502801   0.0008478528   0.0000658297  -0.0000389509  -0.0001053164
        0.0000724978   0.0000163314  -0.0002139743  -0.0000535926  -0.0000625188
       -0.0000839457   0.0001221513   0.0000273136  -0.0000784784  -0.0000460149
       -0.0000230945   0.0000432529   0.0000649599   0.0000517588   0.0000626988
       -0.0000703270
        0.0000004865   0.0000010801  -0.0002004570   0.0000016880  -0.0000026948
       -0.0000860831   0.0000045896  -0.0000087908   0.0000022282   0.0000000867
       -0.0000000535  -0.0000911556  -0.0000006562  -0.0000007780   0.0000096465
       -0.0000400979   0.0000658297   0.0008638103   0.0000395226  -0.0000597789
       -0.0002503831   0.0000012962  -0.0000003739  -0.0001891828  -0.0000050526
        0.0000092979  -0.0001660632  -0.0000441594   0.0000661850   0.0000537098
        0.0000079963  -0.0000137288  -0.0000114499   0.0000343001  -0.0000561940
        0.0000653800
       -0.0001012070  -0.0000453795   0.0000431365  -0.0000827050  -0.0000138841
        0.0000183261  -0.0000554011  -0.0000135622   0.0000282731  -0.0001000011
        0.0000135022  -0.0000161160  -0.0000857193   0.0000453446  -0.0000440679
       -0.0000937963  -0.0000389509   0.0000395226   0.0009700744  -0.0000537142
        0.0000389301  -0.0000848994  -0.0000664428   0.0000693671  -0.0001208601
        0.0000125460  -0.0000242808  -0.0000516244   0.0000555708  -0.0000464683
       -0.0001087708   0.0000623140  -0.0000652712  -0.0000850899   0.0000426562
       -0.0000413513
       -0.0000157594  -0.0001774844  -0.0000116882   0.0000198786  -0.0001218676
        0.0000417817   0.0000739808  -0.0001266074   0.0001405436  -0.0000147072
       -0.0000672421  -0.0000315073   0.0000117711  -0.0000067157   0.0000044050
       -0.0000348494  -0.0001053164  -0.0000597789  -0.0000537142   0.0008586512
       -0.0000658732   0.0000153829  -0.0002180858   0.0000521211  -0.0000586671
       -0.0000603678  -0.0001127324   0.0000420805   0.0000800480   0.0000423662
       -0.0000249588   0.0000125636  -0.0000645645   0.0000395621  -0.0000675755
        0.0000649269
        0.0000004692   0.0000011112  -0.0002016474   0.0000016349  -0.0000031123
       -0.0000823422   0.0000044374  -0.0000101519   0.0000147326   0.0000001287
        0.0000000092  -0.0000938433  -0.0000006412  -0.0000007807   0.0000101506
       -0.0000395331   0.0000724978  -0.0002503831   0.0000389301  -0.0000658732
        0.0008524627   0.0000012541  -0.0000005758  -0.0001849137  -0.0000048867
        0.0000107707  -0.0001760679  -0.0000436661   0.0000729718   0.0000570201
        0.0000079836  -0.0000155905  -0.0000166125   0.0000338891  -0.0000612764
        0.0000714441
       -0.0000895929   0.0000153688   0.0000015705  -0.0000961488   0.0000046770
        0.0000008203  -0.0001062253   0.0000041714   0.0000014998  -0.0000896866
       -0.0000044713  -0.0000006818  -0.0000944913  -0.0000154258  -0.0000016317
       -0.0000838690   0.0000163314   0.0000012962  -0.0000848994   0.0000153829
        0.0000012541   0.0010135479   0.0000222439   0.0000027209  -0.0000813100
       -0.0000036499  -0.0000012703  -0.0000977485  -0.0000167810  -0.0000017070
       -0.0000882968  -0.0000216519  -0.0000025070  -0.0001012795  -0.0000161956
       -0.0000013640
       -0.0000224322  -0.0002126893   0.0000009121   0.0000287932  -0.0001289931
        0.0000019740   0.0001067001  -0.0001261109   0.0000055303  -0.0000208807
       -0.0000571017  -0.0000011955   0.0000166608   0.0000281072  -0.0000011690
       -0.0000603879  -0.0002139743  -0.0000003739  -0.0000664428  -0.0002180858
       -0.0000005758   0.0000222439   0.0008415962   0.0000030422  -0.0000848736
       -0.0000622551  -0.0000049045   0.0000480384   0.0000417008  -0.0000013906
       -0.0000334424   0.0000757087  -0.0000008788   0.0000660233   0.0000320973
       -0.0000009705
        0.0000007123   0.0000008906  -0.0002203844   0.0000036050   0.0000026910
       -0.0001646731   0.0000101714   0.0000077664  -0.0002333053  -0.0000003972
       -0.0000005375  -0.0000295404  -0.0000010537  -0.0000010860   0.0000413173
       -0.0000714883  -0.0000535926  -0.0001891828   0.0000693671   0.0000521211
       -0.0001849137   0.0000027209   0.0000030422   0.0007804006  -0.0000108206
       -0.0000082390   0.0000238852  -0.0000767983  -0.0000568126   0.0000290834
        0.0000134180   0.0000088478   0.0001451338   0.0000605635   0.0000449086
        0.0000021793
       -0.0001030541  -0.0000586994  -0.0000062309  -0.0000779376  -0.0000179045
       -0.0000034606  -0.0000392316  -0.0000158158  -0.0000065303  -0.0001028521
        0.0000169970   0.0000026951  -0.0000845291   0.0000589776   0.0000065177
       -0.0001248917  -0.0000625188  -0.0000050526  -0.0001208601  -0.0000586671
       -0.0000048867  -0.0000813100  -0.0000848736  -0.0000108206   0.0009736364
        0.0000136846   0.0000056088  -0.0000722396   0.0000648118   0.0000074375
       -0.0001077724   0.0000828410   0.0000090949  -0.0000589582   0.0000611672
        0.0000056277
        0.0000039539  -0.0000721032   0.0000017809  -0.0000046599  -0.0000852853
       -0.0000074926  -0.0000175126  -0.0000833203  -0.0000242300   0.0000033444
       -0.0000986497   0.0000049653  -0.0000029495  -0.0001127326  -0.0000003826
        0.0000094976  -0.0000839457   0.0000092979   0.0000125460  -0.0000603678
        0.0000107707  -0.0000036499  -0.0000622551  -0.0000082390   0.0000136846
        0.0010075218   0.0000195548  -0.0000087782  -0.0001264333  -0.0000036422
        0.0000057576  -0.0001163125   0.0000081205  -0.0000112340  -0.0001061163
       -0.0000105037
       -0.0000013623   0.0000003806  -0.0000887231  -0.0000017187  -0.0000041243
       -0.0000150793  -0.0000043899  -0.0000167331   0.0001498118   0.0000014056
        0.0000014788  -0.0001499881   0.0000011086  -0.0000008269  -0.0001082334
        0.0000197150   0.0001221513  -0.0001660632  -0.0000242808  -0.0001127324
       -0.0001760679  -0.0000012703  -0.0000049045   0.0000238852   0.0000056088
        0.0000195548   0.0008188623   0.0000192813   0.0001115357  -0.0000553771
       -0.0000017316  -0.0000229588  -0.0002129410  -0.0000123656  -0.0000928212
       -0.0000200863
       -0.0000866254   0.0000335599  -0.0000477113  -0.0000991064   0.0000112769
       -0.0000179938  -0.0001181412   0.0000106117  -0.0000242977  -0.0000862197
       -0.0000093686   0.0000175349  -0.0000969675  -0.0000341463   0.0000485050
       -0.0001020791   0.0000273136  -0.0000441594  -0.0000516244   0.0000420805
       -0.0000436661  -0.0000977485   0.0000480384  -0.0000767983  -0.0000722396
       -0.0000087782   0.0000192813   0.0009737380  -0.0000515088   0.0000475146
       -0.0000771501  -0.0000451801   0.0000823826  -0.0000858360  -0.0000238989
        0.0000394082
        0.0000154830  -0.0000001995   0.0000137480  -0.0000218128  -0.0000582928
       -0.0000422705  -0.0000799993  -0.0000537314  -0.0001436225   0.0000171130
       -0.0001183915   0.0000342488  -0.0000116380  -0.0001865671  -0.0000060109
        0.0000326534  -0.0000784784   0.0000661850   0.0000555708   0.0000800480
        0.0000729718  -0.0000167810   0.0000417008  -0.0000568126   0.0000648118
       -0.0001264333   0.0001115357  -0.0000515088   0.0008108119  -0.0000542041
        0.0000296677  -0.0002038199   0.0000890105  -0.0000335597  -0.0001066468
       -0.0000847792
       -0.0000013591  -0.0000010738   0.0000210419  -0.0000023779   0.0000021632
       -0.0000834931  -0.0000061752   0.0000045842  -0.0001433937   0.0000006604
        0.0000009105  -0.0001039293   0.0000013306   0.0000002822  -0.0002020941
        0.0000435179  -0.0000460149   0.0000537098  -0.0000464683   0.0000423662
        0.0000570201  -0.0000017070  -0.0000013906   0.0000290834   0.0000074375
       -0.0000036422  -0.0000553771   0.0000475146  -0.0000542041   0.0008654986
       -0.0000083921   0.0000082576  -0.0001914815  -0.0000339814   0.0000477617
       -0.0002465849
       -0.0000965115  -0.0000232607   0.0000084589  -0.0000872119  -0.0000074780
        0.0000026898  -0.0000730195  -0.0000068466   0.0000026914  -0.0000965933
        0.0000066023  -0.0000028874  -0.0000892769   0.0000235353  -0.0000085679
       -0.0000989250  -0.0000230945   0.0000079963  -0.0001087708  -0.0000249588
        0.0000079836  -0.0000882968  -0.0000334424   0.0000134180  -0.0001077724
        0.0000057576  -0.0000017316  -0.0000771501   0.0000296677  -0.0000083921
        0.0010080100   0.0000320338  -0.0000158762  -0.0000844818   0.0000214844
       -0.0000057827
        0.0000215166   0.0000238217  -0.0000038458  -0.0000280658  -0.0000584512
        0.0000086582  -0.0001037758  -0.0000645749   0.0000292825   0.0000203767
       -0.0001261939  -0.0000060987  -0.0000159707  -0.0002087995   0.0000021048
        0.0000597284   0.0000432529  -0.0000137288   0.0000623140   0.0000125636
       -0.0000155905  -0.0000216519   0.0000757087   0.0000088478   0.0000828410
       -0.0001163125  -0.0000229588  -0.0000451801  -0.0002038199   0.0000082576
        0.0000320338   0.0008477558  -0.0000124089  -0.0000641662  -0.0002249508
        0.0000174806
        0.0000011074  -0.0000008454   0.0000277609  -0.0000032455  -0.0000053357
       -0.0000187363  -0.0000101105  -0.0000101674   0.0000588363  -0.0000009449
       -0.0000009068  -0.0001589040  -0.0000002132   0.0000025060  -0.0002191349
        0.0000760618   0.0000649599  -0.0000114499  -0.0000652712  -0.0000645645
       -0.0000166125  -0.0000025070  -0.0000008788   0.0001451338   0.0000090949
        0.0000081205  -0.0002129410   0.0000823826   0.0000890105  -0.0001914815
       -0.0000158762  -0.0000124089   0.0007543062  -0.0000704784  -0.0000694895
       -0.0001567771
       -0.0000833224   0.0000447261   0.0000372022  -0.0001039100   0.0000123519
        0.0000132698  -0.0001347091   0.0000114008   0.0000167619  -0.0000852146
       -0.0000137890  -0.0000139555  -0.0000989476  -0.0000441306  -0.0000377231
       -0.0000476063   0.0000517588   0.0000343001  -0.0000850899   0.0000395621
        0.0000338891  -0.0001012795   0.0000660233   0.0000605635  -0.0000589582
       -0.0000112340  -0.0000123656  -0.0000858360  -0.0000335597  -0.0000339814
       -0.0000844818  -0.0000641662  -0.0000704784   0.0009693554  -0.0000589435
       -0.0000274826
        0.0000170239  -0.0000062704  -0.0000126747  -0.0000208194  -0.0000702041
        0.0000344011  -0.0000776359  -0.0000771857   0.0001186461   0.0000143622
       -0.0001183021  -0.0000279658  -0.0000125734  -0.0001776288   0.0000064783
        0.0000533728   0.0000626988  -0.0000561940   0.0000426562  -0.0000675755
       -0.0000612764  -0.0000161956   0.0000320973   0.0000449086   0.0000611672
       -0.0001061163  -0.0000928212  -0.0000238989  -0.0001066468   0.0000477617
        0.0000214844  -0.0002249508  -0.0000694895  -0.0000589435   0.0008600842
        0.0000682257
       -0.0000016342  -0.0000010526   0.0000178258  -0.0000017457   0.0000048010
       -0.0000989420  -0.0000041194   0.0000115464  -0.0001889279   0.0000007477
        0.0000008906  -0.0000920204   0.0000014286  -0.0000002382  -0.0001962176
        0.0000362676  -0.0000703270   0.0000653800  -0.0000413513   0.0000649269
        0.0000714441  -0.0000013640  -0.0000009705   0.0000021793   0.0000056277
       -0.0000105037  -0.0000200863   0.0000394082  -0.0000847792  -0.0002465849
       -0.0000057827   0.0000174806  -0.0001567771  -0.0000274826   0.0000682257
        0.0008427271
