           1           2   1.0209431506658007     
           2           3   1.0134470753766220     
           3           4  0.99227436022483717     
           1           5  0.98461304759932955     
           1           6  0.98675598295665268     
           1           7  0.98759125234057010     
           2           8  0.97611904892479240     
           2           9  0.96997136222734548     
           3          10  0.97334065604027664     
           3          11  0.97758980918518534     
           4          12  0.96428165677584421     
