$hessian                                                                        
        0.3052816858  -0.0268614765   0.0000031992  -0.0930688088   0.0714806878
       -0.0000036273  -0.0328502647   0.0073695554  -0.0000001625  -0.1059828178
       -0.0355270109   0.0000026586  -0.0365072716  -0.0097380915   0.0178688829
       -0.0365079301  -0.0097418570  -0.0178707344  -0.0001824108   0.0015091226
       -0.0016277248  -0.0001821820   0.0015090701   0.0016275083
       -0.0268614765   0.4533018398   0.0000035816   0.0714806748  -0.1534001631
        0.0000039901  -0.0041654609   0.0066874560  -0.0000002213  -0.0390062242
       -0.0422457534   0.0000011387  -0.0133562807  -0.1148013105   0.1081321185
       -0.0133604954  -0.1148249584  -0.1081421773   0.0126338521  -0.0173573019
        0.0030934453   0.0126354107  -0.0173598085  -0.0030918756
        0.0000031992   0.0000035816   0.5156397813  -0.0000036659   0.0000040218
       -0.0690380971   0.0000004331  -0.0000002832   0.0018396663   0.0000028111
        0.0000010934  -0.0279203137   0.0218089106   0.1085189016  -0.2092611561
       -0.0218103553  -0.1085290360  -0.2092368123  -0.0149114262   0.0207159147
       -0.0010126965   0.0149100934  -0.0207141939  -0.0010103718
       -0.0930688088   0.0714806748  -0.0000036659   0.3052816988  -0.0268614770
        0.0000023872  -0.1059828280  -0.0355270237   0.0000022795  -0.0328502621
        0.0073695438  -0.0000000906  -0.0001824257   0.0015092047  -0.0016277169
       -0.0001821722   0.0015090317   0.0016275140  -0.0365073858  -0.0097385007
        0.0178694585  -0.0365078161  -0.0097414535  -0.0178701658
        0.0714806878  -0.1534001631   0.0000040218  -0.0268614770   0.4533018457
        0.0000033980  -0.0390062356  -0.0422457598   0.0000009514  -0.0041654615
        0.0066874510  -0.0000002227   0.0126338407  -0.0173572640   0.0030934428
        0.0126354183  -0.0173598346  -0.0030918820  -0.0133567121  -0.1148018860
        0.1081322864  -0.0133600606  -0.1148243892  -0.1081419958
       -0.0000036273   0.0000039901  -0.0690380971   0.0000023872   0.0000033980
        0.5156398910   0.0000024471   0.0000009295  -0.0279203946   0.0000004985
       -0.0000003214   0.0018395446  -0.0149114997   0.0207159561  -0.0010126702
        0.0149101034  -0.0207142284  -0.0010103573   0.0218095224   0.1085191069
       -0.2092604123  -0.0218098316  -0.1085288308  -0.2092375042
       -0.0328502647  -0.0041654609   0.0000004331  -0.1059828280  -0.0390062356
        0.0000024471   0.1720089728   0.0577470910  -0.0000038395  -0.0037434381
        0.0036196613  -0.0000002132   0.0009860186   0.0003916457  -0.0006865455
        0.0009860024   0.0003917282   0.0006865292  -0.0157021368  -0.0094889747
        0.0040089117  -0.0157023262  -0.0094894550  -0.0040077228
        0.0073695554   0.0066874560  -0.0000002832  -0.0355270237  -0.0422457598
        0.0000009295   0.0577470910   0.0455357716  -0.0000015919   0.0036196630
       -0.0000122836  -0.0000000061   0.0003389790   0.0008680876  -0.0003649131
        0.0003390045   0.0008681832   0.0003648377  -0.0169427550  -0.0058503084
        0.0012215241  -0.0169445143  -0.0058511467  -0.0012204970
       -0.0000001625  -0.0000002213   0.0018396663   0.0000022795   0.0000009514
       -0.0279203946  -0.0000038395  -0.0000015919   0.0206442252  -0.0000001977
       -0.0000000025   0.0006709132  -0.0001067979  -0.0003315735   0.0000190245
        0.0001067728   0.0003314899   0.0000189421   0.0168457293   0.0068339857
        0.0023632973  -0.0168437840  -0.0068330379   0.0023643258
       -0.1059828178  -0.0390062242   0.0000028111  -0.0328502621  -0.0041654615
        0.0000004985  -0.0037434381   0.0036196630  -0.0000001977   0.1720089605
        0.0577470898  -0.0000044669  -0.0157020732  -0.0094889533   0.0040090007
       -0.0157023871  -0.0094894999  -0.0040076338   0.0009860223   0.0003916456
       -0.0006865436   0.0009859957   0.0003917405   0.0006865317
       -0.0355270109  -0.0422457534   0.0000010934   0.0073695438   0.0066874510
       -0.0000003214   0.0036196613  -0.0000122836  -0.0000000025   0.0577470898
        0.0455357724  -0.0000018797  -0.0169427128  -0.0058503041   0.0012216125
       -0.0169445588  -0.0058511724  -0.0012204186   0.0003390004   0.0008681097
       -0.0003649217   0.0003389872   0.0008681804   0.0003648381
        0.0000026586   0.0000011387  -0.0279203137  -0.0000000906  -0.0000002227
        0.0018395446  -0.0000002132  -0.0000000061   0.0006709132  -0.0000044669
       -0.0000018797   0.0206442152   0.0168458653   0.0068340024   0.0023632227
       -0.0168436984  -0.0068329446   0.0023644381  -0.0001068359  -0.0003315314
        0.0000190321   0.0001067811   0.0003314434   0.0000189478
       -0.0365072716  -0.0133562807   0.0218089106  -0.0001824257   0.0126338407
       -0.0149114997   0.0009860186   0.0003389790  -0.0001067979  -0.0157020732
       -0.0169427128   0.0168458653   0.0510193903   0.0132242470  -0.0216164015
        0.0020774935   0.0014890916  -0.0016496654  -0.0020492355   0.0032502900
        0.0000166344   0.0003581037  -0.0006374548  -0.0003870456
       -0.0097380915  -0.1148013105   0.1085189016   0.0015092047  -0.0173572640
        0.0207159561   0.0003916457   0.0008680876  -0.0003315735  -0.0094889533
       -0.0058503041   0.0068340024   0.0132242470   0.1318697361  -0.1240914602
        0.0014890646   0.0085341840  -0.0125946100   0.0032502964  -0.0037856226
        0.0001835821  -0.0006374136   0.0005224935   0.0007652014
        0.0178688829   0.1081321185  -0.2092611561  -0.0016277169   0.0030934428
       -0.0010126702  -0.0006865455  -0.0003649131   0.0000190245   0.0040090007
        0.0012216125   0.0023632227  -0.0216164015  -0.1240914602   0.2320389230
        0.0016490216   0.0125907998  -0.0260761794   0.0000166233   0.0001835584
        0.0010933600   0.0003871354  -0.0007651588   0.0008354755
       -0.0365079301  -0.0133604954  -0.0218103553  -0.0001821722   0.0126354183
        0.0149101034   0.0009860024   0.0003390045   0.0001067728  -0.0157023871
       -0.0169445588  -0.0168436984   0.0020774935   0.0014890646   0.0016490216
        0.0510201286   0.0132286875   0.0216179834   0.0003580975  -0.0006374087
        0.0003871224  -0.0020492325   0.0032502879  -0.0000169499
       -0.0097418570  -0.1148249584  -0.1085290360   0.0015090317  -0.0173598346
       -0.0207142284   0.0003917282   0.0008681832   0.0003314899  -0.0094894999
       -0.0058511724  -0.0068329446   0.0014890916   0.0085341840   0.0125907998
        0.0132286875   0.1318967769   0.1241021600  -0.0006374574   0.0005224875
       -0.0007651499   0.0032502752  -0.0037856662  -0.0001830908
       -0.0178707344  -0.1081421773  -0.2092368123   0.0016275140  -0.0030918820
       -0.0010103573   0.0006865292   0.0003648377   0.0000189421  -0.0040076338
       -0.0012204186   0.0023644381  -0.0016496654  -0.0125946100  -0.0260761794
        0.0216179834   0.1241021600   0.2320110944  -0.0003870502   0.0007651840
        0.0008354711  -0.0000169428  -0.0001830938   0.0010934033
       -0.0001824108   0.0126338521  -0.0149114262  -0.0365073858  -0.0133567121
        0.0218095224  -0.0157021368  -0.0169427550   0.0168457293   0.0009860223
        0.0003390004  -0.0001068359  -0.0020492355   0.0032502964   0.0000166233
        0.0003580975  -0.0006374574  -0.0003870502   0.0510195535   0.0132247235
       -0.0216169876   0.0020774956   0.0014890520  -0.0016495752
        0.0015091226  -0.0173573019   0.0207159147  -0.0097385007  -0.1148018860
        0.1085191069  -0.0094889747  -0.0058503084   0.0068339857   0.0003916456
        0.0008681097  -0.0003315314   0.0032502900  -0.0037856226   0.0001835584
       -0.0006374087   0.0005224875   0.0007651840   0.0132247235   0.1318703425
       -0.1240916799   0.0014891025   0.0085341791  -0.0125945385
       -0.0016277248   0.0030934453  -0.0010126965   0.0178694585   0.1081322864
       -0.2092604123   0.0040089117   0.0012215241   0.0023632973  -0.0006865436
       -0.0003649217   0.0000190321   0.0000166344   0.0001835821   0.0010933600
        0.0003871224  -0.0007651499   0.0008354711  -0.0216169876  -0.1240916799
        0.2320381233   0.0016491291   0.0125909136  -0.0260761751
       -0.0001821820   0.0126354107   0.0149100934  -0.0365078161  -0.0133600606
       -0.0218098316  -0.0157023262  -0.0169445143  -0.0168437840   0.0009859957
        0.0003389872   0.0001067811   0.0003581037  -0.0006374136   0.0003871354
       -0.0020492325   0.0032502752  -0.0000169428   0.0020774956   0.0014891025
        0.0016491291   0.0510199617   0.0132282129   0.0216174193
        0.0015090701  -0.0173598085  -0.0207141939  -0.0097414535  -0.1148243892
       -0.1085288308  -0.0094894550  -0.0058511467  -0.0068330379   0.0003917405
        0.0008681804   0.0003314434  -0.0006374548   0.0005224935  -0.0007651588
        0.0032502879  -0.0037856662  -0.0001830938   0.0014890520   0.0085341791
        0.0125909136   0.0132282129   0.1318961577   0.1241019582
        0.0016275083  -0.0030918756  -0.0010103718  -0.0178701658  -0.1081419958
       -0.2092375042  -0.0040077228  -0.0012204970   0.0023643258   0.0006865317
        0.0003648381   0.0000189478  -0.0003870456   0.0007652014   0.0008354755
       -0.0000169499  -0.0001830908   0.0010934033  -0.0016495752  -0.0125945385
       -0.0260761751   0.0216174193   0.1241019582   0.2320118987
