$hessian                                                                        
        0.0002406901   0.0000000065  -0.0000031170  -0.0000178560   0.0000001924
       -0.0000012838  -0.0000183617   0.0000000350   0.0000003241  -0.0000187830
        0.0000000096   0.0000003143  -0.0000182552  -0.0000000713   0.0000017887
       -0.0000186859  -0.0000001482   0.0000034363  -0.0000188644   0.0000000291
       -0.0000035073  -0.0000206066  -0.0000002109  -0.0000028405  -0.0000186187
        0.0000000493  -0.0000043624  -0.0000179970   0.0000001320  -0.0000006847
       -0.0000163450   0.0000005318  -0.0000016247  -0.0000202271  -0.0000004993
        0.0000036811  -0.0000179631  -0.0000000242   0.0000047052  -0.0000181263
       -0.0000000318   0.0000031708
        0.0000000065   0.0002206320  -0.0000010296  -0.0000037667  -0.0000243867
        0.0000024531   0.0000023952  -0.0000158839  -0.0000015473   0.0000119868
       -0.0000168073  -0.0000084240  -0.0000042651  -0.0000068477   0.0000036080
        0.0000004794   0.0000020853   0.0000006156   0.0000090107  -0.0000392870
       -0.0000074700  -0.0000022653  -0.0000440744   0.0000003130  -0.0000038461
       -0.0000449119   0.0000014411  -0.0000126285  -0.0000237858   0.0000089206
       -0.0000019589  -0.0000197067   0.0000013683   0.0000002759  -0.0000029206
        0.0000005273  -0.0000045145   0.0000111788   0.0000046940   0.0000090906
        0.0000047159  -0.0000054701
       -0.0000031170  -0.0000010296   0.0002219403   0.0000040297   0.0000007718
       -0.0000265850   0.0000012732   0.0000003094  -0.0000170437  -0.0000007929
       -0.0000001039  -0.0000183434   0.0000016051   0.0000004595  -0.0000067358
       -0.0000006710   0.0000002399   0.0000031419  -0.0000017761  -0.0000008489
       -0.0000406788  -0.0000123901  -0.0000028905  -0.0000360484  -0.0000004410
       -0.0000007110  -0.0000450275   0.0000025808   0.0000004781  -0.0000228703
        0.0000132922   0.0000028654  -0.0000286649  -0.0000100348  -0.0000019032
        0.0000046015   0.0000034309   0.0000013292   0.0000108975   0.0000030111
        0.0000010337   0.0000014167
       -0.0000178560  -0.0000037667   0.0000040297   0.0002394918  -0.0000020701
        0.0000016305  -0.0000183231   0.0000003129  -0.0000003673  -0.0000157889
        0.0000004889  -0.0000001921  -0.0000198312   0.0000022432  -0.0000023971
       -0.0000182825   0.0000045369  -0.0000044658  -0.0000162666  -0.0000039820
        0.0000046434  -0.0000162629  -0.0000031038   0.0000036496  -0.0000192615
       -0.0000054428   0.0000055738  -0.0000218948  -0.0000016730   0.0000007781
       -0.0000219362  -0.0000029368   0.0000020820  -0.0000162457   0.0000053713
       -0.0000047772  -0.0000202833   0.0000056105  -0.0000061462  -0.0000172590
        0.0000044115  -0.0000040415
        0.0000001924  -0.0000243867   0.0000007718  -0.0000020701   0.0002328766
       -0.0000039221   0.0000010926  -0.0000189513   0.0000022608   0.0000059009
       -0.0000166075   0.0000121241  -0.0000021821  -0.0000149435  -0.0000047250
        0.0000002983  -0.0000076278  -0.0000000082   0.0000043645  -0.0000257889
        0.0000100435  -0.0000003027  -0.0000147259  -0.0000011282  -0.0000018130
       -0.0000307249  -0.0000030455  -0.0000063282  -0.0000248501  -0.0000132549
       -0.0000017431  -0.0000369386  -0.0000024243   0.0000007555   0.0000024632
        0.0000001883  -0.0000023720  -0.0000088767  -0.0000057082   0.0000042070
       -0.0000109179   0.0000088280
       -0.0000012838   0.0000024531  -0.0000265850   0.0000016305  -0.0000039221
        0.0002334360   0.0000005707  -0.0000010818  -0.0000157853  -0.0000001107
        0.0000008613  -0.0000068728   0.0000005800  -0.0000011686  -0.0000175890
       -0.0000002191   0.0000010116  -0.0000083865  -0.0000009192   0.0000015663
       -0.0000186119  -0.0000050171   0.0000105929  -0.0000277002  -0.0000001587
       -0.0000000252  -0.0000335212   0.0000008544  -0.0000026473  -0.0000341925
        0.0000054778  -0.0000124300  -0.0000257776  -0.0000040948   0.0000096569
       -0.0000074882   0.0000014312  -0.0000027289  -0.0000107503   0.0000012588
       -0.0000021382  -0.0000001755
       -0.0000183617   0.0000023952   0.0000012732  -0.0000183231   0.0000010926
        0.0000005707   0.0002408095  -0.0000002419  -0.0000001293  -0.0000200851
       -0.0000003124  -0.0000001556  -0.0000180868  -0.0000013638  -0.0000007305
       -0.0000185632  -0.0000027166  -0.0000014388  -0.0000196000   0.0000025022
        0.0000013876  -0.0000175118   0.0000022598   0.0000011623  -0.0000180141
        0.0000033838   0.0000017919  -0.0000171151   0.0000009069   0.0000004062
       -0.0000191117   0.0000012515   0.0000007066  -0.0000179721  -0.0000028435
       -0.0000015489  -0.0000181850  -0.0000035431  -0.0000019032  -0.0000198799
       -0.0000027707  -0.0000013924
        0.0000000350  -0.0000158839   0.0000003094   0.0000003129  -0.0000189513
       -0.0000010818  -0.0000002419   0.0002406123   0.0000006381  -0.0000011272
       -0.0000187196   0.0000034839   0.0000003860  -0.0000199315  -0.0000014358
       -0.0000000291  -0.0000203159  -0.0000000996  -0.0000008714  -0.0000161050
        0.0000029837   0.0000003679  -0.0000134079  -0.0000002142   0.0000003816
       -0.0000158550  -0.0000007949   0.0000011570  -0.0000187634  -0.0000038024
        0.0000000410  -0.0000214572  -0.0000005993   0.0000000914  -0.0000177391
       -0.0000000961   0.0000003989  -0.0000221810  -0.0000017619  -0.0000009022
       -0.0000213015   0.0000024708
        0.0000003241  -0.0000015473  -0.0000170437  -0.0000003673   0.0000022608
       -0.0000157853  -0.0000001293   0.0000006381   0.0002391897   0.0000000836
       -0.0000008074  -0.0000273698  -0.0000001734   0.0000011376  -0.0000161878
        0.0000001498  -0.0000005066  -0.0000200943  -0.0000003312  -0.0000009256
       -0.0000223765   0.0000014725  -0.0000069833  -0.0000160747   0.0000001847
        0.0000004983  -0.0000136177  -0.0000002714   0.0000015780  -0.0000111308
       -0.0000013168   0.0000071324  -0.0000163766   0.0000010896  -0.0000054057
       -0.0000203868  -0.0000002111   0.0000016132  -0.0000179311  -0.0000005037
        0.0000013173  -0.0000248145
       -0.0000187830   0.0000119868  -0.0000007929  -0.0000157889   0.0000059009
       -0.0000001107  -0.0000200851  -0.0000011272   0.0000000836   0.0002330817
       -0.0000015383  -0.0000000950  -0.0000155492  -0.0000069751   0.0000004768
       -0.0000189096  -0.0000139207   0.0000007234  -0.0000245056   0.0000125798
       -0.0000011363  -0.0000180523   0.0000108011  -0.0000006985  -0.0000160160
        0.0000170355  -0.0000010463  -0.0000100630   0.0000048395   0.0000004279
       -0.0000162696   0.0000074655  -0.0000002225  -0.0000194871  -0.0000153511
        0.0000007454  -0.0000153485  -0.0000177701   0.0000013013  -0.0000242238
       -0.0000139265   0.0000003437
        0.0000000096  -0.0000168073  -0.0000001039   0.0000004889  -0.0000166075
        0.0000008613  -0.0000003124  -0.0000187196  -0.0000008074  -0.0000015383
        0.0002399213  -0.0000036768   0.0000005430  -0.0000191333   0.0000013616
       -0.0000000115  -0.0000212680   0.0000002068  -0.0000013983  -0.0000164887
       -0.0000024293   0.0000004122  -0.0000193037   0.0000004692   0.0000005709
       -0.0000147408   0.0000009121   0.0000015779  -0.0000172574   0.0000028363
        0.0000002455  -0.0000143173   0.0000006892   0.0000000198  -0.0000235175
       -0.0000000211   0.0000006362  -0.0000213372   0.0000014205  -0.0000012436
       -0.0000204230  -0.0000017184
        0.0000003143  -0.0000084240  -0.0000183434  -0.0000001921   0.0000121241
       -0.0000068728  -0.0000001556   0.0000034839  -0.0000273698  -0.0000000950
       -0.0000036768   0.0001990263  -0.0000001184   0.0000054295  -0.0000032021
        0.0000003143  -0.0000025847  -0.0000191379  -0.0000015622  -0.0000052662
       -0.0000464871   0.0000018553  -0.0000364653  -0.0000127374   0.0000005362
        0.0000013670  -0.0000043948  -0.0000000985   0.0000083768   0.0000192282
       -0.0000011035   0.0000385361  -0.0000108382   0.0000011504  -0.0000292476
       -0.0000200322   0.0000001744   0.0000090801  -0.0000043174  -0.0000010198
        0.0000072670  -0.0000445215
       -0.0000182552  -0.0000042651   0.0000016051  -0.0000198312  -0.0000021821
        0.0000005800  -0.0000180868   0.0000003860  -0.0000001734  -0.0000155492
        0.0000005430  -0.0000001184   0.0002400015   0.0000025130  -0.0000009197
       -0.0000183752   0.0000050154  -0.0000017071  -0.0000163128  -0.0000044913
        0.0000018848  -0.0000178563  -0.0000037502   0.0000014587  -0.0000194407
       -0.0000060737   0.0000022297  -0.0000218061  -0.0000017789   0.0000001307
       -0.0000202997  -0.0000028880   0.0000007621  -0.0000175187   0.0000056789
       -0.0000018163  -0.0000199427   0.0000063298  -0.0000024551  -0.0000167269
        0.0000049630  -0.0000014611
       -0.0000000713  -0.0000068477   0.0000004595   0.0000022432  -0.0000149435
       -0.0000011686  -0.0000013638  -0.0000199315   0.0000011376  -0.0000069751
       -0.0000191333   0.0000054295   0.0000025130   0.0002341946  -0.0000022772
       -0.0000003495  -0.0000305790  -0.0000005966  -0.0000049333  -0.0000067337
        0.0000039938   0.0000009308  -0.0000040886  -0.0000003140   0.0000021283
       -0.0000037964  -0.0000010845   0.0000074051  -0.0000152931  -0.0000043308
        0.0000013791  -0.0000171710  -0.0000007042  -0.0000004074  -0.0000282071
       -0.0000004574   0.0000026010  -0.0000354903  -0.0000025404  -0.0000051001
       -0.0000319794   0.0000024534
        0.0000017887   0.0000036080  -0.0000067358  -0.0000023971  -0.0000047250
       -0.0000175890  -0.0000007305  -0.0000014358  -0.0000161878   0.0000004768
        0.0000013616  -0.0000032021  -0.0000009197  -0.0000022772   0.0002281960
        0.0000002662   0.0000007695  -0.0000319778   0.0000018093   0.0000023527
        0.0000050226   0.0000068294   0.0000147659  -0.0000098031   0.0000000377
       -0.0000001732  -0.0000073946  -0.0000015012  -0.0000032747  -0.0000289471
       -0.0000077288  -0.0000152149  -0.0000149070   0.0000056895   0.0000113641
       -0.0000325810  -0.0000021956  -0.0000039771  -0.0000418487  -0.0000014247
       -0.0000031438  -0.0000220446
       -0.0000186859   0.0000004794  -0.0000006710  -0.0000182825   0.0000002983
       -0.0000002191  -0.0000185632  -0.0000000291   0.0000001498  -0.0000189096
       -0.0000000115   0.0000003143  -0.0000183752  -0.0000003495   0.0000002662
        0.0002411397  -0.0000006024   0.0000006396  -0.0000187899   0.0000004986
       -0.0000007496  -0.0000190331   0.0000004366  -0.0000006047  -0.0000185032
        0.0000006207  -0.0000010038  -0.0000180545   0.0000002332  -0.0000000102
       -0.0000179636   0.0000004817  -0.0000003116  -0.0000189903  -0.0000007906
        0.0000007017  -0.0000183089  -0.0000007006   0.0000009796  -0.0000186798
       -0.0000005648   0.0000005189
       -0.0000001482   0.0000020853   0.0000002399   0.0000045369  -0.0000076278
        0.0000010116  -0.0000027166  -0.0000203159  -0.0000005066  -0.0000139207
       -0.0000212680  -0.0000025847   0.0000050154  -0.0000305790   0.0000007695
       -0.0000006024   0.0002166093  -0.0000004658  -0.0000104260   0.0000032884
       -0.0000016887   0.0000020306  -0.0000013298   0.0000005922   0.0000044124
        0.0000114092   0.0000012303   0.0000147545  -0.0000095982   0.0000029593
        0.0000028524  -0.0000037336   0.0000007051  -0.0000007777  -0.0000468214
       -0.0000005088   0.0000053577  -0.0000493513   0.0000005948  -0.0000103684
       -0.0000427674  -0.0000023482
        0.0000034363   0.0000006156   0.0000031419  -0.0000044658  -0.0000000082
       -0.0000083865  -0.0000014388  -0.0000000996  -0.0000200943   0.0000007234
        0.0000002068  -0.0000191379  -0.0000017071  -0.0000005966  -0.0000319778
        0.0000006396  -0.0000004658   0.0002159137   0.0000025006   0.0000005186
        0.0000049510   0.0000134493   0.0000014808   0.0000014391   0.0000003621
        0.0000002578   0.0000114766  -0.0000027111  -0.0000000048  -0.0000104954
       -0.0000147048  -0.0000003887  -0.0000063479   0.0000109986  -0.0000001067
       -0.0000455335  -0.0000039119  -0.0000007669  -0.0000512126  -0.0000031704
       -0.0000006423  -0.0000437365
       -0.0000188644   0.0000090107  -0.0000017761  -0.0000162666   0.0000043645
       -0.0000009192  -0.0000196000  -0.0000008714  -0.0000003312  -0.0000245056
       -0.0000013983  -0.0000015622  -0.0000163128  -0.0000049333   0.0000018093
       -0.0000187899  -0.0000104260   0.0000025006   0.0002361805   0.0000095121
       -0.0000023907  -0.0000185057   0.0000077369  -0.0000015450  -0.0000165982
        0.0000132467  -0.0000019928  -0.0000121065   0.0000036239  -0.0000007134
       -0.0000162320   0.0000053280  -0.0000010884  -0.0000196387  -0.0000112451
        0.0000026120  -0.0000158806  -0.0000134520   0.0000030313  -0.0000228796
       -0.0000104967   0.0000023658
        0.0000000291  -0.0000392870  -0.0000008489  -0.0000039820  -0.0000257889
        0.0000015663   0.0000025022  -0.0000161050  -0.0000009256   0.0000125798
       -0.0000164887  -0.0000052662  -0.0000044913  -0.0000067337   0.0000023527
        0.0000004986   0.0000032884   0.0000005186   0.0000095121   0.0002200130
       -0.0000050418  -0.0000022939  -0.0000419444   0.0000000410  -0.0000040567
       -0.0000461304   0.0000006284  -0.0000132590  -0.0000248243   0.0000058599
       -0.0000021487  -0.0000233597   0.0000008384   0.0000003490   0.0000005510
        0.0000004712  -0.0000047701   0.0000116846   0.0000032942   0.0000095309
        0.0000051250  -0.0000034885
       -0.0000035073  -0.0000074700  -0.0000406788   0.0000046434   0.0000100435
       -0.0000186119   0.0000013876   0.0000029837  -0.0000223765  -0.0000011363
       -0.0000024293  -0.0000464871   0.0000018848   0.0000039938   0.0000050226
       -0.0000007496  -0.0000016887   0.0000049510  -0.0000023907  -0.0000050418
        0.0001953225  -0.0000138049  -0.0000297391  -0.0000345142  -0.0000003775
       -0.0000006622  -0.0000395431   0.0000032234   0.0000067849   0.0000056868
        0.0000150097   0.0000325441  -0.0000240490  -0.0000112772  -0.0000245178
        0.0000060014   0.0000040151   0.0000085050   0.0000255379   0.0000030795
        0.0000066939  -0.0000162616
       -0.0000206066  -0.0000022653  -0.0000123901  -0.0000162629  -0.0000003027
       -0.0000050171  -0.0000175118   0.0000003679   0.0000014725  -0.0000180523
        0.0000004122   0.0000018553  -0.0000178563   0.0000009308   0.0000068294
       -0.0000190331   0.0000020306   0.0000134493  -0.0000185057  -0.0000022939
       -0.0000138049   0.0002326968  -0.0000028141  -0.0000113268  -0.0000192963
       -0.0000032088  -0.0000175130  -0.0000179017  -0.0000003707  -0.0000025596
       -0.0000100352   0.0000008883  -0.0000063742  -0.0000251751   0.0000007503
        0.0000144214  -0.0000168072   0.0000033284   0.0000185819  -0.0000156526
        0.0000025470   0.0000123760
       -0.0000002109  -0.0000440744  -0.0000028905  -0.0000031038  -0.0000147259
        0.0000105929   0.0000022598  -0.0000134079  -0.0000069833   0.0000108011
       -0.0000193037  -0.0000364653  -0.0000037502  -0.0000040886   0.0000147659
        0.0000004366  -0.0000013298   0.0000014808   0.0000077369  -0.0000419444
       -0.0000297391  -0.0000028141   0.0001906173   0.0000026667  -0.0000034235
       -0.0000428508   0.0000082347  -0.0000112683  -0.0000171037   0.0000369839
       -0.0000008158   0.0000099298   0.0000063347  -0.0000004156  -0.0000265547
        0.0000009108  -0.0000037678   0.0000161642   0.0000176824   0.0000083357
        0.0000086725  -0.0000235747
       -0.0000028405   0.0000003130  -0.0000360484   0.0000036496  -0.0000011282
       -0.0000277002   0.0000011623  -0.0000002142  -0.0000160747  -0.0000006985
        0.0000004692  -0.0000127374   0.0000014587  -0.0000003140  -0.0000098031
       -0.0000006047   0.0000005922   0.0000014391  -0.0000015450   0.0000000410
       -0.0000345142  -0.0000113268   0.0000026667   0.0002244668  -0.0000004129
       -0.0000007216  -0.0000444506   0.0000022736  -0.0000007774  -0.0000283548
        0.0000121138  -0.0000032782  -0.0000289920  -0.0000091506   0.0000027491
        0.0000029104   0.0000030990  -0.0000001893   0.0000061164   0.0000028221
       -0.0000002084   0.0000037426
       -0.0000186187  -0.0000038461  -0.0000004410  -0.0000192615  -0.0000018130
       -0.0000001587  -0.0000180141   0.0000003816   0.0000001847  -0.0000160160
        0.0000005709   0.0000005362  -0.0000194407   0.0000021283   0.0000000377
       -0.0000185032   0.0000044124   0.0000003621  -0.0000165982  -0.0000040567
       -0.0000003775  -0.0000192963  -0.0000034235  -0.0000004129   0.0002403285
       -0.0000055731  -0.0000007559  -0.0000210977  -0.0000015083  -0.0000000806
       -0.0000187144  -0.0000021509  -0.0000002196  -0.0000187178   0.0000046912
        0.0000004172  -0.0000194574   0.0000057253   0.0000005637  -0.0000165925
        0.0000044618   0.0000003446
        0.0000000493  -0.0000449119  -0.0000007110  -0.0000054428  -0.0000307249
       -0.0000000252   0.0000033838  -0.0000158550   0.0000004983   0.0000170355
       -0.0000147408   0.0000013670  -0.0000060737  -0.0000037964  -0.0000001732
        0.0000006207   0.0000114092   0.0000002578   0.0000132467  -0.0000461304
       -0.0000006622  -0.0000032088  -0.0000428508  -0.0000007216  -0.0000055731
        0.0002035173  -0.0000012807  -0.0000179575  -0.0000285893   0.0000005050
       -0.0000030101  -0.0000327593  -0.0000002288   0.0000004839   0.0000130671
        0.0000004060  -0.0000065762   0.0000204918   0.0000008443   0.0000130223
        0.0000118734  -0.0000000757
       -0.0000043624   0.0000014411  -0.0000450275   0.0000055738  -0.0000030455
       -0.0000335212   0.0000017919  -0.0000007949  -0.0000136177  -0.0000010463
        0.0000009121  -0.0000043948   0.0000022297  -0.0000010845  -0.0000073946
       -0.0000010038   0.0000012303   0.0000114766  -0.0000019928   0.0000006284
       -0.0000395431  -0.0000175130   0.0000082347  -0.0000444506  -0.0000007559
       -0.0000012807   0.0002002298   0.0000035407  -0.0000022160  -0.0000372595
        0.0000185373  -0.0000090804  -0.0000350011  -0.0000140825   0.0000072941
        0.0000137395   0.0000046515  -0.0000012596   0.0000170855   0.0000044316
       -0.0000009792   0.0000176788
       -0.0000179970  -0.0000126285   0.0000025808  -0.0000218948  -0.0000063282
        0.0000008544  -0.0000171151   0.0000011570  -0.0000002714  -0.0000100630
        0.0000015779  -0.0000000985  -0.0000218061   0.0000074051  -0.0000015012
       -0.0000180545   0.0000147545  -0.0000027111  -0.0000121065  -0.0000132590
        0.0000032234  -0.0000179017  -0.0000112683   0.0000022736  -0.0000210977
       -0.0000179575   0.0000035407   0.0002318612  -0.0000051837  -0.0000000447
       -0.0000222383  -0.0000081624   0.0000012048  -0.0000165724   0.0000164554
       -0.0000029129  -0.0000222718   0.0000187312  -0.0000040214  -0.0000127422
        0.0000147066  -0.0000021166
        0.0000001320  -0.0000237858   0.0000004781  -0.0000016730  -0.0000248501
       -0.0000026473   0.0000009069  -0.0000187634   0.0000015780   0.0000048395
       -0.0000172574   0.0000083768  -0.0000017789  -0.0000152931  -0.0000032747
        0.0000002332  -0.0000095982  -0.0000000048   0.0000036239  -0.0000248243
        0.0000067849  -0.0000003707  -0.0000171037  -0.0000007774  -0.0000015083
       -0.0000285893  -0.0000022160  -0.0000051837   0.0002363372  -0.0000089717
       -0.0000013235  -0.0000317726  -0.0000015914   0.0000005296  -0.0000026624
        0.0000000814  -0.0000019344  -0.0000100617  -0.0000038169   0.0000035073
       -0.0000117752   0.0000060010
       -0.0000006847   0.0000089206  -0.0000228703   0.0000007781  -0.0000132549
       -0.0000341925   0.0000004062  -0.0000038024  -0.0000111308   0.0000004279
        0.0000028363   0.0000192282   0.0000001307  -0.0000043308  -0.0000289471
       -0.0000000102   0.0000029593  -0.0000104954  -0.0000007134   0.0000058599
        0.0000056868  -0.0000025596   0.0000369839  -0.0000283548  -0.0000000806
        0.0000005050  -0.0000372595  -0.0000000447  -0.0000089717   0.0001967398
        0.0000029107  -0.0000423737  -0.0000301610  -0.0000021169   0.0000325467
       -0.0000092825   0.0000007461  -0.0000100505  -0.0000262947   0.0000008104
       -0.0000078277   0.0000173338
       -0.0000163450  -0.0000019589   0.0000132922  -0.0000219362  -0.0000017431
        0.0000054778  -0.0000191117   0.0000000410  -0.0000013168  -0.0000162696
        0.0000002455  -0.0000011035  -0.0000202997   0.0000013791  -0.0000077288
       -0.0000179636   0.0000028524  -0.0000147048  -0.0000162320  -0.0000021487
        0.0000150097  -0.0000100352  -0.0000008158   0.0000121138  -0.0000187144
       -0.0000030101   0.0000185373  -0.0000222383  -0.0000013235   0.0000029107
        0.0002315386  -0.0000033849   0.0000069205  -0.0000113784   0.0000045158
       -0.0000157327  -0.0000215736   0.0000029739  -0.0000201131  -0.0000194410
        0.0000023772  -0.0000135621
        0.0000005318  -0.0000197067   0.0000028654  -0.0000029368  -0.0000369386
       -0.0000124300   0.0000012515  -0.0000214572   0.0000071324   0.0000074655
       -0.0000143173   0.0000385361  -0.0000028880  -0.0000171710  -0.0000152149
        0.0000004817  -0.0000037336  -0.0000003887   0.0000053280  -0.0000233597
        0.0000325441   0.0000008883   0.0000099298  -0.0000032782  -0.0000021509
       -0.0000327593  -0.0000090804  -0.0000081624  -0.0000317726  -0.0000423737
       -0.0000033849   0.0001921951  -0.0000076431   0.0000019086   0.0000272290
        0.0000002644  -0.0000032043  -0.0000135581  -0.0000188365   0.0000048720
       -0.0000145798   0.0000279031
       -0.0000016247   0.0000013683  -0.0000286649   0.0000020820  -0.0000024243
       -0.0000257776   0.0000007066  -0.0000005993  -0.0000163766  -0.0000002225
        0.0000006892  -0.0000108382   0.0000007621  -0.0000007042  -0.0000149070
       -0.0000003116   0.0000007051  -0.0000063479  -0.0000010884   0.0000008384
       -0.0000240490  -0.0000063742   0.0000063347  -0.0000289920  -0.0000002196
       -0.0000002288  -0.0000350011   0.0000012048  -0.0000015914  -0.0000301610
        0.0000069205  -0.0000076431   0.0002338051  -0.0000051951   0.0000060027
       -0.0000053439   0.0000018055  -0.0000015016  -0.0000060768   0.0000015544
       -0.0000012456  -0.0000012690
       -0.0000202271   0.0000002759  -0.0000100348  -0.0000162457   0.0000007555
       -0.0000040948  -0.0000179721   0.0000000914   0.0000010896  -0.0000194871
        0.0000000198   0.0000011504  -0.0000175187  -0.0000004074   0.0000056895
       -0.0000189903  -0.0000007777   0.0000109986  -0.0000196387   0.0000003490
       -0.0000112772  -0.0000251751  -0.0000004156  -0.0000091506  -0.0000187178
        0.0000004839  -0.0000140825  -0.0000165724   0.0000005296  -0.0000021169
       -0.0000113784   0.0000019086  -0.0000051951   0.0002357849  -0.0000019700
        0.0000117838  -0.0000165875  -0.0000004456   0.0000151260  -0.0000172739
       -0.0000003974   0.0000101142
       -0.0000004993  -0.0000029206  -0.0000019032   0.0000053713   0.0000024632
        0.0000096569  -0.0000028435  -0.0000177391  -0.0000054057  -0.0000153511
       -0.0000235175  -0.0000292476   0.0000056789  -0.0000282071   0.0000113641
       -0.0000007906  -0.0000468214  -0.0000001067  -0.0000112451   0.0000005510
       -0.0000245178   0.0000007503  -0.0000265547   0.0000027491   0.0000046912
        0.0000130671   0.0000072941   0.0000164554  -0.0000026624   0.0000325467
        0.0000045158   0.0000272290   0.0000060027  -0.0000019700   0.0001880917
       -0.0000006046   0.0000061379  -0.0000442156   0.0000139183  -0.0000109011
       -0.0000387636  -0.0000217463
        0.0000036811   0.0000005273   0.0000046015  -0.0000047772   0.0000001883
       -0.0000074882  -0.0000015489  -0.0000000961  -0.0000203868   0.0000007454
       -0.0000000211  -0.0000200322  -0.0000018163  -0.0000004574  -0.0000325810
        0.0000007017  -0.0000005088  -0.0000455335   0.0000026120   0.0000004712
        0.0000060014   0.0000144214   0.0000009108   0.0000029104   0.0000004172
        0.0000004060   0.0000137395  -0.0000029129   0.0000000814  -0.0000092825
       -0.0000157327   0.0000002644  -0.0000053439   0.0000117838  -0.0000006046
        0.0002123686  -0.0000041688  -0.0000006698  -0.0000531177  -0.0000034057
       -0.0000004916  -0.0000458556
       -0.0000179631  -0.0000045145   0.0000034309  -0.0000202833  -0.0000023720
        0.0000014312  -0.0000181850   0.0000003989  -0.0000002111  -0.0000153485
        0.0000006362   0.0000001744  -0.0000199427   0.0000026010  -0.0000021956
       -0.0000183089   0.0000053577  -0.0000039119  -0.0000158806  -0.0000047701
        0.0000040151  -0.0000168072  -0.0000037678   0.0000030990  -0.0000194574
       -0.0000065762   0.0000046515  -0.0000222718  -0.0000019344   0.0000007461
       -0.0000215736  -0.0000032043   0.0000018055  -0.0000165875   0.0000061379
       -0.0000041688   0.0002393947   0.0000067314  -0.0000052962  -0.0000167852
        0.0000052762  -0.0000035701
       -0.0000000242   0.0000111788   0.0000013292   0.0000056105  -0.0000088767
       -0.0000027289  -0.0000035431  -0.0000221810   0.0000016132  -0.0000177701
       -0.0000213372   0.0000090801   0.0000063298  -0.0000354903  -0.0000039771
       -0.0000007006  -0.0000493513  -0.0000007669  -0.0000134520   0.0000116846
        0.0000085050   0.0000033284   0.0000161642  -0.0000001893   0.0000057253
        0.0000204918  -0.0000012596   0.0000187312  -0.0000100617  -0.0000100505
        0.0000029739  -0.0000135581  -0.0000015016  -0.0000004456  -0.0000442156
       -0.0000006698   0.0000067314   0.0001979737  -0.0000054647  -0.0000134949
       -0.0000524212   0.0000060809
        0.0000047052   0.0000046940   0.0000108975  -0.0000061462  -0.0000057082
       -0.0000107503  -0.0000019032  -0.0000017619  -0.0000179311   0.0000013013
        0.0000014205  -0.0000043174  -0.0000024551  -0.0000025404  -0.0000418487
        0.0000009796   0.0000005948  -0.0000512126   0.0000030313   0.0000032942
        0.0000255379   0.0000185819   0.0000176824   0.0000061164   0.0000005637
        0.0000008443   0.0000170855  -0.0000040214  -0.0000038169  -0.0000262947
       -0.0000201131  -0.0000188365  -0.0000060768   0.0000151260   0.0000139183
       -0.0000531177  -0.0000052962  -0.0000054647   0.0001909785  -0.0000043535
       -0.0000043198  -0.0000390664
       -0.0000181263   0.0000090906   0.0000030111  -0.0000172590   0.0000042070
        0.0000012588  -0.0000198799  -0.0000009022  -0.0000005037  -0.0000242238
       -0.0000012436  -0.0000010198  -0.0000167269  -0.0000051001  -0.0000014247
       -0.0000186798  -0.0000103684  -0.0000031704  -0.0000228796   0.0000095309
        0.0000030795  -0.0000156526   0.0000083357   0.0000028221  -0.0000165925
        0.0000130223   0.0000044316  -0.0000127422   0.0000035073   0.0000008104
       -0.0000194410   0.0000048720   0.0000015544  -0.0000172739  -0.0000109011
       -0.0000034057  -0.0000167852  -0.0000134949  -0.0000043535   0.0002362627
       -0.0000105555  -0.0000030903
       -0.0000000318   0.0000047159   0.0000010337   0.0000044115  -0.0000109179
       -0.0000021382  -0.0000027707  -0.0000213015   0.0000013173  -0.0000139265
       -0.0000204230   0.0000072670   0.0000049630  -0.0000319794  -0.0000031438
       -0.0000005648  -0.0000427674  -0.0000006423  -0.0000104967   0.0000051250
        0.0000066939   0.0000025470   0.0000086725  -0.0000002084   0.0000044618
        0.0000118734  -0.0000009792   0.0000147066  -0.0000117752  -0.0000078277
        0.0000023772  -0.0000145798  -0.0000012456  -0.0000003974  -0.0000387636
       -0.0000004916   0.0000052762  -0.0000524212  -0.0000043198  -0.0000105555
        0.0002145420   0.0000046846
        0.0000031708  -0.0000054701   0.0000014167  -0.0000040415   0.0000088280
       -0.0000001755  -0.0000013924   0.0000024708  -0.0000248145   0.0000003437
       -0.0000017184  -0.0000445215  -0.0000014611   0.0000024534  -0.0000220446
        0.0000005189  -0.0000023482  -0.0000437365   0.0000023658  -0.0000034885
       -0.0000162616   0.0000123760  -0.0000235747   0.0000037426   0.0000003446
       -0.0000000757   0.0000176788  -0.0000021166   0.0000060010   0.0000173338
       -0.0000135621   0.0000279031  -0.0000012690   0.0000101142  -0.0000217463
       -0.0000458556  -0.0000035701   0.0000060809  -0.0000390664  -0.0000030903
        0.0000046846   0.0001975733
