$hessian                                                                        
        0.6367226162   0.0564688407  -0.0000418511  -0.1714270196  -0.1396091149
       -0.0000052854   0.0431828150  -0.0240320643  -0.0000014721  -0.0030878889
        0.0133021810  -0.0000031046  -0.0269190865  -0.0197175567   0.0000005070
       -0.0203363778   0.0563359105   0.0000064841  -0.0104486489  -0.0041958417
        0.0000024012  -0.3177140694  -0.0207802829   0.0000247280  -0.0220632905
       -0.0167304736   0.0000015762  -0.0900876290   0.1044962677   0.0000169897
        0.0000891007  -0.0002866890   0.0000006921  -0.0179105214  -0.0052511768
       -0.0000016649
        0.0564688407   0.7549787175   0.0000692543  -0.1678795615  -0.3655390029
       -0.0000226569   0.0035941743  -0.0469918819  -0.0000046305   0.0039142309
       -0.0024356058  -0.0000020397  -0.0093393177  -0.0063855963   0.0000002662
        0.0218014155   0.0164776490  -0.0000001863   0.0057253216  -0.0082575225
       -0.0000014023   0.0138528100  -0.0911313794  -0.0000083770  -0.0051566526
        0.0003956921   0.0000010915   0.1023862408  -0.2506442655  -0.0000338724
       -0.0002788038   0.0003005198   0.0000003668  -0.0250886982  -0.0007673241
        0.0000021864
       -0.0000418511   0.0000692543   0.1028432736  -0.0000064851  -0.0000252739
       -0.0341816564  -0.0000036763  -0.0000023650  -0.0032455682   0.0000009460
       -0.0000020806   0.0034038321   0.0000013158   0.0000011461  -0.0003142257
        0.0000037977  -0.0000027893  -0.0038322088   0.0000020988  -0.0000010743
        0.0043049881   0.0000277359  -0.0000054715  -0.0284304970   0.0000012236
        0.0000017049  -0.0011905398   0.0000166537  -0.0000340575  -0.0346615797
       -0.0000000492   0.0000000524  -0.0000992182  -0.0000017098   0.0000009545
       -0.0045966000
       -0.1714270196  -0.1678795615  -0.0000064851   0.4753588188   0.1128435901
       -0.0000249799  -0.0892749001   0.0840617734   0.0000145875   0.0057945097
       -0.0212107523  -0.0000025035  -0.0402158968   0.0244180447   0.0000071632
       -0.0069722014   0.0040311681   0.0000011159   0.0061400543  -0.0007400923
       -0.0000012449  -0.0354856858  -0.0392832686  -0.0000007462  -0.1385265696
       -0.0056340660   0.0000107250   0.0067717576   0.0093415482   0.0000007150
       -0.0059940846  -0.0004024523   0.0000008073  -0.0061687825   0.0004540683
        0.0000008456
       -0.1396091149  -0.3655390029  -0.0000252739   0.1128435901   0.6501155241
        0.0000561754   0.0476374721  -0.1490096273  -0.0000160217   0.0022265766
       -0.0831642641  -0.0000098785   0.0413400158   0.0089131936  -0.0000036295
        0.0022201482  -0.0311934994  -0.0000034602   0.0016648039   0.0048752661
        0.0000003738  -0.0559432345   0.0050841662   0.0000048908   0.0003139394
       -0.0174930451  -0.0000010120  -0.0129488158  -0.0267727312  -0.0000020895
       -0.0009939334   0.0008296140  -0.0000004370   0.0012485524   0.0033544059
        0.0000003622
       -0.0000052854  -0.0000226569  -0.0341816564  -0.0000249799   0.0000561754
        0.0667740726   0.0000075771  -0.0000185756  -0.0598268403   0.0000014008
       -0.0000083977   0.0167025787   0.0000092643  -0.0000019814   0.0051660321
        0.0000010844  -0.0000040497  -0.0008290230  -0.0000003561   0.0000007195
       -0.0001327530  -0.0000008934   0.0000038395   0.0060367083   0.0000122762
       -0.0000002917  -0.0098331189  -0.0000017051  -0.0000043682   0.0021192077
        0.0000008965  -0.0000002229   0.0050330821   0.0000007206  -0.0000001903
        0.0029717102
        0.0431828150   0.0035941743  -0.0000036763  -0.0892749001   0.0476374721
        0.0000075771   0.5285483427   0.1638886366  -0.0000157658  -0.1775021472
       -0.2290866685  -0.0000152626  -0.2102172429   0.0322063577   0.0000208030
       -0.0142777941  -0.0696799184  -0.0000078931   0.0040362122   0.0092062253
        0.0000009540  -0.0367167654   0.0211103356   0.0000053926  -0.0289259325
        0.0145586617   0.0000044813  -0.0018823827  -0.0029004871   0.0000009260
       -0.0170916072   0.0085228764   0.0000027382   0.0001214022   0.0009423345
       -0.0000002744
       -0.0240320643  -0.0469918819  -0.0000023650   0.0840617734  -0.1490096273
       -0.0000185756   0.1638886366   0.8544411740   0.0000657569  -0.2347908876
       -0.5799378958  -0.0000370507  -0.0145595991  -0.0901000834  -0.0000034730
       -0.0218055626   0.0242863466   0.0000059385  -0.0017590062  -0.0069549749
       -0.0000023584   0.0245338237  -0.0098226528  -0.0000028361  -0.0038102778
        0.0018645208  -0.0000003277  -0.0002404850  -0.0015290868  -0.0000014198
        0.0293805256   0.0055010637  -0.0000026313  -0.0008668769  -0.0017469022
       -0.0000006580
       -0.0000014721  -0.0000046305  -0.0032455682   0.0000145875  -0.0000160217
       -0.0598268403  -0.0000157658   0.0000657569   0.1588991614  -0.0000157866
       -0.0000383109  -0.0595671411   0.0000143748  -0.0000086125  -0.0414522426
       -0.0000048563   0.0000117642  -0.0097650980   0.0000012215  -0.0000026391
        0.0048146993   0.0000011277  -0.0000038194  -0.0046074968   0.0000005578
       -0.0000014407   0.0009516373   0.0000010231  -0.0000011389   0.0115932467
        0.0000048984  -0.0000004177   0.0010908102   0.0000000898  -0.0000004897
        0.0011148323
       -0.0030878889   0.0039142309   0.0000009460   0.0057945097   0.0022265766
        0.0000014008  -0.1775021472  -0.2347908876  -0.0000157866   0.2287009884
        0.2957810505   0.0000138659  -0.0568454214  -0.0714083913  -0.0000012542
       -0.0043277479   0.0140543843   0.0000028727  -0.0066457902  -0.0060079304
       -0.0000000315   0.0042525253  -0.0041692147  -0.0000008216   0.0051781996
        0.0004903109  -0.0000003673   0.0001745439   0.0004118308  -0.0000002099
        0.0039706629  -0.0007506866  -0.0000007563   0.0003375659   0.0002487265
        0.0000001419
        0.0133021810  -0.0024356058  -0.0000020806  -0.0212107523  -0.0831642641
       -0.0000083977  -0.2290866685  -0.5799378958  -0.0000383109   0.2957810505
        0.6889106719   0.0000459009  -0.0443455953  -0.0229921126  -0.0000003633
        0.0020015155   0.0005092092  -0.0000003646  -0.0056900476  -0.0020109805
        0.0000009113  -0.0058286252   0.0029622488   0.0000007353  -0.0019759474
        0.0019515498   0.0000008984  -0.0017353887  -0.0026232740   0.0000000571
       -0.0018826496  -0.0024817299   0.0000003724   0.0006709277   0.0013121831
        0.0000006416
       -0.0000031046  -0.0000020397   0.0034038321  -0.0000025035  -0.0000098785
        0.0167025787  -0.0000152626  -0.0000370507  -0.0595671411   0.0000138659
        0.0000459009   0.0268739769   0.0000024546   0.0000027946   0.0149638611
        0.0000028560  -0.0000027625   0.0051037329  -0.0000008242   0.0000007082
       -0.0007216542   0.0000030867   0.0000013954   0.0007838736   0.0000005568
        0.0000003984  -0.0008496500  -0.0000003308   0.0000000218  -0.0024316737
       -0.0000007825   0.0000001448  -0.0032500710  -0.0000000116   0.0000003673
       -0.0010116653
       -0.0269190865  -0.0093393177   0.0000013158  -0.0402158968   0.0413400158
        0.0000092643  -0.2102172429  -0.0145595991   0.0000143748  -0.0568454214
       -0.0443455953   0.0000024546   0.6360386005  -0.0177945169  -0.0000561728
       -0.1293926449  -0.0326251051   0.0000035124  -0.0691029936  -0.0598155554
        0.0000009938   0.0391099197  -0.0098217566  -0.0000042736   0.0009275740
        0.0006477848   0.0000001594   0.0008925111  -0.0003803117  -0.0000002038
       -0.1421391675   0.1429744705   0.0000274502  -0.0021361517   0.0037194865
        0.0000011249
       -0.0197175567  -0.0063855963   0.0000011461   0.0244180447   0.0089131936
       -0.0000019814   0.0322063577  -0.0901000834  -0.0000086125  -0.0714083913
       -0.0229921126   0.0000027946  -0.0177945169   0.6921543502   0.0000741441
       -0.0924603315  -0.2018087685  -0.0000101126  -0.0255229963  -0.0064882286
       -0.0000003135   0.0139045645  -0.0776118351  -0.0000110633   0.0063381051
       -0.0031181473  -0.0000011329  -0.0000992229   0.0008130447   0.0000001055
        0.1457571886  -0.2883395033  -0.0000437358   0.0043787548  -0.0050363134
       -0.0000012384
        0.0000005070   0.0000002662  -0.0003142257   0.0000071632  -0.0000036295
        0.0051660321   0.0000208030  -0.0000034730  -0.0414522426  -0.0000012542
       -0.0000003633   0.0149638611  -0.0000561728   0.0000741441   0.0603573541
       -0.0000040608  -0.0000155659  -0.0449710813   0.0000052361   0.0000029010
        0.0158271137  -0.0000015863  -0.0000088756   0.0050715340   0.0000006957
       -0.0000006086   0.0018368040  -0.0000001188   0.0000001398  -0.0003178966
        0.0000278035  -0.0000435725  -0.0196623973   0.0000009845  -0.0000013629
        0.0034951445
       -0.0203363778   0.0218014155   0.0000037977  -0.0069722014   0.0022201482
        0.0000010844  -0.0142777941  -0.0218055626  -0.0000048563  -0.0043277479
        0.0020015155   0.0000028560  -0.1293926449  -0.0924603315  -0.0000040608
        0.9647004989   0.0233091305  -0.0000701599  -0.6915651040  -0.0129592704
        0.0000564971  -0.1271804536   0.0781113443   0.0000167347   0.0017592073
       -0.0006460175   0.0000002491  -0.0035929693   0.0001571376   0.0000007748
        0.0153495111   0.0128009856   0.0000002579   0.0158360757  -0.0125304952
       -0.0000031746
        0.0563359105   0.0164776490  -0.0000027893   0.0040311681  -0.0311934994
       -0.0000040497  -0.0696799184   0.0242863466   0.0000117642   0.0140543843
        0.0005092092  -0.0000027625  -0.0326251051  -0.2018087685  -0.0000155659
        0.0233091305   0.4973772288   0.0000368507  -0.0175449614  -0.0699101353
        0.0000008791   0.0275916616  -0.1846292411  -0.0000184918  -0.0040094863
       -0.0002130530   0.0000003736  -0.0032947604   0.0007695432  -0.0000000119
       -0.0074451622  -0.0266733492  -0.0000023148   0.0092771388  -0.0249919304
       -0.0000038818
        0.0000064841  -0.0000001863  -0.0038322088   0.0000011159  -0.0000034602
       -0.0008290230  -0.0000078931   0.0000059385  -0.0097650980   0.0000028727
       -0.0000003646   0.0051037329   0.0000035124  -0.0000101126  -0.0449710813
       -0.0000701599   0.0000368507   0.1619653866   0.0000551067   0.0000004125
       -0.0629602440   0.0000116312  -0.0000231960  -0.0463468866  -0.0000003609
        0.0000000351   0.0002980187   0.0000002507  -0.0000002216   0.0038284972
       -0.0000022220  -0.0000042488  -0.0009146996  -0.0000003377  -0.0000014468
       -0.0015763940
       -0.0104486489   0.0057253216   0.0000020988   0.0061400543   0.0016648039
       -0.0000003561   0.0040362122  -0.0017590062   0.0000012215  -0.0066457902
       -0.0056900476  -0.0000008242  -0.0691029936  -0.0255229963   0.0000052361
       -0.6915651040  -0.0175449614   0.0000551067   0.8447717521   0.0141475643
       -0.0000730505  -0.0688431231   0.0286439439   0.0000108044  -0.0012132856
        0.0000654706  -0.0000003591  -0.0025430729  -0.0000369470   0.0000001362
       -0.0021882325   0.0021030898   0.0000000194  -0.0023977678  -0.0017962356
       -0.0000000332
       -0.0041958417  -0.0082575225  -0.0000010743  -0.0007400923   0.0048752661
        0.0000007195   0.0092062253  -0.0069549749  -0.0000026391  -0.0060079304
       -0.0020109805   0.0000007082  -0.0598155554  -0.0064882286   0.0000029010
       -0.0129592704  -0.0699101353   0.0000004125   0.0141475643   0.0854354251
        0.0000051596   0.0585178854  -0.0025985391  -0.0000074017   0.0004996106
        0.0002046475   0.0000000083   0.0021389276  -0.0001359349  -0.0000001783
        0.0014811116   0.0031040785   0.0000005011  -0.0022726346   0.0027368987
        0.0000008831
        0.0000024012  -0.0000014023   0.0043049881  -0.0000012449   0.0000003738
       -0.0001327530   0.0000009540  -0.0000023584   0.0048146993  -0.0000000315
        0.0000009113  -0.0007216542   0.0000009938  -0.0000003135   0.0158271137
        0.0000564971   0.0000008791  -0.0629602440  -0.0000730505   0.0000051596
        0.0296998895   0.0000132431  -0.0000044523   0.0148471372   0.0000000281
        0.0000000603  -0.0005055009   0.0000004180  -0.0000000426  -0.0003583944
        0.0000000831   0.0000004790  -0.0026036202  -0.0000002915   0.0000007059
       -0.0022116610
       -0.3177140694   0.0138528100   0.0000277359  -0.0354856858  -0.0559432345
       -0.0000008934  -0.0367167654   0.0245338237   0.0000011277   0.0042525253
       -0.0058286252   0.0000030867   0.0391099197   0.0139045645  -0.0000015863
       -0.1271804536   0.0275916616   0.0000116312  -0.0688431231   0.0585178854
        0.0000132431   0.7040445548   0.0703378965  -0.0000515296  -0.0060057504
       -0.0004867425  -0.0000003136  -0.0221548223   0.0042067488   0.0000025799
       -0.0014743830  -0.0042089481  -0.0000005295  -0.1318319468  -0.1464778403
       -0.0000045522
       -0.0207802829  -0.0911313794  -0.0000054715  -0.0392832686   0.0050841662
        0.0000038395   0.0211103356  -0.0098226528  -0.0000038194  -0.0041692147
        0.0029622488   0.0000013954  -0.0098217566  -0.0776118351  -0.0000088756
        0.0781113443  -0.1846292411  -0.0000231960   0.0286439439  -0.0025985391
       -0.0000044523   0.0703378965   0.6720443137   0.0000662318  -0.0009969520
       -0.0022232525  -0.0000006391   0.0276374510  -0.0014331260  -0.0000029337
       -0.0049530169  -0.0043284537  -0.0000004624  -0.1458364798  -0.3063122488
       -0.0000216167
        0.0000247280  -0.0000083770  -0.0284304970  -0.0000007462   0.0000048908
        0.0060367083   0.0000053926  -0.0000028361  -0.0046074968  -0.0000008216
        0.0000007353   0.0007838736  -0.0000042736  -0.0000110633   0.0050715340
        0.0000167347  -0.0000184918  -0.0463468866   0.0000108044  -0.0000074017
        0.0148471372  -0.0000515296   0.0000662318   0.0532032048   0.0000006983
       -0.0000007168   0.0043310237   0.0000053624  -0.0000007886   0.0020274379
       -0.0000000586  -0.0000005971   0.0042282974  -0.0000062908  -0.0000215855
       -0.0111443365
       -0.0220632905  -0.0051566526   0.0000012236  -0.1385265696   0.0003139394
        0.0000122762  -0.0289259325  -0.0038102778   0.0000005578   0.0051781996
       -0.0019759474   0.0000005568   0.0009275740   0.0063381051   0.0000006957
        0.0017592073  -0.0040094863  -0.0000003609  -0.0012132856   0.0004996106
        0.0000000281  -0.0060057504  -0.0009969520   0.0000006983   0.1905282051
        0.0085654998  -0.0000160697   0.0000581472   0.0001210430  -0.0000001877
       -0.0011176536  -0.0005481364  -0.0000000599  -0.0005988511   0.0006592545
        0.0000006418
       -0.0167304736   0.0003956921   0.0000017049  -0.0056340660  -0.0174930451
       -0.0000002917   0.0145586617   0.0018645208  -0.0000014407   0.0004903109
        0.0019515498   0.0000003984   0.0006477848  -0.0031181473  -0.0000006086
       -0.0006460175  -0.0002130530   0.0000000351   0.0000654706   0.0002046475
        0.0000000603  -0.0004867425  -0.0022232525  -0.0000007168   0.0085654998
        0.0180239185   0.0000005594  -0.0009741244   0.0004377920   0.0000003485
        0.0007567032   0.0001578870  -0.0000000453  -0.0006130070   0.0000114902
       -0.0000000035
        0.0000015762   0.0000010915  -0.0011905398   0.0000107250  -0.0000010120
       -0.0098331189   0.0000044813  -0.0000003277   0.0009516373  -0.0000003673
        0.0000008984  -0.0008496500   0.0000001594  -0.0000011329   0.0018368040
        0.0000002491   0.0000003736   0.0002980187  -0.0000003591   0.0000000083
       -0.0005055009  -0.0000003136  -0.0000006391   0.0043310237  -0.0000160697
        0.0000005594   0.0060918025  -0.0000003698   0.0000002677  -0.0018781211
        0.0000001645   0.0000000236  -0.0001497212   0.0000001240  -0.0000001110
        0.0008973658
       -0.0900876290   0.1023862408   0.0000166537   0.0067717576  -0.0129488158
       -0.0000017051  -0.0018823827  -0.0002404850   0.0000010231   0.0001745439
       -0.0017353887  -0.0000003308   0.0008925111  -0.0000992229  -0.0000001188
       -0.0035929693  -0.0032947604   0.0000002507  -0.0025430729   0.0021389276
        0.0000004180  -0.0221548223   0.0276374510   0.0000053624   0.0000581472
       -0.0009741244  -0.0000003698   0.1124137726  -0.1145722117  -0.0000212732
       -0.0000375941  -0.0000304808  -0.0000000613  -0.0000122622   0.0017328703
        0.0000001511
        0.1044962677  -0.2506442655  -0.0000340575   0.0093415482  -0.0267727312
       -0.0000043682  -0.0029004871  -0.0015290868  -0.0000011389   0.0004118308
       -0.0026232740   0.0000000218  -0.0003803117   0.0008130447   0.0000001398
        0.0001571376   0.0007695432  -0.0000002216  -0.0000369470  -0.0001359349
       -0.0000000426   0.0042067488  -0.0014331260  -0.0000007886   0.0001210430
        0.0004377920   0.0000002677  -0.1145722117   0.2798819690   0.0000397899
       -0.0000238994   0.0000560479   0.0000000475  -0.0008207192   0.0011800215
        0.0000003506
        0.0000169897  -0.0000338724  -0.0346615797   0.0000007150  -0.0000020895
        0.0021192077   0.0000009260  -0.0000014198   0.0115932467  -0.0000002099
        0.0000000571  -0.0024316737  -0.0000002038   0.0000001055  -0.0003178966
        0.0000007748  -0.0000000119   0.0038284972   0.0000001362  -0.0000001783
       -0.0003583944   0.0000025799  -0.0000029337   0.0020274379  -0.0000001877
        0.0000003485  -0.0018781211  -0.0000212732   0.0000397899   0.0219940359
       -0.0000000710   0.0000000876  -0.0008929220  -0.0000001761   0.0000001170
       -0.0010218379
        0.0000891007  -0.0002788038  -0.0000000492  -0.0059940846  -0.0009939334
        0.0000008965  -0.0170916072   0.0293805256   0.0000048984   0.0039706629
       -0.0018826496  -0.0000007825  -0.1421391675   0.1457571886   0.0000278035
        0.0153495111  -0.0074451622  -0.0000022220  -0.0021882325   0.0014811116
        0.0000000831  -0.0014743830  -0.0049530169  -0.0000000586  -0.0011176536
        0.0007567032   0.0000001645  -0.0000375941  -0.0000238994  -0.0000000710
        0.1500929133  -0.1609894971  -0.0000306137   0.0005405346  -0.0008085666
       -0.0000000490
       -0.0002866890   0.0003005198   0.0000000524  -0.0004024523   0.0008296140
       -0.0000002229   0.0085228764   0.0055010637  -0.0000004177  -0.0007506866
       -0.0024817299   0.0000001448   0.1429744705  -0.2883395033  -0.0000435725
        0.0128009856  -0.0266733492  -0.0000042488   0.0021030898   0.0031040785
        0.0000004790  -0.0042089481  -0.0043284537  -0.0000005971  -0.0005481364
        0.0001578870   0.0000000236  -0.0000304808   0.0000560479   0.0000000876
       -0.1609894971   0.3129389297   0.0000485362   0.0008154681  -0.0010651047
       -0.0000002647
        0.0000006921   0.0000003668  -0.0000992182   0.0000008073  -0.0000004370
        0.0050330821   0.0000027382  -0.0000026313   0.0010908102  -0.0000007563
        0.0000003724  -0.0032500710   0.0000274502  -0.0000437358  -0.0196623973
        0.0000002579  -0.0000023148  -0.0009146996   0.0000000194   0.0000005011
       -0.0026036202  -0.0000005295  -0.0000004624   0.0042282974  -0.0000000599
       -0.0000000453  -0.0001497212  -0.0000000613   0.0000000475  -0.0008929220
       -0.0000306137   0.0000485362   0.0164884783   0.0000000556  -0.0000001975
        0.0007319815
       -0.0179105214  -0.0250886982  -0.0000017098  -0.0061687825   0.0012485524
        0.0000007206   0.0001214022  -0.0008668769   0.0000000898   0.0003375659
        0.0006709277  -0.0000000116  -0.0021361517   0.0043787548   0.0000009845
        0.0158360757   0.0092771388  -0.0000003377  -0.0023977678  -0.0022726346
       -0.0000002915  -0.1318319468  -0.1458364798  -0.0000062908  -0.0005988511
       -0.0006130070   0.0000001240  -0.0000122622  -0.0008207192  -0.0000001761
        0.0005405346   0.0008154681   0.0000000556   0.1442207051   0.1591075738
        0.0000068431
       -0.0052511768  -0.0007673241   0.0000009545   0.0004540683   0.0033544059
       -0.0000001903   0.0009423345  -0.0017469022  -0.0000004897   0.0002487265
        0.0013121831   0.0000003673   0.0037194865  -0.0050363134  -0.0000013629
       -0.0125304952  -0.0249919304  -0.0000014468  -0.0017962356   0.0027368987
        0.0000007059  -0.1464778403  -0.3063122488  -0.0000215855   0.0006592545
        0.0000114902  -0.0000001110   0.0017328703   0.0011800215   0.0000001170
       -0.0008085666  -0.0010651047  -0.0000001975   0.1591075738   0.3313248242
        0.0000232391
       -0.0000016649   0.0000021864  -0.0045966000   0.0000008456   0.0000003622
        0.0029717102  -0.0000002744  -0.0000006580   0.0011148323   0.0000001419
        0.0000006416  -0.0010116653   0.0000011249  -0.0000012384   0.0034951445
       -0.0000031746  -0.0000038818  -0.0015763940  -0.0000000332   0.0000008831
       -0.0022116610  -0.0000045522  -0.0000216167  -0.0111443365   0.0000006418
       -0.0000000035   0.0008973658   0.0000001511   0.0000003506  -0.0010218379
       -0.0000000490  -0.0000002647   0.0007319815   0.0000068431   0.0000232391
        0.0123514605
