$hessian                                                                        
        0.4657308200   0.0000031842   0.0000021748  -0.2096868611  -0.0000006149
        0.0000009977  -0.0688852508   0.0472857095   0.0588097228  -0.0688865018
        0.0272866019  -0.0703581863  -0.0688844660  -0.0745738123   0.0115454878
       -0.0164628040   0.0014234353  -0.0036707553  -0.0164620789  -0.0038913519
        0.0006020721  -0.0164628574   0.0024668483   0.0030684863
        0.0000031842   0.5243235331  -0.0000017426  -0.0000006151  -0.0671870404
       -0.0000008796   0.0470870658  -0.1290711134  -0.1032827641   0.0271729564
       -0.0736846388   0.0713005855  -0.0742619094  -0.2525857622   0.0319849887
        0.0109078607   0.0002990483   0.0008195106  -0.0298077935  -0.0017592026
        0.0003709801   0.0188992510  -0.0003348239  -0.0011906785
        0.0000021748  -0.0000017426   0.5243146955   0.0000009977  -0.0000007965
       -0.0671917298   0.0585622062  -0.1032805060  -0.1744813153  -0.0700621451
        0.0712993231  -0.2298771731   0.0114970388   0.0319822456  -0.0509730419
       -0.0281217782   0.0008169022  -0.0014981731   0.0046134716   0.0003698978
        0.0005684147   0.0235080342  -0.0011853235  -0.0008616771
       -0.2096868611  -0.0000006151   0.0000009977   0.4657308171   0.0000031856
        0.0000021735  -0.0164628566   0.0024666286   0.0030686558  -0.0164628038
        0.0014236932  -0.0036706505  -0.0164620785  -0.0038913899   0.0006017979
       -0.0688865009   0.0272932760  -0.0703555921  -0.0688844659  -0.0745749042
        0.0115384133  -0.0688852501   0.0472801258   0.0588142045
       -0.0000006149  -0.0671870404  -0.0000007965   0.0000031856   0.5243235338
       -0.0000017425   0.0189005116  -0.0003349427  -0.0011905458   0.0109063527
        0.0002991304   0.0008195797  -0.0298075462  -0.0017591661   0.0003712527
        0.0271791989  -0.0736972070   0.0713141648  -0.0742629343  -0.2525914010
        0.0319670331   0.0470818466  -0.1290529071  -0.1032789455
        0.0000009977  -0.0000008796  -0.0671917298   0.0000021735  -0.0000017425
        0.5243146939   0.0235070205  -0.0011855077  -0.0008615590  -0.0281223632
        0.0008166546  -0.0014982546   0.0046150705   0.0003698553   0.0005683780
       -0.0700597228   0.0713132733  -0.2298646008   0.0114904219   0.0319646624
       -0.0509674066   0.0585664020  -0.1032763157  -0.1744995213
       -0.0688852508   0.0470870658   0.0585622062  -0.0164628566   0.0189005116
        0.0235070205   0.0834825028  -0.0556256422  -0.0691841450   0.0037686487
       -0.0054847304  -0.0071894687   0.0037687684  -0.0058432559  -0.0068975767
        0.0009171559   0.0001778915   0.0004407390   0.0009172859   0.0003931209
        0.0002712605  -0.0075062541   0.0003950388   0.0004899641
        0.0472857095  -0.1290711134  -0.1032805060   0.0024666286  -0.0003349427
       -0.0011855077  -0.0556256422   0.1456665204   0.1210011231  -0.0030532146
        0.0060500296   0.0073727447   0.0089671430  -0.0239201070  -0.0246747498
        0.0000363312  -0.0001460606   0.0000100900  -0.0004717142   0.0006709227
        0.0004602183   0.0003947587   0.0010847510   0.0002965874
        0.0588097228  -0.1032827641  -0.1744813153   0.0030686558  -0.0011905458
       -0.0008615590  -0.0691841450   0.1210011231   0.1988697964   0.0085101913
       -0.0180856029  -0.0277215653  -0.0011549267   0.0007866385   0.0022434954
       -0.0004740232   0.0002826657   0.0007782059  -0.0000656645   0.0001921610
       -0.0000451386   0.0004901894   0.0002963245   0.0012180805
       -0.0688865018   0.0271729564  -0.0700621451  -0.0164628038   0.0109063527
       -0.0281223632   0.0037686487  -0.0030532146   0.0085101913   0.0834834055
       -0.0321003456   0.0827691179   0.0037689175  -0.0034838413   0.0083422344
       -0.0075061498   0.0002284119  -0.0005866648   0.0009170500   0.0002933377
       -0.0003761268   0.0009174338   0.0000363428  -0.0004742437
        0.0272866019  -0.0736846388   0.0712993231   0.0014236932   0.0002991304
        0.0008166546  -0.0054847304   0.0060500296  -0.0180856029  -0.0321003456
        0.0807753901  -0.0835349959   0.0088972313  -0.0146396202   0.0300321622
        0.0002287471   0.0009264127  -0.0002034763  -0.0004291670   0.0004192500
       -0.0006068109   0.0001779694  -0.0001459537   0.0002827461
       -0.0703581863   0.0713005855  -0.2298771731  -0.0036706505   0.0008195797
       -0.0014982546  -0.0071894687   0.0073727447  -0.0277215653   0.0827691179
       -0.0835349959   0.2637711970  -0.0016103360   0.0045725521  -0.0070378522
       -0.0005865352  -0.0002037392   0.0013791171   0.0002051137  -0.0003368159
        0.0002059679   0.0004409451   0.0000100890   0.0007785631
       -0.0688844660  -0.0742619094   0.0114970388  -0.0164620785  -0.0298075462
        0.0046150705   0.0037687684   0.0089671430  -0.0011549267   0.0037689175
        0.0088972313  -0.0016103360   0.0834811009   0.0877291477  -0.0135828092
        0.0009173276  -0.0004293639   0.0002052137  -0.0075065779  -0.0006232061
        0.0000963776   0.0009170081  -0.0004714965  -0.0000656286
       -0.0745738123  -0.2525857622   0.0319822456  -0.0038913899  -0.0017591661
        0.0003698553  -0.0058432559  -0.0239201070   0.0007866385  -0.0034838413
       -0.0146396202   0.0045725521   0.0877291477   0.2903735543  -0.0374717983
        0.0002934776   0.0004195104  -0.0003369035  -0.0006232613   0.0014409972
       -0.0000947029   0.0003929355   0.0006705937   0.0001921133
        0.0115454878   0.0319849887  -0.0509730419   0.0006017979   0.0003712527
        0.0005683780  -0.0068975767  -0.0246747498   0.0022434954   0.0083422344
        0.0300321622  -0.0070378522  -0.0135828092  -0.0374717983   0.0541767340
       -0.0003762972  -0.0006069792   0.0002061719   0.0000960224  -0.0000949657
        0.0008613889   0.0002711406   0.0004600894  -0.0000452742
       -0.0164628040   0.0109078607  -0.0281217782  -0.0688865009   0.0271791989
       -0.0700597228   0.0009171559   0.0000363312  -0.0004740232  -0.0075061498
        0.0002287471  -0.0005865352   0.0009173276   0.0002934776  -0.0003762972
        0.0834834051  -0.0321070297   0.0827665241   0.0037689175  -0.0034845811
        0.0083418727   0.0037686486  -0.0030540047   0.0085099597
        0.0014234353   0.0002990483   0.0008169022   0.0272932760  -0.0736972070
        0.0713132733   0.0001778915  -0.0001460606   0.0002826657   0.0002284119
        0.0009264127  -0.0002037392  -0.0004293639   0.0004195104  -0.0006069792
       -0.0321070297   0.0807900113  -0.0835510075   0.0088974256  -0.0146426966
        0.0300314856  -0.0054840468   0.0060509815  -0.0180826008
       -0.0036707553   0.0008195106  -0.0014981731  -0.0703555921   0.0713141648
       -0.2298646008   0.0004407390   0.0000100900   0.0007782059  -0.0005866648
       -0.0002034763   0.0013791171   0.0002052137  -0.0003369035   0.0002061719
        0.0827665241  -0.0835510075   0.2637565717  -0.0016095358   0.0045718753
       -0.0070347750  -0.0071899288   0.0073757466  -0.0277225178
       -0.0164620789  -0.0298077935   0.0046134716  -0.0688844659  -0.0742629343
        0.0114904219   0.0009172859  -0.0004717142  -0.0000656645   0.0009170500
       -0.0004291670   0.0002051137  -0.0075065779  -0.0006232613   0.0000960224
        0.0037689175   0.0088974256  -0.0016095358   0.0834811010   0.0877302450
       -0.0135757245   0.0037687684   0.0089671997  -0.0011541048
       -0.0038913519  -0.0017592026   0.0003698978  -0.0745749042  -0.2525914010
        0.0319646624   0.0003931209   0.0006709227   0.0001921610   0.0002933377
        0.0004192500  -0.0003368159  -0.0006232061   0.0014409972  -0.0000949657
       -0.0034845811  -0.0146426966   0.0045718753   0.0877302450   0.2903801137
       -0.0374511274  -0.0058426603  -0.0239179834   0.0007843125
        0.0006020721   0.0003709801   0.0005684147   0.0115384133   0.0319670331
       -0.0509674066   0.0002712605   0.0004602183  -0.0000451386  -0.0003761268
       -0.0006068109   0.0002059679   0.0000963776  -0.0000947029   0.0008613889
        0.0083418727   0.0300314856  -0.0070347750  -0.0135757245  -0.0374511274
        0.0541701774  -0.0068981450  -0.0246770759   0.0022413713
       -0.0164628574   0.0188992510   0.0235080342  -0.0688852501   0.0470818466
        0.0585664020  -0.0075062541   0.0003947587   0.0004901894   0.0009174338
        0.0001779694   0.0004409451   0.0009170081   0.0003929355   0.0002711406
        0.0037686486  -0.0054840468  -0.0071899288   0.0037687684  -0.0058426603
       -0.0068981450   0.0834825028  -0.0556200541  -0.0691886374
        0.0024668483  -0.0003348239  -0.0011853235   0.0472801258  -0.1290529071
       -0.1032763157   0.0003950388   0.0010847510   0.0002963245   0.0000363428
       -0.0001459537   0.0000100890  -0.0004714965   0.0006705937   0.0004600894
       -0.0030540047   0.0060509815   0.0073757466   0.0089671997  -0.0239179834
       -0.0246770759  -0.0556200541   0.1456453420   0.1209964655
        0.0030684863  -0.0011906785  -0.0008616771   0.0588142045  -0.1032789455
       -0.1744995213   0.0004899641   0.0002965874   0.0012180805  -0.0004742437
        0.0002827461   0.0007785631  -0.0000656286   0.0001921133  -0.0000452742
        0.0085099597  -0.0180826008  -0.0277225178  -0.0011541048   0.0007843125
        0.0022413713  -0.0691886374   0.1209964655   0.1988909754
