$hessian                                                                        
        0.4381803284   0.0468608380  -0.0276219849  -0.0764467519   0.0393542857
        0.0170584530  -0.0035182221   0.0076150314   0.0036652838   0.0070452707
       -0.0026659413  -0.0028349998   0.0003392573  -0.0006090317  -0.0001229058
        0.0039695532   0.0009344388   0.0000919787  -0.0002354326  -0.0001026510
       -0.0001450319  -0.0371582627  -0.0183697256  -0.0030290160  -0.0033396553
       -0.0038646537   0.0004933824  -0.1613825387   0.0007175294  -0.0681721303
       -0.0010758859   0.0007986263  -0.0023272706  -0.0012855606   0.0005562021
       -0.0001126235  -0.0006065844  -0.0078405746   0.0005587409  -0.0252741558
        0.0226549392  -0.0001305874  -0.0906878702  -0.0906316794   0.0449049491
       -0.0451209859   0.0022014697   0.0401865089   0.0004110929  -0.0003248482
       -0.0000489115   0.0004637856   0.0002381423   0.0001683749  -0.0002582111
        0.0003699606  -0.0002077373  -0.0040191710   0.0021076421  -0.0023744727
        0.0468608380   0.4973016563  -0.0316336972   0.0436364344  -0.1465255567
       -0.0234872666   0.0041945637  -0.0058540023  -0.0038330881   0.0083786578
       -0.0301017892  -0.0021448462   0.0005370012   0.0009143222  -0.0007343587
       -0.0012863027   0.0019100770  -0.0004231035   0.0000066710  -0.0003943359
       -0.0005113115  -0.0255665249  -0.0031799350  -0.0163041070  -0.0042456873
       -0.0032430421   0.0010869781   0.0119241906  -0.0683403287   0.0238604750
        0.0002737976   0.0007354259  -0.0000489139   0.0009067249   0.0006196669
       -0.0002368276  -0.0022991939  -0.0063640660   0.0008620610   0.0032239965
        0.0026122004   0.0020778527  -0.0873296717  -0.1922111499   0.0726058763
        0.0020198863  -0.0471479349  -0.0205375293  -0.0003402268  -0.0000460957
       -0.0001555387  -0.0000471267  -0.0001760995  -0.0000121765  -0.0001018629
       -0.0000890515   0.0000892749  -0.0007461652  -0.0004199614  -0.0005197532
       -0.0276219849  -0.0316336972   0.5090301433   0.0193377563  -0.0244915730
       -0.0732963651   0.0155460564  -0.0262114516  -0.0091262895  -0.0025367286
        0.0071085012   0.0022129401  -0.0002019393   0.0015381380   0.0001780918
       -0.0000474217  -0.0001986129   0.0004393814  -0.0000397247  -0.0003207927
       -0.0004236609   0.0036948167  -0.0095644277   0.0084075846   0.0003983108
        0.0013992422   0.0011463092  -0.0794308835   0.0150896209  -0.1109046136
        0.0003208519   0.0008698994  -0.0001824084  -0.0000694572   0.0004127746
       -0.0006440162  -0.0000286754   0.0027029264   0.0001518501  -0.0118396519
        0.0119496404   0.0028508594   0.0419810096   0.0693058369  -0.0770253697
        0.0425477664  -0.0186987810  -0.2528270773   0.0005194304  -0.0003383197
        0.0002535206   0.0001220297  -0.0000482624   0.0001924688  -0.0000672748
        0.0001370866   0.0000161685  -0.0025842862   0.0009922515  -0.0004495170
       -0.0764467519   0.0436364344   0.0193377563   0.4606842041  -0.0167622493
       -0.0079949886  -0.0474282361   0.0028474615   0.0415997368  -0.0806271055
       -0.0477683863   0.0243685385  -0.0035758541  -0.0045964590   0.0040080756
       -0.0208278040  -0.0171872759   0.0033373776   0.0005496413  -0.0002542749
        0.0006000605   0.0005421552   0.0021507994   0.0010319679   0.0004867816
       -0.0001326973  -0.0001316140  -0.0347898973   0.0230647602  -0.0072992366
        0.0007948171  -0.0006594038  -0.0005545275  -0.0041416851  -0.0004788919
       -0.0017833135   0.0036668141   0.0174914543  -0.0018764874  -0.1785925300
        0.0004236588  -0.0627450100   0.0067016703  -0.0101093084  -0.0019128716
       -0.0030940998   0.0070731087   0.0047403150  -0.0005908823   0.0000796315
        0.0003537098  -0.0001619278  -0.0004475676  -0.0000746445   0.0017396023
        0.0013461000  -0.0008060329  -0.0248889120   0.0002831057  -0.0141988113
        0.0393542857  -0.1465255567  -0.0244915730  -0.0167622493   0.4354258238
        0.0214202058   0.0034857288  -0.0450009537  -0.0152573141  -0.0370602917
       -0.1071664226   0.0293477419  -0.0031725032  -0.0013028094   0.0033073275
       -0.0076381089  -0.0026498764  -0.0016748413   0.0006337081   0.0000917521
        0.0003671468  -0.0005116646   0.0042359720   0.0007768656  -0.0002190656
       -0.0005077477  -0.0000113247   0.0075150695   0.0003783031   0.0039753926
        0.0001142184  -0.0009004958  -0.0004487878   0.0024914665   0.0022755091
       -0.0002228906  -0.0076771424  -0.0457179702   0.0048996853  -0.0172568098
       -0.0601174985  -0.0263390946   0.0115584944  -0.0268976564  -0.0045748641
        0.0046554623  -0.0065777771  -0.0049639430  -0.0003571260   0.0001109930
        0.0002492695   0.0001879683  -0.0004420544  -0.0000850394   0.0001870323
       -0.0001084364  -0.0001536908   0.0204715273   0.0013969022   0.0138797285
        0.0170584530  -0.0234872666  -0.0732963651  -0.0079949886   0.0214202058
        0.5190347994   0.0430420536  -0.0161527564  -0.2428670938   0.0251939119
        0.0272825794  -0.0810065252   0.0197968750   0.0224296313  -0.0161475778
       -0.0058633686  -0.0074833003   0.0034417792  -0.0015467119  -0.0008983697
       -0.0003480448  -0.0000036606   0.0001949028   0.0014007191  -0.0000608245
       -0.0000699128  -0.0000453489  -0.0162340094   0.0133794608   0.0007665328
        0.0000316478  -0.0001050127  -0.0006060117  -0.0041025460  -0.0015464103
       -0.0002803580  -0.0040753143  -0.0047363213   0.0046531616  -0.0866945622
       -0.0191830633  -0.1116357853  -0.0042530120   0.0093189277   0.0022674902
        0.0160428689  -0.0265951660  -0.0110015162   0.0001414618   0.0000683701
        0.0000676588   0.0000797568   0.0000335682   0.0001350952  -0.0003453538
        0.0012929097   0.0004230146   0.0097873232   0.0048370236   0.0050443760
       -0.0035182221   0.0041945637   0.0155460564  -0.0474282361   0.0034857288
        0.0430420536   0.0652853600  -0.0024447725  -0.0383002970  -0.0044537495
       -0.0005315061   0.0171672591  -0.0018461531  -0.0027471107   0.0015016426
        0.0003467089  -0.0001967271   0.0017733454  -0.0005736576  -0.0005766120
       -0.0004757994  -0.0004152836  -0.0000493301   0.0008571143  -0.0000238237
        0.0000116536  -0.0000258998   0.0016044387  -0.0008946857  -0.0003734560
        0.0000103640   0.0000262894  -0.0006464273   0.0002868465   0.0004348237
       -0.0007063398   0.0007605484   0.0005319274  -0.0010967867  -0.0096010410
       -0.0034438890  -0.0365130846   0.0004918576  -0.0007337599  -0.0001604625
       -0.0015179830   0.0028119895   0.0005646198   0.0001152843  -0.0000159287
        0.0000004756   0.0000808604   0.0000532663   0.0001225341  -0.0003068460
        0.0000169745  -0.0000681277   0.0007027269   0.0000671050  -0.0022084202
        0.0076150314  -0.0058540023  -0.0262114516   0.0028474615  -0.0450009537
       -0.0161527564  -0.0024447725   0.0523215199   0.0198909220  -0.0082804439
       -0.0008091742   0.0237059013  -0.0028951214  -0.0035319995   0.0019266292
        0.0004711917   0.0001953670   0.0008759523  -0.0003412766  -0.0000142814
       -0.0001753678   0.0000294287  -0.0004997420  -0.0003138367   0.0000013248
       -0.0000438138  -0.0000058588  -0.0012238674   0.0014125223   0.0009260777
       -0.0000307237   0.0000335744   0.0000885525   0.0001622534   0.0000985525
       -0.0003349476   0.0009158881   0.0021117146  -0.0009628989   0.0002539045
        0.0023287109  -0.0029082469  -0.0000694974   0.0007717170  -0.0008181297
        0.0031101006  -0.0042783028  -0.0015036283   0.0000888222   0.0000635663
        0.0000365356   0.0000136483   0.0000341248   0.0001034124  -0.0002148809
       -0.0002119532   0.0001597240  -0.0000084713   0.0008728529   0.0016734157
        0.0036652838  -0.0038330881  -0.0091262895   0.0415997368  -0.0152573141
       -0.2428670938  -0.0383002970   0.0198909220   0.2907384695   0.0073267669
        0.0015711114  -0.0164641547   0.0015069236   0.0021737392  -0.0008317846
       -0.0005737173  -0.0003245381  -0.0001022288   0.0001625627   0.0001281279
        0.0005977634   0.0006114791  -0.0001720083  -0.0009476994  -0.0000562896
       -0.0000210699   0.0000483322  -0.0001639990   0.0007803143   0.0013113416
        0.0000895831   0.0000076284   0.0005435793  -0.0002733775  -0.0002029904
        0.0004970920  -0.0015177760  -0.0007549148   0.0016278746  -0.0138983488
       -0.0021862695  -0.0264303063  -0.0003484554   0.0002099763   0.0003534001
        0.0004175232  -0.0014278643   0.0001364826  -0.0001404158  -0.0000239438
       -0.0000454038   0.0000001622  -0.0000537341  -0.0001772145   0.0002523848
        0.0001087806  -0.0004119691  -0.0003597299  -0.0006128649   0.0015498092
        0.0070452707   0.0083786578  -0.0025367286  -0.0806271055  -0.0370602917
        0.0251939119  -0.0044537495  -0.0082804439   0.0073267669   0.4529605582
       -0.0063463348   0.0025528233  -0.0480329298  -0.0002210411   0.0307008549
       -0.1323801858  -0.0019709917  -0.0508173991  -0.0003046179   0.0004743770
       -0.0027310597  -0.0155799488   0.0121633293  -0.0054098331  -0.0006926509
        0.0012826465   0.0003695194  -0.0010746760  -0.0031614118   0.0003903902
        0.0004438275  -0.0007135202  -0.0015289507  -0.0371099249  -0.0157049905
       -0.0056198294  -0.0839116652   0.0455951989  -0.0015154422  -0.0389862261
       -0.0259836377  -0.0046805155  -0.0013889703   0.0030613045   0.0001628674
        0.0002576948   0.0009119142  -0.0004081642  -0.0006494349  -0.0002735754
        0.0002539681   0.0013505005   0.0005589459   0.0008398806  -0.0155896618
        0.0283756369   0.0071074890  -0.0012761043  -0.0010857722   0.0003494508
       -0.0026659413  -0.0301017892   0.0071085012  -0.0477683863  -0.1071664226
        0.0272825794  -0.0005315061  -0.0008091742   0.0015711114  -0.0063463348
        0.4437910549   0.0107015264  -0.0013592771  -0.0392936339  -0.0111990408
        0.0117691044  -0.0527336747   0.0002613625  -0.0043890420   0.0013217850
       -0.0047470341   0.0228472561  -0.0053214233   0.0104858796   0.0025483599
       -0.0043570003  -0.0003179125  -0.0037911686   0.0023949706  -0.0010914250
       -0.0007553374   0.0004147440   0.0006292065  -0.0331659525  -0.0124050385
       -0.0046663484   0.0663819377  -0.1855857811  -0.0351528853  -0.0078219582
       -0.0043544330  -0.0008398501   0.0016323881  -0.0030253766  -0.0005680475
       -0.0007998359   0.0004616017   0.0006836825   0.0003456641   0.0001444289
       -0.0000965351  -0.0033260986   0.0002228462  -0.0006799472   0.0066922752
       -0.0051310020   0.0012356214   0.0005038534   0.0015333182  -0.0006004449
       -0.0028349998  -0.0021448462   0.0022129401   0.0243685385   0.0293477419
       -0.0810065252   0.0171672591   0.0237059013  -0.0164641547   0.0025528233
        0.0107015264   0.5186962533   0.0306044841  -0.0116148975  -0.2473101744
       -0.0488630408  -0.0037824910  -0.1007401518  -0.0268349548   0.0007325541
       -0.0231924413   0.0013042073   0.0038594916   0.0060003165   0.0007276337
       -0.0011346564   0.0004872893   0.0003805039  -0.0005805573  -0.0000775701
        0.0004542491  -0.0001510776  -0.0029060590   0.0104392082   0.0020137797
        0.0061145926   0.0116506026  -0.0527510635  -0.0731160218  -0.0168043329
       -0.0129987305   0.0038170290   0.0004457412  -0.0012572100   0.0003156656
       -0.0000527434  -0.0019012850   0.0003340760   0.0007916130  -0.0002704107
        0.0005339859  -0.0001720737  -0.0002763978   0.0017496498  -0.0058085515
        0.0188109996   0.0039862799   0.0004838331  -0.0003083711   0.0005650200
        0.0003392573   0.0005370012  -0.0002019393  -0.0035758541  -0.0031725032
        0.0197968750  -0.0018461531  -0.0028951214   0.0015069236  -0.0480329298
       -0.0013592771   0.0306044841   0.0582573913  -0.0072014876  -0.0397690067
        0.0008853778  -0.0010026107  -0.0266829902  -0.0046121325   0.0001856092
       -0.0032939264   0.0008294769  -0.0004464098  -0.0007398433   0.0001860383
       -0.0001279832   0.0003429463  -0.0003368034  -0.0001098858   0.0000453350
        0.0001553607   0.0000801432   0.0003487334   0.0023319720   0.0008304907
        0.0010917605  -0.0048995068   0.0127175074   0.0163841658   0.0015438281
        0.0016503962  -0.0006043461  -0.0000602313   0.0001299260  -0.0000943249
        0.0002978841   0.0000181509  -0.0001027674  -0.0010746940  -0.0000956145
       -0.0002530771  -0.0002698517  -0.0000491871  -0.0002353402  -0.0000140615
        0.0005869452   0.0016687141  -0.0001043683  -0.0002760896   0.0001876237
       -0.0006090317   0.0009143222   0.0015381380  -0.0045964590  -0.0013028094
        0.0224296313  -0.0027471107  -0.0035319995   0.0021737392  -0.0002210411
       -0.0392936339  -0.0116148975  -0.0072014876   0.0603653729   0.0210565248
       -0.0007937104   0.0009210711  -0.0007164294   0.0001703395   0.0001836310
        0.0001969323   0.0001702262   0.0004042782   0.0009199561  -0.0001225447
       -0.0000309957  -0.0001522543  -0.0000828487  -0.0002103588  -0.0003182037
       -0.0001654318  -0.0000723791  -0.0002075019   0.0005119884   0.0001861561
       -0.0002379746   0.0138666013  -0.0189097340  -0.0327456170   0.0011752273
        0.0011016071  -0.0009396293   0.0000739345   0.0002183374  -0.0002838652
       -0.0000333456  -0.0008664256  -0.0002090658   0.0002464775   0.0001892660
        0.0000513474  -0.0000943420  -0.0003755707  -0.0003821386   0.0002730793
        0.0004334331  -0.0005510415   0.0001794792  -0.0003235682  -0.0000076504
       -0.0001229058  -0.0007343587   0.0001780918   0.0040080756   0.0033073275
       -0.0161475778   0.0015016426   0.0019266292  -0.0008317846   0.0307008549
       -0.0111990408  -0.2473101744  -0.0397690067   0.0210565248   0.2902803415
       -0.0017545860  -0.0000004652  -0.0204478947  -0.0028392874  -0.0000264594
       -0.0017558935   0.0003576536  -0.0003265593  -0.0015299417   0.0003189510
       -0.0001688307   0.0001439974  -0.0003023882   0.0002729614   0.0000579860
        0.0009590807  -0.0005556813   0.0013339552   0.0014322043   0.0003118367
        0.0022156108   0.0076887714  -0.0126843776  -0.0091952343  -0.0005357728
       -0.0012239143   0.0015601434  -0.0000419009  -0.0002643583   0.0002345472
       -0.0000625623   0.0004750896   0.0004299947  -0.0007087826   0.0000966907
       -0.0000204319  -0.0001754080  -0.0003192633  -0.0006528288  -0.0005472683
       -0.0002268887   0.0016644327  -0.0001073651   0.0002831376  -0.0002073390
        0.0039695532  -0.0012863027  -0.0000474217  -0.0208278040  -0.0076381089
       -0.0058633686   0.0003467089   0.0004711917  -0.0005737173  -0.1323801858
        0.0117691044  -0.0488630408   0.0008853778  -0.0007937104  -0.0017545860
        0.4515935629  -0.0022952857  -0.0205457913  -0.0441493931   0.0077517050
        0.0258808711  -0.0846065596   0.0417125873  -0.0018655729  -0.0162558097
        0.0244921524  -0.0008114291   0.0035777712  -0.0228869244   0.0002621396
       -0.0063156784   0.0098776485   0.0166016488  -0.1397548446  -0.0798317456
        0.0508681088  -0.0250749019   0.0098264362  -0.0096057776  -0.0000590149
       -0.0017798579   0.0010893333  -0.0003427328   0.0002518118  -0.0000732884
       -0.0003319383  -0.0001093416  -0.0001513201   0.0003748758   0.0014782115
        0.0021701321   0.0128482150   0.0059416556  -0.0062829385  -0.0032246104
        0.0030722681  -0.0003638142  -0.0002725912  -0.0000234954  -0.0000701671
        0.0009344388   0.0019100770  -0.0001986129  -0.0171872759  -0.0026498764
       -0.0074833003  -0.0001967271   0.0001953670  -0.0003245381  -0.0019709917
       -0.0527336747  -0.0037824910  -0.0010026107   0.0009210711  -0.0000004652
       -0.0022952857   0.4616890234   0.0033001076   0.0074807438  -0.0454969623
       -0.0345873428   0.0476174287  -0.1196316589  -0.0171746206   0.0063098209
       -0.0060107800   0.0003141562  -0.0028948027  -0.0412176072   0.0037969944
        0.0074282607  -0.0096150939  -0.0120093204  -0.0528070427  -0.1409594792
        0.0392983869   0.0305260155  -0.0112879247   0.0150342212  -0.0039532536
       -0.0027431400   0.0004949970   0.0003503589   0.0003651853   0.0000687081
       -0.0000369335  -0.0002393080  -0.0000191003  -0.0013055378   0.0016523319
        0.0011718722  -0.0212386526  -0.0293068771   0.0131383710   0.0046839206
       -0.0046225712  -0.0010002499  -0.0004418738  -0.0002181021  -0.0000377732
        0.0000919787  -0.0004231035   0.0004393814   0.0033373776  -0.0016748413
        0.0034417792   0.0017733454   0.0008759523  -0.0001022288  -0.0508173991
        0.0002613625  -0.1007401518  -0.0266829902  -0.0007164294  -0.0204478947
       -0.0205457913   0.0033001076   0.5163733648   0.0272913967  -0.0329339366
       -0.2421271931  -0.0015859902  -0.0094192622  -0.0555232702  -0.0089409806
        0.0123700403   0.0017494302   0.0012636285   0.0119629971   0.0014861075
        0.0235610460  -0.0315322415  -0.0313581893   0.0443539076   0.0446051273
       -0.0767861305   0.0032433998   0.0025641007   0.0034966763   0.0034594256
        0.0017863147   0.0008920811   0.0000512507   0.0000672920  -0.0000285493
        0.0000416494  -0.0001870634  -0.0002703704   0.0015790689  -0.0020985491
       -0.0006926105  -0.0016042231   0.0022405086  -0.0009550424   0.0002166188
       -0.0010801112   0.0009869936  -0.0000867190   0.0000317350   0.0001658171
       -0.0002354326   0.0000066710  -0.0000397247   0.0005496413   0.0006337081
       -0.0015467119  -0.0005736576  -0.0003412766   0.0001625627  -0.0003046179
       -0.0043890420  -0.0268349548  -0.0046121325   0.0001703395  -0.0028392874
       -0.0441493931   0.0074807438   0.0272913967   0.0606552054  -0.0005910119
       -0.0393568778  -0.0017741352   0.0033074911   0.0128884889  -0.0000278664
        0.0000164701   0.0006184538   0.0004291221  -0.0002104064  -0.0004036854
       -0.0016627137   0.0034273149   0.0027743537  -0.0105854492  -0.0083007280
        0.0259542966   0.0014077221  -0.0008481262   0.0011701006   0.0002463556
       -0.0001030527   0.0005192206  -0.0000462189   0.0000151438  -0.0000125762
       -0.0001543654   0.0000943824   0.0000918366   0.0000856558  -0.0003451052
       -0.0002015443   0.0004152772   0.0000705509  -0.0002377726   0.0003344070
       -0.0001689941   0.0000641506   0.0000025959   0.0000749277  -0.0000617257
       -0.0001026510  -0.0003943359  -0.0003207927  -0.0002542749   0.0000917521
       -0.0008983697  -0.0005766120  -0.0000142814   0.0001281279   0.0004743770
        0.0013217850   0.0007325541   0.0001856092   0.0001836310  -0.0000264594
        0.0077517050  -0.0454969623  -0.0329339366  -0.0005910119   0.0565717339
        0.0302361790   0.0042938802  -0.0041441836  -0.0229879004  -0.0002997205
        0.0007038520  -0.0004083677  -0.0002847175   0.0013171848   0.0005609128
        0.0038692166  -0.0058977731  -0.0045700874  -0.0138583553  -0.0048098170
        0.0280479261  -0.0004519439   0.0004355426   0.0001524077   0.0003235948
       -0.0000948614   0.0003504529   0.0000424736  -0.0000210596   0.0000198428
        0.0001342265   0.0000850300   0.0002025024  -0.0003153712  -0.0001483761
        0.0002337066  -0.0002842166   0.0002793990   0.0015322361  -0.0000737160
       -0.0000191542  -0.0000504978   0.0000175080   0.0000508943  -0.0000004369
       -0.0001450319  -0.0005113115  -0.0004236609   0.0006000605   0.0003671468
       -0.0003480448  -0.0004757994  -0.0001753678   0.0005977634  -0.0027310597
       -0.0047470341  -0.0231924413  -0.0032939264   0.0001969323  -0.0017558935
        0.0258808711  -0.0345873428  -0.2421271931  -0.0393568778   0.0302361790
        0.2888660428   0.0019127089  -0.0022079225  -0.0087967143   0.0000083839
        0.0003754131   0.0004647431  -0.0006801759   0.0001922494   0.0009818938
        0.0015040559  -0.0019822655  -0.0002288831   0.0148534125   0.0119742643
       -0.0170039038   0.0005398571  -0.0000084051   0.0017706255   0.0003226130
       -0.0000658980   0.0006024213   0.0000469607   0.0000538972   0.0000073678
        0.0000310599   0.0002124452   0.0001737238  -0.0002642764   0.0004768348
        0.0000658867   0.0004377937   0.0001740398   0.0002141437   0.0007909386
       -0.0000195826   0.0002443032   0.0000184319   0.0000457281  -0.0001121805
       -0.0371582627  -0.0255665249   0.0036948167   0.0005421552  -0.0005116646
       -0.0000036606  -0.0004152836   0.0000294287   0.0006114791  -0.0155799488
        0.0228472561   0.0013042073   0.0008294769   0.0001702262   0.0003576536
       -0.0846065596   0.0476174287  -0.0015859902  -0.0017741352   0.0042938802
        0.0019127089   0.4908026040   0.0091913887   0.0577672495  -0.1760909451
        0.0216229619  -0.0975636741  -0.1045181854  -0.0528939434   0.0024854769
       -0.0615071819  -0.0039540230   0.0159164834   0.0047871916  -0.0190910853
        0.0010696983  -0.0057298513  -0.0006385356  -0.0028899691   0.0013418205
       -0.0002162703   0.0007640543  -0.0060100014  -0.0010527353  -0.0028758149
        0.0018725375   0.0001991996   0.0011205519  -0.0042365999  -0.0014146433
        0.0168330306  -0.0014169013  -0.0023665704   0.0013718214  -0.0010688213
        0.0017990595  -0.0001215082  -0.0000631083  -0.0000648334  -0.0001686149
       -0.0183697256  -0.0031799350  -0.0095644277   0.0021507994   0.0042359720
        0.0001949028  -0.0000493301  -0.0004997420  -0.0001720083   0.0121633293
       -0.0053214233   0.0038594916  -0.0004464098   0.0004042782  -0.0003265593
        0.0417125873  -0.1196316589  -0.0094192622   0.0033074911  -0.0041441836
       -0.0022079225   0.0091913887   0.4423721145  -0.0142818669   0.0176129321
       -0.0436631364   0.0117647597  -0.0660649071  -0.1657578004   0.0440824948
        0.0071883742  -0.0745081118  -0.0537561204   0.0035147909  -0.0301297707
        0.0009316773  -0.0026380293   0.0010720285  -0.0004236889  -0.0012768567
       -0.0021583442  -0.0004208383  -0.0013353883   0.0003745342  -0.0005275203
        0.0002011315   0.0005471512   0.0009830872  -0.0063413310   0.0035229041
        0.0294870220  -0.0011351090  -0.0042084391   0.0000580908   0.0000094181
        0.0005561028  -0.0001953789   0.0006048443   0.0001174599  -0.0000659324
       -0.0030290160  -0.0163041070   0.0084075846   0.0010319679   0.0007768656
        0.0014007191   0.0008571143  -0.0003138367  -0.0009476994  -0.0054098331
        0.0104858796   0.0060003165  -0.0007398433   0.0009199561  -0.0015299417
       -0.0018655729  -0.0171746206  -0.0555232702   0.0128884889  -0.0229879004
       -0.0087967143   0.0577672495  -0.0142818669   0.4589831059  -0.0944832027
        0.0121165290  -0.1001050226   0.0091479146   0.0487669159  -0.0791527811
        0.0292141823  -0.0201356346  -0.2072151705  -0.0011189552   0.0083581538
       -0.0037399065  -0.0032535250   0.0014018816  -0.0031676231  -0.0004712975
        0.0002164941  -0.0012817765  -0.0032415226  -0.0000563341  -0.0012433281
       -0.0014588635  -0.0015626998  -0.0006314058   0.0037761029   0.0074166578
       -0.0129119267   0.0012062297   0.0018072732   0.0006506807  -0.0009952156
        0.0006958642   0.0005488183   0.0001775974  -0.0001454707   0.0002553415
       -0.0033396553  -0.0042456873   0.0003983108   0.0004867816  -0.0002190656
       -0.0000608245  -0.0000238237   0.0000013248  -0.0000562896  -0.0006926509
        0.0025483599   0.0007276337   0.0001860383  -0.0001225447   0.0003189510
       -0.0162558097   0.0063098209  -0.0089409806  -0.0000278664  -0.0002997205
        0.0000083839  -0.1760909451   0.0176129321  -0.0944832027   0.2145033545
       -0.0138732542   0.1112922551  -0.0276703736  -0.0069381549  -0.0104823008
        0.0090763528  -0.0005639219   0.0009331462   0.0008305980  -0.0004158384
        0.0004237922  -0.0008175883   0.0004286863  -0.0003153909   0.0002203917
       -0.0000493544   0.0000422091  -0.0008647169   0.0000387942  -0.0005103741
        0.0002448170   0.0001090348   0.0005470024   0.0002217841  -0.0001697141
        0.0002074082   0.0000638195  -0.0002377378  -0.0001213618  -0.0001368183
        0.0000366146   0.0000200687   0.0000863106   0.0000494264   0.0000515638
       -0.0038646537  -0.0032430421   0.0013992422  -0.0001326973  -0.0005077477
       -0.0000699128   0.0000116536  -0.0000438138  -0.0000210699   0.0012826465
       -0.0043570003  -0.0011346564  -0.0001279832  -0.0000309957  -0.0001688307
        0.0244921524  -0.0060107800   0.0123700403   0.0000164701   0.0007038520
        0.0003754131   0.0216229619  -0.0436631364   0.0121165290  -0.0138732542
        0.0538996780  -0.0107440381  -0.0268662227  -0.0022788185  -0.0124864230
       -0.0024809705   0.0042248423  -0.0021054416  -0.0007180029   0.0012998213
       -0.0006013629   0.0015849108  -0.0003291911   0.0007252663   0.0000493116
        0.0002296544  -0.0000472348  -0.0010671130  -0.0000639631  -0.0005394134
        0.0002278675  -0.0000205775   0.0002429349  -0.0003111329   0.0002967924
        0.0005736938  -0.0000585170   0.0002514526   0.0000352332   0.0003308927
       -0.0003380037   0.0000309492  -0.0001183198  -0.0000190229   0.0000490814
        0.0004933824   0.0010869781   0.0011463092  -0.0001316140  -0.0000113247
       -0.0000453489  -0.0000258998  -0.0000058588   0.0000483322   0.0003695194
       -0.0003179125   0.0004872893   0.0003429463  -0.0001522543   0.0001439974
       -0.0008114291   0.0003141562   0.0017494302   0.0006184538  -0.0004083677
        0.0004647431  -0.0975636741   0.0117647597  -0.1001050226   0.1112922551
       -0.0107440381   0.1395810654   0.0024394095  -0.0014474556   0.0036837894
       -0.0180584921   0.0000868774  -0.0469575299   0.0003729804  -0.0000196167
        0.0002935437   0.0000176773  -0.0000071522   0.0001616769   0.0000978632
       -0.0000429483   0.0000848016   0.0002917915   0.0000529370   0.0001412077
        0.0005329394   0.0001843081   0.0001360647  -0.0005092065  -0.0000548792
       -0.0008217821   0.0001030952  -0.0002569265  -0.0001566212   0.0001063678
       -0.0000528484  -0.0000338186   0.0000216343   0.0000315663  -0.0000021276
       -0.1613825387   0.0119241906  -0.0794308835  -0.0347898973   0.0075150695
       -0.0162340094   0.0016044387  -0.0012238674  -0.0001639990  -0.0010746760
       -0.0037911686   0.0003805039  -0.0003368034  -0.0000828487  -0.0003023882
        0.0035777712  -0.0028948027   0.0012636285   0.0004291221  -0.0002847175
       -0.0006801759  -0.1045181854  -0.0660649071   0.0091479146  -0.0276703736
       -0.0268662227   0.0024394095   0.3741720926   0.0956381353   0.0814502261
       -0.0111373658  -0.0186994763   0.0244905685   0.0018379380   0.0010396685
       -0.0006239848   0.0013617777   0.0014806702   0.0000101132  -0.0057013557
        0.0076138737   0.0010341403  -0.0235546302  -0.0060312557  -0.0087922361
       -0.0088391151  -0.0009378509  -0.0163944847  -0.0021676321   0.0019521197
        0.0033029953  -0.0003333860  -0.0001297791  -0.0001617044   0.0000303468
       -0.0007905590   0.0003009153  -0.0015075276   0.0006337283  -0.0010365490
        0.0007175294  -0.0683403287   0.0150896209   0.0230647602   0.0003783031
        0.0133794608  -0.0008946857   0.0014125223   0.0007803143  -0.0031614118
        0.0023949706  -0.0005805573  -0.0001098858  -0.0002103588   0.0002729614
       -0.0228869244  -0.0412176072   0.0119629971  -0.0002104064   0.0013171848
        0.0001922494  -0.0528939434  -0.1657578004   0.0487669159  -0.0069381549
       -0.0022788185  -0.0014474556   0.0956381353   0.2953591267  -0.0977384952
       -0.0126338031  -0.0067774061   0.0201137632   0.0039505052  -0.0119406500
       -0.0000056305   0.0005934710   0.0012524089  -0.0002923791   0.0063385598
       -0.0044222057  -0.0004060090  -0.0252737736  -0.0024764458  -0.0120892184
       -0.0031020050   0.0026132252  -0.0020479638  -0.0015933949   0.0012716004
        0.0023189279  -0.0015646863  -0.0020488005   0.0007611359  -0.0001805935
        0.0000061022   0.0001263025   0.0011407080  -0.0005350225   0.0008430596
       -0.0681721303   0.0238604750  -0.1109046136  -0.0072992366   0.0039753926
        0.0007665328  -0.0003734560   0.0009260777   0.0013113416   0.0003903902
       -0.0010914250  -0.0000775701   0.0000453350  -0.0003182037   0.0000579860
        0.0002621396   0.0037969944   0.0014861075  -0.0004036854   0.0005609128
        0.0009818938   0.0024854769   0.0440824948  -0.0791527811  -0.0104823008
       -0.0124864230   0.0036837894   0.0814502261  -0.0977384952   0.2264852924
        0.0291601918   0.0356793780  -0.0200732574   0.0000005885   0.0000698896
        0.0017093749  -0.0000717965   0.0001872549   0.0003907395   0.0000263102
        0.0002901797   0.0018375797   0.0069275305  -0.0007955741   0.0057075640
       -0.0379992176  -0.0009155612  -0.0253368287   0.0041895451  -0.0004370076
       -0.0082444131   0.0000195346   0.0001024990  -0.0002775017   0.0002071108
       -0.0001389854  -0.0000871852  -0.0003625562   0.0003901268  -0.0002640508
       -0.0010758859   0.0002737976   0.0003208519   0.0007948171   0.0001142184
        0.0000316478   0.0000103640  -0.0000307237   0.0000895831   0.0004438275
       -0.0007553374   0.0004542491   0.0001553607  -0.0001654318   0.0009590807
       -0.0063156784   0.0074282607   0.0235610460  -0.0016627137   0.0038692166
        0.0015040559  -0.0615071819   0.0071883742   0.0292141823   0.0090763528
       -0.0024809705  -0.0180584921  -0.0111373658  -0.0126338031   0.0291601918
        0.1466704225   0.1564926612  -0.1060847973   0.0031609387  -0.0012877755
       -0.0005554582  -0.0000862761   0.0009135822   0.0006038625  -0.0004679562
       -0.0002937264  -0.0001576685   0.0006568547   0.0002100285   0.0005626468
       -0.0006291438   0.0002153930   0.0009490958  -0.0781725751  -0.1580952851
        0.0379461148  -0.0003902445  -0.0007223980  -0.0004734545   0.0002066173
       -0.0003876537  -0.0001024556   0.0002694663   0.0001475729   0.0000757179
        0.0007986263   0.0007354259   0.0008698994  -0.0006594038  -0.0009004958
       -0.0001050127   0.0000262894   0.0000335744   0.0000076284  -0.0007135202
        0.0004147440  -0.0001510776   0.0000801432  -0.0000723791  -0.0005556813
        0.0098776485  -0.0096150939  -0.0315322415   0.0034273149  -0.0058977731
       -0.0019822655  -0.0039540230  -0.0745081118  -0.0201356346  -0.0005639219
        0.0042248423   0.0000868774  -0.0186994763  -0.0067774061   0.0356793780
        0.1564926612   0.4312020085  -0.0342041105   0.0015406942  -0.0022827887
       -0.0038203063   0.0001939857   0.0003184074  -0.0004550247   0.0006058348
        0.0005537221   0.0001865752   0.0004805202   0.0001859510  -0.0001776261
       -0.0002479033  -0.0002659326  -0.0003769359  -0.1485223588  -0.3381151632
        0.0571580576   0.0001446264   0.0008151686  -0.0007564779  -0.0000966869
        0.0000661367   0.0002579320  -0.0002110504  -0.0001148363   0.0000060467
       -0.0023272706  -0.0000489139  -0.0001824084  -0.0005545275  -0.0004487878
       -0.0006060117  -0.0006464273   0.0000885525   0.0005435793  -0.0015289507
        0.0006292065  -0.0029060590   0.0003487334  -0.0002075019   0.0013339552
        0.0166016488  -0.0120093204  -0.0313581893   0.0027743537  -0.0045700874
       -0.0002288831   0.0159164834  -0.0537561204  -0.2072151705   0.0009331462
       -0.0021054416  -0.0469575299   0.0244905685   0.0201137632  -0.0200732574
       -0.1060847973  -0.0342041105   0.3539091850  -0.0019798464   0.0024471190
        0.0045842246  -0.0001742848  -0.0000563859   0.0015490922   0.0007563541
       -0.0000136627   0.0010359154  -0.0004680533  -0.0003061562   0.0002505747
        0.0011538615   0.0002630649   0.0015937163   0.0505898192   0.0831809881
       -0.0541949415  -0.0000485318   0.0009541255  -0.0006445746   0.0004372734
       -0.0000048581  -0.0001879083  -0.0001895524   0.0000545271  -0.0002453089
       -0.0012855606   0.0009067249  -0.0000694572  -0.0041416851   0.0024914665
       -0.0041025460   0.0002868465   0.0001622534  -0.0002733775  -0.0371099249
       -0.0331659525   0.0104392082   0.0023319720   0.0005119884   0.0014322043
       -0.1397548446  -0.0528070427   0.0443539076  -0.0105854492  -0.0138583553
        0.0148534125   0.0047871916   0.0035147909  -0.0011189552   0.0008305980
       -0.0007180029   0.0003729804   0.0018379380   0.0039505052   0.0000005885
        0.0031609387   0.0015406942  -0.0019798464   0.3369301447  -0.0753863984
       -0.0843809995   0.0011558581  -0.0003214001   0.0010237549  -0.0048536223
       -0.0030694720  -0.0009967112   0.0001021695   0.0000432023   0.0000608910
        0.0000301674   0.0000595257   0.0000519268  -0.0017788346  -0.0011879748
       -0.0008929294  -0.1531356392   0.1682797834   0.0209763851   0.0006731509
       -0.0009704614   0.0001665197   0.0005185853   0.0000241252   0.0000830436
        0.0005562021   0.0006196669   0.0004127746  -0.0004788919   0.0022755091
       -0.0015464103   0.0004348237   0.0000985525  -0.0002029904  -0.0157049905
       -0.0124050385   0.0020137797   0.0008304907   0.0001861561   0.0003118367
       -0.0798317456  -0.1409594792   0.0446051273  -0.0083007280  -0.0048098170
        0.0119742643  -0.0190910853  -0.0301297707   0.0083581538  -0.0004158384
        0.0012998213  -0.0000196167   0.0010396685  -0.0119406500   0.0000698896
       -0.0012877755  -0.0022827887   0.0024471190  -0.0753863984   0.5099644736
       -0.0562442836   0.0030784968   0.0039044638   0.0003934437  -0.0023223518
       -0.0010710905  -0.0007172013   0.0001492585   0.0002013408   0.0000553788
        0.0000705799   0.0001174990   0.0000504204   0.0001338400   0.0012110681
       -0.0000454138   0.1960028905  -0.3158239497  -0.0122746190   0.0002413408
       -0.0004113235   0.0001914272   0.0002822139  -0.0000446434   0.0001669199
       -0.0001126235  -0.0002368276  -0.0006440162  -0.0017833135  -0.0002228906
       -0.0002803580  -0.0007063398  -0.0003349476   0.0004970920  -0.0056198294
       -0.0046663484   0.0061145926   0.0010917605  -0.0002379746   0.0022156108
        0.0508681088   0.0392983869  -0.0767861305   0.0259542966   0.0280479261
       -0.0170039038   0.0010696983   0.0009316773  -0.0037399065   0.0004237922
       -0.0006013629   0.0002935437  -0.0006239848  -0.0000056305   0.0017093749
       -0.0005554582  -0.0038203063   0.0045842246  -0.0843809995  -0.0562442836
        0.0927270645  -0.0012387600  -0.0009216762   0.0019072137  -0.0002703779
       -0.0003890530   0.0005650902  -0.0000131450  -0.0000774109   0.0000695469
        0.0000826316   0.0001819512   0.0002132159  -0.0015533156   0.0018296202
       -0.0003975374   0.0170039467  -0.0027476565  -0.0113400481   0.0004068177
        0.0001509736  -0.0005115172  -0.0000429051   0.0000658335  -0.0001931520
       -0.0006065844  -0.0022991939  -0.0000286754   0.0036668141  -0.0076771424
       -0.0040753143   0.0007605484   0.0009158881  -0.0015177760  -0.0839116652
        0.0663819377   0.0116506026  -0.0048995068   0.0138666013   0.0076887714
       -0.0250749019   0.0305260155   0.0032433998   0.0014077221  -0.0004519439
        0.0005398571  -0.0057298513  -0.0026380293  -0.0032535250  -0.0008175883
        0.0015849108   0.0000176773   0.0013617777   0.0005934710  -0.0000717965
       -0.0000862761   0.0001939857  -0.0001742848   0.0011558581   0.0030784968
       -0.0012387600   0.3917187144  -0.1113271302   0.1999649943   0.0034881515
       -0.0022954644   0.0014948495   0.0001915786  -0.0003200230  -0.0001045618
       -0.0000451847  -0.0004628039   0.0000207045   0.0004992552  -0.0000556206
       -0.0001707382   0.0014823409  -0.0006140493   0.0007811610  -0.2857037126
        0.0097456575  -0.2148766001   0.0011425103   0.0012544364   0.0001100148
       -0.0078405746  -0.0063640660   0.0027029264   0.0174914543  -0.0457179702
       -0.0047363213   0.0005319274   0.0021117146  -0.0007549148   0.0455951989
       -0.1855857811  -0.0527510635   0.0127175074  -0.0189097340  -0.0126843776
        0.0098264362  -0.0112879247   0.0025641007  -0.0008481262   0.0004355426
       -0.0000084051  -0.0006385356   0.0010720285   0.0014018816   0.0004286863
       -0.0003291911  -0.0000071522   0.0014806702   0.0012524089   0.0001872549
        0.0009135822   0.0003184074  -0.0000563859  -0.0003214001   0.0039044638
       -0.0009216762  -0.1113271302   0.2931856130   0.0592144416  -0.0013833921
        0.0027060447  -0.0018196881   0.0014428761  -0.0023803654  -0.0002533416
       -0.0002760835   0.0005469730   0.0005627072  -0.0003659146  -0.0005062088
       -0.0000381906   0.0019879919  -0.0000917269   0.0001437673   0.0299573793
       -0.0344364291   0.0069251642   0.0006274469   0.0000762006   0.0003292727
        0.0005587409   0.0008620610   0.0001518501  -0.0018764874   0.0048996853
        0.0046531616  -0.0010967867  -0.0009628989   0.0016278746  -0.0015154422
       -0.0351528853  -0.0731160218   0.0163841658  -0.0327456170  -0.0091952343
       -0.0096057776   0.0150342212   0.0034966763   0.0011701006   0.0001524077
        0.0017706255  -0.0028899691  -0.0004236889  -0.0031676231  -0.0003153909
        0.0007252663   0.0001616769   0.0000101132  -0.0002923791   0.0003907395
        0.0006038625  -0.0004550247   0.0015490922   0.0010237549   0.0003934437
        0.0019072137   0.1999649943   0.0592144416   0.2367079438  -0.0005419468
       -0.0001657106   0.0008286998  -0.0001822519   0.0000662930   0.0002373891
       -0.0001403063   0.0005917625   0.0002265957  -0.0006722611   0.0002105207
       -0.0001983865  -0.0001411352  -0.0007516209  -0.0016487452  -0.2002382749
       -0.0107991191  -0.1656591205  -0.0004997020  -0.0004011587  -0.0007244075
       -0.0252741558   0.0032239965  -0.0118396519  -0.1785925300  -0.0172568098
       -0.0866945622  -0.0096010410   0.0002539045  -0.0138983488  -0.0389862261
       -0.0078219582  -0.0168043329   0.0015438281   0.0011752273  -0.0005357728
       -0.0000590149  -0.0039532536   0.0034594256   0.0002463556   0.0003235948
        0.0003226130   0.0013418205  -0.0012768567  -0.0004712975   0.0002203917
        0.0000493116   0.0000978632  -0.0057013557   0.0063385598   0.0000263102
       -0.0004679562   0.0006058348   0.0007563541  -0.0048536223  -0.0023223518
       -0.0002703779   0.0034881515  -0.0013833921  -0.0005419468   0.4435072318
       -0.1561339394   0.0100047410   0.0007137367  -0.0002448501  -0.0002855084
        0.0009995974  -0.0011370190   0.0002918552   0.0003739458  -0.0002226052
       -0.0004456736   0.0003077403   0.0006587752   0.0000086256  -0.0001572285
        0.0001105872   0.0002459152  -0.1890496689   0.1790132442   0.1165737696
        0.0226549392   0.0026122004   0.0119496404   0.0004236588  -0.0601174985
       -0.0191830633  -0.0034438890   0.0023287109  -0.0021862695  -0.0259836377
       -0.0043544330  -0.0129987305   0.0016503962   0.0011016071  -0.0012239143
       -0.0017798579  -0.0027431400   0.0017863147  -0.0001030527  -0.0000948614
       -0.0000658980  -0.0002162703  -0.0021583442   0.0002164941  -0.0000493544
        0.0002296544  -0.0000429483   0.0076138737  -0.0044222057   0.0002901797
       -0.0002937264   0.0005537221  -0.0000136627  -0.0030694720  -0.0010710905
       -0.0003890530  -0.0022954644   0.0027060447  -0.0001657106  -0.1561339394
        0.2508189741   0.1624029163  -0.0008137121   0.0020455676  -0.0001635762
       -0.0008230231   0.0006261882   0.0003667328   0.0003499078  -0.0001061579
       -0.0001024954   0.0003335440   0.0003326854   0.0001121293   0.0008758566
        0.0022042694   0.0001951557   0.1611032231  -0.1904918930  -0.1407842412
       -0.0001305874   0.0020778527   0.0028508594  -0.0627450100  -0.0263390946
       -0.1116357853  -0.0365130846  -0.0029082469  -0.0264303063  -0.0046805155
       -0.0008398501   0.0038170290  -0.0006043461  -0.0009396293   0.0015601434
        0.0010893333   0.0004949970   0.0008920811   0.0005192206   0.0003504529
        0.0006024213   0.0007640543  -0.0004208383  -0.0012817765   0.0000422091
       -0.0000472348   0.0000848016   0.0010341403  -0.0004060090   0.0018375797
       -0.0001576685   0.0001865752   0.0010359154  -0.0009967112  -0.0007172013
        0.0005650902   0.0014948495  -0.0018196881   0.0008286998   0.0100047410
        0.1624029163   0.2295428406   0.0003658026  -0.0005840005   0.0000057222
       -0.0005171985   0.0006743173   0.0006189196  -0.0000377352  -0.0000884557
       -0.0002347549   0.0000213108   0.0001721255  -0.0002217546   0.0000328290
       -0.0009712787  -0.0008264067   0.0910143664  -0.1302777096  -0.1036113190
       -0.0906878702  -0.0873296717   0.0419810096   0.0067016703   0.0115584944
       -0.0042530120   0.0004918576  -0.0000694974  -0.0003484554  -0.0013889703
        0.0016323881   0.0004457412  -0.0000602313   0.0000739345  -0.0000419009
       -0.0003427328   0.0003503589   0.0000512507  -0.0000462189   0.0000424736
        0.0000469607  -0.0060100014  -0.0013353883  -0.0032415226  -0.0008647169
       -0.0010671130   0.0002917915  -0.0235546302  -0.0252737736   0.0069275305
        0.0006568547   0.0004805202  -0.0004680533   0.0001021695   0.0001492585
       -0.0000131450   0.0001915786   0.0014428761  -0.0001822519   0.0007137367
       -0.0008137121   0.0003658026   0.1160164155   0.1059969831  -0.0463471127
       -0.0020365191  -0.0060271361   0.0049035288   0.0000628930   0.0000186063
       -0.0001909795   0.0000181855  -0.0000236312  -0.0000330097   0.0000564244
       -0.0000060439   0.0000455480  -0.0000198949   0.0002000735   0.0000602795
       -0.0906316794  -0.1922111499   0.0693058369  -0.0101093084  -0.0268976564
        0.0093189277  -0.0007337599   0.0007717170   0.0002099763   0.0030613045
       -0.0030253766  -0.0012572100   0.0001299260   0.0002183374  -0.0002643583
        0.0002518118   0.0003651853   0.0000672920   0.0000151438  -0.0000210596
        0.0000538972  -0.0010527353   0.0003745342  -0.0000563341   0.0000387942
       -0.0000639631   0.0000529370  -0.0060312557  -0.0024764458  -0.0007955741
        0.0002100285   0.0001859510  -0.0003061562   0.0000432023   0.0002013408
       -0.0000774109  -0.0003200230  -0.0023803654   0.0000662930  -0.0002448501
        0.0020455676  -0.0005840005   0.1059969831   0.2219160309  -0.0772790221
       -0.0003528271   0.0008077339   0.0013600231   0.0001636032   0.0000394348
       -0.0001110608   0.0000909245   0.0001230346   0.0000233642  -0.0001420260
        0.0000719030   0.0000103673  -0.0003832569  -0.0000447537   0.0002622122
        0.0449049491   0.0726058763  -0.0770253697  -0.0019128716  -0.0045748641
        0.0022674902  -0.0001604625  -0.0008181297   0.0003534001   0.0001628674
       -0.0005680475   0.0003156656  -0.0000943249  -0.0002838652   0.0002345472
       -0.0000732884   0.0000687081  -0.0000285493  -0.0000125762   0.0000198428
        0.0000073678  -0.0028758149  -0.0005275203  -0.0012433281  -0.0005103741
       -0.0005394134   0.0001412077  -0.0087922361  -0.0120892184   0.0057075640
        0.0005626468  -0.0001776261   0.0002505747   0.0000608910   0.0000553788
        0.0000695469  -0.0001045618  -0.0002533416   0.0002373891  -0.0002855084
       -0.0001635762   0.0000057222  -0.0463471127  -0.0772790221   0.0836089870
        0.0155242680   0.0245077599  -0.0147705918  -0.0001770673   0.0000993755
        0.0000523033  -0.0000276537  -0.0000312693  -0.0000323406   0.0000642600
       -0.0000225540  -0.0000169737   0.0000939705  -0.0000284935  -0.0001346127
       -0.0451209859   0.0020198863   0.0425477664  -0.0030940998   0.0046554623
        0.0160428689  -0.0015179830   0.0031101006   0.0004175232   0.0002576948
       -0.0007998359  -0.0000527434   0.0002978841  -0.0000333456  -0.0000625623
       -0.0003319383  -0.0000369335   0.0000416494  -0.0001543654   0.0001342265
        0.0000310599   0.0018725375   0.0002011315  -0.0014588635   0.0002448170
        0.0002278675   0.0005329394  -0.0088391151  -0.0031020050  -0.0379992176
       -0.0006291438  -0.0002479033   0.0011538615   0.0000301674   0.0000705799
        0.0000826316  -0.0000451847  -0.0002760835  -0.0001403063   0.0009995974
       -0.0008230231  -0.0005171985  -0.0020365191  -0.0003528271   0.0155242680
        0.0576331548  -0.0046176736  -0.0358928223   0.0001379188   0.0001927777
       -0.0002480409  -0.0000006921  -0.0000219290  -0.0000075086  -0.0000375739
        0.0000411098   0.0000768069   0.0003338294  -0.0003415823  -0.0000721117
        0.0022014697  -0.0471479349  -0.0186987810   0.0070731087  -0.0065777771
       -0.0265951660   0.0028119895  -0.0042783028  -0.0014278643   0.0009119142
        0.0004616017  -0.0019012850   0.0000181509  -0.0008664256   0.0004750896
       -0.0001093416  -0.0002393080  -0.0001870634   0.0000943824   0.0000850300
        0.0002124452   0.0001991996   0.0005471512  -0.0015626998   0.0001090348
       -0.0000205775   0.0001843081  -0.0009378509   0.0026132252  -0.0009155612
        0.0002153930  -0.0002659326   0.0002630649   0.0000595257   0.0001174990
        0.0001819512  -0.0004628039   0.0005469730   0.0005917625  -0.0011370190
        0.0006261882   0.0006743173  -0.0060271361   0.0008077339   0.0245077599
       -0.0046176736   0.0533137776   0.0243542784  -0.0002076297  -0.0000515066
       -0.0001125219  -0.0000147986  -0.0000134354  -0.0000706845   0.0000791912
        0.0000267120  -0.0000980927  -0.0002591062   0.0003153087   0.0001247429
        0.0401865089  -0.0205375293  -0.2528270773   0.0047403150  -0.0049639430
       -0.0110015162   0.0005646198  -0.0015036283   0.0001364826  -0.0004081642
        0.0006836825   0.0003340760  -0.0001027674  -0.0002090658   0.0004299947
       -0.0001513201  -0.0000191003  -0.0002703704   0.0000918366   0.0002025024
        0.0001737238   0.0011205519   0.0009830872  -0.0006314058   0.0005470024
        0.0002429349   0.0001360647  -0.0163944847  -0.0020479638  -0.0253368287
        0.0009490958  -0.0003769359   0.0015937163   0.0000519268   0.0000504204
        0.0002132159   0.0000207045   0.0005627072   0.0002265957   0.0002918552
        0.0003667328   0.0006189196   0.0049035288   0.0013600231  -0.0147705918
       -0.0358928223   0.0243542784   0.3007208122  -0.0001823678   0.0004015223
        0.0000869546  -0.0000157045   0.0000399374  -0.0000756524   0.0000241047
       -0.0000381761  -0.0000573732  -0.0003444196   0.0004485140   0.0003002596
        0.0004110929  -0.0003402268   0.0005194304  -0.0005908823  -0.0003571260
        0.0001414618   0.0001152843   0.0000888222  -0.0001404158  -0.0006494349
        0.0003456641   0.0007916130  -0.0010746940   0.0002464775  -0.0007087826
        0.0003748758  -0.0013055378   0.0015790689   0.0000856558  -0.0003153712
       -0.0002642764  -0.0042365999  -0.0063413310   0.0037761029   0.0002217841
       -0.0003111329  -0.0005092065  -0.0021676321  -0.0015933949   0.0041895451
       -0.0781725751  -0.1485223588   0.0505898192  -0.0017788346   0.0001338400
       -0.0015533156   0.0004992552  -0.0003659146  -0.0006722611   0.0003739458
        0.0003499078  -0.0000377352   0.0000628930   0.0001636032  -0.0001770673
        0.0001379188  -0.0002076297  -0.0001823678   0.0861706087   0.1579492576
       -0.0579820235   0.0005193482   0.0003812247   0.0004531552  -0.0001525825
        0.0001102194   0.0001560920  -0.0001494271  -0.0001089928   0.0000311633
       -0.0003248482  -0.0000460957  -0.0003383197   0.0000796315   0.0001109930
        0.0000683701  -0.0000159287   0.0000635663  -0.0000239438  -0.0002735754
        0.0001444289  -0.0002704107  -0.0000956145   0.0001892660   0.0000966907
        0.0014782115   0.0016523319  -0.0020985491  -0.0003451052  -0.0001483761
        0.0004768348  -0.0014146433   0.0035229041   0.0074166578  -0.0001697141
        0.0002967924  -0.0000548792   0.0019521197   0.0012716004  -0.0004370076
       -0.1580952851  -0.3381151632   0.0831809881  -0.0011879748   0.0012110681
        0.0018296202  -0.0000556206  -0.0005062088   0.0002105207  -0.0002226052
       -0.0001061579  -0.0000884557   0.0000186063   0.0000394348   0.0000993755
        0.0001927777  -0.0000515066   0.0004015223   0.1579492576   0.3305744453
       -0.0909171811   0.0004017472  -0.0001580869   0.0005540006   0.0000930931
        0.0000032287  -0.0001084347   0.0000354704   0.0000515353   0.0000026007
       -0.0000489115  -0.0001555387   0.0002535206   0.0003537098   0.0002492695
        0.0000676588   0.0000004756   0.0000365356  -0.0000454038   0.0002539681
       -0.0000965351   0.0005339859  -0.0002530771   0.0000513474  -0.0000204319
        0.0021701321   0.0011718722  -0.0006926105  -0.0002015443   0.0002337066
        0.0000658867   0.0168330306   0.0294870220  -0.0129119267   0.0002074082
        0.0005736938  -0.0008217821   0.0033029953   0.0023189279  -0.0082444131
        0.0379461148   0.0571580576  -0.0541949415  -0.0008929294  -0.0000454138
       -0.0003975374  -0.0001707382  -0.0000381906  -0.0001983865  -0.0004456736
       -0.0001024954  -0.0002347549  -0.0001909795  -0.0001110608   0.0000523033
       -0.0002480409  -0.0001125219   0.0000869546  -0.0579820235  -0.0909171811
        0.0760491534  -0.0005532165   0.0002773936   0.0006018343  -0.0001250510
        0.0000072122   0.0000207969   0.0000443512   0.0000138988   0.0000300938
        0.0004637856  -0.0000471267   0.0001220297  -0.0001619278   0.0001879683
        0.0000797568   0.0000808604   0.0000136483   0.0000001622   0.0013505005
       -0.0033260986  -0.0001720737  -0.0002698517  -0.0000943420  -0.0001754080
        0.0128482150  -0.0212386526  -0.0016042231   0.0004152772  -0.0002842166
        0.0004377937  -0.0014169013  -0.0011351090   0.0012062297   0.0000638195
       -0.0000585170   0.0001030952  -0.0003333860  -0.0015646863   0.0000195346
       -0.0003902445   0.0001446264  -0.0000485318  -0.1531356392   0.1960028905
        0.0170039467   0.0014823409   0.0019879919  -0.0001411352   0.0003077403
        0.0003335440   0.0000213108   0.0000181855   0.0000909245  -0.0000276537
       -0.0000006921  -0.0000147986  -0.0000157045   0.0005193482   0.0004017472
       -0.0005532165   0.1380067195  -0.1714213298  -0.0164638467   0.0003450020
        0.0001966863   0.0001590844  -0.0001931519  -0.0001751501   0.0000488493
        0.0002381423  -0.0001760995  -0.0000482624  -0.0004475676  -0.0004420544
        0.0000335682   0.0000532663   0.0000341248  -0.0000537341   0.0005589459
        0.0002228462  -0.0002763978  -0.0000491871  -0.0003755707  -0.0003192633
        0.0059416556  -0.0293068771   0.0022405086   0.0000705509   0.0002793990
        0.0001740398  -0.0023665704  -0.0042084391   0.0018072732  -0.0002377378
        0.0002514526  -0.0002569265  -0.0001297791  -0.0020488005   0.0001024990
       -0.0007223980   0.0008151686   0.0009541255   0.1682797834  -0.3158239497
       -0.0027476565  -0.0006140493  -0.0000917269  -0.0007516209   0.0006587752
        0.0003326854   0.0001721255  -0.0000236312   0.0001230346  -0.0000312693
       -0.0000219290  -0.0000134354   0.0000399374   0.0003812247  -0.0001580869
        0.0002773936  -0.1714213298   0.3502513590  -0.0019582842  -0.0000044901
        0.0003731360   0.0006395240  -0.0001436748  -0.0000381661   0.0000024203
        0.0001683749  -0.0000121765   0.0001924688  -0.0000746445  -0.0000850394
        0.0001350952   0.0001225341   0.0001034124  -0.0001772145   0.0008398806
       -0.0006799472   0.0017496498  -0.0002353402  -0.0003821386  -0.0006528288
       -0.0062829385   0.0131383710  -0.0009550424  -0.0002377726   0.0015322361
        0.0002141437   0.0013718214   0.0000580908   0.0006506807  -0.0001213618
        0.0000352332  -0.0001566212  -0.0001617044   0.0007611359  -0.0002775017
       -0.0004734545  -0.0007564779  -0.0006445746   0.0209763851  -0.0122746190
       -0.0113400481   0.0007811610   0.0001437673  -0.0016487452   0.0000086256
        0.0001121293  -0.0002217546  -0.0000330097   0.0000233642  -0.0000323406
       -0.0000075086  -0.0000706845  -0.0000756524   0.0004531552   0.0005540006
        0.0006018343  -0.0164638467  -0.0019582842   0.0124000487  -0.0006068241
       -0.0001997659   0.0001422239  -0.0000235323  -0.0000426076   0.0000961791
       -0.0002582111  -0.0001018629  -0.0000672748   0.0017396023   0.0001870323
       -0.0003453538  -0.0003068460  -0.0002148809   0.0002523848  -0.0155896618
        0.0066922752  -0.0058085515  -0.0000140615   0.0002730793  -0.0005472683
       -0.0032246104   0.0046839206   0.0002166188   0.0003344070  -0.0000737160
        0.0007909386  -0.0010688213   0.0000094181  -0.0009952156  -0.0001368183
        0.0003308927   0.0001063678   0.0000303468  -0.0001805935   0.0002071108
        0.0002066173  -0.0000966869   0.0004372734   0.0006731509   0.0002413408
        0.0004068177  -0.2857037126   0.0299573793  -0.2002382749  -0.0001572285
        0.0008758566   0.0000328290   0.0000564244  -0.0001420260   0.0000642600
       -0.0000375739   0.0000791912   0.0000241047  -0.0001525825   0.0000930931
       -0.0001250510   0.0003450020  -0.0000044901  -0.0006068241   0.3032911790
       -0.0419813655   0.2058244711  -0.0000266018  -0.0006278573   0.0003706374
        0.0003699606  -0.0000890515   0.0001370866   0.0013461000  -0.0001084364
        0.0012929097   0.0000169745  -0.0002119532   0.0001087806   0.0283756369
       -0.0051310020   0.0188109996   0.0005869452   0.0004334331  -0.0002268887
        0.0030722681  -0.0046225712  -0.0010801112  -0.0001689941  -0.0000191542
       -0.0000195826   0.0017990595   0.0005561028   0.0006958642   0.0000366146
       -0.0003380037  -0.0000528484  -0.0007905590   0.0000061022  -0.0001389854
       -0.0003876537   0.0000661367  -0.0000048581  -0.0009704614  -0.0004113235
        0.0001509736   0.0097456575  -0.0344364291  -0.0107991191   0.0001105872
        0.0022042694  -0.0009712787  -0.0000060439   0.0000719030  -0.0000225540
        0.0000411098   0.0000267120  -0.0000381761   0.0001102194   0.0000032287
        0.0000072122   0.0001966863   0.0003731360  -0.0001997659  -0.0419813655
        0.0425503906  -0.0084746332  -0.0015027418  -0.0009234896   0.0008249748
       -0.0002077373   0.0000892749   0.0000161685  -0.0008060329  -0.0001536908
        0.0004230146  -0.0000681277   0.0001597240  -0.0004119691   0.0071074890
        0.0012356214   0.0039862799   0.0016687141  -0.0005510415   0.0016644327
       -0.0003638142  -0.0010002499   0.0009869936   0.0000641506  -0.0000504978
        0.0002443032  -0.0001215082  -0.0001953789   0.0005488183   0.0000200687
        0.0000309492  -0.0000338186   0.0003009153   0.0001263025  -0.0000871852
       -0.0001024556   0.0002579320  -0.0001879083   0.0001665197   0.0001914272
       -0.0005115172  -0.2148766001   0.0069251642  -0.1656591205   0.0002459152
        0.0001951557  -0.0008264067   0.0000455480   0.0000103673  -0.0000169737
        0.0000768069  -0.0000980927  -0.0000573732   0.0001560920  -0.0001084347
        0.0000207969   0.0001590844   0.0006395240   0.0001422239   0.2058244711
       -0.0084746332   0.1591189298   0.0007105010   0.0007705769   0.0006403110
       -0.0040191710  -0.0007461652  -0.0025842862  -0.0248889120   0.0204715273
        0.0097873232   0.0007027269  -0.0000084713  -0.0003597299  -0.0012761043
        0.0005038534   0.0004838331  -0.0001043683   0.0001794792  -0.0001073651
       -0.0002725912  -0.0004418738  -0.0000867190   0.0000025959   0.0000175080
        0.0000184319  -0.0000631083   0.0006048443   0.0001775974   0.0000863106
       -0.0001183198   0.0000216343  -0.0015075276   0.0011407080  -0.0003625562
        0.0002694663  -0.0002110504  -0.0001895524   0.0005185853   0.0002822139
       -0.0000429051   0.0011425103   0.0006274469  -0.0004997020  -0.1890496689
        0.1611032231   0.0910143664  -0.0000198949  -0.0003832569   0.0000939705
        0.0003338294  -0.0002591062  -0.0003444196  -0.0001494271   0.0000354704
        0.0000443512  -0.0001931519  -0.0001436748  -0.0000235323  -0.0000266018
       -0.0015027418   0.0007105010   0.2185145028  -0.1811516142  -0.0977512411
        0.0021076421  -0.0004199614   0.0009922515   0.0002831057   0.0013969022
        0.0048370236   0.0000671050   0.0008728529  -0.0006128649  -0.0010857722
        0.0015333182  -0.0003083711  -0.0002760896  -0.0003235682   0.0002831376
       -0.0000234954  -0.0002181021   0.0000317350   0.0000749277   0.0000508943
        0.0000457281  -0.0000648334   0.0001174599  -0.0001454707   0.0000494264
       -0.0000190229   0.0000315663   0.0006337283  -0.0005350225   0.0003901268
        0.0001475729  -0.0001148363   0.0000545271   0.0000241252  -0.0000446434
        0.0000658335   0.0012544364   0.0000762006  -0.0004011587   0.1790132442
       -0.1904918930  -0.1302777096   0.0002000735  -0.0000447537  -0.0000284935
       -0.0003415823   0.0003153087   0.0004485140  -0.0001089928   0.0000515353
        0.0000138988  -0.0001751501  -0.0000381661  -0.0000426076  -0.0006278573
       -0.0009234896   0.0007705769  -0.1811516142   0.1887589870   0.1238517569
       -0.0023744727  -0.0005197532  -0.0004495170  -0.0141988113   0.0138797285
        0.0050443760  -0.0022084202   0.0016734157   0.0015498092   0.0003494508
       -0.0006004449   0.0005650200   0.0001876237  -0.0000076504  -0.0002073390
       -0.0000701671  -0.0000377732   0.0001658171  -0.0000617257  -0.0000004369
       -0.0001121805  -0.0001686149  -0.0000659324   0.0002553415   0.0000515638
        0.0000490814  -0.0000021276  -0.0010365490   0.0008430596  -0.0002640508
        0.0000757179   0.0000060467  -0.0002453089   0.0000830436   0.0001669199
       -0.0001931520   0.0001100148   0.0003292727  -0.0007244075   0.1165737696
       -0.1407842412  -0.1036113190   0.0000602795   0.0002622122  -0.0001346127
       -0.0000721117   0.0001247429   0.0003002596   0.0000311633   0.0000026007
        0.0000300938   0.0000488493   0.0000024203   0.0000961791   0.0003706374
        0.0008249748   0.0006403110  -0.0977512411   0.1238517569   0.0972968075
