           1           2  0.97890225327942726     
           2           3  0.96269306845601998     
           2           4  0.96252023807817233     
           4           5  0.95839986687493650     
           4           6  0.97345006615092300     
           6           7  0.95856041640595469     
           6           8  0.94995959153971732     
           8           9  0.94751671201278864     
           1          10  0.97595623479375382     
           8          10  0.99957060007800180     
           8          11  0.99440476111427711     
           6          12  0.99836871248660386     
           4          13  0.98359119844616960     
           2          14  0.99263938429635079     
           1          15  0.96784689883270314     
           1          16  0.96564058688480392     
          11          17  0.87185374596199305     
          12          18  0.88029097024910574     
          13          19  0.89416147053532558     
          14          20  0.89567987453313946     
