$hessian                                                                        
        0.4560538719  -0.0000018828  -0.0302290830  -0.2098187810  -0.0000034978
       -0.0241645984  -0.0246962478   0.0072772414  -0.0046974316  -0.0008934509
        0.0029134946   0.0013287332  -0.0001916542   0.0000000004  -0.0001728851
       -0.0008930697  -0.0029133235   0.0013285094  -0.0246941649  -0.0072782128
       -0.0046973559  -0.0780846960   0.0767691738   0.0392091484  -0.0428862521
        0.0000003364  -0.0135409284  -0.0780759038  -0.0767634785   0.0392017972
        0.0022055369  -0.0016852451  -0.0013824637   0.0009970855  -0.0011776552
       -0.0001461284  -0.0009827323  -0.0000987188  -0.0003724039  -0.0002371295
        0.0001526523   0.0000193526   0.0002147400  -0.0000000007   0.0001972494
       -0.0009826420   0.0000986831  -0.0003723813  -0.0002371222  -0.0001526681
        0.0000193396   0.0022054586   0.0016854015  -0.0013823759   0.0009971535
        0.0011776995  -0.0001460943
       -0.0000018828   0.5396221988   0.0000004963  -0.0000028975  -0.0748050166
       -0.0000008995   0.0283472955  -0.0049737483   0.0058966253   0.0036131357
       -0.0046827391  -0.0019295159  -0.0000000040  -0.0000856248   0.0000000037
       -0.0036129438  -0.0046832525   0.0019294035  -0.0283489375  -0.0049756933
       -0.0058970203   0.0741709011  -0.2002765231  -0.0782494697   0.0000005134
       -0.0462065193   0.0000030430  -0.0741651874  -0.2002909800   0.0782474756
        0.0004244672   0.0003831108   0.0003796795   0.0023276395   0.0003556512
       -0.0001983997   0.0016577528  -0.0001256281   0.0003223990  -0.0000321607
        0.0000013226  -0.0001204903   0.0000000057   0.0001290994   0.0000000070
       -0.0016578164  -0.0001257111  -0.0003224321   0.0000321538   0.0000013133
        0.0001204962  -0.0004244540   0.0003831483  -0.0003797827  -0.0023275806
        0.0003555918   0.0001983810
       -0.0302290830   0.0000004963   0.4659629316  -0.0551858343  -0.0000018135
       -0.0644439867   0.0129528022  -0.0022593081  -0.0019834094   0.0008205478
       -0.0015098531   0.0002369765  -0.0000038507   0.0000000086  -0.0005286275
        0.0008203212   0.0015097132   0.0002371084   0.0129515918   0.0022599505
       -0.0019835433   0.0384439364  -0.0777594682  -0.0830996195  -0.0229751677
        0.0000027693  -0.2347322248   0.0384367098   0.0777574284  -0.0830939258
        0.0025319938  -0.0013910471   0.0009980683  -0.0006362494   0.0003840603
        0.0006160780   0.0003545912  -0.0001144132   0.0001728307  -0.0001825278
        0.0000640775  -0.0001095977  -0.0001673543  -0.0000000037   0.0000735362
        0.0003545213   0.0001144227   0.0001728234  -0.0001825226  -0.0000640835
       -0.0001095951   0.0025318894   0.0013911705   0.0009981063  -0.0006363153
       -0.0003841069   0.0006160704
       -0.2098187810  -0.0000028975  -0.0551858343   0.5292613371   0.0000011360
       -0.0182517594  -0.0993270483   0.0474842813   0.0356674747  -0.0255152471
        0.0279076662   0.0087724933   0.0047914990   0.0000001385   0.0002502637
       -0.0255129847  -0.0279092872   0.0087714504  -0.0993217043  -0.0474820279
        0.0356621179  -0.0219014018   0.0066881227  -0.0011818006  -0.0258915761
       -0.0000003063  -0.0260587896  -0.0218994016  -0.0066891294  -0.0011817571
       -0.0031896407   0.0076071174   0.0117180408   0.0052650703  -0.0103326138
       -0.0045177716  -0.0067295164   0.0006145244  -0.0016830324   0.0016600166
       -0.0001530245   0.0008124952   0.0011226182   0.0000000418   0.0000783621
       -0.0067295034  -0.0006149227  -0.0016830486   0.0016599633   0.0001530682
        0.0008125031  -0.0031886950  -0.0076068951   0.0117164487   0.0052649957
        0.0103350079  -0.0045178561
       -0.0000034978  -0.0748050166  -0.0000018135   0.0000011360   0.5033965959
        0.0000041006   0.0439776571  -0.1613547945  -0.0602552122   0.0108791396
       -0.0035443487   0.0004832927   0.0000001381  -0.0001157058  -0.0000000230
       -0.0108803545  -0.0035463727  -0.0004830497  -0.0439747706  -0.1613637027
        0.0602541905   0.0279104654  -0.0039581608   0.0050106958  -0.0000001016
        0.0012142000  -0.0000004648  -0.0279119036  -0.0039599599  -0.0050110293
        0.0084925793  -0.0146017356  -0.0222266924   0.0090976984  -0.0327698250
       -0.0082501777  -0.0003908092   0.0011924038   0.0001311846  -0.0007700847
        0.0003837268   0.0000237274   0.0000000401  -0.0003689510   0.0000000025
        0.0003904308   0.0011924154  -0.0001312530   0.0007701339   0.0003837937
       -0.0000237209  -0.0084926003  -0.0146047883   0.0222277447  -0.0090952965
       -0.0327697740   0.0082484976
       -0.0241645984  -0.0000008995  -0.0644439867  -0.0182517594   0.0000041006
        0.2624815968   0.0192186697  -0.0326632051  -0.0804762345  -0.0018388697
        0.0058326195   0.0034643298   0.0002837382  -0.0000000221   0.0014673666
       -0.0018389457  -0.0058329953   0.0034640873   0.0192150754   0.0326612312
       -0.0804726644   0.0106709675   0.0006085601   0.0031333966  -0.0373771027
       -0.0000007993  -0.0148310038   0.0106699654  -0.0006082142   0.0031331963
        0.0178120901  -0.0328935922  -0.0243136380  -0.0046638979   0.0076733482
        0.0041770629  -0.0022050753   0.0005057995   0.0004122062   0.0006657759
        0.0003022422   0.0014589186   0.0001971247   0.0000000060  -0.0003912847
       -0.0022050309  -0.0005058982   0.0004121808   0.0006658229  -0.0003022462
        0.0014589063   0.0178098487   0.0328950034  -0.0243115187  -0.0046637984
       -0.0076750385   0.0041770827
       -0.0246962478   0.0283472955   0.0129528022  -0.0993270483   0.0439776571
        0.0192186697   0.4795780190   0.0388756543  -0.0098118431  -0.1702173504
       -0.0018701842  -0.0406710466  -0.0268287709  -0.0122283436  -0.0012987929
       -0.0002171034   0.0008550605   0.0001973654   0.0063652964  -0.0089516926
       -0.0041801744  -0.0076254623   0.0017292866  -0.0009194236   0.0016083005
        0.0000454895   0.0011917573  -0.0000960645   0.0016304008  -0.0000134799
       -0.0425856575  -0.0030193183  -0.0094931062  -0.0918861067  -0.0843729987
        0.0411357471  -0.0165091283   0.0029708132  -0.0044795327  -0.0060367331
        0.0002919952  -0.0056595926  -0.0010956797  -0.0037153024   0.0005027356
        0.0000388673   0.0004891989   0.0000632868  -0.0000980011   0.0000826294
        0.0002763575   0.0001611539  -0.0013322048   0.0001406656  -0.0005322832
       -0.0038054364   0.0008476048
        0.0072772414  -0.0049737483  -0.0022593081   0.0474842813  -0.1613547945
       -0.0326632051   0.0388756543   0.5011146678  -0.0335817022   0.0029060685
       -0.0631650010   0.0000547888  -0.0291898046  -0.0046989755  -0.0054866883
        0.0003554783   0.0025045320  -0.0002592766   0.0089544215  -0.0375884666
       -0.0094273485  -0.0001528520   0.0005403234   0.0000022621  -0.0023472044
        0.0010940209  -0.0010055644  -0.0017783988   0.0011500800   0.0001459071
       -0.0021354706  -0.0434074233   0.0091808732  -0.0866369450  -0.1819581038
        0.0691518347   0.0231230253  -0.0022716867   0.0065431023  -0.0007269036
        0.0010837073  -0.0009852464  -0.0040751215  -0.0047929606   0.0014015351
        0.0002447633   0.0004050694  -0.0000397152  -0.0001275524  -0.0002822048
       -0.0004512468   0.0006186059   0.0026117069  -0.0016782070  -0.0026692869
       -0.0060107426   0.0013572052
       -0.0046974316   0.0058966253  -0.0019834094   0.0356674747  -0.0602552122
       -0.0804762345  -0.0098118431  -0.0335817022   0.4769105537  -0.0407871724
       -0.0001733208  -0.0808095853   0.0095314728  -0.0003554121   0.0039919027
        0.0000345009  -0.0002087670   0.0013051033  -0.0041803818   0.0094256626
       -0.0000311159  -0.0011380728   0.0001382689   0.0006345848  -0.0028173319
        0.0018980056   0.0013371743   0.0006306984  -0.0003981348   0.0004220202
       -0.0036546436   0.0019981597  -0.2316655122   0.0404410953   0.0672504233
       -0.0775755289   0.0099164077  -0.0009370028   0.0031691728  -0.0313226398
        0.0004560470  -0.0162710262   0.0018049973   0.0023674400   0.0003477490
       -0.0000105084   0.0001102735  -0.0001824616  -0.0002793868  -0.0000185781
       -0.0006709477  -0.0003579430   0.0040190795   0.0013343715   0.0010307082
        0.0023681447   0.0002131894
       -0.0008934509   0.0036131357   0.0008205478  -0.0255152471   0.0108791396
       -0.0018388697  -0.1702173504   0.0029060685  -0.0407871724   0.4707634792
       -0.0392069146  -0.0137105182  -0.1050200269  -0.0476340660   0.0201992979
        0.0075892082   0.0081292403  -0.0047511914  -0.0002170336  -0.0003556391
        0.0000344749  -0.0010241646  -0.0001076235  -0.0003391659   0.0001400262
        0.0000095121   0.0002458530   0.0002751082   0.0000962465   0.0000424520
       -0.0057082990  -0.0001554440  -0.0052488179  -0.0165550661  -0.0028265502
       -0.0044363814  -0.0929869738   0.0849763331   0.0413441796  -0.0424575185
        0.0032425618  -0.0083992733  -0.0179858073  -0.0282066927   0.0155536068
       -0.0001581204   0.0037553976   0.0007201846   0.0000885658   0.0014575980
        0.0001924275  -0.0000870734  -0.0001038051   0.0003012479  -0.0000302555
       -0.0004684980   0.0000571181
        0.0029134946  -0.0046827391  -0.0015098531   0.0279076662  -0.0035443487
        0.0058326195  -0.0018701842  -0.0631650010  -0.0001733208  -0.0392069146
        0.5070518334   0.0298653336  -0.0498396696  -0.1653729076   0.0356485582
       -0.0081263330  -0.0390467127   0.0097386151  -0.0008552267   0.0025044426
        0.0002088147   0.0019197686  -0.0002255345   0.0001322666  -0.0001070106
        0.0000675923  -0.0000015184  -0.0004267262  -0.0001093741  -0.0000382481
        0.0006598829   0.0009761684   0.0009336136  -0.0231411038  -0.0024208327
       -0.0063897588   0.0878215602  -0.1829430906  -0.0699944248   0.0032282789
       -0.0430856603  -0.0088328069  -0.0029077060  -0.0029483739   0.0039356928
        0.0028087166  -0.0060392951  -0.0015043891  -0.0007805609   0.0028369723
        0.0016555572   0.0001485760  -0.0003007163   0.0004599160  -0.0001465084
        0.0004475776   0.0000333327
        0.0013287332  -0.0019295159   0.0002369765   0.0087724933   0.0004832927
        0.0034643298  -0.0406710466   0.0000547888  -0.0808095853  -0.0137105182
        0.0298653336   0.4805955895   0.0379146352   0.0648296627  -0.0822615152
       -0.0047509355  -0.0097404298   0.0009525586   0.0001973171   0.0002593340
        0.0013051193   0.0007784055  -0.0002828602   0.0002674637   0.0002247955
       -0.0000915112  -0.0000416923  -0.0000286864   0.0000732329  -0.0000507006
       -0.0310581895  -0.0003514483  -0.0159952751   0.0099574783   0.0010747218
        0.0030982284   0.0404087066  -0.0678355530  -0.0776814695  -0.0036016317
       -0.0026363710  -0.2337539366  -0.0062244606  -0.0070934080  -0.0002024918
        0.0011871507  -0.0026158706   0.0001151654  -0.0004585327  -0.0040120070
        0.0016155294  -0.0002654452   0.0000686801  -0.0006390425  -0.0000002691
       -0.0001200715  -0.0002152517
       -0.0001916542  -0.0000000040  -0.0000038507   0.0047914990   0.0000001381
        0.0002837382  -0.0268287709  -0.0291898046   0.0095314728  -0.1050200269
       -0.0498396696   0.0379146352   0.6091961307   0.0000037521   0.0067351157
       -0.1050257262   0.0498417415   0.0379203390  -0.0268311892   0.0291881464
        0.0095325731   0.0003357987   0.0000051031  -0.0000330448   0.0002680939
        0.0000000048   0.0001778191   0.0003357904  -0.0000050940  -0.0000330403
        0.0016198087   0.0000399564   0.0008268217  -0.0072048141  -0.0007106276
       -0.0017776137   0.0062327158   0.0105896886  -0.0044939242  -0.0014677459
       -0.0072003191   0.0115797808  -0.3493888688  -0.0000066696  -0.1142975068
        0.0062326960  -0.0105873026  -0.0044938222  -0.0014687379   0.0072006754
        0.0115812827   0.0016198499  -0.0000399199   0.0008268234  -0.0072048490
        0.0007102046  -0.0017775991
        0.0000000004  -0.0000856248   0.0000000086   0.0000001385  -0.0001157058
       -0.0000000221  -0.0122283436  -0.0046989755  -0.0003554121  -0.0476340660
       -0.1653729076   0.0648296627   0.0000037521   0.4761958067   0.0000048231
        0.0476368178  -0.1653633577  -0.0648306425   0.0122271016  -0.0046967810
        0.0003556361  -0.0001260181   0.0002025114   0.0000715225   0.0000000069
       -0.0000229575  -0.0000000007   0.0001260263   0.0002025214  -0.0000715168
        0.0006644868   0.0004500435   0.0000583759   0.0001008254   0.0012156998
       -0.0002182580  -0.0109406598  -0.0316602647   0.0087209485  -0.0097724051
       -0.0151630547   0.0209490741  -0.0000074769  -0.0459324668  -0.0000033257
        0.0109430369  -0.0316601932  -0.0087225805   0.0097724654  -0.0151599934
       -0.0209481008  -0.0006644525   0.0004499925  -0.0000583741  -0.0001012361
        0.0012157075   0.0002181817
       -0.0001728851   0.0000000037  -0.0005286275   0.0002502637  -0.0000000230
        0.0014673666  -0.0012987929  -0.0054866883   0.0039919027   0.0201992979
        0.0356485582  -0.0822615152   0.0067351157   0.0000048231   0.2353888937
        0.0202032117  -0.0356505709  -0.0822653775  -0.0012986443   0.0054862795
        0.0039921296  -0.0000064780   0.0000300125   0.0000059617   0.0000964777
       -0.0000000028   0.0002853415  -0.0000064722  -0.0000300055   0.0000059580
        0.0009015104  -0.0002973437   0.0016520844  -0.0021047455  -0.0005126568
        0.0004949315  -0.0042437357  -0.0073941081   0.0039759382   0.0192676521
        0.0329114745  -0.0228769535  -0.0723446691  -0.0000020993  -0.0465719527
       -0.0042437465   0.0073924893   0.0039758875   0.0192699514  -0.0329100527
       -0.0228790226   0.0009014682   0.0002973484   0.0016520935  -0.0021047794
        0.0005125618   0.0004949601
       -0.0008930697  -0.0036129438   0.0008203212  -0.0255129847  -0.0108803545
       -0.0018389457  -0.0002171034   0.0003554783   0.0000345009   0.0075892082
       -0.0081263330  -0.0047509355  -0.1050257262   0.0476368178   0.0202032117
        0.4707589079   0.0392053260  -0.0137072779  -0.1702172814  -0.0029107543
       -0.0407872971   0.0002750886  -0.0000962254   0.0000424471   0.0001400190
       -0.0000095150   0.0002458518  -0.0010240575   0.0001075889  -0.0003391548
       -0.0000870705   0.0001038050   0.0003012788  -0.0000302914   0.0004684676
        0.0000571383  -0.0001577369  -0.0037550825   0.0007199525   0.0000886055
       -0.0014577655   0.0001924689  -0.0179876256   0.0282052195   0.0155549209
       -0.0929768893  -0.0849726754   0.0413368253  -0.0424571406  -0.0032422037
       -0.0083999029  -0.0057082677   0.0001552556  -0.0052487568  -0.0165565842
        0.0028258946  -0.0044366466
       -0.0029133235  -0.0046832525   0.0015097132  -0.0279092872  -0.0035463727
       -0.0058329953   0.0008550605   0.0025045320  -0.0002087670   0.0081292403
       -0.0390467127  -0.0097404298   0.0498417415  -0.1653633577  -0.0356505709
        0.0392053260   0.5070587182  -0.0298651196   0.0018654936  -0.0631650657
        0.0001716155   0.0004267513  -0.0001093545   0.0000382482   0.0001070040
        0.0000675954   0.0000015361  -0.0019198446  -0.0002256459  -0.0001323052
       -0.0001485532  -0.0003006985  -0.0004598853   0.0001464806   0.0004476106
       -0.0000333039  -0.0028084183  -0.0060398364   0.0015041948   0.0007804178
        0.0028368434  -0.0016554988   0.0029070670  -0.0029466795  -0.0039348895
       -0.0878178664  -0.1829584861   0.0699927893  -0.0032281046  -0.0430864789
        0.0088396473  -0.0006590815   0.0009761621  -0.0009332676   0.0231398965
       -0.0024195207   0.0063892884
        0.0013285094   0.0019294035   0.0002371084   0.0087714504  -0.0004830497
        0.0034640873   0.0001973654  -0.0002592766   0.0013051033  -0.0047511914
        0.0097386151   0.0009525586   0.0379203390  -0.0648306425  -0.0822653775
       -0.0137072779  -0.0298651196   0.4805933024  -0.0406709745  -0.0000564863
       -0.0808095832  -0.0000286656  -0.0000732366  -0.0000507028   0.0002247949
        0.0000915291  -0.0000416887   0.0007783146   0.0002828872   0.0002674693
       -0.0002654468  -0.0000686827  -0.0006390629  -0.0000002707   0.0001200973
       -0.0002152477   0.0011868899   0.0026157034   0.0001153239  -0.0004587371
        0.0040120284   0.0016156188  -0.0062247627   0.0070929386  -0.0002023704
        0.0404013687   0.0678338652  -0.0776761692  -0.0036018983   0.0026434897
       -0.2337535015  -0.0310582360   0.0003502885  -0.0159952999   0.0099584287
       -0.0010743520   0.0030984318
       -0.0246941649  -0.0283489375   0.0129515918  -0.0993217043  -0.0439747706
        0.0192150754   0.0063652964   0.0089544215  -0.0041803818  -0.0002170336
       -0.0008552267   0.0001973171  -0.0268311892   0.0122271016  -0.0012986443
       -0.1702172814   0.0018654936  -0.0406709745   0.4795825362  -0.0388765372
       -0.0098153006  -0.0000960715  -0.0016304775  -0.0000135327   0.0016081635
       -0.0000455020   0.0011916939  -0.0076253701  -0.0017297304  -0.0009194918
        0.0001611125   0.0013320572   0.0001406180  -0.0005326612   0.0038057238
        0.0008478301   0.0000389101  -0.0004892227   0.0000632655  -0.0000980038
       -0.0000826299   0.0002763280  -0.0010961353   0.0037154988   0.0005029602
       -0.0165076027  -0.0029714727  -0.0044792654  -0.0060367577  -0.0002921925
       -0.0056596617  -0.0425859575   0.0030197293  -0.0094924489  -0.0918960853
        0.0843766740   0.0411430217
       -0.0072782128  -0.0049756933   0.0022599505  -0.0474820279  -0.1613637027
        0.0326612312  -0.0089516926  -0.0375884666   0.0094256626  -0.0003556391
        0.0025044426   0.0002593340   0.0291881464  -0.0046967810   0.0054862795
       -0.0029107543  -0.0631650657  -0.0000564863  -0.0388765372   0.5011075508
        0.0335820447   0.0017783062   0.0011500801  -0.0001458803   0.0023473394
        0.0010941923   0.0010056255   0.0001524190   0.0005402364  -0.0000023209
       -0.0006187346   0.0026118377   0.0016782642   0.0026695675  -0.0060102210
       -0.0013573947  -0.0002447845   0.0004050293   0.0000397412   0.0001275739
       -0.0002822198   0.0004512778   0.0040752679  -0.0047923612  -0.0014017029
       -0.0231242363  -0.0022729947  -0.0065435743   0.0007276913   0.0010837122
        0.0009855840   0.0021356609  -0.0434066947  -0.0091741987   0.0866406469
       -0.1819428807  -0.0691534371
       -0.0046973559  -0.0058970203  -0.0019835433   0.0356621179   0.0602541905
       -0.0804726644  -0.0041801744  -0.0094273485  -0.0000311159   0.0000344749
        0.0002088147   0.0013051193   0.0095325731   0.0003556361   0.0039921296
       -0.0407872971   0.0001716155  -0.0808095832  -0.0098153006   0.0335820447
        0.4769131284   0.0006307437   0.0003981998   0.0004220312  -0.0028171299
       -0.0018981750   0.0013371321  -0.0011380488  -0.0001383333   0.0006345792
       -0.0003577321  -0.0040190501   0.0013342831   0.0010309493  -0.0023683229
        0.0002130459  -0.0000105112  -0.0001102514  -0.0001824650  -0.0002793832
        0.0000185764  -0.0006709293   0.0018052923  -0.0023675323   0.0003476042
        0.0099154630   0.0009373726   0.0031689587  -0.0313225846  -0.0004572072
       -0.0162710069  -0.0036544418  -0.0019911458  -0.2316659433   0.0404483454
       -0.0672520636  -0.0775807604
       -0.0780846960   0.0741709011   0.0384439364  -0.0219014018   0.0279104654
        0.0106709675  -0.0076254623  -0.0001528520  -0.0011380728  -0.0010241646
        0.0019197686   0.0007784055   0.0003357987  -0.0001260181  -0.0000064780
        0.0002750886   0.0004267513  -0.0000286656  -0.0000960715   0.0017783062
        0.0006307437   0.1011280021  -0.0933046461  -0.0444207847   0.0021365262
       -0.0010299098   0.0004850646   0.0051403100  -0.0096555231  -0.0045227534
        0.0002516810  -0.0001915386  -0.0002253376   0.0001661131  -0.0005819151
       -0.0001838159  -0.0005356079  -0.0000181371  -0.0001427384   0.0000600679
       -0.0000179652   0.0001059667   0.0000615485  -0.0000545661  -0.0000844731
        0.0001927593  -0.0000409962   0.0000300581   0.0000698675   0.0000316303
       -0.0000222130   0.0000446238  -0.0000097635  -0.0001759411  -0.0005949826
       -0.0010539919  -0.0001938690
        0.0767691738  -0.2002765231  -0.0777594682   0.0066881227  -0.0039581608
        0.0006085601   0.0017292866   0.0005403234   0.0001382689  -0.0001076235
       -0.0002255345  -0.0002828602   0.0000051031   0.0002025114   0.0000300125
       -0.0000962254  -0.0001093545  -0.0000732366  -0.0016304775   0.0011500801
        0.0003981998  -0.0933046461   0.2315339432   0.0903052522   0.0005755827
       -0.0024475064  -0.0029643178   0.0096575700  -0.0271933323  -0.0107602664
       -0.0002099418   0.0001884643   0.0003680623  -0.0000351182   0.0005480248
       -0.0001072601   0.0000726084   0.0000128006   0.0000724948   0.0000573342
        0.0000025890   0.0000255390   0.0000363297   0.0000459917   0.0000067829
       -0.0000282811   0.0000506265   0.0000021966   0.0000229655   0.0000236144
        0.0000931620   0.0000924156  -0.0002859887  -0.0000771280  -0.0002941786
        0.0001974310  -0.0000239940
        0.0392091484  -0.0782494697  -0.0830996195  -0.0011818006   0.0050106958
        0.0031333966  -0.0009194236   0.0000022621   0.0006345848  -0.0003391659
        0.0001322666   0.0002674637  -0.0000330448   0.0000715225   0.0000059617
        0.0000424471   0.0000382482  -0.0000507028  -0.0000135327  -0.0001458803
        0.0004220312  -0.0444207847   0.0903052522   0.0923126676   0.0122317520
       -0.0285200514  -0.0189573787  -0.0045230271   0.0107588219   0.0051823497
       -0.0003279521   0.0002671994   0.0003025557   0.0000109970   0.0000366669
       -0.0001047499  -0.0000913808   0.0000392174  -0.0000184747   0.0000907657
        0.0000133755   0.0000542003  -0.0000062043   0.0000289530  -0.0000136302
        0.0000160251   0.0000270807  -0.0000073149  -0.0000621346   0.0000367543
       -0.0000003144   0.0000267175  -0.0002221478  -0.0003523371   0.0002905984
        0.0003692327   0.0002893111
       -0.0428862521   0.0000005134  -0.0229751677  -0.0258915761  -0.0000001016
       -0.0373771027   0.0016083005  -0.0023472044  -0.0028173319   0.0001400262
       -0.0001070106   0.0002247955   0.0002680939   0.0000000069   0.0000964777
        0.0001400190   0.0001070040   0.0002247949   0.0016081635   0.0023473394
       -0.0028171299   0.0021365262   0.0005755827   0.0122317520   0.0601916825
       -0.0000003206   0.0374663981   0.0021365001  -0.0005757621   0.0122300721
        0.0002894064  -0.0001716245   0.0013971414  -0.0001619251  -0.0000979235
        0.0001185952   0.0000312496   0.0000249546   0.0001197537   0.0001217319
       -0.0000182104   0.0001877853  -0.0000123636   0.0000000030  -0.0001341027
        0.0000312499  -0.0000249560   0.0001197524   0.0001217268   0.0000182136
        0.0001877829   0.0002893794   0.0001715786   0.0013971229  -0.0001619390
        0.0000979175   0.0001186109
        0.0000003364  -0.0462065193   0.0000027693  -0.0000003063   0.0012142000
       -0.0000007993   0.0000454895   0.0010940209   0.0018980056   0.0000095121
        0.0000675923  -0.0000915112   0.0000000048  -0.0000229575  -0.0000000028
       -0.0000095150   0.0000675954   0.0000915291  -0.0000455020   0.0010941923
       -0.0018981750  -0.0010299098  -0.0024475064  -0.0285200514  -0.0000003206
        0.0476822491  -0.0000032033   0.0010301566  -0.0024486317   0.0285213667
       -0.0003068505   0.0001695901  -0.0003941391  -0.0001379533  -0.0001244963
        0.0002003337  -0.0000124143  -0.0000243492  -0.0000035734  -0.0000680995
       -0.0000532216  -0.0000527866   0.0000000002  -0.0000293546  -0.0000000022
        0.0000124180  -0.0000243483   0.0000035762   0.0000681015  -0.0000532213
        0.0000527875   0.0003069018   0.0001696407   0.0003941922   0.0001379504
       -0.0001244745  -0.0002003159
       -0.0135409284   0.0000030430  -0.2347322248  -0.0260587896  -0.0000004648
       -0.0148310038   0.0011917573  -0.0010055644   0.0013371743   0.0002458530
       -0.0000015184  -0.0000416923   0.0001778191  -0.0000000007   0.0002853415
        0.0002458518   0.0000015361  -0.0000416887   0.0011916939   0.0010056255
        0.0013371321   0.0004850646  -0.0029643178  -0.0189573787   0.0374663981
       -0.0000032033   0.2830120719   0.0004849319   0.0029649494  -0.0189562337
       -0.0011989042   0.0010269281   0.0009705268   0.0000586832   0.0000143619
       -0.0004105293  -0.0000212917   0.0000657824   0.0000961654   0.0002193317
       -0.0000767537   0.0001987409  -0.0000053732   0.0000000017  -0.0001212771
       -0.0000212874  -0.0000657885   0.0000961632   0.0002193297   0.0000767568
        0.0001987460  -0.0011988299  -0.0010270275   0.0009705026   0.0000586898
       -0.0000143460  -0.0004105362
       -0.0780759038  -0.0741651874   0.0384367098  -0.0218994016  -0.0279119036
        0.0106699654  -0.0000960645  -0.0017783988   0.0006306984   0.0002751082
       -0.0004267262  -0.0000286864   0.0003357904   0.0001260263  -0.0000064722
       -0.0010240575  -0.0019198446   0.0007783146  -0.0076253701   0.0001524190
       -0.0011380488   0.0051403100   0.0096575700  -0.0045230271   0.0021365001
        0.0010301566   0.0004849319   0.1011171438   0.0932986767  -0.0444121198
        0.0000446296   0.0000097894  -0.0001759461  -0.0005950586   0.0010539503
       -0.0001938289   0.0001927549   0.0000410033   0.0000300598   0.0000698702
       -0.0000316265  -0.0000222086   0.0000615482   0.0000545700  -0.0000844700
       -0.0005356044   0.0000181104  -0.0001427333   0.0000600702   0.0000179646
        0.0001059690   0.0002516575   0.0001915499  -0.0002253077   0.0001660775
        0.0005819005  -0.0001838002
       -0.0767634785  -0.2002909800   0.0777574284  -0.0066891294  -0.0039599599
       -0.0006082142   0.0016304008   0.0011500800  -0.0003981348   0.0000962465
       -0.0001093741   0.0000732329  -0.0000050940   0.0002025214  -0.0000300055
        0.0001075889  -0.0002256459   0.0002828872  -0.0017297304   0.0005402364
       -0.0001383333  -0.0096555231  -0.0271933323   0.0107588219  -0.0005757621
       -0.0024486317   0.0029649494   0.0932986767   0.2315513684  -0.0903027480
       -0.0000923971  -0.0002860049   0.0000771198   0.0002941198   0.0001975215
        0.0000239786   0.0000282885   0.0000506315  -0.0000021931  -0.0000229606
        0.0000236165  -0.0000931627  -0.0000363288   0.0000459940  -0.0000067856
       -0.0000726364   0.0000128016  -0.0000725017  -0.0000573341   0.0000025882
       -0.0000255349   0.0002099582   0.0001885119  -0.0003680792   0.0000350954
        0.0005480575   0.0001072748
        0.0392017972   0.0782474756  -0.0830939258  -0.0011817571  -0.0050110293
        0.0031331963  -0.0000134799   0.0001459071   0.0004220202   0.0000424520
       -0.0000382481  -0.0000507006  -0.0000330403  -0.0000715168   0.0000059580
       -0.0003391548  -0.0001323052   0.0002674693  -0.0009194918  -0.0000023209
        0.0006345792  -0.0045227534  -0.0107602664   0.0051823497   0.0122300721
        0.0285213667  -0.0189562337  -0.0444121198  -0.0903027480   0.0923060779
        0.0000266991   0.0002221522  -0.0003523247   0.0002906324  -0.0003692208
        0.0002892974   0.0000160278  -0.0000270776  -0.0000073159  -0.0000621330
       -0.0000367569  -0.0000003191  -0.0000062042  -0.0000289512  -0.0000136319
       -0.0000913814  -0.0000392215  -0.0000184793   0.0000907643  -0.0000133723
        0.0000541986  -0.0003279293  -0.0002672246   0.0003025314   0.0000110002
       -0.0000366418  -0.0001047471
        0.0022055369   0.0004244672   0.0025319938  -0.0031896407   0.0084925793
        0.0178120901  -0.0425856575  -0.0021354706  -0.0036546436  -0.0057082990
        0.0006598829  -0.0310581895   0.0016198087   0.0006644868   0.0009015104
       -0.0000870705  -0.0001485532  -0.0002654468   0.0001611125  -0.0006187346
       -0.0003577321   0.0002516810  -0.0002099418  -0.0003279521   0.0002894064
       -0.0003068505  -0.0011989042   0.0000446296  -0.0000923971   0.0000266991
        0.0517057235  -0.0039057768   0.0036940531   0.0006644711  -0.0024178313
        0.0156476397   0.0006811207  -0.0000978363  -0.0004251963  -0.0061567159
       -0.0004086665  -0.0030329751   0.0003004625   0.0002241197  -0.0000520146
       -0.0000741841  -0.0000003891  -0.0000016103  -0.0001094640   0.0001488497
        0.0001126952   0.0000996588  -0.0000324263  -0.0003148332  -0.0001125799
       -0.0002395115  -0.0000371837
       -0.0016852451   0.0003831108  -0.0013910471   0.0076071174  -0.0146017356
       -0.0328935922  -0.0030193183  -0.0434074233   0.0019981597  -0.0001554440
        0.0009761684  -0.0003514483   0.0000399564   0.0004500435  -0.0002973437
        0.0001038050  -0.0003006985  -0.0000686827   0.0013320572   0.0026118377
       -0.0040190501  -0.0001915386   0.0001884643   0.0002671994  -0.0001716245
        0.0001695901   0.0010269281   0.0000097894  -0.0002860049   0.0002221522
       -0.0039057768   0.0540771486   0.0068153338  -0.0009014772  -0.0019217615
        0.0258261874   0.0003019868   0.0000510589   0.0005049380   0.0003907471
        0.0007474553   0.0001263446   0.0000638256  -0.0000586181   0.0000606998
        0.0000320688   0.0000151716   0.0000186289   0.0001345307  -0.0000576556
        0.0002804248   0.0000324217   0.0003813999   0.0015464517  -0.0000178815
        0.0005824486   0.0003277154
       -0.0013824637   0.0003796795   0.0009980683   0.0117180408  -0.0222266924
       -0.0243136380  -0.0094931062   0.0091808732  -0.2316655122  -0.0052488179
        0.0009336136  -0.0159952751   0.0008268217   0.0000583759   0.0016520844
        0.0003012788  -0.0004598853  -0.0006390629   0.0001406180   0.0016782642
        0.0013342831  -0.0002253376   0.0003680623   0.0003025557   0.0013971414
       -0.0003941391   0.0009705268  -0.0001759461   0.0000771198  -0.0003523247
        0.0036940531   0.0068153338   0.2832940453   0.0011341582   0.0038561885
       -0.0173166111   0.0002353023   0.0003232383   0.0003805721  -0.0030073335
       -0.0001174864  -0.0003130422   0.0003695317   0.0002147957   0.0000499174
        0.0000117491   0.0000517299   0.0000417673   0.0001009561   0.0002703747
        0.0003052816  -0.0003147419  -0.0015464931   0.0009531792  -0.0000819044
        0.0005370470   0.0003131849
        0.0009970855   0.0023276395  -0.0006362494   0.0052650703   0.0090976984
       -0.0046638979  -0.0918861067  -0.0866369450   0.0404410953  -0.0165550661
       -0.0231411038   0.0099574783  -0.0072048141   0.0001008254  -0.0021047455
       -0.0000302914   0.0001464806  -0.0000002707  -0.0005326612   0.0026695675
        0.0010309493   0.0001661131  -0.0000351182   0.0000109970  -0.0001619251
       -0.0001379533   0.0000586832  -0.0005950586   0.0002941198   0.0002906324
        0.0006644711  -0.0009014772   0.0011341582   0.1099741862   0.0972758536
       -0.0460323133   0.0001424992  -0.0002453268   0.0003581358   0.0006826506
       -0.0002641990   0.0001927682  -0.0010526257  -0.0016322950   0.0002470280
        0.0000440884   0.0001404932  -0.0000384228  -0.0000678485   0.0000255240
        0.0000140715  -0.0001125950   0.0000178437  -0.0000818721   0.0002628280
        0.0008983726  -0.0001782253
       -0.0011776552   0.0003556512   0.0003840603  -0.0103326138  -0.0327698250
        0.0076733482  -0.0843729987  -0.1819581038   0.0672504233  -0.0028265502
       -0.0024208327   0.0010747218  -0.0007106276   0.0012156998  -0.0005126568
        0.0004684676   0.0004476106   0.0001200973   0.0038057238  -0.0060102210
       -0.0023683229  -0.0005819151   0.0005480248   0.0000366669  -0.0000979235
       -0.0001244963   0.0000143619   0.0010539503   0.0001975215  -0.0003692208
       -0.0024178313  -0.0019217615   0.0038561885   0.0972758536   0.2232410638
       -0.0769275542   0.0002887743   0.0004190231   0.0000710085   0.0001073427
        0.0000658344  -0.0003296695   0.0000210752  -0.0001606090   0.0000340621
        0.0001554792   0.0001911579  -0.0000090932   0.0000002155   0.0000112807
        0.0000445440   0.0002394724   0.0005824962  -0.0005370417  -0.0008982390
       -0.0019095148   0.0004940764
       -0.0001461284  -0.0001983997   0.0006160780  -0.0045177716  -0.0082501777
        0.0041770629   0.0411357471   0.0691518347  -0.0775755289  -0.0044363814
       -0.0063897588   0.0030982284  -0.0017776137  -0.0002182580   0.0004949315
        0.0000571383  -0.0000333039  -0.0002152477   0.0008478301  -0.0013573947
        0.0002130459  -0.0001838159  -0.0001072601  -0.0001047499   0.0001185952
        0.0002003337  -0.0004105293  -0.0001938289   0.0000239786   0.0002892974
        0.0156476397   0.0258261874  -0.0173166111  -0.0460323133  -0.0769275542
        0.0854462524   0.0003616310  -0.0000772682  -0.0000238687  -0.0004391844
       -0.0005020557   0.0003646306  -0.0002128513  -0.0003416389   0.0002224606
       -0.0000018627  -0.0000006844  -0.0000114383  -0.0000114438   0.0000233014
        0.0000449031  -0.0000371553  -0.0003277071   0.0003131519  -0.0001782308
       -0.0004941745   0.0003779311
       -0.0009827323   0.0016577528   0.0003545912  -0.0067295164  -0.0003908092
       -0.0022050753  -0.0165091283   0.0231230253   0.0099164077  -0.0929869738
        0.0878215602   0.0404087066   0.0062327158  -0.0109406598  -0.0042437357
       -0.0001577369  -0.0028084183   0.0011868899   0.0000389101  -0.0002447845
       -0.0000105112  -0.0005356079   0.0000726084  -0.0000913808   0.0000312496
       -0.0000124143  -0.0000212917   0.0001927549   0.0000282885   0.0000160278
        0.0006811207   0.0003019868   0.0002353023   0.0001424992   0.0002887743
        0.0003616310   0.1091021082  -0.0979781696  -0.0461150135   0.0006814133
        0.0008800451   0.0010955912   0.0007205583  -0.0007568839  -0.0006413520
        0.0002379729  -0.0008522587  -0.0001948334  -0.0001295307  -0.0000020815
       -0.0000618364  -0.0000741823  -0.0000320741   0.0000117510   0.0000441057
       -0.0001554876  -0.0000018688
       -0.0000987188  -0.0001256281  -0.0001144132   0.0006145244   0.0011924038
        0.0005057995   0.0029708132  -0.0022716867  -0.0009370028   0.0849763331
       -0.1829430906  -0.0678355530   0.0105896886  -0.0316602647  -0.0073941081
       -0.0037550825  -0.0060398364   0.0026157034  -0.0004892227   0.0004050293
       -0.0001102514  -0.0000181371   0.0000128006   0.0000392174   0.0000249546
       -0.0000243492   0.0000657824   0.0000410033   0.0000506315  -0.0000270776
       -0.0000978363   0.0000510589   0.0003232383  -0.0002453268   0.0004190231
       -0.0000772682  -0.0979781696   0.2239338180   0.0773381751   0.0024577641
       -0.0018874704  -0.0038798951   0.0005864540  -0.0000327683  -0.0004907399
        0.0008523901  -0.0018910127  -0.0005055150  -0.0002913152   0.0006050296
        0.0005349467   0.0000003840   0.0000151724  -0.0000517305  -0.0001405003
        0.0001911400   0.0000006920
       -0.0003724039   0.0003223990   0.0001728307  -0.0016830324   0.0001311846
        0.0004122062  -0.0044795327   0.0065431023   0.0031691728   0.0413441796
       -0.0699944248  -0.0776814695  -0.0044939242   0.0087209485   0.0039759382
        0.0007199525   0.0015041948   0.0001153239   0.0000632655   0.0000397412
       -0.0001824650  -0.0001427384   0.0000724948  -0.0000184747   0.0001197537
       -0.0000035734   0.0000961654   0.0000300598  -0.0000021931  -0.0000073159
       -0.0004251963   0.0005049380   0.0003805721   0.0003581358   0.0000710085
       -0.0000238687  -0.0461150135   0.0773381751   0.0856394596   0.0156418149
       -0.0257846238  -0.0171828851  -0.0003007856  -0.0002599933   0.0004065709
       -0.0001948304   0.0005054161   0.0003931824  -0.0000296664   0.0003007368
        0.0003047296  -0.0000016091  -0.0000186301   0.0000417650  -0.0000384289
        0.0000090986  -0.0000114379
       -0.0002371295  -0.0000321607  -0.0001825278   0.0016600166  -0.0007700847
        0.0006657759  -0.0060367331  -0.0007269036  -0.0313226398  -0.0424575185
        0.0032282789  -0.0036016317  -0.0014677459  -0.0097724051   0.0192676521
        0.0000886055   0.0007804178  -0.0004587371  -0.0000980038   0.0001275739
       -0.0002793832   0.0000600679   0.0000573342   0.0000907657   0.0001217319
       -0.0000680995   0.0002193317   0.0000698702  -0.0000229606  -0.0000621330
       -0.0061567159   0.0003907471  -0.0030073335   0.0006826506   0.0001073427
       -0.0004391844   0.0006814133   0.0024577641   0.0156418149   0.0526954441
        0.0041529905   0.0031816864   0.0005817131   0.0000043887   0.0007280192
       -0.0001295479   0.0002912734  -0.0000296375   0.0001191757  -0.0000707401
       -0.0005013624  -0.0001094473  -0.0001345374   0.0001009669  -0.0000678471
       -0.0000002196  -0.0000114424
        0.0001526523   0.0000013226   0.0000640775  -0.0001530245   0.0003837268
        0.0003022422   0.0002919952   0.0010837073   0.0004560470   0.0032425618
       -0.0430856603  -0.0026363710  -0.0072003191  -0.0151630547   0.0329114745
       -0.0014577655   0.0028368434   0.0040120284  -0.0000826299  -0.0002822198
        0.0000185764  -0.0000179652   0.0000025890   0.0000133755  -0.0000182104
       -0.0000532216  -0.0000767537  -0.0000316265   0.0000236165  -0.0000367569
       -0.0004086665   0.0007474553  -0.0001174864  -0.0002641990   0.0000658344
       -0.0005020557   0.0008800451  -0.0018874704  -0.0257846238   0.0041529905
        0.0539259388  -0.0064384456   0.0010157665   0.0003978335   0.0000681247
        0.0000020407   0.0006050785  -0.0003007268   0.0000707404   0.0004440502
       -0.0016590406  -0.0001488570  -0.0000576513  -0.0002703821  -0.0000255290
        0.0000112819  -0.0000233035
        0.0000193526  -0.0001204903  -0.0001095977   0.0008124952   0.0000237274
        0.0014589186  -0.0056595926  -0.0009852464  -0.0162710262  -0.0083992733
       -0.0088328069  -0.2337539366   0.0115797808   0.0209490741  -0.0228769535
        0.0001924689  -0.0016554988   0.0016156188   0.0002763280   0.0004512778
       -0.0006709293   0.0001059667   0.0000255390   0.0000542003   0.0001877853
       -0.0000527866   0.0001987409  -0.0000222086  -0.0000931627  -0.0000003191
       -0.0030329751   0.0001263446  -0.0003130422   0.0001927682  -0.0003296695
        0.0003646306   0.0010955912  -0.0038798951  -0.0171828851   0.0031816864
       -0.0064384456   0.2847598025  -0.0000936911   0.0000129613   0.0011667446
       -0.0000618048  -0.0005349389   0.0003046975  -0.0005014568   0.0016589928
        0.0009051743   0.0001127058  -0.0002804316   0.0003052606   0.0000140731
       -0.0000445446   0.0000449009
        0.0002147400   0.0000000057  -0.0001673543   0.0011226182   0.0000000401
        0.0001971247  -0.0010956797  -0.0040751215   0.0018049973  -0.0179858073
       -0.0029077060  -0.0062244606  -0.3493888688  -0.0000074769  -0.0723446691
       -0.0179876256   0.0029070670  -0.0062247627  -0.0010961353   0.0040752679
        0.0018052923   0.0000615485   0.0000363297  -0.0000062043  -0.0000123636
        0.0000000002  -0.0000053732   0.0000615482  -0.0000363288  -0.0000062042
        0.0003004625   0.0000638256   0.0003695317  -0.0010526257   0.0000210752
       -0.0002128513   0.0007205583   0.0005864540  -0.0003007856   0.0005817131
        0.0010157665  -0.0000936911   0.3850058382   0.0000078858   0.0816472934
        0.0007205483  -0.0005863965  -0.0003008237   0.0005817724  -0.0010157512
       -0.0000937287   0.0003004792  -0.0000638183   0.0003695414  -0.0010527207
       -0.0000211186  -0.0002128720
       -0.0000000007   0.0001290994  -0.0000000037   0.0000000418  -0.0003689510
        0.0000000060  -0.0037153024  -0.0047929606   0.0023674400  -0.0282066927
       -0.0029483739  -0.0070934080  -0.0000066696  -0.0459324668  -0.0000020993
        0.0282052195  -0.0029466795   0.0070929386   0.0037154988  -0.0047923612
       -0.0023675323  -0.0000545661   0.0000459917   0.0000289530   0.0000000030
       -0.0000293546   0.0000000017   0.0000545700   0.0000459940  -0.0000289512
        0.0002241197  -0.0000586181   0.0002147957  -0.0016322950  -0.0001606090
       -0.0003416389  -0.0007568839  -0.0000327683  -0.0002599933   0.0000043887
        0.0003978335   0.0000129613   0.0000078858   0.0612983863   0.0000027345
        0.0007569524  -0.0000327877   0.0002599592  -0.0000044062   0.0003977770
       -0.0000129971  -0.0002240968  -0.0000586240  -0.0002147777   0.0016322336
       -0.0001605272   0.0003416115
        0.0001972494   0.0000000070   0.0000735362   0.0000783621   0.0000000025
       -0.0003912847   0.0005027356   0.0014015351   0.0003477490   0.0155536068
        0.0039356928  -0.0002024918  -0.1142975068  -0.0000033257  -0.0465719527
        0.0155549209  -0.0039348895  -0.0002023704   0.0005029602  -0.0014017029
        0.0003476042  -0.0000844731   0.0000067829  -0.0000136302  -0.0001341027
       -0.0000000022  -0.0001212771  -0.0000844700  -0.0000067856  -0.0000136319
       -0.0000520146   0.0000606998   0.0000499174   0.0002470280   0.0000340621
        0.0002224606  -0.0006413520  -0.0004907399   0.0004065709   0.0007280192
        0.0000681247   0.0011667446   0.0816472934   0.0000027345   0.0430563360
       -0.0006413519   0.0004906853   0.0004065998   0.0007280228  -0.0000681115
        0.0011667410  -0.0000520199  -0.0000607066   0.0000499069   0.0002470926
       -0.0000340627   0.0002224721
       -0.0009826420  -0.0016578164   0.0003545213  -0.0067295034   0.0003904308
       -0.0022050309   0.0000388673   0.0002447633  -0.0000105084  -0.0001581204
        0.0028087166   0.0011871507   0.0062326960   0.0109430369  -0.0042437465
       -0.0929768893  -0.0878178664   0.0404013687  -0.0165076027  -0.0231242363
        0.0099154630   0.0001927593  -0.0000282811   0.0000160251   0.0000312499
        0.0000124180  -0.0000212874  -0.0005356044  -0.0000726364  -0.0000913814
       -0.0000741841   0.0000320688   0.0000117491   0.0000440884   0.0001554792
       -0.0000018627   0.0002379729   0.0008523901  -0.0001948304  -0.0001295479
        0.0000020407  -0.0000618048   0.0007205483   0.0007569524  -0.0006413519
        0.1090906703   0.0979732420  -0.0461067305   0.0006816076  -0.0008799386
        0.0010953319   0.0006811325  -0.0003019590   0.0002353096   0.0001425017
       -0.0002888045   0.0003616152
        0.0000986831  -0.0001257111   0.0001144227  -0.0006149227   0.0011924154
       -0.0005058982   0.0004891989   0.0004050694   0.0001102735   0.0037553976
       -0.0060392951  -0.0026158706  -0.0105873026  -0.0316601932   0.0073924893
       -0.0849726754  -0.1829584861   0.0678338652  -0.0029714727  -0.0022729947
        0.0009373726  -0.0000409962   0.0000506265   0.0000270807  -0.0000249560
       -0.0000243483  -0.0000657885   0.0000181104   0.0000128016  -0.0000392215
       -0.0000003891   0.0000151716   0.0000517299   0.0001404932   0.0001911579
       -0.0000006844  -0.0008522587  -0.0018910127   0.0005054161   0.0002912734
        0.0006050785  -0.0005349389  -0.0005863965  -0.0000327877   0.0004906853
        0.0979732420   0.2239512148  -0.0773355489  -0.0024582153  -0.0018888059
        0.0038805472   0.0000978896   0.0000510784  -0.0003232375   0.0002452970
        0.0004190206   0.0000773061
       -0.0003723813  -0.0003224321   0.0001728234  -0.0016830486  -0.0001312530
        0.0004121808   0.0000632868  -0.0000397152  -0.0001824616   0.0007201846
       -0.0015043891   0.0001151654  -0.0044938222  -0.0087225805   0.0039758875
        0.0413368253   0.0699927893  -0.0776761692  -0.0044792654  -0.0065435743
        0.0031689587   0.0000300581   0.0000021966  -0.0000073149   0.0001197524
        0.0000035762   0.0000961632  -0.0001427333  -0.0000725017  -0.0000184793
       -0.0000016103   0.0000186289   0.0000417673  -0.0000384228  -0.0000090932
       -0.0000114383  -0.0001948334  -0.0005055150   0.0003931824  -0.0000296375
       -0.0003007268   0.0003046975  -0.0003008237   0.0002599592   0.0004065998
       -0.0461067305  -0.0773355489   0.0856335091   0.0156402153   0.0257861254
       -0.0171817434  -0.0004251631  -0.0005049748   0.0003805400   0.0003581495
       -0.0000709709  -0.0000238684
       -0.0002371222   0.0000321538  -0.0001825226   0.0016599633   0.0007701339
        0.0006658229  -0.0000980011  -0.0001275524  -0.0002793868   0.0000885658
       -0.0007805609  -0.0004585327  -0.0014687379   0.0097724654   0.0192699514
       -0.0424571406  -0.0032281046  -0.0036018983  -0.0060367577   0.0007276913
       -0.0313225846   0.0000698675   0.0000229655  -0.0000621346   0.0001217268
        0.0000681015   0.0002193297   0.0000600702  -0.0000573341   0.0000907643
       -0.0001094640   0.0001345307   0.0001009561  -0.0000678485   0.0000002155
       -0.0000114438  -0.0001295307  -0.0002913152  -0.0000296664   0.0001191757
        0.0000707404  -0.0005014568   0.0005817724  -0.0000044062   0.0007280228
        0.0006816076  -0.0024582153   0.0156402153   0.0526959291  -0.0041531845
        0.0031811375  -0.0061567171  -0.0003910350  -0.0030073557   0.0006826413
       -0.0001072897  -0.0004392177
       -0.0001526681   0.0000013133  -0.0000640835   0.0001530682   0.0003837937
       -0.0003022462   0.0000826294  -0.0002822048  -0.0000185781   0.0014575980
        0.0028369723  -0.0040120070   0.0072006754  -0.0151599934  -0.0329100527
       -0.0032422037  -0.0430864789   0.0026434897  -0.0002921925   0.0010837122
       -0.0004572072   0.0000316303   0.0000236144   0.0000367543   0.0000182136
       -0.0000532213   0.0000767568   0.0000179646   0.0000025882  -0.0000133723
        0.0001488497  -0.0000576556   0.0002703747   0.0000255240   0.0000112807
        0.0000233014  -0.0000020815   0.0006050296   0.0003007368  -0.0000707401
        0.0004440502   0.0016589928  -0.0010157512   0.0003977770  -0.0000681115
       -0.0008799386  -0.0018888059   0.0257861254  -0.0041531845   0.0539249599
        0.0064297574   0.0004083795   0.0007474566   0.0001173500   0.0002642274
        0.0000658117   0.0005020191
        0.0000193396   0.0001204962  -0.0001095951   0.0008125031  -0.0000237209
        0.0014589063   0.0002763575  -0.0004512468  -0.0006709477   0.0001924275
        0.0016555572   0.0016155294   0.0115812827  -0.0209481008  -0.0228790226
       -0.0083999029   0.0088396473  -0.2337535015  -0.0056596617   0.0009855840
       -0.0162710069  -0.0000222130   0.0000931620  -0.0000003144   0.0001877829
        0.0000527875   0.0001987460   0.0001059690  -0.0000255349   0.0000541986
        0.0001126952   0.0002804248   0.0003052816   0.0000140715   0.0000445440
        0.0000449031  -0.0000618364   0.0005349467   0.0003047296  -0.0005013624
       -0.0016590406   0.0009051743  -0.0000937287  -0.0000129971   0.0011667410
        0.0010953319   0.0038805472  -0.0171817434   0.0031811375   0.0064297574
        0.2847603021  -0.0030329521  -0.0001264825  -0.0003130429   0.0001927589
        0.0003296692   0.0003646624
        0.0022054586  -0.0004244540   0.0025318894  -0.0031886950  -0.0084926003
        0.0178098487   0.0001611539   0.0006186059  -0.0003579430  -0.0000870734
        0.0001485760  -0.0002654452   0.0016198499  -0.0006644525   0.0009014682
       -0.0057082677  -0.0006590815  -0.0310582360  -0.0425859575   0.0021356609
       -0.0036544418   0.0000446238   0.0000924156   0.0000267175   0.0002893794
        0.0003069018  -0.0011988299   0.0002516575   0.0002099582  -0.0003279293
        0.0000996588   0.0000324217  -0.0003147419  -0.0001125950   0.0002394724
       -0.0000371553  -0.0000741823   0.0000003840  -0.0000016091  -0.0001094473
       -0.0001488570   0.0001127058   0.0003004792  -0.0002240968  -0.0000520199
        0.0006811325   0.0000978896  -0.0004251631  -0.0061567171   0.0004083795
       -0.0030329521   0.0517052652   0.0039054946   0.0036945957   0.0006642766
        0.0024173820   0.0156492411
        0.0016854015   0.0003831483   0.0013911705  -0.0076068951  -0.0146047883
        0.0328950034  -0.0013322048   0.0026117069   0.0040190795  -0.0001038051
       -0.0003007163   0.0000686801  -0.0000399199   0.0004499925   0.0002973484
        0.0001552556   0.0009761621   0.0003502885   0.0030197293  -0.0434066947
       -0.0019911458  -0.0000097635  -0.0002859887  -0.0002221478   0.0001715786
        0.0001696407  -0.0010270275   0.0001915499   0.0001885119  -0.0002672246
       -0.0000324263   0.0003813999  -0.0015464931   0.0000178437   0.0005824962
       -0.0003277071  -0.0000320741   0.0000151724  -0.0000186301  -0.0001345374
       -0.0000576513  -0.0002804316  -0.0000638183  -0.0000586240  -0.0000607066
       -0.0003019590   0.0000510784  -0.0005049748  -0.0003910350   0.0007474566
       -0.0001264825   0.0039054946   0.0540781256  -0.0068239167   0.0009015853
       -0.0019204283  -0.0258246822
       -0.0013823759  -0.0003797827   0.0009981063   0.0117164487   0.0222277447
       -0.0243115187   0.0001406656  -0.0016782070   0.0013343715   0.0003012479
        0.0004599160  -0.0006390425   0.0008268234  -0.0000583741   0.0016520935
       -0.0052487568  -0.0009332676  -0.0159952999  -0.0094924489  -0.0091741987
       -0.2316659433  -0.0001759411  -0.0000771280  -0.0003523371   0.0013971229
        0.0003941922   0.0009705026  -0.0002253077  -0.0003680792   0.0003025314
       -0.0003148332   0.0015464517   0.0009531792  -0.0000818721  -0.0005370417
        0.0003131519   0.0000117510  -0.0000517305   0.0000417650   0.0001009669
       -0.0002703821   0.0003052606   0.0003695414  -0.0002147777   0.0000499069
        0.0002353096  -0.0003232375   0.0003805400  -0.0030073557   0.0001173500
       -0.0003130429   0.0036945957  -0.0068239167   0.2832935253   0.0011344182
       -0.0038555313  -0.0173177497
        0.0009971535  -0.0023275806  -0.0006363153   0.0052649957  -0.0090952965
       -0.0046637984  -0.0005322832  -0.0026692869   0.0010307082  -0.0000302555
       -0.0001465084  -0.0000002691  -0.0072048490  -0.0001012361  -0.0021047794
       -0.0165565842   0.0231398965   0.0099584287  -0.0918960853   0.0866406469
        0.0404483454  -0.0005949826  -0.0002941786   0.0002905984  -0.0001619390
        0.0001379504   0.0000586898   0.0001660775   0.0000350954   0.0000110002
       -0.0001125799  -0.0000178815  -0.0000819044   0.0002628280  -0.0008982390
       -0.0001782308   0.0000441057  -0.0001405003  -0.0000384289  -0.0000678471
       -0.0000255290   0.0000140731  -0.0010527207   0.0016322336   0.0002470926
        0.0001425017   0.0002452970   0.0003581495   0.0006826413   0.0002642274
        0.0001927589   0.0006642766   0.0009015853   0.0011344182   0.1099855464
       -0.0972806955  -0.0460405368
        0.0011776995   0.0003555918  -0.0003841069   0.0103350079  -0.0327697740
       -0.0076750385  -0.0038054364  -0.0060107426   0.0023681447  -0.0004684980
        0.0004475776  -0.0001200715   0.0007102046   0.0012157075   0.0005125618
        0.0028258946  -0.0024195207  -0.0010743520   0.0843766740  -0.1819428807
       -0.0672520636  -0.0010539919   0.0001974310   0.0003692327   0.0000979175
       -0.0001244745  -0.0000143460   0.0005819005   0.0005480575  -0.0000366418
       -0.0002395115   0.0005824486   0.0005370470   0.0008983726  -0.0019095148
       -0.0004941745  -0.0001554876   0.0001911400   0.0000090986  -0.0000002196
        0.0000112819  -0.0000445446  -0.0000211186  -0.0001605272  -0.0000340627
       -0.0002888045   0.0004190206  -0.0000709709  -0.0001072897   0.0000658117
        0.0003296692   0.0024173820  -0.0019204283  -0.0038555313  -0.0972806955
        0.2232237948   0.0769301507
       -0.0001460943   0.0001983810   0.0006160704  -0.0045178561   0.0082484976
        0.0041770827   0.0008476048   0.0013572052   0.0002131894   0.0000571181
        0.0000333327  -0.0002152517  -0.0017775991   0.0002181817   0.0004949601
       -0.0044366466   0.0063892884   0.0030984318   0.0411430217  -0.0691534371
       -0.0775807604  -0.0001938690  -0.0000239940   0.0002893111   0.0001186109
       -0.0002003159  -0.0004105362  -0.0001838002   0.0001072748  -0.0001047471
       -0.0000371837   0.0003277154   0.0003131849  -0.0001782253   0.0004940764
        0.0003779311  -0.0000018688   0.0000006920  -0.0000114379  -0.0000114424
       -0.0000233035   0.0000449009  -0.0002128720   0.0003416115   0.0002224721
        0.0003616152   0.0000773061  -0.0000238684  -0.0004392177   0.0005020191
        0.0003646624   0.0156492411  -0.0258246822  -0.0173177497  -0.0460405368
        0.0769301507   0.0854521543
