           1           2   1.0169481906795177     
           2           3   1.0042241728964187     
           3           4   1.0013437505421601     
           4           5   1.0154506557839531     
           5           6   1.0154506582817739     
           2           7   1.0042241719629248     
           6           7   1.0013437482629037     
           1           8  0.98241193479416467     
           1           9  0.97320930348568180     
           1          10  0.98241193393398007     
           3          11  0.96305875436014354     
           3          12  0.97327109336530926     
           4          13  0.97498065687906332     
           4          14  0.96559387885390724     
           5          15  0.95900329142012319     
           6          16  0.97498065777522191     
           6          17  0.96559387773235861     
           7          18  0.96305876062984053     
           7          19  0.97327109001474565     
