           1           2  0.99480279692186235     
           2           3  0.98880875541859636     
           3           4  0.98880877149671620     
           4           5  0.99480278393067323     
           1           6   1.0151644619609901     
           5           6   1.0151644731880338     
           1           7  0.96589446500030940     
           1           8  0.97500695273981952     
           2           9  0.97148250259215896     
           2          10  0.96645780369292478     
           4          11  0.97148250237752343     
           4          12  0.96645780227941713     
           5          13  0.96589446483002261     
           5          14  0.97500695038054175     
           6          15  0.95840176753432815     
