           1           2  0.98071846887802172     
           2           3  0.95994086647248933     
           2           4  0.95843288570122132     
           4           5  0.95733847762859381     
           4           6  0.96103097504555590     
           6           7  0.96053413525430120     
           6           8  0.94594177168964422     
           8           9  0.94660447260589065     
           1          10  0.99202407885182009     
           8          10  0.94922800135984731     
           8          11   1.0355064229399216     
           6          12   1.0098646064440839     
           4          13   1.0025915994788590     
           2          14  0.99242507044018757     
           1          15  0.96297272494850072     
           1          16  0.96439986792481402     
          11          17  0.86806412876954853     
          12          18  0.86303618577366026     
          13          19  0.89245004174497733     
          14          20  0.89222554649815145     
