$hessian                                                                        
        0.5330158224   0.0032531772   0.0009511143  -0.0856048074  -0.0334461647
       -0.0031136599  -0.0672452221  -0.0011598458  -0.0013460035  -0.0883168241
        0.0334461602  -0.0031902104   0.0011528551   0.0023919848  -0.0008813104
        0.0024272476   0.0010930100  -0.0004215843  -0.0061079025  -0.0000727068
       -0.0013254238  -0.0026513453  -0.0000144397   0.0012250951   0.0028736606
       -0.0003438060  -0.0007258523   0.0015683867  -0.0019361600  -0.0005249099
       -0.1193205121  -0.0011859485  -0.1167990136  -0.1717913588  -0.0020252607
        0.1261517586
        0.0032531772   0.3380990792   0.0000214408  -0.0472407305  -0.0883239158
       -0.0023021752  -0.0011597833   0.0021428912  -0.0000219144   0.0472407706
       -0.0856114983   0.0021979900   0.0102446482  -0.0119816414   0.0106124602
        0.0130041073  -0.0194360376  -0.0090902606  -0.0000780385  -0.0016932797
       -0.0000243841  -0.0000221047  -0.0015106364   0.0000246111  -0.0122552011
       -0.0198716630   0.0090633257  -0.0097861964  -0.0123840337  -0.0106272191
       -0.0011803501  -0.0488523097  -0.0019544266  -0.0020202988  -0.0505769550
        0.0021005522
        0.0009511143   0.0000214408   0.4607576513  -0.0021954058  -0.0031871174
       -0.0383995012   0.0013473038   0.0000227211   0.0162120083  -0.0023046838
        0.0031148756  -0.0383998121  -0.0188087542   0.0215201516  -0.0153926892
        0.0153832124  -0.0201029050  -0.0089255052   0.0022330240   0.0000370726
       -0.0006160846  -0.0015646956  -0.0000248290  -0.0019474164   0.0147029244
        0.0206064268  -0.0089241983  -0.0180752707  -0.0221358049  -0.0153882532
       -0.1002107934  -0.0016866213  -0.1991556201   0.1085420246   0.0018145890
       -0.1498205794
       -0.0856048074  -0.0472407305  -0.0021954058   0.3380842065  -0.0032529844
       -0.0000168635  -0.0883168142   0.0472409319   0.0023028846   0.0021408283
        0.0011592324   0.0000224134  -0.0015091167   0.0000220515  -0.0000245935
       -0.0016914488   0.0000781075   0.0000243779  -0.0198754012   0.0122599434
       -0.0090658003  -0.0123834140   0.0097887933   0.0106287089  -0.0505740791
        0.0020240678  -0.0021040053  -0.0488492625   0.0011769463   0.0019492255
       -0.0119830122  -0.0102485054  -0.0106143130  -0.0194376787  -0.0130078537
        0.0090933713
       -0.0334461647  -0.0883239158  -0.0031871174  -0.0032529844   0.5329931810
        0.0009502042   0.0334463494  -0.0856118177  -0.0031128203   0.0011592120
       -0.0672122961  -0.0013457693   0.0000144664  -0.0026503019   0.0012232056
        0.0000726512  -0.0061047378  -0.0013227445   0.0003435340   0.0028732833
       -0.0007280008   0.0019365768   0.0015676565  -0.0005237239   0.0020296645
       -0.1717863751   0.1261512729   0.0011819477  -0.1193233863  -0.1168007171
       -0.0023925882   0.0011518674  -0.0008801477  -0.0010926647   0.0024268426
       -0.0004236417
       -0.0031136599  -0.0023021752  -0.0383995012  -0.0000168635   0.0009502042
        0.4607716652   0.0031892476  -0.0021961568  -0.0383995894  -0.0000222670
        0.0013502357   0.0162070097   0.0000247670  -0.0015621167  -0.0019467170
       -0.0000370082   0.0022305629  -0.0006148717  -0.0206092685   0.0147036790
       -0.0089249471   0.0221377831  -0.0180777407  -0.0153909084  -0.0018180163
        0.1085379967  -0.1498262679   0.0016812805  -0.1002085787  -0.1991544144
       -0.0215223344  -0.0188107456  -0.0153934355   0.0201063395   0.0153848352
       -0.0089280221
       -0.0672452221  -0.0011597833   0.0013473038  -0.0883168142   0.0334463494
        0.0031892476   0.5330157675   0.0032530694  -0.0009524832  -0.0856046583
       -0.0334458783   0.0031160716   0.0015687806  -0.0019356552   0.0005246496
        0.0028733536  -0.0003442518   0.0007256482  -0.1717947209  -0.0020321968
       -0.1261512869  -0.1193173889  -0.0011795363   0.1167979625   0.0024271299
        0.0010931512   0.0004214111   0.0011530320   0.0023918586   0.0008810506
       -0.0026513389  -0.0000144707  -0.0012250834  -0.0061079201  -0.0000726563
        0.0013255085
       -0.0011598458   0.0021428912   0.0000227211   0.0472409319  -0.0856118177
       -0.0021961568   0.0032530694   0.3380990708  -0.0000142910  -0.0472404986
       -0.0883235765   0.0023055565  -0.0097850622  -0.0123824030   0.0106271085
       -0.0122561573  -0.0198731874  -0.0090627234  -0.0020262514  -0.0505771672
       -0.0021059068  -0.0011748759  -0.0488521223   0.0019463174   0.0130033839
       -0.0194345348   0.0090904589   0.0102454923  -0.0119832446  -0.0106128959
       -0.0000220059  -0.0015106257  -0.0000246297  -0.0000781803  -0.0016932828
        0.0000244413
       -0.0013460035  -0.0000219144   0.0162120083   0.0023028846  -0.0031128203
       -0.0383995894  -0.0009524832  -0.0000142910   0.4607577176   0.0021986483
        0.0031903013  -0.0383999002   0.0180754116   0.0221356134  -0.0153899690
       -0.0147025488  -0.0206059416  -0.0089226489  -0.1085415528  -0.0018200054
       -0.1498169266   0.1002097433   0.0016783770  -0.1991590293  -0.0153839663
        0.0201033441  -0.0089265915   0.0188080922  -0.0215204262  -0.0153915800
        0.0015647102   0.0000248001  -0.0019474190  -0.0022329357  -0.0000370369
       -0.0006160721
       -0.0883168241   0.0472407706  -0.0023046838   0.0021408283   0.0011592120
       -0.0000222670  -0.0856046583  -0.0472404986   0.0021986483   0.3380839547
       -0.0032529976   0.0000189170  -0.0488492890   0.0011783641  -0.0019515434
       -0.0505740382   0.0020225265   0.0021024136  -0.0194379731  -0.0130085031
       -0.0090924362  -0.0119826267  -0.0102477160   0.0106149074  -0.0016914373
        0.0000780719  -0.0000243646  -0.0015091263   0.0000220753   0.0000245849
       -0.0123839862   0.0097885481  -0.0106293846  -0.0198748237   0.0122601469
        0.0090652084
        0.0334461602  -0.0856114983   0.0031148756   0.0011592324  -0.0672122961
        0.0013502357  -0.0334458783  -0.0883235765   0.0031903013  -0.0032529976
        0.5329925111  -0.0009563028   0.0011836343  -0.1193137608   0.1167978593
        0.0020278371  -0.1717964627  -0.1261494456  -0.0010936660   0.0024260376
        0.0004230689  -0.0023914991   0.0011529340   0.0008793162   0.0000726737
       -0.0061048533   0.0013230244   0.0000144510  -0.0026502217  -0.0012231272
        0.0019354879   0.0015686460   0.0005228118   0.0003445646   0.0028725406
        0.0007273824
       -0.0031902104   0.0021979900  -0.0383998121   0.0000224134  -0.0013457693
        0.0162070097   0.0031160716   0.0023055565  -0.0383999002   0.0000189170
       -0.0009563028   0.4607725727  -0.0016836131   0.1002057507  -0.1991658291
        0.0018164183  -0.1085361260  -0.1498146586  -0.0201060909  -0.0153852517
       -0.0089267292   0.0215224376   0.0188099976  -0.0153950333   0.0000370179
       -0.0022302401  -0.0006148568  -0.0000247797   0.0015621938  -0.0019466948
       -0.0221379571   0.0180766910  -0.0153915135   0.0206093755  -0.0147044897
       -0.0089245546
        0.0011528551   0.0102446482  -0.0188087542  -0.0015091167   0.0000144664
        0.0000247670   0.0015687806  -0.0097850622   0.0180754116  -0.0488492890
        0.0011836343  -0.0016836131   0.0411557049  -0.0015053458   0.0022808041
        0.0064056345  -0.0002522384   0.0002009429   0.0035350948   0.0020001770
        0.0015438240  -0.0043466010  -0.0042541614   0.0034417259   0.0009760128
        0.0000319143  -0.0000119380   0.0009253763   0.0000405788   0.0000222153
       -0.0046505017   0.0042542008  -0.0035794960   0.0036360494  -0.0019728119
       -0.0015058894
        0.0023919848  -0.0119816414   0.0215201516   0.0000220515  -0.0026503019
       -0.0015621167  -0.0019356552  -0.0123824030   0.0221356134   0.0011783641
       -0.1193137608   0.1002057507  -0.0015053458   0.1307051190  -0.1357684806
       -0.0002492194   0.0213007820  -0.0121569756   0.0008482657   0.0027941578
       -0.0012856946  -0.0050278549  -0.0046499432   0.0044722838   0.0000294056
       -0.0008077770   0.0005567788   0.0000405597  -0.0013678338  -0.0011373671
        0.0050279072  -0.0043461662   0.0043543970  -0.0008204632   0.0026997686
       -0.0013343408
       -0.0008813104   0.0106124602  -0.0153926892  -0.0000245935   0.0012232056
       -0.0019467170   0.0005246496   0.0106271085  -0.0153899690  -0.0019515434
        0.1167978593  -0.1991658291   0.0022808041  -0.1357684806   0.2981203825
        0.0001574513  -0.0094823544  -0.0695139798   0.0019894923  -0.0016167379
        0.0048499381   0.0043546361   0.0035788260  -0.0041561831  -0.0000187447
        0.0011320045  -0.0004869310  -0.0000221924   0.0011375255   0.0023893420
       -0.0044724160   0.0034409828  -0.0041560601  -0.0019362330  -0.0016823996
        0.0048486957
        0.0024272476   0.0130041073   0.0153832124  -0.0016914488   0.0000726512
       -0.0000370082   0.0028733536  -0.0122561573  -0.0147025488  -0.0505740382
        0.0020278371   0.0018164183   0.0064056345  -0.0002492194   0.0001574513
        0.0404972575  -0.0026709659  -0.0026843639  -0.0037362040  -0.0032076652
       -0.0018724688   0.0026998824   0.0019725696  -0.0016831165   0.0013863137
        0.0000697419  -0.0000231570   0.0009760125   0.0000293965   0.0000187210
        0.0027942990  -0.0019999232   0.0016174728  -0.0040583098   0.0032076274
        0.0020093873
        0.0010930100  -0.0194360376  -0.0201029050   0.0000781075  -0.0061047378
        0.0022305629  -0.0003442518  -0.0198731874  -0.0206059416   0.0020225265
       -0.1717964627  -0.1085361260  -0.0002522384   0.0213007820  -0.0094823544
       -0.0026709659   0.2001259628   0.1605467138  -0.0064466563  -0.0040581278
       -0.0041420516   0.0008202920   0.0036357905   0.0019356726   0.0000697635
       -0.0027850433   0.0013755068   0.0000318970  -0.0008078070  -0.0011319796
       -0.0008480694   0.0035347953   0.0019889558   0.0064465853  -0.0037359271
       -0.0040760536
       -0.0004215843  -0.0090902606  -0.0089255052   0.0000243779  -0.0013227445
       -0.0006148717   0.0007256482  -0.0090627234  -0.0089226489   0.0021024136
       -0.1261494456  -0.1498146586   0.0002009429  -0.0121569756  -0.0695139798
       -0.0026843639   0.1605467138   0.2321433050  -0.0040761729  -0.0020091747
       -0.0024386965  -0.0013346997   0.0015055284   0.0048484566   0.0000231538
       -0.0013753225   0.0013145233   0.0000119153  -0.0005567583  -0.0004868396
        0.0012860814   0.0015434847   0.0048497056   0.0041422878  -0.0018723217
       -0.0024387901
       -0.0061079025  -0.0000780385   0.0022330240  -0.0198754012   0.0003435340
       -0.0206092685  -0.1717947209  -0.0020262514  -0.1085415528  -0.0194379731
       -0.0010936660  -0.0201060909   0.0035350948   0.0008482657   0.0019894923
       -0.0037362040  -0.0064466563  -0.0040761729   0.2001275882   0.0026764793
        0.1605552221   0.0213050901   0.0002519579  -0.0094826727  -0.0040583922
        0.0064464507  -0.0041425604   0.0036361378  -0.0008204122   0.0019362084
       -0.0008074117  -0.0000319223  -0.0011318663  -0.0027859052  -0.0000697409
        0.0013762378
       -0.0000727068  -0.0016932797   0.0000370726   0.0122599434   0.0028732833
        0.0147036790  -0.0020321968  -0.0505771672  -0.0018200054  -0.0130085031
        0.0024260376  -0.0153852517   0.0020001770   0.0027941578  -0.0016167379
       -0.0032076652  -0.0040581278  -0.0020091747   0.0026764793   0.0405024153
        0.0026912481   0.0002488529   0.0064065774  -0.0001601300   0.0032075276
       -0.0037355933   0.0018723025  -0.0019727085   0.0026999314   0.0016825998
       -0.0000293987   0.0009752392  -0.0000187679  -0.0000698012   0.0013865259
        0.0000231655
       -0.0013254238  -0.0000243841  -0.0006160846  -0.0090658003  -0.0007280008
       -0.0089249471  -0.1261512869  -0.0021059068  -0.1498169266  -0.0090924362
        0.0004230689  -0.0089267292   0.0015438240  -0.0012856946   0.0048499381
       -0.0018724688  -0.0041420516  -0.0024386965   0.1605552221   0.0026912481
        0.2321532475  -0.0121554672  -0.0002035886  -0.0695166156  -0.0020095251
        0.0040760661  -0.0024389981   0.0015060861   0.0013343813   0.0048484812
       -0.0005565506  -0.0000119664  -0.0004871712  -0.0013761732  -0.0000231716
        0.0013145021
       -0.0026513453  -0.0000221047  -0.0015646956  -0.0123834140   0.0019365768
        0.0221377831  -0.1193173889  -0.0011748759   0.1002097433  -0.0119826267
       -0.0023914991   0.0215224376  -0.0043466010  -0.0050278549   0.0043546361
        0.0026998824   0.0008202920  -0.0013346997   0.0213050901   0.0002488529
       -0.0121554672   0.1307082142   0.0015006146  -0.1357744999   0.0027942205
       -0.0008480905  -0.0012860687  -0.0046503893   0.0050280658   0.0044721953
       -0.0013682536  -0.0000406133  -0.0011379218  -0.0008073884  -0.0000293637
        0.0005565576
       -0.0000144397  -0.0015106364  -0.0000248290   0.0097887933   0.0015676565
       -0.0180777407  -0.0011795363  -0.0488521223   0.0016783770  -0.0102477160
        0.0011529340   0.0188099976  -0.0042541614  -0.0046499432   0.0035788260
        0.0019725696   0.0036357905   0.0015055284   0.0002519579   0.0064065774
       -0.0002035886   0.0015006146   0.0411605553  -0.0022718796  -0.0020000277
        0.0035346053  -0.0015433244   0.0042543563  -0.0043465736  -0.0034410727
       -0.0000405592   0.0009259133  -0.0000221751  -0.0000318513   0.0009752432
        0.0000118811
        0.0012250951   0.0000246111  -0.0019474164   0.0106287089  -0.0005237239
       -0.0153909084   0.1167979625   0.0019463174  -0.1991590293   0.0106149074
        0.0008793162  -0.0153950333   0.0034417259   0.0044722838  -0.0041561831
       -0.0016831165   0.0019356726   0.0048484566  -0.0094826727  -0.0001601300
       -0.0695166156  -0.1357744999  -0.0022718796   0.2981198921  -0.0016172467
       -0.0019889945   0.0048499282   0.0035792861  -0.0043544172  -0.0041557773
        0.0011379777   0.0000222536   0.0023898862   0.0011318721   0.0000186905
       -0.0004871996
        0.0028736606  -0.0122552011   0.0147029244  -0.0505740791   0.0020296645
       -0.0018180163   0.0024271299   0.0130033839  -0.0153839663  -0.0016914373
        0.0000726737   0.0000370179   0.0009760128   0.0000294056  -0.0000187447
        0.0013863137   0.0000697635   0.0000231538  -0.0040583922   0.0032075276
       -0.0020095251   0.0027942205  -0.0020000277  -0.0016172467   0.0404971554
       -0.0026732598   0.0026873815   0.0064056293  -0.0002490456  -0.0001585844
        0.0026998928   0.0019726311   0.0016829602  -0.0037361065  -0.0032075157
        0.0018726457
       -0.0003438060  -0.0198716630   0.0206064268   0.0020240678  -0.1717863751
        0.1085379967   0.0010931512  -0.0194345348   0.0201033441   0.0000780719
       -0.0061048533  -0.0022302401   0.0000319143  -0.0008077770   0.0011320045
        0.0000697419  -0.0027850433  -0.0013753225   0.0064464507  -0.0037355933
        0.0040760661  -0.0008480905   0.0035346053  -0.0019889945  -0.0026732598
        0.2001116500  -0.1605460032  -0.0002521000   0.0213017653   0.0094781934
        0.0008202651   0.0036356013  -0.0019357380  -0.0064464065  -0.0040577823
        0.0041422665
       -0.0007258523   0.0090633257  -0.0089241983  -0.0021040053   0.1261512729
       -0.1498262679   0.0004214111   0.0090904589  -0.0089265915  -0.0000243646
        0.0013230244  -0.0006148568  -0.0000119380   0.0005567788  -0.0004869310
       -0.0000231570   0.0013755068   0.0013145233  -0.0041425604   0.0018723025
       -0.0024389981  -0.0012860687  -0.0015433244   0.0048499282   0.0026873815
       -0.1605460032   0.2321588504  -0.0002020776   0.0121528240  -0.0695149529
        0.0013347379  -0.0015054317   0.0048485868   0.0040764935   0.0020092653
       -0.0024390921
        0.0015683867  -0.0097861964  -0.0180752707  -0.0488492625   0.0011819477
        0.0016812805   0.0011530320   0.0102454923   0.0188080922  -0.0015091263
        0.0000144510  -0.0000247797   0.0009253763   0.0000405597  -0.0000221924
        0.0009760125   0.0000318970   0.0000119153   0.0036361378  -0.0019727085
        0.0015060861  -0.0046503893   0.0042543563   0.0035792861   0.0064056293
       -0.0002521000  -0.0002020776   0.0411558387  -0.0015034067  -0.0022768541
       -0.0043467179  -0.0042544148  -0.0034415039   0.0035350828   0.0020001224
       -0.0015439818
       -0.0019361600  -0.0123840337  -0.0221358049   0.0011769463  -0.1193233863
       -0.1002085787   0.0023918586  -0.0119832446  -0.0215204262   0.0000220753
       -0.0026502217   0.0015621938   0.0000405788  -0.0013678338   0.0011375255
        0.0000293965  -0.0008078070  -0.0005567583  -0.0008204122   0.0026999314
        0.0013343813   0.0050280658  -0.0043465736  -0.0043544172  -0.0002490456
        0.0213017653   0.0121528240  -0.0015034067   0.1307174601   0.1357754977
       -0.0050281382  -0.0046503643  -0.0044721437   0.0008482414   0.0027943081
        0.0012857067
       -0.0005249099  -0.0106272191  -0.0153882532   0.0019492255  -0.1168007171
       -0.1991544144   0.0008810506  -0.0106128959  -0.0153915800   0.0000245849
       -0.0012231272  -0.0019466948   0.0000222153  -0.0011373671   0.0023893420
        0.0000187210  -0.0011319796  -0.0004868396   0.0019362084   0.0016825998
        0.0048484812   0.0044721953  -0.0034410727  -0.0041557773  -0.0001585844
        0.0094781934  -0.0695149529  -0.0022768541   0.1357754977   0.2981065138
       -0.0043544015  -0.0035787776  -0.0041556542  -0.0019894511   0.0016168655
        0.0048498294
       -0.1193205121  -0.0011803501  -0.1002107934  -0.0119830122  -0.0023925882
       -0.0215223344  -0.0026513389  -0.0000220059   0.0015647102  -0.0123839862
        0.0019354879  -0.0221379571  -0.0046505017   0.0050279072  -0.0044724160
        0.0027942990  -0.0008480694   0.0012860814  -0.0008074117  -0.0000293987
       -0.0005565506  -0.0013682536  -0.0000405592   0.0011379777   0.0026998928
        0.0008202651   0.0013347379  -0.0043467179  -0.0050281382  -0.0043544015
        0.1307121408   0.0015079368   0.1357768061   0.0213054018   0.0002495128
        0.0121541397
       -0.0011859485  -0.0488523097  -0.0016866213  -0.0102485054   0.0011518674
       -0.0188107456  -0.0000144707  -0.0015106257   0.0000248001   0.0097885481
        0.0015686460   0.0180766910   0.0042542008  -0.0043461662   0.0034409828
       -0.0019999232   0.0035347953   0.0015434847  -0.0000319223   0.0009752392
       -0.0000119664  -0.0000406133   0.0009259133   0.0000222536   0.0019726311
        0.0036356013  -0.0015054317  -0.0042544148  -0.0046503643  -0.0035787776
        0.0015079368   0.0411608086   0.0022859021   0.0002524814   0.0064065946
        0.0001994284
       -0.1167990136  -0.0019544266  -0.1991556201  -0.0106143130  -0.0008801477
       -0.0153934355  -0.0012250834  -0.0000246297  -0.0019474190  -0.0106293846
        0.0005228118  -0.0153915135  -0.0035794960   0.0043543970  -0.0041560601
        0.0016174728   0.0019889558   0.0048497056  -0.0011318663  -0.0000187679
       -0.0004871712  -0.0011379218  -0.0000221751   0.0023898862   0.0016829602
       -0.0019357380   0.0048485868  -0.0034415039  -0.0044721437  -0.0041556542
        0.1357768061   0.0022859021   0.2981156431   0.0094813436   0.0001559620
       -0.0695169481
       -0.1717913588  -0.0020202988   0.1085420246  -0.0194376787  -0.0010926647
        0.0201063395  -0.0061079201  -0.0000781803  -0.0022329357  -0.0198748237
        0.0003445646   0.0206093755   0.0036360494  -0.0008204632  -0.0019362330
       -0.0040583098   0.0064465853   0.0041422878  -0.0027859052  -0.0000698012
       -0.0013761732  -0.0008073884  -0.0000318513   0.0011318721  -0.0037361065
       -0.0064464065   0.0040764935   0.0035350828   0.0008482414  -0.0019894511
        0.0213054018   0.0002524814   0.0094813436   0.2001229572   0.0026677934
       -0.1605549436
       -0.0020252607  -0.0505769550   0.0018145890  -0.0130078537   0.0024268426
        0.0153848352  -0.0000726563  -0.0016932828  -0.0000370369   0.0122601469
        0.0028725406  -0.0147044897  -0.0019728119   0.0026997686  -0.0016823996
        0.0032076274  -0.0037359271  -0.0018723217  -0.0000697409   0.0013865259
       -0.0000231716  -0.0000293637   0.0009752432   0.0000186905  -0.0032075157
       -0.0040577823   0.0020092653   0.0020001224   0.0027943081   0.0016168655
        0.0002495128   0.0064065946   0.0001559620   0.0026677934   0.0405021235
       -0.0026807881
        0.1261517586   0.0021005522  -0.1498205794   0.0090933713  -0.0004236417
       -0.0089280221   0.0013255085   0.0000244413  -0.0006160721   0.0090652084
        0.0007273824  -0.0089245546  -0.0015058894  -0.0013343408   0.0048486957
        0.0020093873  -0.0040760536  -0.0024387901   0.0013762378   0.0000231655
        0.0013145021   0.0005565576   0.0000118811  -0.0004871996   0.0018726457
        0.0041422665  -0.0024390921  -0.0015439818   0.0012857067   0.0048498294
        0.0121541397   0.0001994284  -0.0695169481  -0.1605549436  -0.0026807881
        0.2321582309
