$hessian                                                                        
        0.4872095473   0.0353033650  -0.0091187968  -0.1506154015   0.0617925909
       -0.0140186377  -0.0361541836   0.0109604847   0.0026661835  -0.1877537408
       -0.0939018267   0.0764200073  -0.0495219255   0.0056125385  -0.0391684101
       -0.0473314280  -0.0288528641  -0.0150627149  -0.0092363328   0.0071473483
       -0.0045116004  -0.0009429809   0.0034079098   0.0007710615  -0.0056535542
       -0.0014695463   0.0020229077
        0.0353033650   0.5098661536   0.0016117175   0.0664188229  -0.1128111569
        0.0076955926  -0.0119008764   0.0105422992  -0.0011970702  -0.0926988488
       -0.1016237743   0.0479728330   0.0055019764  -0.0510900386   0.0383986941
       -0.0296307076  -0.2314119821  -0.0994673602   0.0067551966  -0.0035133793
        0.0026282475   0.0238269695  -0.0195876121   0.0011171805  -0.0035758975
       -0.0003705095   0.0012401651
       -0.0091187968   0.0016117175   0.5290946132  -0.0163196347   0.0086519306
       -0.0706775206   0.0140087112  -0.0059045914   0.0032305702   0.0758288070
        0.0482285470  -0.0832073977  -0.0385618981   0.0376075335  -0.2761659384
       -0.0152332733  -0.0988702246  -0.0979127039  -0.0251572465   0.0174457250
       -0.0058766206   0.0114767495  -0.0095829013   0.0018922007   0.0030765817
        0.0008122637  -0.0003772029
       -0.1506154015   0.0664188229  -0.0163196347   0.4440412784  -0.0152655329
        0.0192665037  -0.1462258490  -0.0476492415   0.0435075906  -0.0228708279
        0.0110452216  -0.0007668328  -0.0081872324   0.0059665859  -0.0047385384
        0.0007303810   0.0024922933   0.0013593998  -0.0486241028   0.0074559077
       -0.0444974502  -0.0411556510  -0.0130502086  -0.0114039061  -0.0270925948
       -0.0174138484   0.0135928682
        0.0617925909  -0.1128111569   0.0086519306  -0.0152655329   0.4847475586
        0.0111700367  -0.0717450480  -0.1209575700   0.0500606966  -0.0125500695
        0.0067899417  -0.0007723275   0.0072641586  -0.0042988235   0.0036775000
        0.0250661302  -0.0214229978   0.0007145097   0.0073519215  -0.0489240460
        0.0234967798  -0.0139448674  -0.1932772222  -0.0880185765   0.0120307166
        0.0101543163  -0.0089805493
       -0.0140186377   0.0076955926  -0.0706775206   0.0192665037   0.0111700367
        0.4913601816   0.0554329521   0.0450716580  -0.0835917175   0.0109606899
       -0.0056464777   0.0005701923  -0.0269960339   0.0183739753  -0.0065645545
        0.0117607207  -0.0090442300   0.0016550196  -0.0434779933   0.0234140476
       -0.2341350761  -0.0119380769  -0.0881319596  -0.0973217091  -0.0009901247
       -0.0029026429  -0.0012948158
       -0.0361541836  -0.0119008764   0.0140087112  -0.1462258490  -0.0717450480
        0.0554329521   0.5114139277  -0.0986660783  -0.0478917627  -0.0060636459
        0.0037585917  -0.0005133529   0.0020320241  -0.0010702236  -0.0003260727
        0.0018935341  -0.0003630899   0.0003922012  -0.0051803940  -0.0070173855
        0.0143092269  -0.0155186581  -0.0199343455   0.0044540374  -0.3061967554
        0.2069384554  -0.0398659403
        0.0109604847   0.0105422992  -0.0059045914  -0.0476492415  -0.1209575700
        0.0450716580  -0.0986660783   0.3099826970  -0.1124547060   0.0045114187
       -0.0009510546  -0.0001982150  -0.0002133967   0.0002170999  -0.0004808512
       -0.0007192280   0.0014166352   0.0002568921  -0.0126565513  -0.0069265308
        0.0143947835  -0.0327952332  -0.0264161070   0.0142201784   0.1772278257
       -0.1669074688   0.0450948515
        0.0026661835  -0.0011970702   0.0032305702   0.0435075906   0.0500606966
       -0.0835917175  -0.0478917627  -0.1124547060   0.1076442616  -0.0008857442
       -0.0000461342   0.0007273850   0.0006861553  -0.0006398099   0.0009724238
       -0.0008698288   0.0005088004  -0.0001063799   0.0311867918   0.0245652504
       -0.0212028466  -0.0032401994   0.0002441444   0.0086584922  -0.0251591861
        0.0389588284  -0.0163321886
       -0.1877537408  -0.0926988488   0.0758288070  -0.0228708279  -0.0125500695
        0.0109606899  -0.0060636459   0.0045114187  -0.0008857442   0.2189181940
        0.1065547844  -0.0886051175   0.0031808315   0.0009680850  -0.0001649813
       -0.0047782745  -0.0054436493   0.0020333407   0.0003484822  -0.0004388333
       -0.0000333105   0.0005183441  -0.0002814965   0.0002099059  -0.0014993626
       -0.0006213906   0.0006564101
       -0.0939018267  -0.1016237743   0.0482285470   0.0110452216   0.0067899417
       -0.0056464777   0.0037585917  -0.0009510546  -0.0000461342   0.1065547844
        0.1149276559  -0.0561745528  -0.0049053094  -0.0029768088   0.0036300487
       -0.0236854067  -0.0174867184   0.0107977467  -0.0000321086   0.0003315296
       -0.0003944796   0.0003034843   0.0005522537  -0.0000972641   0.0008625695
        0.0004369754  -0.0002974341
        0.0764200073   0.0479728330  -0.0832073977  -0.0007668328  -0.0007723275
        0.0005701923  -0.0005133529  -0.0001982150   0.0007273850  -0.0886051175
       -0.0561745528   0.0923539094   0.0249879851   0.0173290449  -0.0166665468
       -0.0111286456  -0.0078742904   0.0058085478  -0.0003962247  -0.0001232624
        0.0002948692   0.0000812879  -0.0001644553  -0.0000868767  -0.0000791067
        0.0000052256   0.0002059175
       -0.0495219255   0.0055019764  -0.0385618981  -0.0081872324   0.0072641586
       -0.0269960339   0.0020320241  -0.0002133967   0.0006861553   0.0031808315
       -0.0049053094   0.0249879851   0.0559951841  -0.0098774840   0.0472246254
       -0.0000898389  -0.0002742554  -0.0058919757  -0.0047348676   0.0034956018
       -0.0010085409   0.0008052777  -0.0007587345  -0.0002222376   0.0005205469
       -0.0002325569  -0.0002180796
        0.0056125385  -0.0510900386   0.0376075335   0.0059665859  -0.0042988235
        0.0183739753  -0.0010702236   0.0002170999  -0.0006398099   0.0009680850
       -0.0029768088   0.0173290449  -0.0098774840   0.0568631867  -0.0454018468
       -0.0048015648   0.0025788209  -0.0289878895   0.0037592927  -0.0016392149
        0.0007980533  -0.0002569191   0.0002900255   0.0008218593  -0.0003003105
        0.0000557527   0.0000990799
       -0.0391684101   0.0383986941  -0.2761659384  -0.0047385384   0.0036775000
       -0.0065645545  -0.0003260727  -0.0004808512   0.0009724238  -0.0001649813
        0.0036300487  -0.0166665468   0.0472246254  -0.0454018468   0.3165771965
       -0.0031172583  -0.0003760204  -0.0197887301  -0.0009384156   0.0010636192
        0.0010628342   0.0005880909  -0.0000923563   0.0006427757   0.0006409602
       -0.0004187873  -0.0000694604
       -0.0473314280  -0.0296307076  -0.0152332733   0.0007303810   0.0250661302
        0.0117607207   0.0018935341  -0.0007192280  -0.0008698288  -0.0047782745
       -0.0236854067  -0.0111286456  -0.0000898389  -0.0048015648  -0.0031172583
        0.0527955247   0.0300559098   0.0180141372   0.0008476172  -0.0001271798
        0.0006628285  -0.0044594404   0.0038057522  -0.0001665876   0.0003919248
        0.0000362946   0.0000779071
       -0.0288528641  -0.2314119821  -0.0988702246   0.0024922933  -0.0214229978
       -0.0090442300  -0.0003630899   0.0014166352   0.0005088004  -0.0054436493
       -0.0174867184  -0.0078742904  -0.0002742554   0.0025788209  -0.0003760204
        0.0300559098   0.2677136808   0.1151582596  -0.0007656435   0.0003038843
       -0.0000836064   0.0039802070  -0.0019485615   0.0007221231  -0.0008289078
        0.0002572385  -0.0001408114
       -0.0150627149  -0.0994673602  -0.0979127039   0.0013593998   0.0007145097
        0.0016550196   0.0003922012   0.0002568921  -0.0001063799   0.0020333407
        0.0107977467   0.0058085478  -0.0058919757  -0.0289878895  -0.0197887301
        0.0180141372   0.1151582596   0.1087915191  -0.0000754321   0.0008092736
        0.0005708446  -0.0004519987   0.0005368780   0.0011054329  -0.0003169573
        0.0001816900  -0.0001235502
       -0.0092363328   0.0067551966  -0.0251572465  -0.0486241028   0.0073519215
       -0.0434779933  -0.0051803940  -0.0126565513   0.0311867918   0.0003484822
       -0.0000321086  -0.0003962247  -0.0047348676   0.0037592927  -0.0009384156
        0.0008476172  -0.0007656435  -0.0000754321   0.0650706716  -0.0046208127
        0.0413322138   0.0010664118   0.0003546152  -0.0039937360   0.0004425143
       -0.0001459098   0.0015200426
        0.0071473483  -0.0035133793   0.0174457250   0.0074559077  -0.0489240460
        0.0234140476  -0.0070173855  -0.0069265308   0.0245652504  -0.0004388333
        0.0003315296  -0.0001232624   0.0034956018  -0.0016392149   0.0010636192
       -0.0001271798   0.0003038843   0.0008092736  -0.0046208127   0.0588842201
       -0.0384516882  -0.0060318843   0.0008736465  -0.0278851615   0.0001372378
        0.0006098906  -0.0008378038
       -0.0045116004   0.0026282475  -0.0058766206  -0.0444974502   0.0234967798
       -0.2341350761   0.0143092269   0.0143947835  -0.0212028466  -0.0000333105
       -0.0003944796   0.0002948692  -0.0010085409   0.0007980533   0.0010628342
        0.0006628285  -0.0000836064   0.0005708446   0.0413322138  -0.0384516882
        0.2807550036  -0.0063467921  -0.0024798512  -0.0223059298   0.0000934249
        0.0000917612   0.0008369215
       -0.0009429809   0.0238269695   0.0114767495  -0.0411556510  -0.0139448674
       -0.0119380769  -0.0155186581  -0.0327952332  -0.0032401994   0.0005183441
        0.0003034843   0.0000812879   0.0008052777  -0.0002569191   0.0005880909
       -0.0044594404   0.0039802070  -0.0004519987   0.0010664118  -0.0060318843
       -0.0063467921   0.0597260872   0.0261244068   0.0104588537  -0.0000393903
       -0.0012061635  -0.0006279149
        0.0034079098  -0.0195876121  -0.0095829013  -0.0130502086  -0.1932772222
       -0.0881319596  -0.0199343455  -0.0264161070   0.0002441444  -0.0002814965
        0.0005522537  -0.0001644553  -0.0007587345   0.0002900255  -0.0000923563
        0.0038057522  -0.0019485615   0.0005368780   0.0003546152   0.0008736465
       -0.0024798512   0.0261244068   0.2382123324   0.0991299725   0.0003321011
        0.0013012448   0.0005405289
        0.0007710615   0.0011171805   0.0018922007  -0.0114039061  -0.0880185765
       -0.0973217091   0.0044540374   0.0142201784   0.0086584922   0.0002099059
       -0.0000972641  -0.0000868767  -0.0002222376   0.0008218593   0.0006427757
       -0.0001665876   0.0007221231   0.0011054329  -0.0039937360  -0.0278851615
       -0.0223059298   0.0104588537   0.0991299725   0.1067892775  -0.0001073911
       -0.0000103118   0.0006263366
       -0.0056535542  -0.0035758975   0.0030765817  -0.0270925948   0.0120307166
       -0.0009901247  -0.3061967554   0.1772278257  -0.0251591861  -0.0014993626
        0.0008625695  -0.0000791067   0.0005205469  -0.0003003105   0.0006409602
        0.0003919248  -0.0008289078  -0.0003169573   0.0004425143   0.0001372378
        0.0000934249  -0.0000393903   0.0003321011  -0.0001073911   0.3391266713
       -0.1858853347   0.0228417992
       -0.0014695463  -0.0003705095   0.0008122637  -0.0174138484   0.0101543163
       -0.0029026429   0.2069384554  -0.1669074688   0.0389588284  -0.0006213906
        0.0004369754   0.0000052256  -0.0002325569   0.0000557527  -0.0004187873
        0.0000362946   0.0002572385   0.0001816900  -0.0001459098   0.0006098906
        0.0000917612  -0.0012061635   0.0013012448  -0.0000103118  -0.1858853347
        0.1544625602  -0.0367180268
        0.0020229077   0.0012401651  -0.0003772029   0.0135928682  -0.0089805493
       -0.0012948158  -0.0398659403   0.0450948515  -0.0163321886   0.0006564101
       -0.0002974341   0.0002059175  -0.0002180796   0.0000990799  -0.0000694604
        0.0000779071  -0.0001408114  -0.0001235502   0.0015200426  -0.0008378038
        0.0008369215  -0.0006279149   0.0005405289   0.0006263366   0.0228417992
       -0.0367180268   0.0165280422
