$hessian                                                                        
        0.4869268961  -0.0298906100  -0.0156644541  -0.1554255425  -0.0583003235
       -0.0341641720  -0.0283904717  -0.0058033903  -0.0051271398   0.0005685974
       -0.0044989120  -0.0011522681  -0.0060653326   0.0021837778   0.0006329478
       -0.0016435780  -0.0006252627  -0.0000441983  -0.0428199997  -0.0048239006
        0.0034478578  -0.2025876509   0.1065206126   0.0488021712  -0.0433318849
        0.0020239021   0.0069632182  -0.0024558179  -0.0020661905  -0.0034237966
       -0.0044475712  -0.0047638650  -0.0003064105   0.0000380086  -0.0001002554
        0.0000516468  -0.0003590992   0.0001896712   0.0000762116  -0.0000065537
       -0.0000452537  -0.0000916140
       -0.0298906100   0.5127235213  -0.0076826179  -0.0573262674  -0.1028046423
       -0.0196880351   0.0069931794   0.0070360376   0.0039553484   0.0012768026
        0.0009774714   0.0005209454   0.0041692207  -0.0005214044  -0.0007803202
        0.0009514624   0.0004955832  -0.0001302897  -0.0041960233  -0.2373512695
        0.0996300842   0.1057425573  -0.1115339805  -0.0306956811   0.0019227550
       -0.0498524608  -0.0348135839  -0.0063570911  -0.0031319545  -0.0039891583
       -0.0233791595  -0.0160649629  -0.0063343620  -0.0001106733   0.0000683643
        0.0000136928   0.0002439131  -0.0000683716  -0.0000273224  -0.0000400658
        0.0000280686   0.0000212998
       -0.0156644541  -0.0076826179   0.5208461185  -0.0335648104  -0.0198834850
       -0.0781332133   0.0023195875   0.0021498659   0.0018080711   0.0007984114
        0.0006000866  -0.0002263870   0.0015484053  -0.0007588429   0.0005419433
        0.0004983458   0.0000866133   0.0003053304   0.0028361197   0.0994533885
       -0.0962060862   0.0484032627  -0.0306140499  -0.0585337951   0.0077498706
       -0.0343092827  -0.2830137222  -0.0249637951  -0.0154057663  -0.0114248580
        0.0099876906   0.0063635636   0.0040422270   0.0000244759  -0.0000108408
       -0.0000128001   0.0001078575  -0.0000265180  -0.0000165096  -0.0000809674
        0.0000378855   0.0000236813
       -0.1554255425  -0.0573262674  -0.0335648104   0.4603875607   0.0227167435
        0.0059032643  -0.1339283301   0.0548821768   0.0204013977  -0.0030109113
        0.0099472321   0.0032227279  -0.0503924168   0.0067362913   0.0036942355
       -0.0030041048  -0.0030276639  -0.0008226693  -0.0038042080  -0.0059263504
        0.0002638555  -0.0265117582  -0.0127844384  -0.0074388186  -0.0024564637
       -0.0022736989  -0.0044381014  -0.0390918754   0.0001259432   0.0070503261
       -0.0412358182  -0.0137896845   0.0054896513  -0.0001519962  -0.0000515479
        0.0001481292  -0.0012412929   0.0007423230   0.0002500069  -0.0001328424
        0.0000289413  -0.0001591947
       -0.0583003235  -0.1028046423  -0.0198834850   0.0227167435   0.5032563714
       -0.0081643626   0.0420339412  -0.0888368668  -0.0059135333   0.0338769163
       -0.0405976442  -0.0211786312  -0.0063425682   0.0110862168   0.0023098173
       -0.0036684178  -0.0011101864  -0.0016976133  -0.0246352026  -0.0181224539
       -0.0071557802   0.0115320045   0.0071826929   0.0039905450  -0.0054048774
       -0.0036012511  -0.0039236854   0.0008863494  -0.0447266813  -0.0364945198
       -0.0118224584  -0.2217827645   0.0980949200  -0.0002291816  -0.0001669208
       -0.0000419864  -0.0008711366   0.0004206407   0.0000958767   0.0002282114
       -0.0001965107  -0.0000375618
       -0.0341641720  -0.0196880351  -0.0781332133   0.0059032643  -0.0081643626
        0.4946840700   0.0141845174  -0.0052707119  -0.0742228494   0.0108179713
       -0.0203016670   0.0113472796  -0.0003710680   0.0028752710   0.0063995166
       -0.0012867210  -0.0021108421   0.0045486360   0.0108325094   0.0063013315
        0.0040523301   0.0044572519   0.0028783437   0.0019710911  -0.0262342238
       -0.0165840430  -0.0117155551   0.0114042564  -0.0404882984  -0.2666964069
        0.0047658932   0.1005843787  -0.0923459212   0.0008658590  -0.0001831793
       -0.0000961286  -0.0003446507   0.0001079194   0.0002006330  -0.0008306874
        0.0000438950   0.0000065182
       -0.0283904717   0.0069931794   0.0023195875  -0.1339283301   0.0420339412
        0.0141845174   0.4751619985  -0.0426238104  -0.0194636960  -0.0811830043
        0.0547298488   0.0183316543  -0.1726540287  -0.0570745084  -0.0171647760
       -0.0501987976  -0.0104679556  -0.0024371308  -0.0006451254  -0.0000383408
        0.0003125039  -0.0034776004  -0.0022408058  -0.0015026101  -0.0002346831
        0.0002805024  -0.0000446681  -0.0012243842   0.0047725844   0.0034785805
        0.0017912303   0.0032682148   0.0017744801   0.0008006475  -0.0011612201
        0.0005348963  -0.0066238933   0.0021552190   0.0007508239   0.0008064424
       -0.0006268488  -0.0010741629
       -0.0058033903   0.0070360376   0.0021498659   0.0548821768  -0.0888368668
       -0.0052707119  -0.0426238104   0.8758112757   0.2273092743   0.0387604888
       -0.6464483790  -0.1929455436  -0.0756884586  -0.1361550170  -0.0251727395
        0.0005708706   0.0156034374   0.0049341835  -0.0026585859  -0.0005978025
        0.0014938801  -0.0028924940  -0.0020438903  -0.0014135221  -0.0015310021
        0.0008565212  -0.0013456795   0.0054335669  -0.0038595412  -0.0054529931
        0.0216178516  -0.0210794739  -0.0033582920   0.0042539997   0.0005250936
        0.0024379056   0.0023883717  -0.0027206889  -0.0011638624   0.0032904152
        0.0019092941  -0.0022017654
       -0.0051271398   0.0039553484   0.0018080711   0.0204013977  -0.0059135333
       -0.0742228494  -0.0194636960   0.2273092743   0.2707608124   0.0132858848
       -0.1930188058  -0.1307341425  -0.0234170797  -0.0259525894  -0.0636447567
        0.0009676325   0.0051415055   0.0023986359   0.0000780643  -0.0000758242
        0.0007039071  -0.0016825454  -0.0012901136  -0.0001157498  -0.0017208683
        0.0003999825  -0.0005238818   0.0257189213  -0.0183680601  -0.0112043971
       -0.0124645266   0.0085537484   0.0031306391  -0.0002648456  -0.0002643419
        0.0013936853   0.0010558555  -0.0011133016   0.0001422988   0.0026329453
        0.0006367107   0.0001077277
        0.0005685974   0.0012768026   0.0007984114  -0.0030109113   0.0338769163
        0.0108179713  -0.0811830043   0.0387604888   0.0132858848   0.0937372431
       -0.0218339258  -0.0085772736  -0.0099122569  -0.0545107727  -0.0173321740
        0.0012972362  -0.0036782658  -0.0012091098   0.0004238898   0.0004562846
       -0.0003453750   0.0006926237   0.0005551363   0.0002682634   0.0004756308
       -0.0001292693   0.0004450683  -0.0027502965   0.0022369496   0.0008717935
       -0.0038212796   0.0032177758   0.0011153993   0.0010500822   0.0002130492
        0.0008619740   0.0014897592  -0.0010191258  -0.0004018198   0.0009426862
        0.0005779563  -0.0005990139
       -0.0044989120   0.0009774714   0.0006000866   0.0099472321  -0.0405976442
       -0.0203016670   0.0547298488  -0.6464483790  -0.1930188058  -0.0218339258
        0.7660373863   0.2455494085  -0.0475896031  -0.0793853515  -0.0340859068
        0.0030290720   0.0011095541   0.0015371138   0.0011719059   0.0010776877
       -0.0009039293  -0.0006595432   0.0005522858   0.0002484098   0.0005333637
       -0.0000765767   0.0011656568   0.0029734088  -0.0027918603  -0.0000251346
        0.0034299837  -0.0016632265  -0.0014179171  -0.0012881635   0.0002653601
       -0.0011806024   0.0011315840   0.0012766646   0.0003801577  -0.0010762514
       -0.0003333718   0.0014531298
       -0.0011522681   0.0005209454  -0.0002263870   0.0032227279  -0.0211786312
        0.0113472796   0.0183316543  -0.1929455436  -0.1307341425  -0.0085772736
        0.2455494085   0.1080592375  -0.0147149986  -0.0336618495   0.0149814393
        0.0009526438   0.0016865920  -0.0033080597  -0.0001605386   0.0002804282
       -0.0004275212  -0.0001508330   0.0003064648   0.0001315120   0.0007603301
       -0.0002349947   0.0006856825  -0.0012687614   0.0013376957   0.0008103301
        0.0032242808  -0.0023137803  -0.0009539851  -0.0000647191   0.0005717489
       -0.0005669365   0.0003512788   0.0004029457   0.0002073844  -0.0007535234
       -0.0003214298  -0.0000058337
       -0.0060653326   0.0041692207   0.0015484053  -0.0503924168  -0.0063425682
       -0.0003710680  -0.1726540287  -0.0756884586  -0.0234170797  -0.0099122569
       -0.0475896031  -0.0147149986   0.4638693847   0.0169001598  -0.0000754369
       -0.1537583945   0.0710086960   0.0245421228   0.0009616503   0.0002714320
       -0.0001786977  -0.0021831395  -0.0006386809  -0.0004201412   0.0005429157
       -0.0000118468   0.0001694520  -0.0014098251  -0.0008911663   0.0005509503
       -0.0008114907  -0.0004642843  -0.0012638685  -0.0185933604   0.0173064969
       -0.0029191056  -0.0324432865   0.0100841901   0.0039098968  -0.0171504191
        0.0118864127   0.0126395689
        0.0021837778  -0.0005214044  -0.0007588429   0.0067362913   0.0110862168
        0.0028752710  -0.0570745084  -0.1361550170  -0.0259525894  -0.0545107727
       -0.0793853515  -0.0336618495   0.0169001598   0.3360703773   0.0863591824
        0.0557347607  -0.1146368057  -0.0204308119   0.0006899602   0.0000922206
       -0.0003773908   0.0003524650   0.0005159326   0.0002841378   0.0002698018
       -0.0003259799   0.0001306082  -0.0002913804  -0.0003133131   0.0003077927
       -0.0008298705   0.0009918132  -0.0010712183   0.0307963452  -0.0182514593
       -0.0037450086  -0.0167156047   0.0102661545   0.0032846184   0.0157585749
       -0.0094333843  -0.0072438992
        0.0006329478  -0.0007803202   0.0005419433   0.0036942355   0.0023098173
        0.0063995166  -0.0171647760  -0.0251727395  -0.0636447567  -0.0173321740
       -0.0340859068   0.0149814393  -0.0000754369   0.0863591824   0.1000760759
        0.0194453768  -0.0203650657  -0.0620123029   0.0000645099  -0.0001258322
       -0.0001269925   0.0001546937   0.0002047745   0.0001402275   0.0003022850
        0.0000331138   0.0001686036  -0.0013988111  -0.0000110416   0.0010839221
        0.0010759881  -0.0004412203   0.0000478954  -0.0168335805   0.0062612224
        0.0056792828  -0.0044635540   0.0026609888   0.0016585720   0.0318982956
       -0.0168469730  -0.0049934264
       -0.0016435780   0.0009514624   0.0004983458  -0.0030041048  -0.0036684178
       -0.0012867210  -0.0501987976   0.0005708706   0.0009676325   0.0012972362
        0.0030290720   0.0009526438  -0.1537583945   0.0557347607   0.0194453768
        0.4394994291   0.0549755378   0.0185297137  -0.0000056897   0.0002300149
       -0.0000708951  -0.0004212808  -0.0004094298  -0.0002296212   0.0000252613
        0.0000847092   0.0002424108  -0.0003973106   0.0000989867  -0.0001035263
       -0.0001506544  -0.0002185689   0.0000907243  -0.0406075331   0.0108185745
       -0.0116027337  -0.1509415174  -0.1223610018  -0.0347812328  -0.0396930656
        0.0001634295   0.0073478824
       -0.0006252627   0.0004955832   0.0000866133  -0.0030276639  -0.0011101864
       -0.0021108421  -0.0104679556   0.0156034374   0.0051415055  -0.0036782658
        0.0011095541   0.0016865920   0.0710086960  -0.1146368057  -0.0203650657
        0.0549755378   0.5076158826   0.0025839506   0.0000303520  -0.0000543981
        0.0000666415  -0.0002264396  -0.0000269067  -0.0000297927   0.0000193497
        0.0000233745  -0.0000545549   0.0004713144  -0.0001051978   0.0000829169
        0.0002214814   0.0002701001  -0.0000153675   0.0082783067  -0.1816151477
        0.1119442148  -0.1163578124  -0.1645599795  -0.0340607895  -0.0006216381
       -0.0630093099  -0.0649560221
       -0.0000441983  -0.0001302897   0.0003053304  -0.0008226693  -0.0016976133
        0.0045486360  -0.0024371308   0.0049341835   0.0023986359  -0.0012091098
        0.0015371138  -0.0033080597   0.0245421228  -0.0204308119  -0.0620123029
        0.0185297137   0.0025839506   0.4967317688   0.0000148721   0.0000224803
        0.0000097953  -0.0000138436   0.0000158639  -0.0000113943  -0.0000252840
       -0.0000031743  -0.0001048153  -0.0004915064   0.0004965004   0.0002108838
        0.0002915382  -0.0003530008  -0.0001689445  -0.0091237268   0.1114458312
       -0.1328898633  -0.0329510615  -0.0339321678  -0.0532280273   0.0037402839
       -0.0644888660  -0.2524816429
       -0.0428199997  -0.0041960233   0.0028361197  -0.0038042080  -0.0246352026
        0.0108325094  -0.0006451254  -0.0026585859   0.0000780643   0.0004238898
        0.0011719059  -0.0001605386   0.0009616503   0.0006899602   0.0000645099
       -0.0000056897   0.0000303520   0.0000148721   0.0497475368   0.0091972236
       -0.0022435169  -0.0008887825   0.0249045430  -0.0118279740   0.0009035399
       -0.0013225587   0.0014041337   0.0006026358   0.0001579989   0.0003335998
       -0.0044866299  -0.0033604537  -0.0013107443  -0.0000408840   0.0000140554
       -0.0000257705   0.0000507745   0.0000186792   0.0000005119   0.0000012921
       -0.0000118938   0.0000042235
       -0.0048239006  -0.2373512695   0.0994533885  -0.0059263504  -0.0181224539
        0.0063013315  -0.0000383408  -0.0005978025  -0.0000758242   0.0004562846
        0.0010776877   0.0002804282   0.0002714320   0.0000922206  -0.0001258322
        0.0002300149  -0.0000543981   0.0000224803   0.0091972236   0.2737685078
       -0.1149174330   0.0029889697  -0.0196259461   0.0092413451   0.0003596863
        0.0020955758   0.0009562150   0.0004000505   0.0001167775   0.0001737953
       -0.0031388572  -0.0014344201  -0.0012967222  -0.0000187549   0.0000416101
       -0.0000297150   0.0000424336  -0.0000012124   0.0000017617   0.0000001084
       -0.0000048769   0.0000147810
        0.0034478578   0.0996300842  -0.0962060862   0.0002638555  -0.0071557802
        0.0040523301   0.0003125039   0.0014938801   0.0007039071  -0.0003453750
       -0.0009039293  -0.0004275212  -0.0001786977  -0.0003773908  -0.0001269925
       -0.0000708951   0.0000666415   0.0000097953  -0.0022435169  -0.1149174330
        0.1075768567   0.0000606445  -0.0061789909   0.0036497359   0.0003834035
        0.0301917554  -0.0203522957  -0.0000779418  -0.0006146262   0.0005418730
       -0.0015496038  -0.0012364977   0.0005790053  -0.0000020677   0.0000026981
        0.0000249576  -0.0000041082  -0.0000142066  -0.0000077849   0.0000039409
        0.0000137953  -0.0000177808
       -0.2025876509   0.1057425573   0.0484032627  -0.0265117582   0.0115320045
        0.0044572519  -0.0034776004  -0.0028924940  -0.0016825454   0.0006926237
       -0.0006595432  -0.0001508330  -0.0021831395   0.0003524650   0.0001546937
       -0.0004212808  -0.0002264396  -0.0000138436  -0.0008887825   0.0029889697
        0.0000606445   0.2367916459  -0.1206213140  -0.0547227375  -0.0024708825
        0.0028897023   0.0029787646   0.0006372337   0.0005254198   0.0001405627
        0.0004486752   0.0003536338   0.0003705029   0.0000493866  -0.0000169154
        0.0000091988  -0.0001218901   0.0000354018   0.0000141310   0.0000434198
       -0.0000034481  -0.0000190533
        0.1065206126  -0.1115339805  -0.0306140499  -0.0127844384   0.0071826929
        0.0028783437  -0.0022408058  -0.0020438903  -0.0012901136   0.0005551363
        0.0005522858   0.0003064648  -0.0006386809   0.0005159326   0.0002047745
       -0.0004094298  -0.0000269067   0.0000158639   0.0249045430  -0.0196259461
       -0.0061789909  -0.1206213140   0.1271092130   0.0369832339   0.0049662443
       -0.0029939093  -0.0026255145   0.0000915576   0.0003243602   0.0003025455
       -0.0002971708   0.0005374971   0.0000093270  -0.0000004297  -0.0000189210
       -0.0000069563  -0.0000365687   0.0000373753   0.0000158241  -0.0000092556
       -0.0000158031  -0.0000007523
        0.0488021712  -0.0306956811  -0.0585337951  -0.0074388186   0.0039905450
        0.0019710911  -0.0015026101  -0.0014135221  -0.0001157498   0.0002682634
        0.0002484098   0.0001315120  -0.0004201412   0.0002841378   0.0001402275
       -0.0002296212  -0.0000297927  -0.0000113943  -0.0118279740   0.0092413451
        0.0036497359  -0.0547227375   0.0369832339   0.0639501409   0.0272956902
       -0.0189935322  -0.0116551428  -0.0005592573   0.0003295575   0.0004214972
        0.0003635888   0.0000491840   0.0000484472   0.0000055909  -0.0000069184
        0.0000013164  -0.0000253935   0.0000211154   0.0000096187  -0.0000087512
       -0.0000080821  -0.0000075049
       -0.0433318849   0.0019227550   0.0077498706  -0.0024564637  -0.0054048774
       -0.0262342238  -0.0002346831  -0.0015310021  -0.0017208683   0.0004756308
        0.0005333637   0.0007603301   0.0005429157   0.0002698018   0.0003022850
        0.0000252613   0.0000193497  -0.0000252840   0.0009035399   0.0003596863
        0.0003834035  -0.0024708825   0.0049662443   0.0272956902   0.0501359682
        0.0012490811  -0.0060287551  -0.0043012697  -0.0027988196  -0.0024065325
        0.0006991686   0.0004058731  -0.0001165760   0.0000135748  -0.0000117177
        0.0000039162   0.0000437541   0.0000082015   0.0000078985  -0.0000446293
        0.0000120602   0.0000288458
        0.0020239021  -0.0498524608  -0.0343092827  -0.0022736989  -0.0036012511
       -0.0165840430   0.0002805024   0.0008565212   0.0003999825  -0.0001292693
       -0.0000765767  -0.0002349947  -0.0000118468  -0.0003259799   0.0000331138
        0.0000847092   0.0000233745  -0.0000031743  -0.0013225587   0.0020955758
        0.0301917554   0.0028897023  -0.0029939093  -0.0189935322   0.0012490811
        0.0547452190   0.0417292228  -0.0030583249  -0.0011023186  -0.0015553744
        0.0002538255   0.0002224201  -0.0006833107   0.0000024268  -0.0000066768
        0.0000059997   0.0000152268  -0.0000129012  -0.0000103731  -0.0000036777
        0.0000289639   0.0000140107
        0.0069632182  -0.0348135839  -0.2830137222  -0.0044381014  -0.0039236854
       -0.0117155551  -0.0000446681  -0.0013456795  -0.0005238818   0.0004450683
        0.0011656568   0.0006856825   0.0001694520   0.0001306082   0.0001686036
        0.0002424108  -0.0000545549  -0.0001048153   0.0014041337   0.0009562150
       -0.0203522957   0.0029787646  -0.0026255145  -0.0116551428  -0.0060287551
        0.0417292228   0.3257017718  -0.0021442754  -0.0013870244   0.0001900860
        0.0004281858   0.0001563704   0.0005877729   0.0000060863  -0.0000041531
       -0.0000238595   0.0000329343   0.0000073711  -0.0000010845  -0.0000144539
        0.0000087514   0.0000564402
       -0.0024558179  -0.0063570911  -0.0249637951  -0.0390918754   0.0008863494
        0.0114042564  -0.0012243842   0.0054335669   0.0257189213  -0.0027502965
        0.0029734088  -0.0012687614  -0.0014098251  -0.0002913804  -0.0013988111
       -0.0003973106   0.0004713144  -0.0004915064   0.0006026358   0.0004000505
       -0.0000779418   0.0006372337   0.0000915576  -0.0005592573  -0.0043012697
       -0.0030583249  -0.0021442754   0.0483618368  -0.0002783528  -0.0075502051
        0.0018784535  -0.0001841702   0.0014342742  -0.0000945618   0.0000195999
        0.0000190303   0.0000726043  -0.0000440941  -0.0000196886   0.0001725771
       -0.0000624339  -0.0001022398
       -0.0020661905  -0.0031319545  -0.0154057663   0.0001259432  -0.0447266813
       -0.0404882984   0.0047725844  -0.0038595412  -0.0183680601   0.0022369496
       -0.0027918603   0.0013376957  -0.0008911663  -0.0003133131  -0.0000110416
        0.0000989867  -0.0001051978   0.0004965004   0.0001579989   0.0001167775
       -0.0006146262   0.0005254198   0.0003243602   0.0003295575  -0.0027988196
       -0.0011023186  -0.0013870244  -0.0002783528   0.0531489849   0.0452912391
       -0.0018135597   0.0024536365   0.0287603326   0.0000964356  -0.0000185673
       -0.0000317369  -0.0000465649   0.0000094565   0.0000300576  -0.0001196644
       -0.0000037816   0.0000611709
       -0.0034237966  -0.0039891583  -0.0114248580   0.0070503261  -0.0364945198
       -0.2666964069   0.0034785805  -0.0054529931  -0.0112043971   0.0008717935
       -0.0000251346   0.0008103301   0.0005509503   0.0003077927   0.0010839221
       -0.0001035263   0.0000829169   0.0002108838   0.0003335998   0.0001737953
        0.0005418730   0.0001405627   0.0003025455   0.0004214972  -0.0024065325
       -0.0015553744   0.0001900860  -0.0075502051   0.0452912391   0.3069940320
        0.0013652527   0.0011877491  -0.0210542622  -0.0000427381   0.0000413268
        0.0000096180  -0.0000636512   0.0000278922   0.0000193300  -0.0002006159
        0.0001019226   0.0000983519
       -0.0044475712  -0.0233791595   0.0099876906  -0.0412358182  -0.0118224584
        0.0047658932   0.0017912303   0.0216178516  -0.0124645266  -0.0038212796
        0.0034299837   0.0032242808  -0.0008114907  -0.0008298705   0.0010759881
       -0.0001506544   0.0002214814   0.0002915382  -0.0044866299  -0.0031388572
       -0.0015496038   0.0004486752  -0.0002971708   0.0003635888   0.0006991686
        0.0002538255   0.0004281858   0.0018784535  -0.0018135597   0.0013652527
        0.0499180439   0.0159159425  -0.0074646444   0.0001247063  -0.0000799232
        0.0000409225   0.0000758037  -0.0000644479  -0.0000252210   0.0000173624
       -0.0000136375  -0.0000393448
       -0.0047638650  -0.0160649629   0.0063635636  -0.0137896845  -0.2217827645
        0.1005843787   0.0032682148  -0.0210794739   0.0085537484   0.0032177758
       -0.0016632265  -0.0023137803  -0.0004642843   0.0009918132  -0.0004412203
       -0.0002185689   0.0002701001  -0.0003530008  -0.0033604537  -0.0014344201
       -0.0012364977   0.0003536338   0.0005374971   0.0000491840   0.0004058731
        0.0002224201   0.0001563704  -0.0001841702   0.0024536365   0.0011877491
        0.0159159425   0.2573415481  -0.1125502615  -0.0002546472   0.0001352603
       -0.0000525196  -0.0001026447   0.0000732027   0.0000133770  -0.0000231216
       -0.0000006303   0.0000389090
       -0.0003064105  -0.0063343620   0.0040422270   0.0054896513   0.0980949200
       -0.0923459212   0.0017744801  -0.0033582920   0.0031306391   0.0011153993
       -0.0014179171  -0.0009539851  -0.0012638685  -0.0010712183   0.0000478954
        0.0000907243  -0.0000153675  -0.0001689445  -0.0013107443  -0.0012967222
        0.0005790053   0.0003705029   0.0000093270   0.0000484472  -0.0001165760
       -0.0006833107   0.0005877729   0.0014342742   0.0287603326  -0.0210542622
       -0.0074646444  -0.1125502615   0.1061421836   0.0000710240  -0.0000548702
       -0.0000252628   0.0000019027  -0.0000126137   0.0000019639   0.0001142849
       -0.0000696444  -0.0000317588
        0.0000380086  -0.0001106733   0.0000244759  -0.0001519962  -0.0002291816
        0.0008658590   0.0008006475   0.0042539997  -0.0002648456   0.0010500822
       -0.0012881635  -0.0000647191  -0.0185933604   0.0307963452  -0.0168335805
       -0.0406075331   0.0082783067  -0.0091237268  -0.0000408840  -0.0000187549
       -0.0000020677   0.0000493866  -0.0000004297   0.0000055909   0.0000135748
        0.0000024268   0.0000060863  -0.0000945618   0.0000964356  -0.0000427381
        0.0001247063  -0.0002546472   0.0000710240   0.0542975646  -0.0239551204
        0.0134395763   0.0013945902  -0.0170598706   0.0128828156   0.0017197747
       -0.0005106727  -0.0009637502
       -0.0001002554   0.0000683643  -0.0000108408  -0.0000515479  -0.0001669208
       -0.0001831793  -0.0011612201   0.0005250936  -0.0002643419   0.0002130492
        0.0002653601   0.0005717489   0.0173064969  -0.0182514593   0.0062612224
        0.0108185745  -0.1816151477   0.1114458312   0.0000140554   0.0000416101
        0.0000026981  -0.0000169154  -0.0000189210  -0.0000069184  -0.0000117177
       -0.0000066768  -0.0000041531   0.0000195999  -0.0000185673   0.0000413268
       -0.0000799232   0.0001352603  -0.0000548702  -0.0239551204   0.2134490837
       -0.1297053542  -0.0018525633  -0.0201492079   0.0151502559  -0.0011425124
        0.0057421286  -0.0032434257
        0.0000516468   0.0000136928  -0.0000128001   0.0001481292  -0.0000419864
       -0.0000961286   0.0005348963   0.0024379056   0.0013936853   0.0008619740
       -0.0011806024  -0.0005669365  -0.0029191056  -0.0037450086   0.0056792828
       -0.0116027337   0.1119442148  -0.1328898633  -0.0000257705  -0.0000297150
        0.0000249576   0.0000091988  -0.0000069563   0.0000013164   0.0000039162
        0.0000059997  -0.0000238595   0.0000190303  -0.0000317369   0.0000096180
        0.0000409225  -0.0000525196  -0.0000252628   0.0134395763  -0.1297053542
        0.1483036133   0.0004253540  -0.0037959617   0.0034664701  -0.0009870345
        0.0241880282  -0.0252640927
       -0.0003590992   0.0002439131   0.0001078575  -0.0012412929  -0.0008711366
       -0.0003446507  -0.0066238933   0.0023883717   0.0010558555   0.0014897592
        0.0011315840   0.0003512788  -0.0324432865  -0.0167156047  -0.0044635540
       -0.1509415174  -0.1163578124  -0.0329510615   0.0000507745   0.0000424336
       -0.0000041082  -0.0001218901  -0.0000365687  -0.0000253935   0.0000437541
        0.0000152268   0.0000329343   0.0000726043  -0.0000465649  -0.0000636512
        0.0000758037  -0.0001026447   0.0000019027   0.0013945902  -0.0018525633
        0.0004253540   0.1880377156   0.1343074048   0.0376284875   0.0005659778
       -0.0021460389  -0.0017512512
        0.0001896712  -0.0000683716  -0.0000265180   0.0007423230   0.0004206407
        0.0001079194   0.0021552190  -0.0027206889  -0.0011133016  -0.0010191258
        0.0012766646   0.0004029457   0.0100841901   0.0102661545   0.0026609888
       -0.1223610018  -0.1645599795  -0.0339321678   0.0000186792  -0.0000012124
       -0.0000142066   0.0000354018   0.0000373753   0.0000211154   0.0000082015
       -0.0000129012   0.0000073711  -0.0000440941   0.0000094565   0.0000278922
       -0.0000644479   0.0000732027  -0.0000126137  -0.0170598706  -0.0201492079
       -0.0037959617   0.1343074048   0.1830663731   0.0389604463  -0.0069925505
       -0.0076375059  -0.0032939094
        0.0000762116  -0.0000273224  -0.0000165096   0.0002500069   0.0000958767
        0.0002006330   0.0007508239  -0.0011638624   0.0001422988  -0.0004018198
        0.0003801577   0.0002073844   0.0039098968   0.0032846184   0.0016585720
       -0.0347812328  -0.0340607895  -0.0532280273   0.0000005119   0.0000017617
       -0.0000077849   0.0000141310   0.0000158241   0.0000096187   0.0000078985
       -0.0000103731  -0.0000010845  -0.0000196886   0.0000300576   0.0000193300
       -0.0000252210   0.0000133770   0.0000019639   0.0128828156   0.0151502559
        0.0034664701   0.0376284875   0.0389604463   0.0556424630  -0.0202928213
       -0.0226700281  -0.0080953275
       -0.0000065537  -0.0000400658  -0.0000809674  -0.0001328424   0.0002282114
       -0.0008306874   0.0008064424   0.0032904152   0.0026329453   0.0009426862
       -0.0010762514  -0.0007535234  -0.0171504191   0.0157585749   0.0318982956
       -0.0396930656  -0.0006216381   0.0037402839   0.0000012921   0.0000001084
        0.0000039409   0.0000434198  -0.0000092556  -0.0000087512  -0.0000446293
       -0.0000036777  -0.0000144539   0.0001725771  -0.0001196644  -0.0002006159
        0.0000173624  -0.0000231216   0.0001142849   0.0017197747  -0.0011425124
       -0.0009870345   0.0005659778  -0.0069925505  -0.0202928213   0.0527579775
       -0.0092485726  -0.0152208958
       -0.0000452537   0.0000280686   0.0000378855   0.0000289413  -0.0001965107
        0.0000438950  -0.0006268488   0.0019092941   0.0006367107   0.0005779563
       -0.0003333718  -0.0003214298   0.0118864127  -0.0094333843  -0.0168469730
        0.0001634295  -0.0630093099  -0.0644888660  -0.0000118938  -0.0000048769
        0.0000137953  -0.0000034481  -0.0000158031  -0.0000080821   0.0000120602
        0.0000289639   0.0000087514  -0.0000624339  -0.0000037816   0.0001019226
       -0.0000136375  -0.0000006303  -0.0000696444  -0.0005106727   0.0057421286
        0.0241880282  -0.0021460389  -0.0076375059  -0.0226700281  -0.0092485726
        0.0729267193   0.0793740347
       -0.0000916140   0.0000212998   0.0000236813  -0.0001591947  -0.0000375618
        0.0000065182  -0.0010741629  -0.0022017654   0.0001077277  -0.0005990139
        0.0014531298  -0.0000058337   0.0126395689  -0.0072438992  -0.0049934264
        0.0073478824  -0.0649560221  -0.2524816429   0.0000042235   0.0000147810
       -0.0000177808  -0.0000190533  -0.0000007523  -0.0000075049   0.0000288458
        0.0000140107   0.0000564402  -0.0001022398   0.0000611709   0.0000983519
       -0.0000393448   0.0000389090  -0.0000317588  -0.0009637502  -0.0032434257
       -0.0252640927  -0.0017512512  -0.0032939094  -0.0080953275  -0.0152208958
        0.0793740347   0.2906046483
