$hessian                                                                        
        0.4995883313   0.0365750398   0.0000721231  -0.1760053625   0.0671574803
        0.0000597437  -0.0366819361   0.0120623059   0.0000184960  -0.0016818884
       -0.0057602826   0.0000027099  -0.0006874341   0.0016139000  -0.0000010246
        0.0017464236  -0.0003867520   0.0000013208  -0.0033982051   0.0079317444
       -0.0000006905   0.0002708595  -0.0004142134  -0.0000060814  -0.0416927136
        0.0001166760  -0.0048632711  -0.0416793650   0.0002846763   0.0051065156
       -0.1994652799  -0.1206372791  -0.0003905290   0.0010085392   0.0012644953
        0.0000013532  -0.0014551582   0.0006469973  -0.0000011503  -0.0001208511
       -0.0000874175   0.0000000123   0.0002488868  -0.0000287723   0.0002018909
       -0.0002448284  -0.0002999862   0.0000004228   0.0002499821  -0.0000386122
       -0.0002018414
        0.0365750398   0.5003510752  -0.0000396322   0.0622731291  -0.1049663718
       -0.0000337788  -0.0058272123   0.0068675728   0.0000080340  -0.0043608616
        0.0004056467   0.0000023901   0.0013706675  -0.0005535904   0.0000007351
       -0.0025133822  -0.0049223218  -0.0000048108   0.0265401515  -0.0204629149
       -0.0000176885   0.0006655640   0.0007630361  -0.0000060271   0.0022504117
       -0.1220568588   0.1132993379   0.0024106851  -0.1210055955  -0.1129252194
       -0.1196420928  -0.1343047057  -0.0002818914  -0.0008570211   0.0011583815
       -0.0000024701  -0.0008364879   0.0003232603  -0.0000007197   0.0013594286
       -0.0008850409   0.0000004622   0.0001028151  -0.0004214627  -0.0000091970
        0.0003824142   0.0001440715   0.0000027790   0.0001067513  -0.0004341816
        0.0000076966
        0.0000721231  -0.0000396322   0.4868559183   0.0000315199  -0.0000222656
       -0.0606254124   0.0000107474   0.0000034897   0.0021166306  -0.0000046315
       -0.0000001121   0.0077078183   0.0000007624   0.0000003187  -0.0042883926
       -0.0000023334   0.0000010521   0.0087595951   0.0000083352  -0.0000169908
        0.0045153615  -0.0000019835   0.0000041125  -0.0027585028  -0.0071180665
        0.1153208688  -0.1970537410   0.0073940410  -0.1149659434  -0.1980443872
       -0.0003907367  -0.0002852039  -0.0440032292   0.0000000310   0.0000010494
       -0.0025012745  -0.0000007530   0.0000005519  -0.0003627240  -0.0000002207
        0.0000005968  -0.0007922512   0.0002784677   0.0001886122   0.0000875333
       -0.0000003264   0.0000009035   0.0003049179  -0.0002769760  -0.0001914078
        0.0000821400
       -0.1760053625   0.0622731291   0.0000315199   0.6287883597   0.0048142040
       -0.0001101462  -0.2574658302  -0.1351649506   0.0000015484  -0.0681607664
        0.0332685419   0.0000183125  -0.0092843313  -0.0373731664  -0.0000076599
        0.0241874281   0.0293140043   0.0000017844  -0.0896231596   0.0438841294
        0.0000140843  -0.0026060612  -0.0246353873   0.0000010271  -0.0046017513
        0.0077928206  -0.0028862631  -0.0046589252   0.0078039858   0.0029288569
       -0.0261223312   0.0096675288   0.0000103093  -0.0009289224  -0.0023334821
       -0.0000051703  -0.0039142429   0.0027934287   0.0000010058  -0.0046313873
        0.0033012852   0.0000034318  -0.0003163909  -0.0013470694   0.0004398316
       -0.0043419324  -0.0027222199  -0.0000012024  -0.0003143929  -0.0013367821
       -0.0004412702
        0.0671574803  -0.1049663718  -0.0000222656   0.0048142040   0.6375715247
        0.0001354840  -0.0605022298  -0.1490968939  -0.0000036756  -0.0292262703
        0.0638244532   0.0000147502  -0.0355056876  -0.0548236451  -0.0000068541
        0.0878034512  -0.0267296692  -0.0000163341  -0.0295476689  -0.2997285900
       -0.0000627233  -0.0077643710  -0.0228298520   0.0000012330   0.0181157838
       -0.0146021116   0.0029384433   0.0180400493  -0.0145149938  -0.0029797447
       -0.0140559329   0.0101366920   0.0000076132  -0.0255943728  -0.0196603123
        0.0000007657   0.0036059689  -0.0009127209  -0.0000016105   0.0023683026
       -0.0006989060  -0.0000022717   0.0014248555  -0.0002632344  -0.0007010566
       -0.0025632581  -0.0024443942  -0.0000008480   0.0014296958  -0.0002609749
        0.0006990948
        0.0000597437  -0.0000337788  -0.0606254124  -0.0001101462   0.0001354840
        0.1510278501   0.0000182727   0.0000015352  -0.0506271992   0.0000029998
        0.0000108077   0.0004869854  -0.0000088792  -0.0000040708  -0.0061980080
        0.0000168069  -0.0000129982  -0.0002242989  -0.0000035722  -0.0000652272
       -0.0528363111  -0.0000041452   0.0000005655   0.0000740135  -0.0205038472
        0.0137861503  -0.0001879885   0.0205773368  -0.0138366168  -0.0002224430
       -0.0000495006   0.0000318275   0.0000712302  -0.0000036482  -0.0000031779
        0.0013020532   0.0000030901  -0.0000022877   0.0079916108   0.0000019600
       -0.0000024227   0.0079089622   0.0002577794   0.0002432240   0.0005320320
       -0.0000014591  -0.0000049564   0.0009920859  -0.0002527916  -0.0002440578
        0.0005348377
       -0.0366819361  -0.0058272123   0.0000107474  -0.2574658302  -0.0605022298
        0.0000182727   0.6449604170  -0.0135730686  -0.0000655170  -0.2669345950
        0.0555409035   0.0000266180   0.0296059444   0.0978237759   0.0000198756
       -0.0661922506  -0.0083269778   0.0000042966   0.0286258460  -0.0758651389
       -0.0000183402   0.0025098127   0.0016422751  -0.0000024963  -0.0007419456
       -0.0016964227   0.0006929293  -0.0007474826  -0.0016877824  -0.0006970963
       -0.0053434133   0.0028397063   0.0000019288  -0.0434883753  -0.0019006988
        0.0000013710  -0.0273455648   0.0104223089   0.0000053683  -0.0003375060
       -0.0001205823  -0.0000008283  -0.0001886673   0.0005008869   0.0000822892
       -0.0000482689   0.0002313351   0.0000025430  -0.0001861843   0.0004989220
       -0.0000819617
        0.0120623059   0.0068675728   0.0000034897  -0.1351649506  -0.1490968939
        0.0000015352  -0.0135730686   0.6764904442   0.0000859538   0.1356636929
       -0.1458302478  -0.0000317580   0.0296881052  -0.0590272366  -0.0000169132
        0.0037831282   0.0043856117   0.0000038949  -0.0264224374  -0.0350945192
       -0.0000026684   0.0010687719  -0.0049975336  -0.0000051200   0.0014989064
        0.0002960450   0.0001697242   0.0014955548   0.0002910093  -0.0001734276
        0.0031771791  -0.0014937215  -0.0000020454  -0.0012566379  -0.2990589789
       -0.0000342722  -0.0110577625   0.0056497280   0.0000020369  -0.0001567886
        0.0013237938  -0.0000000579   0.0002061012   0.0000952251  -0.0001086212
       -0.0012195872  -0.0008958990   0.0000003219   0.0002074871   0.0000956007
        0.0001079273
        0.0000184960   0.0000080340   0.0021166306   0.0000015484  -0.0000036756
       -0.0506271992  -0.0000655170   0.0000859538   0.1117674655   0.0000439022
       -0.0000212188  -0.0503646368   0.0000022774  -0.0000252739   0.0180549733
        0.0000078570   0.0000038174  -0.0080969167  -0.0000087398  -0.0000013888
       -0.0025192953   0.0000038669  -0.0000015717   0.0082677199   0.0001575807
       -0.0001501938   0.0008214750  -0.0001584572   0.0001455334   0.0008225298
       -0.0000020214  -0.0000055913   0.0009063122  -0.0000004423  -0.0000353644
       -0.0340781075   0.0000016815  -0.0000008146   0.0024145091  -0.0000001093
        0.0000003222   0.0001118095  -0.0012277937  -0.0010285307   0.0001140583
        0.0000024586   0.0000014407   0.0001752812   0.0012234119   0.0010285221
        0.0001133911
       -0.0016818884  -0.0043608616  -0.0000046315  -0.0681607664  -0.0292262703
        0.0000029998  -0.2669345950   0.1356636929   0.0000439022   0.6746910823
        0.0103977965  -0.0000755192  -0.1045984824  -0.0003195462   0.0000079323
        0.0249292023  -0.0382073175  -0.0000088472  -0.0124526640   0.0277215297
        0.0000045683  -0.0010641681  -0.0006598027   0.0000017088   0.0006511150
        0.0000420025   0.0000419922   0.0006479269   0.0000436464  -0.0000423597
       -0.0010844624   0.0006438978   0.0000026730   0.0008835520   0.0002069838
       -0.0000002879  -0.2413770729  -0.0979266736   0.0000275486  -0.0046043859
       -0.0036972364   0.0000001089   0.0000943831  -0.0002447323  -0.0001569170
       -0.0000346090   0.0001659324  -0.0000010559   0.0000958328  -0.0002430415
        0.0001561842
       -0.0057602826   0.0004056467  -0.0000001121   0.0332685419   0.0638244532
        0.0000108077   0.0555409035  -0.1458302478  -0.0000212188   0.0103977965
        0.6522534007   0.0000945063   0.0486944254  -0.3502891984  -0.0000739849
       -0.0992722945  -0.0618046814  -0.0000067016   0.0377662350  -0.0490143564
       -0.0000086009   0.0000805468   0.0000063885  -0.0000037396  -0.0004638593
       -0.0004853069   0.0002070301  -0.0004620262  -0.0004848605  -0.0002060260
       -0.0009687514   0.0004114561  -0.0000015013   0.0234700829  -0.0173045484
       -0.0000043884  -0.0982582594  -0.0901572611   0.0000144563  -0.0046131139
       -0.0026524532  -0.0000017584   0.0002588509   0.0003711313  -0.0000137499
        0.0000610413   0.0003817080   0.0000014849   0.0002601631   0.0003687295
        0.0000134965
        0.0000027099   0.0000023901   0.0077078183   0.0000183125   0.0000147502
        0.0004869854   0.0000266180  -0.0000317580  -0.0503646368  -0.0000755192
        0.0000945063   0.1283611826   0.0000178332  -0.0000637465  -0.0562164833
       -0.0000264289  -0.0000109794   0.0038135600   0.0000091673  -0.0000099247
       -0.0082668789   0.0000006015  -0.0000000558  -0.0005445024   0.0008988916
       -0.0008529603   0.0001643758  -0.0009066043   0.0008536188   0.0001669956
        0.0000042464  -0.0000024407   0.0003422118   0.0000049185  -0.0000035457
       -0.0003024838   0.0000246618   0.0000111787  -0.0352619622   0.0000009415
       -0.0000011645   0.0098933078   0.0001224485   0.0000549690  -0.0000392370
       -0.0000006659  -0.0000002191   0.0000988995  -0.0001221325  -0.0000546183
       -0.0000391524
       -0.0006874341   0.0013706675   0.0000007624  -0.0092843313  -0.0355056876
       -0.0000088792   0.0296059444   0.0296881052   0.0000022774  -0.1045984824
        0.0486944254   0.0000178332   0.4917348340   0.0937310152  -0.0000073542
       -0.3057084554  -0.1266596362  -0.0000143634  -0.0885616979   0.0216081689
        0.0000169734  -0.0059318428   0.0040087152  -0.0000009000   0.0000599654
       -0.0000794257  -0.0001153993   0.0000585902  -0.0000792158   0.0001147872
        0.0003361150  -0.0000611247  -0.0000000102  -0.0050402503   0.0043127868
        0.0000027477   0.0004769830  -0.0299851099  -0.0000074149  -0.0003798832
       -0.0095300154  -0.0000031124  -0.0014678866  -0.0007856813  -0.0001707933
        0.0008627588   0.0000587404  -0.0000010873  -0.0014749268  -0.0007867279
        0.0001739329
        0.0016139000  -0.0005535904   0.0000003187  -0.0373731664  -0.0548236451
       -0.0000040708   0.0978237759  -0.0590272366  -0.0000252739  -0.0003195462
       -0.3502891984  -0.0000637465   0.0937310152   0.6088970597   0.0001136075
       -0.0783954296  -0.1544178242  -0.0000186527  -0.0466871294   0.0623580156
        0.0000087777   0.0022205981  -0.0001901350   0.0000000726   0.0003296459
        0.0003036346  -0.0003881187   0.0003283977   0.0003014848   0.0003870078
        0.0001790645   0.0001837600   0.0000012134   0.0061958176  -0.0034517012
       -0.0000032725  -0.0086212629  -0.0241582452  -0.0000058517  -0.0305890482
       -0.0245887430  -0.0000029570  -0.0003240496  -0.0001850535  -0.0000029353
        0.0002122851  -0.0001784658  -0.0000009542  -0.0003248677  -0.0001801163
        0.0000048355
       -0.0000010246   0.0000007351  -0.0042883926  -0.0000076599  -0.0000068541
       -0.0061980080   0.0000198756  -0.0000169132   0.0180549733   0.0000079323
       -0.0000739849  -0.0562164833  -0.0000073542   0.0001136075   0.0819197857
       -0.0000073640  -0.0000143577  -0.0556213329   0.0000007879   0.0000061266
        0.0164477525   0.0000019347  -0.0000046834   0.0078129759  -0.0006096143
        0.0005030593  -0.0000817849   0.0006122744  -0.0005035856  -0.0000830954
       -0.0000015654   0.0000010427  -0.0000849836   0.0000017021  -0.0000017551
        0.0081274968  -0.0000028477   0.0000003638  -0.0049033861  -0.0000056570
       -0.0000035711  -0.0051158937  -0.0015968816  -0.0006333483   0.0001819216
        0.0000002459   0.0000021026  -0.0001320262   0.0015952159   0.0006320158
        0.0001804808
        0.0017464236  -0.0025133822  -0.0000023334   0.0241874281   0.0878034512
        0.0000168069  -0.0661922506   0.0037831282   0.0000078570   0.0249292023
       -0.0992722945  -0.0000264289  -0.3057084554  -0.0783954296  -0.0000073640
        0.6492799629   0.0126617037  -0.0000397261  -0.2483399196   0.0428713857
        0.0000367353  -0.0314212636   0.0037710669   0.0000077034  -0.0002101826
        0.0000642095   0.0003579199  -0.0002091117   0.0000647820  -0.0003549151
       -0.0000903087  -0.0002981940   0.0000004283  -0.0007026338   0.0004494399
       -0.0000001423   0.0004354416  -0.0012046603   0.0000031674  -0.0446040821
        0.0286772823   0.0000014472  -0.0016947027  -0.0005867387  -0.0002775232
        0.0002967402   0.0027221195   0.0000032946  -0.0017022876  -0.0005978696
        0.0002730730
       -0.0003867520  -0.0049223218   0.0000010521   0.0293140043  -0.0267296692
       -0.0000129982  -0.0083269778   0.0043856117   0.0000038174  -0.0382073175
       -0.0618046814  -0.0000109794  -0.1266596362  -0.1544178242  -0.0000143577
        0.0126617037   0.6650534278   0.0000935962   0.1244435521  -0.1353344417
       -0.0000333718  -0.0134543362   0.0045374234   0.0000001697   0.0005909353
       -0.0005884376  -0.0001400527   0.0005866414  -0.0005848754   0.0001374019
       -0.0005862621   0.0001164730  -0.0000003981  -0.0004844996   0.0014190001
       -0.0000004334  -0.0004071749  -0.0079051094  -0.0000035118   0.0288173056
       -0.2820748425  -0.0000232422  -0.0024189487  -0.0009379929   0.0001640483
       -0.0030586396   0.0007307824   0.0000008793  -0.0024235977  -0.0009425222
       -0.0001616197
        0.0000013208  -0.0000048108   0.0087595951   0.0000017844  -0.0000163341
       -0.0002242989   0.0000042966   0.0000038949  -0.0080969167  -0.0000088472
       -0.0000067016   0.0038135600  -0.0000143634  -0.0000186527  -0.0556213329
       -0.0000397261   0.0000935962   0.1288591767   0.0000516747  -0.0000241022
       -0.0526416674   0.0000058918  -0.0000019112   0.0016953217   0.0015035089
       -0.0010859969   0.0001151886  -0.0015064932   0.0010882397   0.0001166422
        0.0000022526  -0.0000022992  -0.0000037407  -0.0000001528   0.0000002885
       -0.0003769519   0.0000011681  -0.0000022387   0.0096106667   0.0000031401
       -0.0000278273  -0.0353640888   0.0008486031   0.0004798159  -0.0003064395
       -0.0000008894   0.0000009096  -0.0000293233  -0.0008531688  -0.0004758700
       -0.0003053912
       -0.0033982051   0.0265401515   0.0000083352  -0.0896231596  -0.0295476689
       -0.0000035722   0.0286258460  -0.0264224374  -0.0000087398  -0.0124526640
        0.0377662350   0.0000091673  -0.0885616979  -0.0466871294   0.0000007879
       -0.2483399196   0.1244435521   0.0000516747   0.6331430326   0.0016554454
       -0.0000841576  -0.1660566393  -0.0732358340  -0.0000042865  -0.0030021942
        0.0023107282  -0.0001722403  -0.0029917073   0.0023022568   0.0001762229
        0.0001829351   0.0005150157  -0.0000045254  -0.0043115294  -0.0036497794
        0.0000012392   0.0008290733   0.0006915320  -0.0000005831  -0.0045062240
        0.0043352185   0.0000007850  -0.0220883326  -0.0100510913   0.0040068838
        0.0046960118  -0.0009143437  -0.0000004096  -0.0221446259  -0.0100518510
       -0.0039765814
        0.0079317444  -0.0204629149  -0.0000169908   0.0438841294  -0.2997285900
       -0.0000652272  -0.0758651389  -0.0350945192  -0.0000013888   0.0277215297
       -0.0490143564  -0.0000099247   0.0216081689   0.0623580156   0.0000061266
        0.0428713857  -0.1353344417  -0.0000241022   0.0016554454   0.6288106275
        0.0001024064  -0.0677564327  -0.1145679325  -0.0000042432   0.0006885104
       -0.0006986092  -0.0002103325   0.0006767790  -0.0006973971   0.0002164560
       -0.0017697438   0.0006507054  -0.0000008720  -0.0028039509  -0.0003176865
       -0.0000012874   0.0005779068  -0.0000738831   0.0000008027   0.0244124689
       -0.0196576367  -0.0000097276  -0.0001892037   0.0033593844   0.0019439895
       -0.0235230005  -0.0229433634   0.0000011264  -0.0001205979   0.0034125979
       -0.0019268110
       -0.0000006905  -0.0000176885   0.0045153615   0.0000140843  -0.0000627233
       -0.0528363111  -0.0000183402  -0.0000026684  -0.0025192953   0.0000045683
       -0.0000086009  -0.0082668789   0.0000169734   0.0000087777   0.0164477525
        0.0000367353  -0.0000333718  -0.0526416674  -0.0000841576   0.0001024064
        0.1423766154   0.0000119135   0.0000089923  -0.0597053659  -0.0003648808
        0.0001426699  -0.0003433955   0.0003662735  -0.0001365497  -0.0003457611
        0.0000014630   0.0000014343   0.0001206284   0.0000020329  -0.0000000103
        0.0089579483   0.0000000307  -0.0000003011   0.0004452372   0.0000056264
       -0.0000046701   0.0030146108   0.0204618196   0.0136649445   0.0001578612
       -0.0000426374  -0.0000314616   0.0004565789  -0.0204108142  -0.0136311795
        0.0001660809
        0.0002708595   0.0006655640  -0.0000019835  -0.0026060612  -0.0077643710
       -0.0000041452   0.0025098127   0.0010687719   0.0000038669  -0.0010641681
        0.0000805468   0.0000006015  -0.0059318428   0.0022205981   0.0000019347
       -0.0314212636  -0.0134543362   0.0000058918  -0.1660566393  -0.0677564327
        0.0000119135   0.4810708584  -0.0258482858   0.0000385604   0.0002241410
        0.0001646273  -0.0000131594   0.0002284259   0.0001668136   0.0000119698
        0.0004472370   0.0005370832   0.0000074684   0.0000874026   0.0003846381
       -0.0000000151   0.0001212885  -0.0000059914  -0.0000016273   0.0006989619
       -0.0016628931   0.0000009571  -0.1093130573   0.0244605786   0.1052682665
       -0.0594243836   0.0618807948   0.0001054756  -0.1098415717   0.0248622939
       -0.1054359758
       -0.0004142134   0.0007630361   0.0000041125  -0.0246353873  -0.0228298520
        0.0000005655   0.0016422751  -0.0049975336  -0.0000015717  -0.0006598027
        0.0000063885  -0.0000000558   0.0040087152  -0.0001901350  -0.0000046834
        0.0037710669   0.0045374234  -0.0000019112  -0.0732358340  -0.1145679325
        0.0000089923  -0.0258482858   0.5095896973   0.0000319112  -0.0004403032
       -0.0001040803  -0.0000957069  -0.0004396148  -0.0001026156   0.0000943405
       -0.0003319390  -0.0015662983  -0.0000030213  -0.0014375869  -0.0008228634
       -0.0000004754   0.0000331584   0.0001395130   0.0000005524   0.0021936815
        0.0012160015   0.0000031039   0.0268176889  -0.0512166263  -0.0373705430
        0.0617456604  -0.2684092014  -0.0004223887   0.0272307206  -0.0514449215
        0.0377567791
       -0.0000060814  -0.0000060271  -0.0027585028   0.0000010271   0.0000012330
        0.0000740135  -0.0000024963  -0.0000051200   0.0082677199   0.0000017088
       -0.0000037396  -0.0005445024  -0.0000009000   0.0000000726   0.0078129759
        0.0000077034   0.0000001697   0.0016953217  -0.0000042865  -0.0000042432
       -0.0597053659   0.0000385604   0.0000319112   0.4913883476  -0.0004780062
        0.0000476214  -0.0000021309   0.0004783941  -0.0000499791  -0.0000020924
       -0.0000020870   0.0000094109   0.0004789733  -0.0000008234  -0.0000007402
        0.0000703035  -0.0000001489   0.0000005709  -0.0021995160   0.0000006513
        0.0000002068  -0.0016691485   0.1080350907  -0.0357127107  -0.1993096105
        0.0001084005  -0.0004166756  -0.0450042108  -0.1081767068   0.0361080390
       -0.1985925751
       -0.0416927136   0.0022504117  -0.0071180665  -0.0046017513   0.0181157838
       -0.0205038472  -0.0007419456   0.0014989064   0.0001575807   0.0006511150
       -0.0004638593   0.0008988916   0.0000599654   0.0003296459  -0.0006096143
       -0.0002101826   0.0005909353   0.0015035089  -0.0030021942   0.0006885104
       -0.0003648808   0.0002241410  -0.0004403032  -0.0004780062   0.0488995266
       -0.0054389561   0.0059279736   0.0014753204  -0.0004480703  -0.0000825857
       -0.0008592538  -0.0163397932   0.0211794327  -0.0002663840  -0.0003743185
       -0.0003756998   0.0000882810  -0.0000530639  -0.0000547797  -0.0001496988
        0.0000822815  -0.0000652436   0.0000480928   0.0002230046  -0.0001839149
        0.0000521913  -0.0001107515  -0.0000559015   0.0000254903  -0.0001103634
        0.0002251526
        0.0001166760  -0.1220568588   0.1153208688   0.0077928206  -0.0146021116
        0.0137861503  -0.0016964227   0.0002960450  -0.0001501938   0.0000420025
       -0.0004853069  -0.0008529603  -0.0000794257   0.0003036346   0.0005030593
        0.0000642095  -0.0005884376  -0.0010859969   0.0023107282  -0.0006986092
        0.0001426699   0.0001646273  -0.0001040803   0.0000476214  -0.0054389561
        0.1417991328  -0.1324240777  -0.0004244823   0.0101892276  -0.0146500774
       -0.0028191716  -0.0143960703   0.0189493126  -0.0001156893   0.0002171963
        0.0004194265  -0.0000780121   0.0000522473   0.0000167839   0.0001203480
       -0.0000672464   0.0001231750   0.0000118958   0.0002810323  -0.0001691652
        0.0000472655   0.0001214656  -0.0000836788  -0.0000184135  -0.0002612605
        0.0001070823
       -0.0048632711   0.1132993379  -0.1970537410  -0.0028862631   0.0029384433
       -0.0001879885   0.0006929293   0.0001697242   0.0008214750   0.0000419922
        0.0002070301   0.0001643758  -0.0001153993  -0.0003881187  -0.0000817849
        0.0003579199  -0.0001400527   0.0001151886  -0.0001722403  -0.0002103325
       -0.0003433955  -0.0000131594  -0.0000957069  -0.0000021309   0.0059279736
       -0.1324240777   0.2274816552   0.0001312362   0.0148287572  -0.0291805048
        0.0013313180   0.0023560592  -0.0016319881  -0.0004729020  -0.0003243454
       -0.0001421799   0.0000522628  -0.0000693316  -0.0000128370   0.0000321970
       -0.0000349541  -0.0000070539  -0.0000792244  -0.0001235029   0.0000026493
        0.0000002751  -0.0000870109   0.0000389164   0.0000343554   0.0000980816
        0.0000193442
       -0.0416793650   0.0024106851   0.0073940410  -0.0046589252   0.0180400493
        0.0205773368  -0.0007474826   0.0014955548  -0.0001584572   0.0006479269
       -0.0004620262  -0.0009066043   0.0000585902   0.0003283977   0.0006122744
       -0.0002091117   0.0005866414  -0.0015064932  -0.0029917073   0.0006767790
        0.0003662735   0.0002284259  -0.0004396148   0.0004783941   0.0014753204
       -0.0004244823   0.0001312362   0.0488997508  -0.0056243441  -0.0062484252
       -0.0008250389  -0.0162480763  -0.0212545715  -0.0002620687  -0.0003726486
        0.0003770668   0.0000879703  -0.0000528900   0.0000555325  -0.0001487572
        0.0000814660   0.0000655760   0.0000245082  -0.0001093013  -0.0002234063
        0.0000520765  -0.0001115433   0.0000566408   0.0000478874   0.0002253537
        0.0001835857
        0.0002846763  -0.1210055955  -0.1149659434   0.0078039858  -0.0145149938
       -0.0138366168  -0.0016877824   0.0002910093   0.0001455334   0.0000436464
       -0.0004848605   0.0008536188  -0.0000792158   0.0003014848  -0.0005035856
        0.0000647820  -0.0005848754   0.0010882397   0.0023022568  -0.0006973971
       -0.0001365497   0.0001668136  -0.0001026156  -0.0000499791  -0.0004480703
        0.0101892276   0.0148287572  -0.0056243441   0.1405735436   0.1320033436
       -0.0027880297  -0.0143061068  -0.0190163854  -0.0001179494   0.0002132804
       -0.0004186429  -0.0000775454   0.0000517258  -0.0000168265   0.0001194381
       -0.0000667957  -0.0001232899  -0.0000199389  -0.0002609115  -0.0001038315
        0.0000468705   0.0001214594   0.0000848473   0.0000104065   0.0002824209
        0.0001673109
        0.0051065156  -0.1129252194  -0.1980443872   0.0029288569  -0.0029797447
       -0.0002224430  -0.0006970963  -0.0001734276   0.0008225298  -0.0000423597
       -0.0002060260   0.0001669956   0.0001147872   0.0003870078  -0.0000830954
       -0.0003549151   0.0001374019   0.0001166422   0.0001762229   0.0002164560
       -0.0003457611   0.0000119698   0.0000943405  -0.0000020924  -0.0000825857
       -0.0146500774  -0.0291805048  -0.0062484252   0.1320033436   0.2286396047
       -0.0013439017  -0.0024425754  -0.0017654498   0.0004704937   0.0003231053
       -0.0001439680  -0.0000521392   0.0000687858  -0.0000130000  -0.0000322026
        0.0000353332  -0.0000067248  -0.0000346235  -0.0000996789   0.0000199165
        0.0000000305   0.0000871938   0.0000393677   0.0000793726   0.0001237816
        0.0000023700
       -0.1994652799  -0.1196420928  -0.0003907367  -0.0261223312  -0.0140559329
       -0.0000495006  -0.0053434133   0.0031771791  -0.0000020214  -0.0010844624
       -0.0009687514   0.0000042464   0.0003361150   0.0001790645  -0.0000015654
       -0.0000903087  -0.0005862621   0.0000022526   0.0001829351  -0.0017697438
        0.0000014630   0.0004472370  -0.0003319390  -0.0000020870  -0.0008592538
       -0.0028191716   0.0013313180  -0.0008250389  -0.0027880297  -0.0013439017
        0.2312628568   0.1383308664   0.0004485916   0.0002372592   0.0005213128
       -0.0000009232  -0.0003659237   0.0001997068   0.0000001421   0.0001801482
       -0.0000584773  -0.0000000567   0.0006357966   0.0004452050  -0.0005970001
        0.0002315601  -0.0002817097   0.0000001492   0.0006421041   0.0004487758
        0.0005996299
       -0.1206372791  -0.1343047057  -0.0002852039   0.0096675288   0.0101366920
        0.0000318275   0.0028397063  -0.0014937215  -0.0000055913   0.0006438978
        0.0004114561  -0.0000024407  -0.0000611247   0.0001837600   0.0000010427
       -0.0002981940   0.0001164730  -0.0000022992   0.0005150157   0.0006507054
        0.0000014343   0.0005370832  -0.0015662983   0.0000094109  -0.0163397932
       -0.0143960703   0.0023560592  -0.0162480763  -0.0143061068  -0.0024425754
        0.1383308664   0.1575139052   0.0003495311   0.0001886253   0.0001239692
        0.0000005261   0.0002287118  -0.0000802625   0.0000008473   0.0000371534
        0.0000445542   0.0000001326   0.0002530896  -0.0014859891   0.0010975459
        0.0000901009  -0.0000471776  -0.0000020931   0.0002526881  -0.0015011833
       -0.0011081540
       -0.0003905290  -0.0002818914  -0.0440032292   0.0000103093   0.0000076132
        0.0000712302   0.0000019288  -0.0000020454   0.0009063122   0.0000026730
       -0.0000015013   0.0003422118  -0.0000000102   0.0000012134  -0.0000849836
        0.0000004283  -0.0000003981  -0.0000037407  -0.0000045254  -0.0000008720
        0.0001206284   0.0000074684  -0.0000030213   0.0004789733   0.0211794327
        0.0189493126  -0.0016319881  -0.0212545715  -0.0190163854  -0.0017654498
        0.0004485916   0.0003495311   0.0464447825   0.0000000910   0.0000000956
       -0.0000897809   0.0000006209  -0.0000000538  -0.0000838696   0.0000000839
       -0.0000001001   0.0000199478  -0.0000039365   0.0008921691  -0.0002148795
        0.0000001577  -0.0000006703  -0.0002990503   0.0000017870  -0.0008929959
       -0.0002071145
        0.0010085392  -0.0008570211   0.0000000310  -0.0009289224  -0.0255943728
       -0.0000036482  -0.0434883753  -0.0012566379  -0.0000004423   0.0008835520
        0.0234700829   0.0000049185  -0.0050402503   0.0061958176   0.0000017021
       -0.0007026338  -0.0004844996  -0.0000001528  -0.0043115294  -0.0028039509
        0.0000020329   0.0000874026  -0.0014375869  -0.0000008234  -0.0002663840
       -0.0001156893  -0.0004729020  -0.0002620687  -0.0001179494   0.0004704937
        0.0002372592   0.0001886253   0.0000000910   0.0521641347   0.0021913723
       -0.0000010435   0.0007601410   0.0007969261  -0.0000003726  -0.0000088960
        0.0000299264  -0.0000002653   0.0000817248   0.0000259585  -0.0000534906
       -0.0002958338  -0.0002570197   0.0000000044   0.0000821403   0.0000260185
        0.0000538672
        0.0012644953   0.0011583815   0.0000010494  -0.0023334821  -0.0196603123
       -0.0000031779  -0.0019006988  -0.2990589789  -0.0000353644   0.0002069838
       -0.0173045484  -0.0000035457   0.0043127868  -0.0034517012  -0.0000017551
        0.0004494399   0.0014190001   0.0000002885  -0.0036497794  -0.0003176865
       -0.0000000103   0.0003846381  -0.0008228634  -0.0000007402  -0.0003743185
        0.0002171963  -0.0003243454  -0.0003726486   0.0002132804   0.0003231053
        0.0005213128   0.0001239692   0.0000000956   0.0021913723   0.3368418835
        0.0000433799  -0.0006103934   0.0006386530   0.0000002837  -0.0000442144
        0.0000815557   0.0000005157   0.0000605808   0.0000318011  -0.0000166006
       -0.0001666096  -0.0001415524   0.0000002794   0.0000605349   0.0000319223
        0.0000165421
        0.0000013532  -0.0000024701  -0.0025012745  -0.0000051703   0.0000007657
        0.0013020532   0.0000013710  -0.0000342722  -0.0340781075  -0.0000002879
       -0.0000043884  -0.0003024838   0.0000027477  -0.0000032725   0.0081274968
       -0.0000001423  -0.0000004334  -0.0003769519   0.0000012392  -0.0000012874
        0.0089579483  -0.0000000151  -0.0000004754   0.0000703035  -0.0003756998
        0.0004194265  -0.0001421799   0.0003770668  -0.0004186429  -0.0001439680
       -0.0000009232   0.0000005261  -0.0000897809  -0.0000010435   0.0000433799
        0.0235015233  -0.0000006005   0.0000001479  -0.0019611737  -0.0000001217
        0.0000006155  -0.0022093564  -0.0000204212  -0.0000028346  -0.0000083772
        0.0000001435  -0.0000000386  -0.0001371827   0.0000205041   0.0000032538
       -0.0000084888
       -0.0014551582  -0.0008364879  -0.0000007530  -0.0039142429   0.0036059689
        0.0000030901  -0.0273455648  -0.0110577625   0.0000016815  -0.2413770729
       -0.0982582594   0.0000246618   0.0004769830  -0.0086212629  -0.0000028477
        0.0004354416  -0.0004071749   0.0000011681   0.0008290733   0.0005779068
        0.0000000307   0.0001212885   0.0000331584  -0.0000001489   0.0000882810
       -0.0000780121   0.0000522628   0.0000879703  -0.0000775454  -0.0000521392
       -0.0003659237   0.0002287118   0.0000006209   0.0007601410  -0.0006103934
       -0.0000006005   0.2716585911   0.1152523500  -0.0000273508  -0.0001067175
        0.0001627524  -0.0000000389   0.0000352702   0.0000515546  -0.0000230573
        0.0000366326  -0.0000170179   0.0000001038   0.0000350074   0.0000515134
        0.0000233166
        0.0006469973   0.0003232603   0.0000005519   0.0027934287  -0.0009127209
       -0.0000022877   0.0104223089   0.0056497280  -0.0000008146  -0.0979266736
       -0.0901572611   0.0000111787  -0.0299851099  -0.0241582452   0.0000003638
       -0.0012046603  -0.0079051094  -0.0000022387   0.0006915320  -0.0000738831
       -0.0000003011  -0.0000059914   0.0001395130   0.0000005709  -0.0000530639
        0.0000522473  -0.0000693316  -0.0000528900   0.0000517258   0.0000687858
        0.0001997068  -0.0000802625  -0.0000000538   0.0007969261   0.0006386530
        0.0000001479   0.1152523500   0.1173852789  -0.0000064553  -0.0016033195
       -0.0010437191  -0.0000004538  -0.0000114173   0.0000117423   0.0000307353
        0.0000513055   0.0000672191   0.0000003885  -0.0000114294   0.0000118338
       -0.0000307860
       -0.0000011503  -0.0000007197  -0.0003627240   0.0000010058  -0.0000016105
        0.0079916108   0.0000053683   0.0000020369   0.0024145091   0.0000275486
        0.0000144563  -0.0352619622  -0.0000074149  -0.0000058517  -0.0049033861
        0.0000031674  -0.0000035118   0.0096106667  -0.0000005831   0.0000008027
        0.0004452372  -0.0000016273   0.0000005524  -0.0021995160  -0.0000547797
        0.0000167839  -0.0000128370   0.0000555325  -0.0000168265  -0.0000130000
        0.0000001421   0.0000008473  -0.0000838696  -0.0000003726   0.0000002837
       -0.0019611737  -0.0000273508  -0.0000064553   0.0238643192  -0.0000003028
       -0.0000004120   0.0005585430   0.0003881816   0.0002118001  -0.0000414369
       -0.0000002805  -0.0000002882  -0.0000038121  -0.0003870845  -0.0002118877
       -0.0000411686
       -0.0001208511   0.0013594286  -0.0000002207  -0.0046313873   0.0023683026
        0.0000019600  -0.0003375060  -0.0001567886  -0.0000001093  -0.0046043859
       -0.0046131139   0.0000009415  -0.0003798832  -0.0305890482  -0.0000056570
       -0.0446040821   0.0288173056   0.0000031401  -0.0045062240   0.0244124689
        0.0000056264   0.0006989619   0.0021936815   0.0000006513  -0.0001496988
        0.0001203480   0.0000321970  -0.0001487572   0.0001194381  -0.0000322026
        0.0001801482   0.0000371534   0.0000000839  -0.0000088960  -0.0000442144
       -0.0000001217  -0.0001067175  -0.0016033195  -0.0000003028   0.0595548412
       -0.0215027524  -0.0000035753   0.0001426693  -0.0001135574  -0.0000971448
       -0.0011222195  -0.0006902014  -0.0000024958   0.0001439880  -0.0001151309
        0.0000972298
       -0.0000874175  -0.0008850409   0.0000005968   0.0033012852  -0.0006989060
       -0.0000024227  -0.0001205823   0.0013237938   0.0000003222  -0.0036972364
       -0.0026524532  -0.0000011645  -0.0095300154  -0.0245887430  -0.0000035711
        0.0286772823  -0.2820748425  -0.0000278273   0.0043352185  -0.0196576367
       -0.0000046701  -0.0016628931   0.0012160015   0.0000002068   0.0000822815
       -0.0000672464  -0.0000349541   0.0000814660  -0.0000667957   0.0000353332
       -0.0000584773   0.0000445542  -0.0000001001   0.0000299264   0.0000815557
        0.0000006155   0.0001627524  -0.0010437191  -0.0000004120  -0.0215027524
        0.3283670559   0.0000376394  -0.0002194420  -0.0000400413   0.0001278388
        0.0004298152   0.0007817327   0.0000007383  -0.0002212109  -0.0000392691
       -0.0001281690
        0.0000000123   0.0000004622  -0.0007922512   0.0000034318  -0.0000022717
        0.0079089622  -0.0000008283  -0.0000000579   0.0001118095   0.0000001089
       -0.0000017584   0.0098933078  -0.0000031124  -0.0000029570  -0.0051158937
        0.0000014472  -0.0000232422  -0.0353640888   0.0000007850  -0.0000097276
        0.0030146108   0.0000009571   0.0000031039  -0.0016691485  -0.0000652436
        0.0001231750  -0.0000070539   0.0000655760  -0.0001232899  -0.0000067248
       -0.0000000567   0.0000001326   0.0000199478  -0.0000002653   0.0000005157
       -0.0022093564  -0.0000000389  -0.0000004538   0.0005585430  -0.0000035753
        0.0000376394   0.0236784779   0.0002518190  -0.0000152711  -0.0000309229
       -0.0000003169  -0.0000010873   0.0000398127  -0.0002506999   0.0000150882
       -0.0000300316
        0.0002488868   0.0001028151   0.0002784677  -0.0003163909   0.0014248555
        0.0002577794  -0.0001886673   0.0002061012  -0.0012277937   0.0000943831
        0.0002588509   0.0001224485  -0.0014678866  -0.0003240496  -0.0015968816
       -0.0016947027  -0.0024189487   0.0008486031  -0.0220883326  -0.0001892037
        0.0204618196  -0.1093130573   0.0268176889   0.1080350907   0.0000480928
        0.0000118958  -0.0000792244   0.0000245082  -0.0000199389  -0.0000346235
        0.0006357966   0.0002530896  -0.0000039365   0.0000817248   0.0000605808
       -0.0000204212   0.0000352702  -0.0000114173   0.0003881816   0.0001426693
       -0.0002194420   0.0002518190   0.1304018744  -0.0281146170  -0.1235218833
       -0.0056939218   0.0048343854   0.0094243838   0.0090497530  -0.0026726461
       -0.0135838293
       -0.0000287723  -0.0004214627   0.0001886122  -0.0013470694  -0.0002632344
        0.0002432240   0.0005008869   0.0000952251  -0.0010285307  -0.0002447323
        0.0003711313   0.0000549690  -0.0007856813  -0.0001850535  -0.0006333483
       -0.0005867387  -0.0009379929   0.0004798159  -0.0100510913   0.0033593844
        0.0136649445   0.0244605786  -0.0512166263  -0.0357127107   0.0002230046
        0.0002810323  -0.0001235029  -0.0001093013  -0.0002609115  -0.0000996789
        0.0004452050  -0.0014859891   0.0008921691   0.0000259585   0.0000318011
       -0.0000028346   0.0000515546   0.0000117423   0.0002118001  -0.0001135574
       -0.0000400413  -0.0000152711  -0.0281146170   0.0581681752   0.0429237893
        0.0183753783  -0.0096562705  -0.0267360955  -0.0027010055   0.0021490903
        0.0056926484
        0.0002018909  -0.0000091970   0.0000875333   0.0004398316  -0.0007010566
        0.0005320320   0.0000822892  -0.0001086212   0.0001140583  -0.0001569170
       -0.0000137499  -0.0000392370  -0.0001707933  -0.0000029353   0.0001819216
       -0.0002775232   0.0001640483  -0.0003064395   0.0040068838   0.0019439895
        0.0001578612   0.1052682665  -0.0373705430  -0.1993096105  -0.0001839149
       -0.0001691652   0.0000026493  -0.0002234063  -0.0001038315   0.0000199165
       -0.0005970001   0.0010975459  -0.0002148795  -0.0000534906  -0.0000166006
       -0.0000083772  -0.0000230573   0.0000307353  -0.0000414369  -0.0000971448
        0.0001278388  -0.0000309229  -0.1235218833   0.0429237893   0.2295629108
        0.0018238342  -0.0022033683  -0.0017955382   0.0134821346  -0.0055888784
       -0.0289124412
       -0.0002448284   0.0003824142  -0.0000003264  -0.0043419324  -0.0025632581
       -0.0000014591  -0.0000482689  -0.0012195872   0.0000024586  -0.0000346090
        0.0000610413  -0.0000006659   0.0008627588   0.0002122851   0.0000002459
        0.0002967402  -0.0030586396  -0.0000008894   0.0046960118  -0.0235230005
       -0.0000426374  -0.0594243836   0.0617456604   0.0001084005   0.0000521913
        0.0000472655   0.0000002751   0.0000520765   0.0000468705   0.0000000305
        0.0002315601   0.0000901009   0.0000001577  -0.0002958338  -0.0001666096
        0.0000001435   0.0000366326   0.0000513055  -0.0000002805  -0.0011222195
        0.0004298152  -0.0000003169  -0.0056939218   0.0183753783   0.0018238342
        0.0706994315  -0.0693557209  -0.0001318512  -0.0057214055   0.0184446788
       -0.0017571192
       -0.0002999862   0.0001440715   0.0000009035  -0.0027222199  -0.0024443942
       -0.0000049564   0.0002313351  -0.0008958990   0.0000014407   0.0001659324
        0.0003817080  -0.0000002191   0.0000587404  -0.0001784658   0.0000021026
        0.0027221195   0.0007307824   0.0000009096  -0.0009143437  -0.0229433634
       -0.0000314616   0.0618807948  -0.2684092014  -0.0004166756  -0.0001107515
        0.0001214656  -0.0000870109  -0.0001115433   0.0001214594   0.0000871938
       -0.0002817097  -0.0000471776  -0.0000006703  -0.0002570197  -0.0001415524
       -0.0000000386  -0.0000170179   0.0000672191  -0.0000002882  -0.0006902014
        0.0007817327  -0.0000010873   0.0048343854  -0.0096562705  -0.0022033683
       -0.0693557209   0.3121117027   0.0004867375   0.0048672065  -0.0097438171
        0.0021664886
        0.0000004228   0.0000027790   0.0003049179  -0.0000012024  -0.0000008480
        0.0009920859   0.0000025430   0.0000003219   0.0001752812  -0.0000010559
        0.0000014849   0.0000988995  -0.0000010873  -0.0000009542  -0.0001320262
        0.0000032946   0.0000008793  -0.0000293233  -0.0000004096   0.0000011264
        0.0004565789   0.0001054756  -0.0004223887  -0.0450042108  -0.0000559015
       -0.0000836788   0.0000389164   0.0000566408   0.0000848473   0.0000393677
        0.0000001492  -0.0000020931  -0.0002990503   0.0000000044   0.0000002794
       -0.0001371827   0.0000001038   0.0000003885  -0.0000038121  -0.0000024958
        0.0000007383   0.0000398127   0.0094243838  -0.0267360955  -0.0017955382
       -0.0001318512   0.0004867375   0.0469350081  -0.0093990143   0.0266664758
       -0.0016797249
        0.0002499821   0.0001067513  -0.0002769760  -0.0003143929   0.0014296958
       -0.0002527916  -0.0001861843   0.0002074871   0.0012234119   0.0000958328
        0.0002601631  -0.0001221325  -0.0014749268  -0.0003248677   0.0015952159
       -0.0017022876  -0.0024235977  -0.0008531688  -0.0221446259  -0.0001205979
       -0.0204108142  -0.1098415717   0.0272307206  -0.1081767068   0.0000254903
       -0.0000184135   0.0000343554   0.0000478874   0.0000104065   0.0000793726
        0.0006421041   0.0002526881   0.0000017870   0.0000821403   0.0000605349
        0.0000205041   0.0000350074  -0.0000114294  -0.0003870845   0.0001439880
       -0.0002212109  -0.0002506999   0.0090497530  -0.0027010055   0.0134821346
       -0.0057214055   0.0048672065  -0.0093990143   0.1310132094  -0.0286045315
        0.1236926070
       -0.0000386122  -0.0004341816  -0.0001914078  -0.0013367821  -0.0002609749
       -0.0002440578   0.0004989220   0.0000956007   0.0010285221  -0.0002430415
        0.0003687295  -0.0000546183  -0.0007867279  -0.0001801163   0.0006320158
       -0.0005978696  -0.0009425222  -0.0004758700  -0.0100518510   0.0034125979
       -0.0136311795   0.0248622939  -0.0514449215   0.0361080390  -0.0001103634
       -0.0002612605   0.0000980816   0.0002253537   0.0002824209   0.0001237816
        0.0004487758  -0.0015011833  -0.0008929959   0.0000260185   0.0000319223
        0.0000032538   0.0000515134   0.0000118338  -0.0002118877  -0.0001151309
       -0.0000392691   0.0000150882  -0.0026726461   0.0021490903  -0.0055888784
        0.0184446788  -0.0097438171   0.0266664758  -0.0286045315   0.0584560510
       -0.0433843624
       -0.0002018414   0.0000076966   0.0000821400  -0.0004412702   0.0006990948
        0.0005348377  -0.0000819617   0.0001079273   0.0001133911   0.0001561842
        0.0000134965  -0.0000391524   0.0001739329   0.0000048355   0.0001804808
        0.0002730730  -0.0001616197  -0.0003053912  -0.0039765814  -0.0019268110
        0.0001660809  -0.1054359758   0.0377567791  -0.1985925751   0.0002251526
        0.0001070823   0.0000193442   0.0001835857   0.0001673109   0.0000023700
        0.0005996299  -0.0011081540  -0.0002071145   0.0000538672   0.0000165421
       -0.0000084888   0.0000233166  -0.0000307860  -0.0000411686   0.0000972298
       -0.0001281690  -0.0000300316  -0.0135838293   0.0056926484  -0.0289124412
       -0.0017571192   0.0021664886  -0.0016797249   0.1236926070  -0.0433843624
        0.2287174434
