           1           2  0.99674182440780990     
           2           3  0.96971024708865461     
           3           4   1.7615320602908249     
           3           5   1.1278401666980287     
           4           5  0.17321051755895617     
           5           6  0.95789933397853178     
           1           7  0.98445075999961440     
           1           8  0.98665416301330611     
           1           9  0.98834218205175106     
           2          10  0.97585273131131556     
           2          11  0.96386771970958940     
           6          12  0.97730490780579105     
           6          13  0.97739085791191460     
           6          14  0.98206860803413465     
