$hessian                                                                        
        0.4412510260   0.0487031768   0.0204662584  -0.0793079757   0.0357371723
       -0.0190547580  -0.0154245249   0.0203005245  -0.0048456827   0.0094927555
       -0.0074620129   0.0042509307  -0.0014482592  -0.0046424921  -0.0000346317
        0.0024514438   0.0011400846   0.0000370574  -0.0002781877   0.0003956328
       -0.0001381646  -0.0336700195  -0.0158184103   0.0023696572   0.0016290349
        0.0014195669   0.0004879335  -0.1899904877   0.0079191929   0.0584049635
       -0.0048628766  -0.0022722696  -0.0004395614  -0.0016737127   0.0016444521
       -0.0000240811  -0.0011163203   0.0005016924   0.0004562453  -0.0050892403
        0.0070305229  -0.0077919911  -0.0395300125  -0.0025545981  -0.0153391118
       -0.0843952766  -0.0890539881  -0.0386700412  -0.0007149403  -0.0008117244
        0.0001488149   0.0015039369  -0.0014295104   0.0009783170   0.0002908482
       -0.0005521473  -0.0001279521   0.0008827888  -0.0001948650  -0.0011342022
        0.0487031768   0.4924707228   0.0410820859   0.0366077849  -0.1372827875
        0.0313793279   0.0029171473  -0.0026885518   0.0006735779   0.0056898212
       -0.0312156225   0.0072176074  -0.0023788687  -0.0041140499  -0.0006807072
        0.0016215574   0.0016414375   0.0002760950   0.0002353751   0.0000959195
       -0.0000713911  -0.0226480214   0.0035322102   0.0115487549  -0.0009319071
        0.0004197634   0.0006719801   0.0234054804  -0.0727126219  -0.0249846265
       -0.0075577815  -0.0043392381  -0.0003308554   0.0003352222  -0.0005065557
       -0.0003238945   0.0008773652   0.0001207468   0.0008046349   0.0017099963
        0.0004640835   0.0053806265  -0.0025005230  -0.0440787883  -0.0043697276
       -0.0857811257  -0.2028353616  -0.0685270431  -0.0002540306   0.0002202975
        0.0000889467  -0.0003401066   0.0005051757   0.0004534515  -0.0001105583
        0.0001311742  -0.0000699992   0.0003999961   0.0001720462  -0.0002188439
        0.0204662584   0.0410820859   0.5007334886  -0.0145570393   0.0264541560
       -0.0708634755   0.0067937280  -0.0085717878   0.0031160193   0.0013195765
       -0.0011711171   0.0038274936  -0.0007263879  -0.0009746515  -0.0001623157
       -0.0002459874   0.0004613841   0.0006789651  -0.0000055537  -0.0001565595
       -0.0000214376  -0.0039146247   0.0063325246   0.0015802171  -0.0033702951
       -0.0015193255   0.0022911093   0.0688526051  -0.0172242166  -0.0865242829
       -0.0049022688  -0.0017469600   0.0009267127   0.0004048650  -0.0008161396
        0.0001591523  -0.0002082202   0.0002310650  -0.0016138502  -0.0193229724
        0.0281455027  -0.0236175714  -0.0130100194  -0.0074705706  -0.2518532166
       -0.0350903720  -0.0658354613  -0.0704267589   0.0005411469   0.0000465107
       -0.0002372299  -0.0004792622   0.0008842748  -0.0012273561   0.0001183711
        0.0000858783   0.0003383092  -0.0026635479   0.0017634073  -0.0071039723
       -0.0793079757   0.0366077849  -0.0145570393   0.4968594963  -0.0197265996
       -0.0317308394  -0.2050374092   0.0147497013   0.0883213923  -0.0956391946
       -0.0464970712  -0.0039594709   0.0059505748   0.0080504481   0.0005052085
       -0.0237282057  -0.0222074651  -0.0011201979  -0.0051502459   0.0001157408
        0.0017240727   0.0019021893   0.0014660209  -0.0000416669  -0.0002109342
       -0.0001191400  -0.0002814164  -0.0396499644   0.0289063697  -0.0010505419
        0.0013726317  -0.0008570403  -0.0002724754   0.0009365479  -0.0004578481
       -0.0024240486   0.0004428459  -0.0009032971  -0.0024108649  -0.0597085404
        0.0112300659  -0.0152415180  -0.0006196130   0.0030003489  -0.0029987228
        0.0059544833  -0.0093002550   0.0034723912  -0.0000353686   0.0002158809
       -0.0000533576   0.0005846361   0.0005936772   0.0013870096   0.0002444112
       -0.0009527062   0.0002601059  -0.0051603648  -0.0039146159  -0.0195280203
        0.0357371723  -0.1372827875   0.0264541560  -0.0197265996   0.4459969158
        0.0034167315   0.0144987995  -0.0442192632  -0.0062481224  -0.0409320597
       -0.1337417254  -0.0045672306  -0.0125991254  -0.0272422028  -0.0010100431
       -0.0077094308   0.0027586084   0.0030338142   0.0015876984   0.0008786471
       -0.0002030422  -0.0000279235   0.0018569828  -0.0008212388   0.0000128113
       -0.0002028565  -0.0000815049   0.0157604804  -0.0036444932  -0.0025461514
        0.0000043819  -0.0006477620   0.0001040846   0.0000565973  -0.0009679662
       -0.0013058409  -0.0046660811  -0.0061254028  -0.0086051913   0.0036334027
       -0.0737400845  -0.0463787033   0.0007564317  -0.0012503872   0.0017187921
        0.0102775773  -0.0278641518   0.0088084727  -0.0001433315   0.0003092554
        0.0000725963   0.0008138983   0.0011032125   0.0001283098  -0.0001512074
       -0.0000424093  -0.0005329775   0.0028165079   0.0040678705   0.0285630892
       -0.0190547580   0.0313793279  -0.0708634755  -0.0317308394   0.0034167315
        0.4732571778   0.0872671224  -0.0067424402  -0.0837034467  -0.0014023550
       -0.0044352678  -0.0536702825   0.0049919131   0.0119210788   0.0011316043
        0.0041187890   0.0065027098   0.0063783462   0.0029282948  -0.0004837486
       -0.0005766119  -0.0010600042   0.0010566177   0.0013854638  -0.0001046985
        0.0001940284  -0.0008914799   0.0106522992  -0.0096647831   0.0032905969
        0.0004689880  -0.0002548309  -0.0004714076  -0.0033501114  -0.0015028618
       -0.0033861775  -0.0168282364  -0.0282422029  -0.0169214583  -0.0278213083
       -0.0209280882  -0.2186924729  -0.0126697962   0.0235548607  -0.0165401451
        0.0027621133  -0.0069167578   0.0034529074   0.0001772402   0.0000883274
        0.0003099765   0.0056918719   0.0006865294  -0.0011409920  -0.0009434821
       -0.0027360681  -0.0050217631  -0.0040930423   0.0031068379  -0.0173263599
       -0.0154245249   0.0029171473   0.0067937280  -0.2050374092   0.0144987995
        0.0872671224   0.2363975590  -0.0165221020  -0.1042706589  -0.0220146225
       -0.0035009156   0.0086657846   0.0004139248   0.0005211331   0.0001929782
       -0.0015383707  -0.0040373853  -0.0009549079  -0.0010479419   0.0002800987
        0.0001213265   0.0004107422  -0.0001598699   0.0002867274  -0.0000214344
        0.0000242540   0.0000624814  -0.0032471382   0.0042567066  -0.0010252429
        0.0001718194  -0.0000031241  -0.0001342354   0.0004444060   0.0001243409
       -0.0000324236   0.0013760588   0.0006103543  -0.0002301516   0.0071309527
        0.0004070424   0.0037569801  -0.0003041405  -0.0001694501  -0.0000372710
        0.0001258344  -0.0001281954   0.0001600045   0.0002222838  -0.0000606979
       -0.0000863886  -0.0000110177  -0.0000498846  -0.0001588600   0.0002405172
        0.0007602947   0.0001908191   0.0017125017   0.0002314535  -0.0005678124
        0.0203005245  -0.0026885518  -0.0085717878   0.0147497013  -0.0442192632
       -0.0067424402  -0.0165221020   0.0524072713   0.0097955294  -0.0255234225
       -0.0015555959   0.0097100992  -0.0001700702   0.0004041151   0.0001224420
       -0.0022999566  -0.0039013595  -0.0018549719  -0.0014354292   0.0000354014
        0.0003387781  -0.0002631947  -0.0009252567  -0.0000216409  -0.0000126161
       -0.0000007798   0.0000066718   0.0059384568  -0.0046608316   0.0008063428
        0.0001169693   0.0003057402   0.0000219079   0.0004094778   0.0002761205
        0.0000860733   0.0012511042   0.0008282080   0.0009793987   0.0043007656
        0.0024668466  -0.0052622920   0.0002527581   0.0005251830  -0.0003572163
        0.0002167885   0.0001632168  -0.0001966543  -0.0000495891  -0.0001485585
        0.0000167597  -0.0001815746  -0.0001565191  -0.0000184015  -0.0000251511
        0.0002544774   0.0002131469  -0.0010534399   0.0005901359   0.0009282551
       -0.0048456827   0.0006735779   0.0031160193   0.0883213923  -0.0062481224
       -0.0837034467  -0.1042706589   0.0097955294   0.1181954605   0.0005463654
        0.0007074254   0.0019169469   0.0000124254   0.0001376258  -0.0001714186
       -0.0004473903  -0.0002535694  -0.0000534269  -0.0000668845   0.0000600460
        0.0001324975   0.0003120693   0.0001648909  -0.0000075163   0.0000152626
       -0.0000010833   0.0000784527  -0.0022140488   0.0014980373   0.0006192015
       -0.0001235215  -0.0000466264   0.0000303702   0.0002392594   0.0000487420
        0.0000706267  -0.0003331717  -0.0000160381   0.0008482341   0.0239051390
       -0.0065485029  -0.0412717167  -0.0010045910   0.0004184023   0.0004978928
        0.0000520264  -0.0002548037  -0.0001540897  -0.0000157634   0.0000309082
       -0.0000114111  -0.0005561708  -0.0000832599  -0.0002022546  -0.0000512815
       -0.0000119026  -0.0000772212   0.0005252251  -0.0000712766   0.0001467997
        0.0094927555   0.0056898212   0.0013195765  -0.0956391946  -0.0409320597
       -0.0014023550  -0.0220146225  -0.0255234225   0.0005463654   0.4392533498
       -0.0089028879   0.0108397177  -0.0756754284   0.0613190596  -0.0374780652
       -0.1538132940   0.0087137665   0.0178996115  -0.0221527554  -0.0008000962
        0.0044895854  -0.0166005486   0.0124158296   0.0022050159  -0.0000829216
       -0.0002188557  -0.0000538540  -0.0020694909  -0.0039631039   0.0001140186
       -0.0017383052   0.0026056208  -0.0009656067  -0.0008429428   0.0022455812
        0.0070800557  -0.0580941468  -0.0080651086   0.0272308821  -0.0012234352
       -0.0053234860  -0.0093947592   0.0001261080   0.0002613363   0.0001849130
       -0.0009458683   0.0031433482  -0.0007878104  -0.0000576805   0.0001307380
        0.0000657835   0.0024170759  -0.0005951529   0.0001753707  -0.0004713767
       -0.0017038023  -0.0215959397   0.0001327223  -0.0004971256  -0.0004725060
       -0.0074620129  -0.0312156225  -0.0011711171  -0.0464970712  -0.1337417254
       -0.0044352678  -0.0035009156  -0.0015555959   0.0007074254  -0.0089028879
        0.4808366684  -0.0184816754   0.0608658188  -0.1648866372   0.0711337995
        0.0124767882  -0.0684176896  -0.0012233619  -0.0230516690   0.0017879054
        0.0047965216   0.0217164517  -0.0041672395  -0.0046211921   0.0001506551
        0.0003104171  -0.0001970099  -0.0042275927   0.0039851930  -0.0002259563
        0.0056550898  -0.0055556182   0.0011386906   0.0033336644   0.0017313871
       -0.0022863392  -0.0130090946  -0.0684835265  -0.0081130242  -0.0041080392
       -0.0047191755  -0.0066379290  -0.0003765427   0.0003078661  -0.0001375973
        0.0021506608  -0.0040765288   0.0016554049   0.0000701869   0.0000073187
       -0.0000022725   0.0006844580   0.0005578353  -0.0011983706   0.0027699954
       -0.0055905890  -0.0308341826   0.0012620568   0.0028853570   0.0001334540
        0.0042509307   0.0072176074   0.0038274936  -0.0039594709  -0.0045672306
       -0.0536702825   0.0086657846   0.0097100992   0.0019169469   0.0108397177
       -0.0184816754   0.4782465981  -0.0348535214   0.0702144706  -0.0774787272
        0.0186035657   0.0011463778  -0.0555518609  -0.0044803637   0.0001517484
        0.0015682860  -0.0059071830  -0.0031787821   0.0066744037  -0.0008634005
        0.0005452933  -0.0009782784   0.0012555305  -0.0001310288  -0.0008931952
       -0.0046979413   0.0043191604  -0.0009965359   0.0305213372  -0.0060640347
       -0.0293333229   0.0061795477  -0.0267895994  -0.2320032394  -0.0202189007
       -0.0284017531  -0.0263992316   0.0000799810   0.0008169749  -0.0008073919
       -0.0014119297   0.0019961422  -0.0007613436   0.0005159461  -0.0003613648
       -0.0005476511  -0.0001678963  -0.0009200397  -0.0001413775  -0.0034312507
       -0.0057822377  -0.0126589573  -0.0009204830  -0.0014401280  -0.0000123328
       -0.0014482592  -0.0023788687  -0.0007263879   0.0059505748  -0.0125991254
        0.0049919131   0.0004139248  -0.0001700702   0.0000124254  -0.0756754284
        0.0608658188  -0.0348535214   0.0886502341  -0.0708142427   0.0453721530
       -0.0195506144   0.0268444126  -0.0127594748   0.0006414534   0.0002868621
       -0.0004745507  -0.0045358863  -0.0019945315   0.0023070874   0.0001301020
       -0.0001466607   0.0002400024   0.0007827201   0.0003299832   0.0001538756
       -0.0027303470   0.0023830865  -0.0001529128   0.0027612259  -0.0013700322
       -0.0000589132   0.0039793861  -0.0014920524  -0.0047735982   0.0004149609
       -0.0002180597   0.0017304708  -0.0001098387   0.0000270897  -0.0000772484
        0.0003491970  -0.0006755660   0.0002505766   0.0001381358  -0.0000963425
       -0.0002382456  -0.0005356755   0.0002262788  -0.0000099637   0.0002139578
        0.0005080892  -0.0006163401   0.0001601770   0.0004839309  -0.0003173477
       -0.0046424921  -0.0041140499  -0.0009746515   0.0080504481  -0.0272422028
        0.0119210788   0.0005211331   0.0004041151   0.0001376258   0.0613190596
       -0.1648866372   0.0702144706  -0.0708142427   0.1908145200  -0.0859635183
        0.0071296043  -0.0066682315   0.0037200058  -0.0004775372   0.0005180901
        0.0001025041   0.0010876563   0.0014268347  -0.0004368651  -0.0001852531
        0.0000461123  -0.0001711087  -0.0000939290   0.0009627569  -0.0002881149
        0.0009250992  -0.0005286529  -0.0001377127  -0.0016226686   0.0007415581
       -0.0006652608  -0.0016442909   0.0072182039   0.0032444832   0.0010687836
        0.0021555786   0.0007495643  -0.0000552114   0.0002131359  -0.0003326848
        0.0007182006  -0.0012721358   0.0005299462  -0.0000668431  -0.0001075350
        0.0001546040   0.0005956419  -0.0007037058  -0.0000531870  -0.0008321451
        0.0015303590  -0.0006868099  -0.0009810135  -0.0005081137  -0.0010643694
       -0.0000346317  -0.0006807072  -0.0001623157   0.0005052085  -0.0010100431
        0.0011316043   0.0001929782   0.0001224420  -0.0001714186  -0.0374780652
        0.0711337995  -0.0774787272   0.0453721530  -0.0859635183   0.1132007486
        0.0027323241  -0.0037641463   0.0034821927  -0.0002775175  -0.0001119514
        0.0000506539   0.0008613541   0.0000772477  -0.0005571485   0.0001405658
       -0.0001302151   0.0000205900  -0.0001817198   0.0000663791   0.0002882919
        0.0004131856  -0.0004309762   0.0001057712  -0.0004038658   0.0000196897
        0.0014383869  -0.0120100612   0.0213080015  -0.0433330631   0.0004897647
       -0.0011458359   0.0017720448   0.0000131426  -0.0001340894   0.0000115658
        0.0001120370  -0.0001850362   0.0000612698   0.0000054409   0.0000076638
        0.0000555460   0.0000347003   0.0000323700  -0.0000758730  -0.0001769000
        0.0004023457   0.0002121210  -0.0003100936   0.0003865800  -0.0000522406
        0.0024514438   0.0016215574  -0.0002459874  -0.0237282057  -0.0077094308
        0.0041187890  -0.0015383707  -0.0022999566  -0.0004473903  -0.1538132940
        0.0124767882   0.0186035657  -0.0195506144   0.0071296043   0.0027323241
        0.4679603588   0.0621560393   0.0126697280  -0.1172314356  -0.0988734607
       -0.0261493466  -0.0603458983   0.0242845923  -0.0105474740   0.0009732252
        0.0010575032  -0.0014155264   0.0012893134  -0.0225559575   0.0026922697
       -0.0393915324   0.0351048888  -0.0055071144  -0.0595962590  -0.0155574630
        0.0221759076  -0.0006774411   0.0007073418   0.0037087362   0.0013889545
        0.0013317049   0.0013049342  -0.0002191436   0.0000134115   0.0000338464
       -0.0003897221   0.0003696989  -0.0000621434   0.0001878075   0.0005767008
       -0.0010930070   0.0000805925   0.0003375661  -0.0221002886   0.0028505860
       -0.0001480503  -0.0001979218  -0.0007003647  -0.0000230788  -0.0002739010
        0.0011400846   0.0016414375   0.0004613841  -0.0222074651   0.0027586084
        0.0065027098  -0.0040373853  -0.0039013595  -0.0002535694   0.0087137665
       -0.0684176896   0.0011463778   0.0268444126  -0.0066682315  -0.0037641463
        0.0621560393   0.4942219398   0.0266169620  -0.1010120514  -0.1778993280
       -0.0357336998   0.0266866116  -0.1145937171   0.0249759731   0.0005533276
        0.0006826926   0.0016930124  -0.0060287352  -0.0512349197   0.0044644751
        0.0143864576  -0.0094551422   0.0022939748  -0.0171509148  -0.0669948486
        0.0106456428   0.0045104868   0.0006325209  -0.0080198534   0.0012530169
        0.0006400484  -0.0003263310  -0.0001712190  -0.0002480093   0.0000000010
        0.0002221726   0.0004903739  -0.0000699315   0.0010275529   0.0007306714
        0.0005910274   0.0016840345  -0.0025718273  -0.0306467004   0.0014364313
        0.0005854507  -0.0005651923  -0.0000066241  -0.0003986708  -0.0000121162
        0.0000370574   0.0002760950   0.0006789651  -0.0011201979   0.0030338142
        0.0063783462  -0.0009549079  -0.0018549719  -0.0000534269   0.0178996115
       -0.0012233619  -0.0555518609  -0.0127594748   0.0037200058   0.0034821927
        0.0126697280   0.0266169620   0.4559892163  -0.0293530435  -0.0384819144
       -0.0491997470  -0.0172962014   0.0397858295  -0.0660313729  -0.0088300651
        0.0199950522  -0.0164422028  -0.0015227284  -0.0105478507   0.0015695558
        0.0098862221  -0.0072335318   0.0026703441   0.0041142111  -0.0148133777
       -0.2376543439   0.0288331592  -0.0068397049  -0.0261773238   0.0031028686
        0.0006908666  -0.0046064077  -0.0003056688   0.0000484593  -0.0006829698
       -0.0002087246  -0.0001576988   0.0001929856   0.0018183450  -0.0022100459
        0.0012780915  -0.0056283116  -0.0103894267  -0.0165926382   0.0006100996
       -0.0003755555  -0.0000165795  -0.0009919784  -0.0000396446   0.0007691763
       -0.0002781877   0.0002353751  -0.0000055537  -0.0051502459   0.0015876984
        0.0029282948  -0.0010479419  -0.0014354292  -0.0000668845  -0.0221527554
       -0.0230516690  -0.0044803637   0.0006414534  -0.0004775372  -0.0002775175
       -0.1172314356  -0.1010120514  -0.0293530435   0.1352171383   0.1161199431
        0.0355063199   0.0042359995   0.0052681385   0.0013450420   0.0001215291
       -0.0000477357   0.0002659129   0.0006592204   0.0033175597  -0.0001080582
        0.0008571556  -0.0002209859  -0.0000157986   0.0008523201  -0.0010854393
       -0.0046148511   0.0016558042   0.0000811467  -0.0014428930   0.0003542637
        0.0002633832  -0.0004257769  -0.0000379171  -0.0000017748  -0.0000632589
        0.0000511376   0.0001743673  -0.0000201465  -0.0000454120   0.0000718941
        0.0000152941   0.0013870244  -0.0000990161  -0.0003155307  -0.0001206234
        0.0004167163   0.0010279533   0.0000314727  -0.0001045837   0.0001008599
        0.0003956328   0.0000959195  -0.0001565595   0.0001157408   0.0008786471
       -0.0004837486   0.0002800987   0.0000354014   0.0000600460  -0.0008000962
        0.0017879054   0.0001517484   0.0002868621   0.0005180901  -0.0001119514
       -0.0988734607  -0.1778993280  -0.0384819144   0.1161199431   0.2062974133
        0.0507660923  -0.0145599669  -0.0219220782  -0.0044160978  -0.0002048522
        0.0002629967  -0.0000725247   0.0006905290  -0.0091629307   0.0017853001
       -0.0005230428   0.0026090432  -0.0004334316  -0.0029914951  -0.0038042542
       -0.0082593287   0.0008992990   0.0004234530   0.0010240610  -0.0001856504
       -0.0001168362   0.0000599099   0.0000436671  -0.0000132548  -0.0000660222
        0.0000599430   0.0001953221  -0.0000001498  -0.0000450113  -0.0007909210
       -0.0002403464  -0.0000926368   0.0004106531  -0.0013876920  -0.0006854146
        0.0001658583   0.0002377775   0.0000699116   0.0000288997   0.0000248316
       -0.0001381646  -0.0000713911  -0.0000214376   0.0017240727  -0.0002030422
       -0.0005766119   0.0001213265   0.0003387781   0.0001324975   0.0044895854
        0.0047965216   0.0015682860  -0.0004745507   0.0001025041   0.0000506539
       -0.0261493466  -0.0357336998  -0.0491997470   0.0355063199   0.0507660923
        0.0710011390   0.0044082002   0.0069630427   0.0028736065   0.0002571227
        0.0003053602   0.0001560599  -0.0001806215   0.0037119003  -0.0000500313
        0.0005905738  -0.0003885828  -0.0000846758  -0.0199266533  -0.0291184208
       -0.0205081426   0.0002160217   0.0007904997   0.0015226510  -0.0007870869
       -0.0002065828   0.0001734804   0.0000028365   0.0000078043   0.0001026708
        0.0000201633  -0.0000244140  -0.0000372286  -0.0000730394  -0.0003438189
       -0.0002496677   0.0002490016  -0.0011251286  -0.0064809440   0.0000199408
       -0.0005148859  -0.0003329620   0.0001242980  -0.0000525365  -0.0000395966
       -0.0336700195  -0.0226480214  -0.0039146247   0.0019021893  -0.0000279235
       -0.0010600042   0.0004107422  -0.0002631947   0.0003120693  -0.0166005486
        0.0217164517  -0.0059071830  -0.0045358863   0.0010876563   0.0008613541
       -0.0603458983   0.0266866116  -0.0172962014   0.0042359995  -0.0145599669
        0.0044082002   0.4540800817  -0.0299119631  -0.0309104404  -0.0387863581
        0.0021128654  -0.0025128841  -0.0693506113  -0.0252276972  -0.0083432647
       -0.2293402169   0.0405810071   0.0545192284  -0.0033281386   0.0033224770
       -0.0014808632   0.0000535615  -0.0002645966  -0.0011548816   0.0002679346
       -0.0001925014   0.0008043358   0.0013652894  -0.0000388810  -0.0007219597
       -0.0041922754  -0.0004657437   0.0010277730  -0.0037916085  -0.0020463288
        0.0133079939   0.0016616141   0.0006020632  -0.0020709771   0.0000098588
       -0.0001393710   0.0004895894  -0.0000457097  -0.0003229429  -0.0003572598
       -0.0158184103   0.0035322102   0.0063325246   0.0014660209   0.0018569828
        0.0010566177  -0.0001598699  -0.0009252567   0.0001648909   0.0124158296
       -0.0041672395  -0.0031787821  -0.0019945315   0.0014268347   0.0000772477
        0.0242845923  -0.1145937171   0.0397858295   0.0052681385  -0.0219220782
        0.0069630427  -0.0299119631   0.3957250888   0.0166308156   0.0016728797
       -0.0418584348  -0.0047239120  -0.0483555753  -0.1589717970  -0.0496668296
        0.0479074094  -0.0586725155  -0.0148778206   0.0017479472  -0.0023366742
        0.0043024982  -0.0017619628  -0.0003538445   0.0026629067  -0.0009745346
       -0.0021050220  -0.0003954057   0.0023575610   0.0009545665  -0.0008320325
        0.0002768829   0.0006009394  -0.0003376860   0.0004518072  -0.0005951383
       -0.0028112816  -0.0002296557   0.0029981174  -0.0006173165   0.0006772033
       -0.0008878791  -0.0009194384   0.0006802311   0.0002948573   0.0003841313
        0.0023696572   0.0115487549   0.0015802171  -0.0000416669  -0.0008212388
        0.0013854638   0.0002867274  -0.0000216409  -0.0000075163   0.0022050159
       -0.0046211921   0.0066744037   0.0023070874  -0.0004368651  -0.0005571485
       -0.0105474740   0.0249759731  -0.0660313729   0.0013450420  -0.0044160978
        0.0028736065  -0.0309104404   0.0166308156   0.5433365216  -0.0080577688
       -0.0051758070  -0.2440170214  -0.0210301933  -0.0555737163  -0.0823074992
        0.0270044553  -0.0065755510  -0.0985879911  -0.0120973995   0.0276238802
       -0.0472041812  -0.0014943137   0.0004846618  -0.0029060248   0.0003772477
       -0.0000610917  -0.0007045441   0.0042289302   0.0027946716   0.0017508098
        0.0026801275   0.0001333511   0.0001007119   0.0418643824  -0.0070319534
       -0.0148487319  -0.0009503380   0.0013941497  -0.0008526424   0.0006336375
       -0.0007967308   0.0004556065  -0.0001727160  -0.0000543730  -0.0001326670
        0.0016290349  -0.0009319071  -0.0033702951  -0.0002109342   0.0000128113
       -0.0001046985  -0.0000214344  -0.0000126161   0.0000152626  -0.0000829216
        0.0001506551  -0.0008634005   0.0001301020  -0.0001852531   0.0001405658
        0.0009732252   0.0005533276  -0.0088300651   0.0001215291  -0.0002048522
        0.0002571227  -0.0387863581   0.0016728797  -0.0080577688   0.0565391005
        0.0027209195   0.0020547319  -0.0067537476  -0.0107978091  -0.0188030112
       -0.0084095778   0.0018755906   0.0351013832  -0.0006117926   0.0021868153
       -0.0030860913   0.0001037630   0.0000619837   0.0002771940   0.0001053764
       -0.0000969647   0.0003939034   0.0001224744   0.0000985341   0.0010903062
        0.0001634596   0.0002076690   0.0002425333  -0.0049283881   0.0022637002
        0.0033654597   0.0000583970   0.0000199180   0.0001013719  -0.0001609624
        0.0003546516   0.0000178350   0.0000196549   0.0000499466   0.0000576608
        0.0014195669   0.0004197634  -0.0015193255  -0.0001191400  -0.0002028565
        0.0001940284   0.0000242540  -0.0000007798  -0.0000010833  -0.0002188557
        0.0003104171   0.0005452933  -0.0001466607   0.0000461123  -0.0001302151
        0.0010575032   0.0006826926   0.0199950522  -0.0000477357   0.0002629967
        0.0003053602   0.0021128654  -0.0418584348  -0.0051758070   0.0027209195
        0.0555756579   0.0177916263  -0.0121401740  -0.0127147288  -0.0318854427
        0.0016615794   0.0008364330  -0.0072864988   0.0022184222  -0.0042031509
        0.0063509597  -0.0000134204   0.0000516190  -0.0003538208   0.0001867282
       -0.0000282131  -0.0000941721  -0.0000292088   0.0002998148   0.0010252469
        0.0003433714   0.0001599198   0.0001607887   0.0010708709   0.0012985802
        0.0000171075  -0.0002100638  -0.0003416518  -0.0001001529   0.0002409315
       -0.0006471324   0.0000953107  -0.0001317536   0.0000529412   0.0000657444
        0.0004879335   0.0006719801   0.0022911093  -0.0002814164  -0.0000815049
       -0.0008914799   0.0000624814   0.0000066718   0.0000784527  -0.0000538540
       -0.0001970099  -0.0009782784   0.0002400024  -0.0001711087   0.0000205900
       -0.0014155264   0.0016930124  -0.0164422028   0.0002659129  -0.0000725247
        0.0001560599  -0.0025128841  -0.0047239120  -0.2440170214   0.0020547319
        0.0177916263   0.2957842152  -0.0094869673  -0.0157621199  -0.0176669091
        0.0093868919  -0.0012554074  -0.0161761442  -0.0011952440   0.0034617317
       -0.0033326897   0.0010410081  -0.0005629032   0.0010701148  -0.0001063974
        0.0000572708   0.0004548778  -0.0013401052  -0.0002226942   0.0001816062
        0.0005139076   0.0002858504   0.0001710641   0.0022407603  -0.0010736091
       -0.0010436440   0.0003372901  -0.0002616554   0.0003062064  -0.0003146457
        0.0003702264   0.0000507069   0.0000761205   0.0000460797  -0.0000166340
       -0.1899904877   0.0234054804   0.0688526051  -0.0396499644   0.0157604804
        0.0106522992  -0.0032471382   0.0059384568  -0.0022140488  -0.0020694909
       -0.0042275927   0.0012555305   0.0007827201  -0.0000939290  -0.0001817198
        0.0012893134  -0.0060287352  -0.0015227284   0.0006592204   0.0006905290
       -0.0001806215  -0.0693506113  -0.0483555753  -0.0210301933  -0.0067537476
       -0.0121401740  -0.0094869673   0.4016572047   0.0560514688  -0.0736407808
       -0.0551341394  -0.0288434235  -0.0006254484   0.0025192072   0.0001871872
        0.0018736397   0.0017462308  -0.0000785124  -0.0004941001   0.0025848781
       -0.0005835275  -0.0014447775  -0.0168863889   0.0016728529   0.0208462784
       -0.0272722435  -0.0056020964   0.0068839443   0.0011660126   0.0017289030
       -0.0004944497  -0.0016888691   0.0002216301   0.0004149430  -0.0004636880
        0.0006729796   0.0000204574   0.0001019816  -0.0003764023   0.0005161381
        0.0079191929  -0.0727126219  -0.0172242166   0.0289063697  -0.0036444932
       -0.0096647831   0.0042567066  -0.0046608316   0.0014980373  -0.0039631039
        0.0039851930  -0.0001310288   0.0003299832   0.0009627569   0.0000663791
       -0.0225559575  -0.0512349197  -0.0105478507   0.0033175597  -0.0091629307
        0.0037119003  -0.0252276972  -0.1589717970  -0.0555737163  -0.0107978091
       -0.0127147288  -0.0157621199   0.0560514688   0.2909333373   0.0949066481
       -0.0113399183   0.0090932459   0.0052553557   0.0000004816   0.0021333947
       -0.0006403766   0.0007539580   0.0000944843  -0.0011200101   0.0001121483
        0.0025618318  -0.0009261857   0.0003421198   0.0022335088  -0.0027488786
       -0.0273006506  -0.0002603696   0.0096865001   0.0007819127   0.0002927254
       -0.0000066149  -0.0006070325   0.0009970223  -0.0007993984  -0.0001945207
        0.0003550507   0.0005590164  -0.0007852114  -0.0002798585  -0.0005386575
        0.0584049635  -0.0249846265  -0.0865242829  -0.0010505419  -0.0025461514
        0.0032905969  -0.0010252429   0.0008063428   0.0006192015   0.0001140186
       -0.0002259563  -0.0008931952   0.0001538756  -0.0002881149   0.0002882919
        0.0026922697   0.0044644751   0.0015695558  -0.0001080582   0.0017853001
       -0.0000500313  -0.0083432647  -0.0496668296  -0.0823074992  -0.0188030112
       -0.0318854427  -0.0176669091  -0.0736407808   0.0949066481   0.1791610438
        0.0105856562   0.0088296372   0.0085792497   0.0007705101   0.0041620205
        0.0043737497   0.0003115190  -0.0004625286   0.0012329202  -0.0010458293
       -0.0001521709   0.0028549686   0.0382042115  -0.0037895304  -0.0208366214
       -0.0075520552   0.0008070763   0.0039825512  -0.0008408883   0.0010207744
        0.0005544436   0.0008282152  -0.0029710719   0.0015626074  -0.0000904683
        0.0002436313  -0.0001875208   0.0004349014  -0.0000534826   0.0003968797
       -0.0048628766  -0.0075577815  -0.0049022688   0.0013726317   0.0000043819
        0.0004689880   0.0001718194   0.0001169693  -0.0001235215  -0.0017383052
        0.0056550898  -0.0046979413  -0.0027303470   0.0009250992   0.0004131856
       -0.0393915324   0.0143864576   0.0098862221   0.0008571556  -0.0005230428
        0.0005905738  -0.2293402169   0.0479074094   0.0270044553  -0.0084095778
        0.0016615794   0.0093868919  -0.0551341394  -0.0113399183   0.0105856562
        0.3802118410  -0.0571368297  -0.0474670792   0.0040727098  -0.0027844032
       -0.0008029970   0.0001677338   0.0000525466   0.0010163650  -0.0001956788
       -0.0003426490  -0.0005784883   0.0006538696   0.0000884469  -0.0005724393
       -0.0024500108   0.0000051782   0.0009149886  -0.0428299343   0.0085586704
       -0.0019463093  -0.0005639015   0.0000817737   0.0008089450   0.0000078515
       -0.0001224853  -0.0003930671   0.0001309084   0.0003635074   0.0004078404
       -0.0022722696  -0.0043392381  -0.0017469600  -0.0008570403  -0.0006477620
       -0.0002548309  -0.0000031241   0.0003057402  -0.0000466264   0.0026056208
       -0.0055556182   0.0043191604   0.0023830865  -0.0005286529  -0.0004309762
        0.0351048888  -0.0094551422  -0.0072335318  -0.0002209859   0.0026090432
       -0.0003885828   0.0405810071  -0.0586725155  -0.0065755510   0.0018755906
        0.0008364330  -0.0012554074  -0.0288434235   0.0090932459   0.0088296372
       -0.0571368297   0.0738584166  -0.0066728294   0.0008191273   0.0014768774
       -0.0004222392   0.0001110559   0.0003003040  -0.0008714251   0.0004874317
        0.0007605241   0.0002765266  -0.0001201328  -0.0001486637   0.0000593881
       -0.0011871748   0.0000537423   0.0004163877   0.0073849928  -0.0092186858
        0.0119205203  -0.0000983300  -0.0008991792  -0.0001089520  -0.0002630508
        0.0003007378   0.0004199726  -0.0003504401  -0.0001296071  -0.0002336805
       -0.0004395614  -0.0003308554   0.0009267127  -0.0002724754   0.0001040846
       -0.0004714076  -0.0001342354   0.0000219079   0.0000303702  -0.0009656067
        0.0011386906  -0.0009965359  -0.0001529128  -0.0001377127   0.0001057712
       -0.0055071144   0.0022939748   0.0026703441  -0.0000157986  -0.0004334316
       -0.0000846758   0.0545192284  -0.0148778206  -0.0985879911   0.0351013832
       -0.0072864988  -0.0161761442  -0.0006254484   0.0052553557   0.0085792497
       -0.0474670792  -0.0066728294   0.5180859893  -0.0048980409   0.0029823145
        0.0026267820   0.0005604050  -0.0002374372   0.0008629654  -0.0001902749
       -0.0000020477   0.0006005973  -0.0003151853  -0.0001400912   0.0004136162
        0.0000891928   0.0000669653   0.0001541480  -0.0301020379   0.0179866130
       -0.4183519193   0.0009010819   0.0000703732  -0.0002434503  -0.0002131403
        0.0002651342  -0.0000385665   0.0001276204  -0.0000666892  -0.0001058555
       -0.0016737127   0.0003352222   0.0004048650   0.0009365479   0.0000565973
       -0.0033501114   0.0004444060   0.0004094778   0.0002392594  -0.0008429428
        0.0033336644   0.0305213372   0.0027612259  -0.0016226686  -0.0004038658
       -0.0595962590  -0.0171509148   0.0041142111   0.0008523201  -0.0029914951
       -0.0199266533  -0.0033281386   0.0017479472  -0.0120973995  -0.0006117926
        0.0022184222  -0.0011952440   0.0025192072   0.0000004816   0.0007705101
        0.0040727098   0.0008191273  -0.0048980409   0.2137764478   0.2012452719
        0.0250689779  -0.0067324339   0.0009653968   0.0086878888  -0.0096696164
       -0.0043737282   0.0039312499   0.0001408610  -0.0000248904  -0.0001546573
        0.0001939726   0.0000422090  -0.0000846265   0.0018473911  -0.0029069516
        0.0025163977  -0.1456314899  -0.1822175468  -0.0338964922  -0.0005193925
        0.0000861396  -0.0005531884   0.0010606888   0.0000282383   0.0003055821
        0.0016444521  -0.0005065557  -0.0008161396  -0.0004578481  -0.0009679662
       -0.0015028618   0.0001243409   0.0002761205   0.0000487420   0.0022455812
        0.0017313871  -0.0060640347  -0.0013700322   0.0007415581   0.0000196897
       -0.0155574630  -0.0669948486  -0.0148133777  -0.0010854393  -0.0038042542
       -0.0291184208   0.0033224770  -0.0023366742   0.0276238802   0.0021868153
       -0.0042031509   0.0034617317   0.0001871872   0.0021333947   0.0041620205
       -0.0027844032   0.0014768774   0.0029823145   0.2012452719   0.3202961593
        0.0650799004   0.0017786270   0.0007319528  -0.0027648804  -0.0046101237
        0.0002826158   0.0018677245  -0.0000036317   0.0001784974   0.0001961538
       -0.0000478513   0.0001997818  -0.0001047090  -0.0026098166   0.0010694668
       -0.0016602725  -0.1833406492  -0.2501308852  -0.0492898317   0.0001134717
        0.0000430521   0.0005178881  -0.0009809660  -0.0002165289   0.0001744827
       -0.0000240811  -0.0003238945   0.0001591523  -0.0024240486  -0.0013058409
       -0.0033861775  -0.0000324236   0.0000860733   0.0000706267   0.0070800557
       -0.0022863392  -0.0293333229  -0.0000589132  -0.0006652608   0.0014383869
        0.0221759076   0.0106456428  -0.2376543439  -0.0046148511  -0.0082593287
       -0.0205081426  -0.0014808632   0.0043024982  -0.0472041812  -0.0030860913
        0.0063509597  -0.0033326897   0.0018736397  -0.0006403766   0.0043737497
       -0.0008029970  -0.0004222392   0.0026267820   0.0250689779   0.0650799004
        0.3952389136   0.0086172123  -0.0020498693  -0.0084463816  -0.0013259174
        0.0001523607   0.0051099611  -0.0002129878  -0.0003307672   0.0002782832
        0.0000057464   0.0001160450  -0.0000246423   0.0001639018  -0.0007405320
        0.0002446799  -0.0514628830  -0.0703704906  -0.0594905610  -0.0002733521
        0.0009043072   0.0006776196   0.0008139679  -0.0002428484  -0.0008377125
       -0.0011163203   0.0008773652  -0.0002082202   0.0004428459  -0.0046660811
       -0.0168282364   0.0013760588   0.0012511042  -0.0003331717  -0.0580941468
       -0.0130090946   0.0061795477   0.0039793861  -0.0016442909  -0.0120100612
       -0.0006774411   0.0045104868   0.0288331592   0.0016558042   0.0008992990
        0.0002160217   0.0000535615  -0.0017619628  -0.0014943137   0.0001037630
       -0.0000134204   0.0010410081   0.0017462308   0.0007539580   0.0003115190
        0.0001677338   0.0001110559   0.0005604050  -0.0067324339   0.0017786270
        0.0086172123   0.2091290102   0.2160065336   0.0141662784  -0.0017135073
       -0.0048194146  -0.0045485239  -0.0001311399  -0.0004466809   0.0002837367
        0.0000193901   0.0001711601   0.0002751949   0.0001297646  -0.0002269044
        0.0000081375  -0.0009823273  -0.0001850769  -0.0004857093  -0.1492011357
       -0.1994289495  -0.0252132653  -0.0001550966  -0.0001577136   0.0006292814
        0.0005016924   0.0001207468   0.0002310650  -0.0009032971  -0.0061254028
       -0.0282422029   0.0006103543   0.0008282080  -0.0000160381  -0.0080651086
       -0.0684835265  -0.0267895994  -0.0014920524   0.0072182039   0.0213080015
        0.0007073418   0.0006325209  -0.0068397049   0.0000811467   0.0004234530
        0.0007904997  -0.0002645966  -0.0003538445   0.0004846618   0.0000619837
        0.0000516190  -0.0005629032  -0.0000785124   0.0000944843  -0.0004625286
        0.0000525466   0.0003003040  -0.0002374372   0.0009653968   0.0007319528
       -0.0020498693   0.2160065336   0.3521871499   0.0922079545  -0.0042531135
       -0.0058548140  -0.0051928122  -0.0000141927  -0.0001188293  -0.0004523016
       -0.0003228804   0.0004952782  -0.0001789478  -0.0001170732  -0.0000604889
        0.0000002068   0.0000169974  -0.0001336710   0.0002050327  -0.2034532514
       -0.2817136106  -0.0441981410  -0.0000399151  -0.0002397330  -0.0000049357
        0.0004562453   0.0008046349  -0.0016138502  -0.0024108649  -0.0086051913
       -0.0169214583  -0.0002301516   0.0009793987   0.0008482341   0.0272308821
       -0.0081130242  -0.2320032394  -0.0047735982   0.0032444832  -0.0433330631
        0.0037087362  -0.0080198534  -0.0261773238  -0.0014428930   0.0010240610
        0.0015226510  -0.0011548816   0.0026629067  -0.0029060248   0.0002771940
       -0.0003538208   0.0010701148  -0.0004941001  -0.0011200101   0.0012329202
        0.0010163650  -0.0008714251   0.0008629654   0.0086878888  -0.0027648804
       -0.0084463816   0.0141662784   0.0922079545   0.3760187482  -0.0027673103
       -0.0041878442  -0.0006898534   0.0001500604  -0.0004350333   0.0009588260
        0.0000037033   0.0001545361   0.0000698792  -0.0006496157   0.0005535134
        0.0000437373  -0.0000246605   0.0012937342   0.0005144267  -0.0429143981
       -0.0688843830  -0.0516305373   0.0011651205   0.0004302432   0.0005792290
       -0.0050892403   0.0017099963  -0.0193229724  -0.0597085404   0.0036334027
       -0.0278213083   0.0071309527   0.0043007656   0.0239051390  -0.0012234352
       -0.0041080392  -0.0202189007   0.0004149609   0.0010687836   0.0004897647
        0.0013889545   0.0012530169   0.0031028686   0.0003542637  -0.0001856504
       -0.0007870869   0.0002679346  -0.0009745346   0.0003772477   0.0001053764
        0.0001867282  -0.0001063974   0.0025848781   0.0001121483  -0.0010458293
       -0.0001956788   0.0004874317  -0.0001902749  -0.0096696164  -0.0046101237
       -0.0013259174  -0.0017135073  -0.0042531135  -0.0027673103   0.1868199510
       -0.1852472070   0.1092374112  -0.0012542026   0.0028741867  -0.0022377835
        0.0000643787  -0.0003393139   0.0002492444   0.0005151947  -0.0003441906
        0.0000997646   0.0025521745   0.0000803605  -0.0001294403  -0.0001857317
       -0.0000809206  -0.0008600347  -0.1231590670   0.1844362729  -0.0606481843
        0.0070305229   0.0004640835   0.0281455027   0.0112300659  -0.0737400845
       -0.0209280882   0.0004070424   0.0024668466  -0.0065485029  -0.0053234860
       -0.0047191755  -0.0284017531  -0.0002180597   0.0021555786  -0.0011458359
        0.0013317049   0.0006400484   0.0006908666   0.0002633832  -0.0001168362
       -0.0002065828  -0.0001925014  -0.0021050220  -0.0000610917  -0.0000969647
       -0.0000282131   0.0000572708  -0.0005835275   0.0025618318  -0.0001521709
       -0.0003426490   0.0007605241  -0.0000020477  -0.0043737282   0.0002826158
        0.0001523607  -0.0048194146  -0.0058548140  -0.0041878442  -0.1852472070
        0.3675017657  -0.0462000619   0.0030709033  -0.0045438520   0.0033303995
       -0.0005378476   0.0022130160  -0.0001628902   0.0001671286  -0.0004081535
        0.0000170760   0.0004307278  -0.0022951608  -0.0004016691  -0.0002479845
       -0.0006878075  -0.0014274545   0.1780518913  -0.2845471914   0.0774325168
       -0.0077919911   0.0053806265  -0.0236175714  -0.0152415180  -0.0463787033
       -0.2186924729   0.0037569801  -0.0052622920  -0.0412717167  -0.0093947592
       -0.0066379290  -0.0263992316   0.0017304708   0.0007495643   0.0017720448
        0.0013049342  -0.0003263310  -0.0046064077  -0.0004257769   0.0000599099
        0.0001734804   0.0008043358  -0.0003954057  -0.0007045441   0.0003939034
       -0.0000941721   0.0004548778  -0.0014447775  -0.0009261857   0.0028549686
       -0.0005784883   0.0002765266   0.0006005973   0.0039312499   0.0018677245
        0.0051099611  -0.0045485239  -0.0051928122  -0.0006898534   0.1092374112
       -0.0462000619   0.3823184956  -0.0016378388   0.0029898738  -0.0004508855
        0.0008334861  -0.0011242951   0.0007608739  -0.0002573788  -0.0000179994
       -0.0002909350  -0.0041717143  -0.0002417555  -0.0011996363  -0.0002997289
       -0.0008102338  -0.0016034034  -0.0762002757   0.1022839512  -0.0745186415
       -0.0395300125  -0.0025005230  -0.0130100194  -0.0006196130   0.0007564317
       -0.0126697962  -0.0003041405   0.0002527581  -0.0010045910   0.0001261080
       -0.0003765427   0.0000799810  -0.0001098387  -0.0000552114   0.0000131426
       -0.0002191436  -0.0001712190  -0.0003056688  -0.0000379171   0.0000436671
        0.0000028365   0.0013652894   0.0023575610   0.0042289302   0.0001224744
       -0.0000292088  -0.0013401052  -0.0168863889   0.0003421198   0.0382042115
        0.0006538696  -0.0001201328  -0.0003151853   0.0001408610  -0.0000036317
       -0.0002129878  -0.0001311399  -0.0000141927   0.0001500604  -0.0012542026
        0.0030709033  -0.0016378388   0.0571457847  -0.0024342266   0.0027593148
       -0.0000576892  -0.0014453556  -0.0136368823   0.0000706279   0.0000398116
       -0.0003044571  -0.0002765967   0.0001002373  -0.0000606612  -0.0000255287
       -0.0001458931   0.0000117547  -0.0001728037   0.0003326474  -0.0009520386
       -0.0025545981  -0.0440787883  -0.0074705706   0.0030003489  -0.0012503872
        0.0235548607  -0.0001694501   0.0005251830   0.0004184023   0.0002613363
        0.0003078661   0.0008169749   0.0000270897   0.0002131359  -0.0001340894
        0.0000134115  -0.0002480093   0.0000484593  -0.0000017748  -0.0000132548
        0.0000078043  -0.0000388810   0.0009545665   0.0027946716   0.0000985341
        0.0002998148  -0.0002226942   0.0016728529   0.0022335088  -0.0037895304
        0.0000884469  -0.0001486637  -0.0001400912  -0.0000248904   0.0001784974
       -0.0003307672  -0.0004466809  -0.0001188293  -0.0004350333   0.0028741867
       -0.0045438520   0.0029898738  -0.0024342266   0.0478362404   0.0061239006
       -0.0030597655  -0.0017866323  -0.0257512907  -0.0000624869  -0.0000557957
       -0.0000524260   0.0001269647  -0.0001959081   0.0001521978   0.0002527281
       -0.0000585152  -0.0000482434   0.0003768547  -0.0000501770   0.0014675911
       -0.0153391118  -0.0043697276  -0.2518532166  -0.0029987228   0.0017187921
       -0.0165401451  -0.0000372710  -0.0003572163   0.0004978928   0.0001849130
       -0.0001375973  -0.0008073919  -0.0000772484  -0.0003326848   0.0000115658
        0.0000338464   0.0000000010  -0.0006829698  -0.0000632589  -0.0000660222
        0.0001026708  -0.0007219597  -0.0008320325   0.0017508098   0.0010903062
        0.0010252469   0.0001816062   0.0208462784  -0.0027488786  -0.0208366214
       -0.0005724393   0.0000593881   0.0004136162  -0.0001546573   0.0001961538
        0.0002782832   0.0002837367  -0.0004523016   0.0009588260  -0.0022377835
        0.0033303995  -0.0004508855   0.0027593148   0.0061239006   0.3008695177
       -0.0024065379  -0.0027018312  -0.0132513165  -0.0003539865  -0.0001673950
        0.0001438346   0.0001339440  -0.0002192902   0.0001560249  -0.0002477040
       -0.0002046661  -0.0000459337  -0.0001216587   0.0001357613  -0.0008961674
       -0.0843952766  -0.0857811257  -0.0350903720   0.0059544833   0.0102775773
        0.0027621133   0.0001258344   0.0002167885   0.0000520264  -0.0009458683
        0.0021506608  -0.0014119297   0.0003491970   0.0007182006   0.0001120370
       -0.0003897221   0.0002221726  -0.0002087246   0.0000511376   0.0000599430
        0.0000201633  -0.0041922754   0.0002768829   0.0026801275   0.0001634596
        0.0003433714   0.0005139076  -0.0272722435  -0.0273006506  -0.0075520552
       -0.0024500108  -0.0011871748   0.0000891928   0.0001939726  -0.0000478513
        0.0000057464   0.0000193901  -0.0003228804   0.0000037033   0.0000643787
       -0.0005378476   0.0008334861  -0.0000576892  -0.0030597655  -0.0024065379
        0.1129488791   0.1037557735   0.0396930803   0.0000554241  -0.0000597584
       -0.0001362259  -0.0002070013  -0.0000861301  -0.0000226325  -0.0000179232
        0.0001213101   0.0000075840   0.0000018540   0.0002405037   0.0000553098
       -0.0890539881  -0.2028353616  -0.0658354613  -0.0093002550  -0.0278641518
       -0.0069167578  -0.0001281954   0.0001632168  -0.0002548037   0.0031433482
       -0.0040765288   0.0019961422  -0.0006755660  -0.0012721358  -0.0001850362
        0.0003696989   0.0004903739  -0.0001576988   0.0001743673   0.0001953221
       -0.0000244140  -0.0004657437   0.0006009394   0.0001333511   0.0002076690
        0.0001599198   0.0002858504  -0.0056020964  -0.0002603696   0.0008070763
        0.0000051782   0.0000537423   0.0000669653   0.0000422090   0.0001997818
        0.0001160450   0.0001711601   0.0004952782   0.0001545361  -0.0003393139
        0.0022130160  -0.0011242951  -0.0014453556  -0.0017866323  -0.0027018312
        0.1037557735   0.2334794349   0.0739567225   0.0000131329  -0.0001012019
       -0.0000505979  -0.0002026786  -0.0003169836   0.0000240887  -0.0000459898
        0.0000864386   0.0001394450  -0.0006233545   0.0003759016  -0.0004293266
       -0.0386700412  -0.0685270431  -0.0704267589   0.0034723912   0.0088084727
        0.0034529074   0.0001600045  -0.0001966543  -0.0001540897  -0.0007878104
        0.0016554049  -0.0007613436   0.0002505766   0.0005299462   0.0000612698
       -0.0000621434  -0.0000699315   0.0001929856  -0.0000201465  -0.0000001498
       -0.0000372286   0.0010277730  -0.0003376860   0.0001007119   0.0002425333
        0.0001607887   0.0001710641   0.0068839443   0.0096865001   0.0039825512
        0.0009149886   0.0004163877   0.0001541480  -0.0000846265  -0.0001047090
       -0.0000246423   0.0002751949  -0.0001789478   0.0000698792   0.0002492444
       -0.0001628902   0.0007608739  -0.0136368823  -0.0257512907  -0.0132513165
        0.0396930803   0.0739567225   0.0756152992  -0.0000269090  -0.0000396150
        0.0000997787   0.0001309839   0.0001802941  -0.0000432207  -0.0001120382
        0.0000011684   0.0000665200   0.0000998826  -0.0000267678  -0.0000293889
       -0.0007149403  -0.0002540306   0.0005411469  -0.0000353686  -0.0001433315
        0.0001772402   0.0002222838  -0.0000495891  -0.0000157634  -0.0000576805
        0.0000701869   0.0005159461   0.0001381358  -0.0000668431   0.0000054409
        0.0001878075   0.0010275529   0.0018183450  -0.0000454120  -0.0000450113
       -0.0000730394  -0.0037916085   0.0004518072   0.0418643824  -0.0049283881
        0.0010708709   0.0022407603   0.0011660126   0.0007819127  -0.0008408883
       -0.0428299343   0.0073849928  -0.0301020379   0.0018473911  -0.0026098166
        0.0001639018   0.0001297646  -0.0001170732  -0.0006496157   0.0005151947
        0.0001671286  -0.0002573788   0.0000706279  -0.0000624869  -0.0003539865
        0.0000554241   0.0000131329  -0.0000269090   0.0499560872  -0.0077644828
       -0.0145731375  -0.0016715329   0.0002154229  -0.0005555372  -0.0000427318
        0.0000269215   0.0001353716  -0.0001711322  -0.0000972641  -0.0000142415
       -0.0008117244   0.0002202975   0.0000465107   0.0002158809   0.0003092554
        0.0000883274  -0.0000606979  -0.0001485585   0.0000309082   0.0001307380
        0.0000073187  -0.0003613648  -0.0000963425  -0.0001075350   0.0000076638
        0.0005767008   0.0007306714  -0.0022100459   0.0000718941  -0.0007909210
       -0.0003438189  -0.0020463288  -0.0005951383  -0.0070319534   0.0022637002
        0.0012985802  -0.0010736091   0.0017289030   0.0002927254   0.0010207744
        0.0085586704  -0.0092186858   0.0179866130  -0.0029069516   0.0010694668
       -0.0007405320  -0.0002269044  -0.0000604889   0.0005535134  -0.0003441906
       -0.0004081535  -0.0000179994   0.0000398116  -0.0000557957  -0.0001673950
       -0.0000597584  -0.0001012019  -0.0000396150  -0.0077644828   0.0069753076
       -0.0077660426   0.0004305094   0.0005880421   0.0001619726   0.0001020273
       -0.0000546708  -0.0001995275   0.0001985457   0.0000494843   0.0000556200
        0.0001488149   0.0000889467  -0.0002372299  -0.0000533576   0.0000725963
        0.0003099765  -0.0000863886   0.0000167597  -0.0000114111   0.0000657835
       -0.0000022725  -0.0005476511  -0.0002382456   0.0001546040   0.0000555460
       -0.0010930070   0.0005910274   0.0012780915   0.0000152941  -0.0002403464
       -0.0002496677   0.0133079939  -0.0028112816  -0.0148487319   0.0033654597
        0.0000171075  -0.0010436440  -0.0004944497  -0.0000066149   0.0005544436
       -0.0019463093   0.0119205203  -0.4183519193   0.0025163977  -0.0016602725
        0.0002446799   0.0000081375   0.0000002068   0.0000437373   0.0000997646
        0.0000170760  -0.0002909350  -0.0003044571  -0.0000524260   0.0001438346
       -0.0001362259  -0.0000505979   0.0000997787  -0.0145731375  -0.0077660426
        0.4322946194  -0.0005792941  -0.0003259155   0.0004975093   0.0000577406
        0.0000012797  -0.0000265013  -0.0000805141   0.0000356453   0.0000854745
        0.0015039369  -0.0003401066  -0.0004792622   0.0005846361   0.0008138983
        0.0056918719  -0.0000110177  -0.0001815746  -0.0005561708   0.0024170759
        0.0006844580  -0.0001678963  -0.0005356755   0.0005956419   0.0000347003
        0.0000805925   0.0016840345  -0.0056283116   0.0013870244  -0.0000926368
        0.0002490016   0.0016616141  -0.0002296557  -0.0009503380   0.0000583970
       -0.0002100638   0.0003372901  -0.0016888691  -0.0006070325   0.0008282152
       -0.0005639015  -0.0000983300   0.0009010819  -0.1456314899  -0.1833406492
       -0.0514628830  -0.0009823273   0.0000169974  -0.0000246605   0.0025521745
        0.0004307278  -0.0041717143  -0.0002765967   0.0001269647   0.0001339440
       -0.0002070013  -0.0002026786   0.0001309839  -0.0016715329   0.0004305094
       -0.0005792941   0.1422797735   0.1802441353   0.0560440687   0.0001492252
       -0.0001881593   0.0000381697  -0.0011060382   0.0004635198  -0.0003687964
       -0.0014295104   0.0005051757   0.0008842748   0.0005936772   0.0011032125
        0.0006865294  -0.0000498846  -0.0001565191  -0.0000832599  -0.0005951529
        0.0005578353  -0.0009200397   0.0002262788  -0.0007037058   0.0000323700
        0.0003375661  -0.0025718273  -0.0103894267  -0.0000990161   0.0004106531
       -0.0011251286   0.0006020632   0.0029981174   0.0013941497   0.0000199180
       -0.0003416518  -0.0002616554   0.0002216301   0.0009970223  -0.0029710719
        0.0000817737  -0.0008991792   0.0000703732  -0.1822175468  -0.2501308852
       -0.0703704906  -0.0001850769  -0.0001336710   0.0012937342   0.0000803605
       -0.0022951608  -0.0002417555   0.0001002373  -0.0001959081  -0.0002192902
       -0.0000861301  -0.0003169836   0.0001802941   0.0002154229   0.0005880421
       -0.0003259155   0.1802441353   0.2504663193   0.0828486072  -0.0000449558
        0.0000082673  -0.0001301320   0.0019842105   0.0001108468  -0.0003521665
        0.0009783170   0.0004534515  -0.0012273561   0.0013870096   0.0001283098
       -0.0011409920  -0.0001588600  -0.0000184015  -0.0002022546   0.0001753707
       -0.0011983706  -0.0001413775  -0.0000099637  -0.0000531870  -0.0000758730
       -0.0221002886  -0.0306467004  -0.0165926382  -0.0003155307  -0.0013876920
       -0.0064809440  -0.0020709771  -0.0006173165  -0.0008526424   0.0001013719
       -0.0001001529   0.0003062064   0.0004149430  -0.0007993984   0.0015626074
        0.0008089450  -0.0001089520  -0.0002434503  -0.0338964922  -0.0492898317
       -0.0594905610  -0.0004857093   0.0002050327   0.0005144267  -0.0001294403
       -0.0004016691  -0.0011996363  -0.0000606612   0.0001521978   0.0001560249
       -0.0000226325   0.0000240887  -0.0000432207  -0.0005555372   0.0001619726
        0.0004975093   0.0560440687   0.0828486072   0.0839738112   0.0001521655
       -0.0000130115  -0.0001160447  -0.0002560985   0.0006610232   0.0007964049
        0.0002908482  -0.0001105583   0.0001183711   0.0002444112  -0.0001512074
       -0.0009434821   0.0002405172  -0.0000251511  -0.0000512815  -0.0004713767
        0.0027699954  -0.0034312507   0.0002139578  -0.0008321451  -0.0001769000
        0.0028505860   0.0014364313   0.0006100996  -0.0001206234  -0.0006854146
        0.0000199408   0.0000098588   0.0006772033   0.0006336375  -0.0001609624
        0.0002409315  -0.0003146457  -0.0004636880  -0.0001945207  -0.0000904683
        0.0000078515  -0.0002630508  -0.0002131403  -0.0005193925   0.0001134717
       -0.0002733521  -0.1492011357  -0.2034532514  -0.0429143981  -0.0001857317
       -0.0002479845  -0.0002997289  -0.0000255287   0.0002527281  -0.0002477040
       -0.0000179232  -0.0000459898  -0.0001120382  -0.0000427318   0.0001020273
        0.0000577406   0.0001492252  -0.0000449558   0.0001521655   0.1471452066
        0.2005269780   0.0475198303   0.0000566316  -0.0000655369  -0.0000433955
       -0.0005521473   0.0001311742   0.0000858783  -0.0009527062  -0.0000424093
       -0.0027360681   0.0007602947   0.0002544774  -0.0000119026  -0.0017038023
       -0.0055905890  -0.0057822377   0.0005080892   0.0015303590   0.0004023457
       -0.0001480503   0.0005854507  -0.0003755555   0.0004167163   0.0001658583
       -0.0005148859  -0.0001393710  -0.0008878791  -0.0007967308   0.0003546516
       -0.0006471324   0.0003702264   0.0006729796   0.0003550507   0.0002436313
       -0.0001224853   0.0003007378   0.0002651342   0.0000861396   0.0000430521
        0.0009043072  -0.1994289495  -0.2817136106  -0.0688843830  -0.0000809206
       -0.0006878075  -0.0008102338  -0.0001458931  -0.0000585152  -0.0002046661
        0.0001213101   0.0000864386   0.0000011684   0.0000269215  -0.0000546708
        0.0000012797  -0.0001881593   0.0000082673  -0.0000130115   0.2005269780
        0.2861923629   0.0776392001  -0.0000115957   0.0000293848   0.0002165036
       -0.0001279521  -0.0000699992   0.0003383092   0.0002601059  -0.0005329775
       -0.0050217631   0.0001908191   0.0002131469  -0.0000772212  -0.0215959397
       -0.0308341826  -0.0126589573  -0.0006163401  -0.0006868099   0.0002121210
       -0.0001979218  -0.0005651923  -0.0000165795   0.0010279533   0.0002377775
       -0.0003329620   0.0004895894  -0.0009194384   0.0004556065   0.0000178350
        0.0000953107   0.0000507069   0.0000204574   0.0005590164  -0.0001875208
       -0.0003930671   0.0004199726  -0.0000385665  -0.0005531884   0.0005178881
        0.0006776196  -0.0252132653  -0.0441981410  -0.0516305373  -0.0008600347
       -0.0014274545  -0.0016034034   0.0000117547  -0.0000482434  -0.0000459337
        0.0000075840   0.0001394450   0.0000665200   0.0001353716  -0.0001995275
       -0.0000265013   0.0000381697  -0.0001301320  -0.0001160447   0.0475198303
        0.0776392001   0.0699898542  -0.0001617612  -0.0002096590  -0.0000347466
        0.0008827888   0.0003999961  -0.0026635479  -0.0051603648   0.0028165079
       -0.0040930423   0.0017125017  -0.0010534399   0.0005252251   0.0001327223
        0.0012620568  -0.0009204830   0.0001601770  -0.0009810135  -0.0003100936
       -0.0007003647  -0.0000066241  -0.0009919784   0.0000314727   0.0000699116
        0.0001242980  -0.0000457097   0.0006802311  -0.0001727160   0.0000196549
       -0.0001317536   0.0000761205   0.0001019816  -0.0007852114   0.0004349014
        0.0001309084  -0.0003504401   0.0001276204   0.0010606888  -0.0009809660
        0.0008139679  -0.0001550966  -0.0000399151   0.0011651205  -0.1231590670
        0.1780518913  -0.0762002757  -0.0001728037   0.0003768547  -0.0001216587
        0.0000018540  -0.0006233545   0.0000998826  -0.0001711322   0.0001985457
       -0.0000805141  -0.0011060382   0.0019842105  -0.0002560985   0.0000566316
       -0.0000115957  -0.0001617612   0.1263791951  -0.1808758916   0.0826050331
       -0.0001948650   0.0001720462   0.0017634073  -0.0039146159   0.0040678705
        0.0031068379   0.0002314535   0.0005901359  -0.0000712766  -0.0004971256
        0.0028853570  -0.0014401280   0.0004839309  -0.0005081137   0.0003865800
       -0.0000230788  -0.0003986708  -0.0000396446  -0.0001045837   0.0000288997
       -0.0000525365  -0.0003229429   0.0002948573  -0.0000543730   0.0000499466
        0.0000529412   0.0000460797  -0.0003764023  -0.0002798585  -0.0000534826
        0.0003635074  -0.0001296071  -0.0000666892   0.0000282383  -0.0002165289
       -0.0002428484  -0.0001577136  -0.0002397330   0.0004302432   0.1844362729
       -0.2845471914   0.1022839512   0.0003326474  -0.0000501770   0.0001357613
        0.0002405037   0.0003759016  -0.0000267678  -0.0000972641   0.0000494843
        0.0000356453   0.0004635198   0.0001108468   0.0006610232  -0.0000655369
        0.0000293848  -0.0002096590  -0.1808758916   0.2777121552  -0.1065921236
       -0.0011342022  -0.0002188439  -0.0071039723  -0.0195280203   0.0285630892
       -0.0173263599  -0.0005678124   0.0009282551   0.0001467997  -0.0004725060
        0.0001334540  -0.0000123328  -0.0003173477  -0.0010643694  -0.0000522406
       -0.0002739010  -0.0000121162   0.0007691763   0.0001008599   0.0000248316
       -0.0000395966  -0.0003572598   0.0003841313  -0.0001326670   0.0000576608
        0.0000657444  -0.0000166340   0.0005161381  -0.0005386575   0.0003968797
        0.0004078404  -0.0002336805  -0.0001058555   0.0003055821   0.0001744827
       -0.0008377125   0.0006292814  -0.0000049357   0.0005792290  -0.0606481843
        0.0774325168  -0.0745186415  -0.0009520386   0.0014675911  -0.0008961674
        0.0000553098  -0.0004293266  -0.0000293889  -0.0000142415   0.0000556200
        0.0000854745  -0.0003687964  -0.0003521665   0.0007964049  -0.0000433955
        0.0002165036  -0.0000347466   0.0826050331  -0.1065921236   0.0983323512
