$hessian                                                                        
        0.4791583623  -0.0000012172  -0.0137519293  -0.1075955553  -0.0000019467
       -0.0641641195  -0.0171817393   0.0060515341  -0.0188794046   0.0009179249
        0.0000898477   0.0001383522  -0.0007117786  -0.0000000184  -0.0001744725
        0.0009179322  -0.0000898069   0.0001383417  -0.0171811378  -0.0060527262
       -0.0188784327  -0.1184029484  -0.1082307353   0.0102524458  -0.1184069851
        0.1082329493   0.0102469415  -0.1002375795   0.0000020470   0.0968046620
        0.0012053846  -0.0013731906   0.0003957431  -0.0013069946   0.0023496546
       -0.0004900832  -0.0005705829   0.0004633329  -0.0005161389  -0.0000071853
       -0.0000172426  -0.0000844171   0.0000820037  -0.0000000064  -0.0003427808
       -0.0005705411  -0.0004633740  -0.0005161054  -0.0000071806   0.0000172372
       -0.0000844122   0.0012053936   0.0013732361   0.0003957380  -0.0013067929
       -0.0023495743  -0.0004899282
       -0.0000012172   0.5357207862  -0.0000023920  -0.0000024446  -0.0758868987
       -0.0000027917   0.0152286160  -0.0042850665   0.0236935263   0.0000760420
       -0.0001411315  -0.0000796542  -0.0000000280   0.0001730416  -0.0000000366
       -0.0000759272  -0.0001410882   0.0000797628  -0.0152290933  -0.0042869400
       -0.0236942341  -0.1064833150  -0.1987606365   0.0133076845   0.1064854217
       -0.1987581666  -0.0132992134   0.0000018821  -0.0456823200  -0.0000027103
        0.0018538989   0.0005297993   0.0013804569   0.0044008693  -0.0046406145
        0.0020008592   0.0002607096   0.0000479604   0.0002330780   0.0001520446
        0.0000530574   0.0000445113   0.0000000074   0.0000684163  -0.0000000002
       -0.0002607157   0.0000479563  -0.0002331435  -0.0001520132   0.0000530548
       -0.0000445334  -0.0018539029   0.0005297453  -0.0013804722  -0.0044008344
       -0.0046409550  -0.0020006974
       -0.0137519293  -0.0000023920   0.4405647209  -0.0895444831  -0.0000033144
       -0.1596590335  -0.0029169427   0.0050759482  -0.0076959608   0.0016504381
       -0.0010848897   0.0018345788  -0.0005880033  -0.0000000512  -0.0012785115
        0.0016503906   0.0010850243   0.0018345163  -0.0029161370  -0.0050761221
       -0.0076947075   0.0098807813   0.0110795277  -0.0425354618   0.0098752596
       -0.0110710047  -0.0425342438   0.0889187025  -0.0000028037  -0.1801778116
       -0.0001576682  -0.0005488996   0.0003288102  -0.0020084967   0.0013698811
       -0.0005601584   0.0002448412  -0.0004585497  -0.0009256816   0.0006652342
       -0.0000944968  -0.0003038972   0.0002538463   0.0000000091   0.0002635835
        0.0002448191   0.0004585079  -0.0009256768   0.0006652260   0.0000945009
       -0.0003038986  -0.0001575975   0.0005488937   0.0003288519  -0.0020082810
       -0.0013697690  -0.0005600186
       -0.1075955553  -0.0000024446  -0.0895444831   0.4248050148   0.0000022044
        0.1556251227  -0.1135164100   0.0572491888  -0.0092685031  -0.0274154812
        0.0300086682   0.0041446229   0.0046729933   0.0000000144  -0.0030253507
       -0.0274138375  -0.0300089165   0.0041456131  -0.1135123674  -0.0572481664
       -0.0092664305  -0.0161029255  -0.0047035012  -0.0178665219  -0.0161033925
        0.0047023796  -0.0178671376   0.0116715849   0.0000000040  -0.0056299039
        0.0086916214  -0.0120560547   0.0010348544  -0.0134343011   0.0149270556
       -0.0100543834   0.0008773187  -0.0002574511  -0.0009644662  -0.0062738074
        0.0007437691   0.0043225192   0.0007879649   0.0000000059  -0.0001244097
        0.0008773148   0.0002574327  -0.0009644784  -0.0062737059  -0.0007438111
        0.0043224951   0.0086916125   0.0120573629   0.0010344126  -0.0134336413
       -0.0149277399  -0.0100535716
       -0.0000019467  -0.0758868987  -0.0000033144   0.0000022044   0.5026599114
       -0.0000006624   0.0711921144  -0.1608463297  -0.0065107567   0.0222604081
       -0.0136784200  -0.0086313248   0.0000000200  -0.0000989556  -0.0000000013
       -0.0222603909  -0.0136791315   0.0086322286  -0.0711917073  -0.1608507321
        0.0065144978  -0.0181029041  -0.0039088110  -0.0220054759   0.0181023162
       -0.0039070434   0.0220050963  -0.0000003854   0.0025980845  -0.0000013624
        0.0121208283  -0.0322320351   0.0020511644   0.0068490426  -0.0051959861
        0.0062597298  -0.0001379946   0.0002716541   0.0000993836   0.0022297117
        0.0008123448  -0.0017867762  -0.0000000005   0.0002881885  -0.0000000199
        0.0001379767   0.0002716696  -0.0000993648  -0.0022297772   0.0008123503
        0.0017867934  -0.0121194652  -0.0322319197  -0.0020497727  -0.0068500504
       -0.0051979403  -0.0062600624
       -0.0641641195  -0.0000027917  -0.1596590335   0.1556251227  -0.0000006624
        0.3416013630  -0.0255055299   0.0147742581  -0.0632695698   0.0110248628
       -0.0137859321   0.0051742395  -0.0024041054   0.0000000140   0.0020669898
        0.0110254073   0.0137870875   0.0051733192  -0.0255021213  -0.0147710302
       -0.0632692332  -0.0071005802  -0.0054086015  -0.0035603598  -0.0071014114
        0.0054083267  -0.0035616575  -0.0180125820  -0.0000014694  -0.0479362235
        0.0018299853  -0.0050919987   0.0002695033  -0.0184481553   0.0248605287
       -0.0057745326  -0.0010540973  -0.0001355486   0.0014906164   0.0039280030
       -0.0005892047  -0.0020827145  -0.0003978852  -0.0000000251  -0.0005666191
       -0.0010540970   0.0001355739   0.0014906154   0.0039280927   0.0005892115
       -0.0020828155   0.0018303034   0.0050933779   0.0002693591  -0.0184470927
       -0.0248611138  -0.0057732466
       -0.0171817393   0.0152286160  -0.0029169427  -0.1135164100   0.0711921144
       -0.0255055299   0.4646688839   0.0534300279   0.0515754284  -0.1195961338
       -0.0049266661   0.0483901886  -0.0244428503  -0.0109047414   0.0130659935
       -0.0012319156   0.0000774519   0.0006316926   0.0087425653  -0.0115829305
        0.0024777238  -0.0002326739   0.0014829993  -0.0006139958  -0.0032503843
        0.0011553007  -0.0042128914   0.0008344779  -0.0004123813   0.0019624140
       -0.1182415976  -0.1044767702  -0.0236828388  -0.0647656621  -0.0050148258
       -0.0697627536   0.0056906911   0.0001642189  -0.0021684328  -0.0153813951
        0.0030615479   0.0110695527  -0.0009564769  -0.0038680323  -0.0002737823
       -0.0002149825   0.0001460369  -0.0001606293  -0.0001441886   0.0005106036
        0.0000696081  -0.0012559451  -0.0042870532  -0.0002820325   0.0004757368
       -0.0009755167   0.0003372273
        0.0060515341  -0.0042850665   0.0050759482   0.0572491888  -0.1608463297
        0.0147742581   0.0534300279   0.5009125984   0.0115368832  -0.0034530289
       -0.0590914860   0.0038088391  -0.0256173411  -0.0046575515   0.0143169524
        0.0023851542   0.0041209966  -0.0004492299   0.0115845110  -0.0382944684
       -0.0007841063  -0.0015998044   0.0010938217  -0.0009844316  -0.0000550929
        0.0005036798  -0.0000605308   0.0001230317   0.0004366883  -0.0021028922
       -0.1075586260  -0.1847533081  -0.0310963349  -0.0038441752  -0.0430903979
       -0.0022733186  -0.0005839958   0.0010598623   0.0007928463   0.0182473081
       -0.0021403881  -0.0131091887  -0.0046998397  -0.0050604313   0.0004405286
        0.0000401997  -0.0003804642   0.0003975609   0.0005369984   0.0003174932
       -0.0003142083  -0.0027180238  -0.0060092216  -0.0005201386   0.0004819738
        0.0001639729   0.0005505633
       -0.0188794046   0.0236935263  -0.0076959608  -0.0092685031  -0.0065107567
       -0.0632695698   0.0515754284   0.0115368832   0.4957522418   0.0523818486
        0.0015749568  -0.1124019412   0.0015288426   0.0043004443   0.0025988847
        0.0001016784  -0.0004334846   0.0010879560   0.0024772070   0.0007857073
       -0.0014025949   0.0002694651   0.0005892604   0.0006778818  -0.0037826225
        0.0007256950  -0.0039116704  -0.0000722671   0.0005111344   0.0006514812
       -0.0232121000  -0.0286024932  -0.0506707539  -0.0706249840  -0.0030838820
       -0.2403162283   0.0225972703  -0.0005203275  -0.0254293927  -0.0028531070
       -0.0001858242   0.0024118529  -0.0013982943  -0.0008691648   0.0011101960
       -0.0000425906  -0.0000940988  -0.0003812979  -0.0001196501  -0.0002194473
       -0.0000226119  -0.0005365914  -0.0010797421   0.0007487649  -0.0001416257
       -0.0021183865   0.0004627624
        0.0009179249   0.0000760420   0.0016504381  -0.0274154812   0.0222604081
        0.0110248628  -0.1195961338  -0.0034530289   0.0523818486   0.4658318720
       -0.0458226769   0.0177713263  -0.1205656882  -0.0649040013  -0.0048900092
        0.0116944618   0.0104657501   0.0009879083  -0.0012318369  -0.0023853174
        0.0001017625  -0.0002593053  -0.0001588155   0.0001506180   0.0002251191
       -0.0002865344  -0.0001655625  -0.0003737065   0.0003031543  -0.0008052378
       -0.0161206453  -0.0041272980   0.0119572407   0.0045323622   0.0002847905
       -0.0021432477  -0.0590466349   0.0029074278  -0.0505007583  -0.1186624158
        0.1032106642  -0.0288203730  -0.0194682656  -0.0246490281  -0.0081926090
        0.0000535420   0.0023581749   0.0002393231  -0.0006082464   0.0043794003
       -0.0004363269   0.0000791505  -0.0005121713  -0.0000492976   0.0000139273
        0.0000530596  -0.0002619063
        0.0000898477  -0.0001411315  -0.0010848897   0.0300086682  -0.0136784200
       -0.0137859321  -0.0049266661  -0.0590914860   0.0015749568  -0.0458226769
        0.5006898821  -0.0158761161  -0.0584574026  -0.1635512038  -0.0152645129
       -0.0104641445  -0.0375167891  -0.0058346774  -0.0000775928   0.0041209547
        0.0004333642  -0.0000852570  -0.0003732453   0.0000121737   0.0003235925
       -0.0000828595   0.0000427440  -0.0002048928   0.0003554818  -0.0000514229
       -0.0193678258  -0.0027871531   0.0140600200   0.0003141615   0.0012585737
       -0.0015320647   0.0048041500  -0.0432645337   0.0033557341   0.1071974453
       -0.1802868444   0.0373528835  -0.0047768860  -0.0029672772  -0.0022315861
       -0.0014460611   0.0028513865  -0.0013970926   0.0030815054  -0.0058379035
        0.0004879123  -0.0002712971   0.0005620750   0.0001235203   0.0000813320
       -0.0002595066  -0.0003850144
        0.0001383522  -0.0000796542   0.0018345788   0.0041446229  -0.0086313248
        0.0051742395   0.0483901886   0.0038088391  -0.1124019412   0.0177713263
       -0.0158761161   0.4621845913  -0.0214521087  -0.0414284288  -0.0636014746
        0.0009881639   0.0058362210  -0.0016476980   0.0006316851   0.0004491219
        0.0010879213  -0.0000666426  -0.0000029724  -0.0002640390  -0.0001095386
        0.0000652275  -0.0002878962  -0.0002947340   0.0003893934  -0.0005020262
       -0.0024963241  -0.0001239438   0.0022077274   0.0228920083   0.0009399187
       -0.0279576791  -0.0546665803  -0.0031855395  -0.2134530453  -0.0287067220
        0.0370736042  -0.0537068462   0.0130014308   0.0164244883   0.0004662682
        0.0007652763   0.0030768152   0.0009808303  -0.0009200290   0.0010189634
        0.0007884757  -0.0000885117   0.0003422835  -0.0001799105   0.0000781364
       -0.0000968966  -0.0007220763
       -0.0007117786  -0.0000000280  -0.0005880033   0.0046729933   0.0000000200
       -0.0024041054  -0.0244428503  -0.0256173411   0.0015288426  -0.1205656882
       -0.0584574026  -0.0214521087   0.5572504434  -0.0000014438  -0.1286781300
       -0.1205696270   0.0584578763  -0.0214558812  -0.0244440211   0.0256167933
        0.0015279203   0.0002303869  -0.0001193431   0.0002279991   0.0002303952
        0.0001193536   0.0002279904  -0.0001274039   0.0000000096   0.0003467434
       -0.0051938185  -0.0007352656   0.0038794901   0.0009265142   0.0001329869
       -0.0006819181  -0.0131673725  -0.0183899904  -0.0148006064   0.0087784788
        0.0124134437   0.0026691510  -0.2542093218   0.0000006814   0.1885874373
       -0.0131684915   0.0183894573  -0.0148019134   0.0087784560  -0.0124120398
        0.0026695451  -0.0051938368   0.0007352278   0.0038794680   0.0009265422
       -0.0001329955  -0.0006819207
       -0.0000000184   0.0001730416  -0.0000000512   0.0000000144  -0.0000989556
        0.0000000140  -0.0109047414  -0.0046575515   0.0043004443  -0.0649040013
       -0.1635512038  -0.0414284288  -0.0000014438   0.4753533340  -0.0000061876
        0.0649051688  -0.1635448928   0.0414319386   0.0109046778  -0.0046571903
       -0.0043000959   0.0002975812   0.0002157826  -0.0000840607  -0.0002975859
        0.0002157862   0.0000840646   0.0000000027  -0.0002727076   0.0000000365
        0.0001597354   0.0011160030   0.0002189864   0.0006794433   0.0003407972
       -0.0001561310  -0.0163796739  -0.0157804751  -0.0169863909  -0.0132106706
       -0.0320260248  -0.0039790893  -0.0000001856  -0.0464790983   0.0000010224
        0.0163788399  -0.0157774207   0.0169861467   0.0132120761  -0.0320259741
        0.0039805886  -0.0001597606   0.0011159792  -0.0002189852  -0.0006794581
        0.0003407707   0.0001561785
       -0.0001744725  -0.0000000366  -0.0012785115  -0.0030253507  -0.0000000013
        0.0020669898   0.0130659935   0.0143169524   0.0025988847  -0.0048900092
       -0.0152645129  -0.0636014746  -0.1286781300  -0.0000061876   0.2766825252
       -0.0048932295   0.0152685591  -0.0636038535   0.0130660147  -0.0143162491
        0.0025996606  -0.0000349680  -0.0000477778   0.0001196348  -0.0000349503
        0.0000477707   0.0001196242  -0.0000513566   0.0000000290   0.0008631352
        0.0040220519   0.0008000212  -0.0017792240  -0.0007467605   0.0001444579
        0.0019418349  -0.0216662368  -0.0288580559  -0.0099919930   0.0025265997
        0.0035002134   0.0015865985   0.1473811399   0.0000003653  -0.1400791492
       -0.0216678454   0.0288575935  -0.0099939102   0.0025261482  -0.0034987072
        0.0015865734   0.0040220880  -0.0008000168  -0.0017791849  -0.0007467268
       -0.0001444174   0.0019418395
        0.0009179322  -0.0000759272   0.0016503906  -0.0274138375  -0.0222603909
        0.0110254073  -0.0012319156   0.0023851542   0.0001016784   0.0116944618
       -0.0104641445   0.0009881639  -0.1205696270   0.0649051688  -0.0048932295
        0.4658290395   0.0458223825   0.0177688964  -0.1195963579   0.0034532935
        0.0523818137   0.0002251158   0.0002865281  -0.0001655861  -0.0002593182
        0.0001588267   0.0001506082  -0.0003736880  -0.0003032153  -0.0008052141
        0.0000791264   0.0005121540  -0.0000493152   0.0000139316  -0.0000530616
       -0.0002619160   0.0000535681  -0.0023582563   0.0002393745  -0.0006080091
       -0.0043792532  -0.0004361262  -0.0194691936   0.0246481531  -0.0081937168
       -0.0590464989  -0.0029100649  -0.0505006608  -0.1186557635  -0.1032099451
       -0.0288147776  -0.0161213647   0.0041273695   0.0119575167   0.0045323985
       -0.0002847715  -0.0021433075
       -0.0000898069  -0.0001410882   0.0010850243  -0.0300089165  -0.0136791315
        0.0137870875   0.0000774519   0.0041209966  -0.0004334846   0.0104657501
       -0.0375167891   0.0058362210   0.0584578763  -0.1635448928   0.0152685591
        0.0458223825   0.5006941440   0.0158750076   0.0049267780  -0.0590914390
       -0.0015755253  -0.0003235989  -0.0000828665  -0.0000427695   0.0000852677
       -0.0003732412  -0.0000121669   0.0002048499   0.0003554588   0.0000513575
        0.0002712773   0.0005620798  -0.0001235521  -0.0000813205  -0.0002594901
        0.0003849845   0.0014460026   0.0028512874   0.0013970242  -0.0030813775
       -0.0058382043  -0.0004876507   0.0047769061  -0.0029669392   0.0022314661
       -0.0048069681  -0.0432647943  -0.0033645504  -0.1071967266  -0.1802966836
       -0.0373483741   0.0193672914  -0.0027869902  -0.0140594536  -0.0003131185
        0.0012585833   0.0015307954
        0.0001383417   0.0000797628   0.0018345163   0.0041456131   0.0086322286
        0.0051733192   0.0006316926  -0.0004492299   0.0010879560   0.0009879083
       -0.0058346774  -0.0016476980  -0.0214558812   0.0414319386  -0.0636038535
        0.0177688964   0.0158750076   0.4621832900   0.0483901622  -0.0038095210
       -0.1124018357  -0.0001095184  -0.0000652382  -0.0002879005  -0.0000666598
        0.0000029744  -0.0002640289  -0.0002947035  -0.0003894432  -0.0005019994
       -0.0000885114  -0.0003423174  -0.0001798898   0.0000781372   0.0000968787
       -0.0007220944   0.0007653146  -0.0030768721   0.0009808988  -0.0009198655
       -0.0010187100   0.0007885393   0.0130017534  -0.0164239321   0.0004668663
       -0.0546666279   0.0031765801  -0.2134529756  -0.0287009703  -0.0370690991
       -0.0537036757  -0.0024971119   0.0001240697   0.0022082943   0.0228920306
       -0.0009404002  -0.0279577288
       -0.0171811378  -0.0152290933  -0.0029161370  -0.1135123674  -0.0711917073
       -0.0255021213   0.0087425653   0.0115845110   0.0024772070  -0.0012318369
       -0.0000775928   0.0006316851  -0.0244440211   0.0109046778   0.0130660147
       -0.1195963579   0.0049267780   0.0483901622   0.4646723961  -0.0534290777
        0.0515779523  -0.0032503944  -0.0011556330  -0.0042128943  -0.0002326706
       -0.0014831050  -0.0006139596   0.0008344561   0.0004124816   0.0019623432
       -0.0012561679   0.0042871923  -0.0002822260   0.0004757189   0.0009755412
        0.0003372040  -0.0002149746  -0.0001460385  -0.0001606116  -0.0001441538
       -0.0005106155   0.0000696198  -0.0009567513   0.0038681544  -0.0002739280
        0.0056906851  -0.0001641722  -0.0021684279  -0.0153807102  -0.0030615009
        0.0110692692  -0.1182482227   0.1044778942  -0.0236879855  -0.0647660549
        0.0050113056  -0.0697631663
       -0.0060527262  -0.0042869400  -0.0050761221  -0.0572481664  -0.1608507321
       -0.0147710302  -0.0115829305  -0.0382944684   0.0007857073  -0.0023853174
        0.0041209547   0.0004491219   0.0256167933  -0.0046571903  -0.0143162491
        0.0034532935  -0.0590914390  -0.0038095210  -0.0534290777   0.5009083950
       -0.0115354583   0.0000548456   0.0005036145   0.0000602127   0.0015997944
        0.0010938665   0.0009844153  -0.0001230192   0.0004367784   0.0021029404
        0.0027181495  -0.0060089365   0.0005204121  -0.0004819690   0.0001640544
       -0.0005505403  -0.0000401948  -0.0003804819  -0.0003975659  -0.0005370171
        0.0003174818   0.0003141959   0.0046999133  -0.0050601431  -0.0004402819
        0.0005850857   0.0010598666  -0.0007940298  -0.0182478393  -0.0021405043
        0.0131097443   0.1075597673  -0.1847442611   0.0311009389   0.0038406151
       -0.0430899153   0.0022631097
       -0.0188784327  -0.0236942341  -0.0076947075  -0.0092664305   0.0065144978
       -0.0632692332   0.0024777238  -0.0007841063  -0.0014025949   0.0001017625
        0.0004333642   0.0010879213   0.0015279203  -0.0043000959   0.0025996606
        0.0523818137  -0.0015755253  -0.1124018357   0.0515779523  -0.0115354583
        0.4957530660  -0.0037825228  -0.0007259714  -0.0039116009   0.0002694119
       -0.0005892933   0.0006778835  -0.0000722619  -0.0005111106   0.0006513364
       -0.0005367340   0.0010800000   0.0007486983  -0.0001416721   0.0021183949
        0.0004626985  -0.0000425934   0.0000940986  -0.0003812842  -0.0001196353
        0.0002194293  -0.0000226333  -0.0013985186   0.0008693772   0.0011101780
        0.0225972238   0.0005199282  -0.0254293982  -0.0028523375   0.0001859273
        0.0024112973  -0.0232172974   0.0286071284  -0.0506731329  -0.0706253722
        0.0030736495  -0.2403163189
       -0.1184029484  -0.1064833150   0.0098807813  -0.0161029255  -0.0181029041
       -0.0071005802  -0.0002326739  -0.0015998044   0.0002694651  -0.0002593053
       -0.0000852570  -0.0000666426   0.0002303869   0.0002975812  -0.0000349680
        0.0002251158  -0.0003235989  -0.0001095184  -0.0032503944   0.0000548456
       -0.0037825228   0.1410346563   0.1291812659  -0.0039960801   0.0097970423
        0.0143535992  -0.0009452579  -0.0128650064  -0.0178973494   0.0061081213
       -0.0003820282   0.0010780090  -0.0005270334   0.0004612225  -0.0002351075
        0.0003538785  -0.0000796184  -0.0000666594   0.0001835309   0.0000758308
        0.0000547294  -0.0000296275   0.0000829085   0.0000520938   0.0000356251
        0.0001069566   0.0001429461  -0.0000981549   0.0000618554   0.0000931625
        0.0000089833   0.0001508528   0.0005498589   0.0000509590  -0.0006519274
       -0.0010640958  -0.0002009587
       -0.1082307353  -0.1987606365   0.0110795277  -0.0047035012  -0.0039088110
       -0.0054086015   0.0014829993   0.0010938217   0.0005892604  -0.0001588155
       -0.0003732453  -0.0000029724  -0.0001193431   0.0002157826  -0.0000477778
        0.0002865281  -0.0000828665  -0.0000652382  -0.0011556330   0.0005036145
       -0.0007259714   0.1291812659   0.2300875910  -0.0102015553  -0.0143529818
       -0.0270248893   0.0021599324  -0.0025285804  -0.0026463417   0.0020674015
        0.0002919524   0.0001755491   0.0002998945   0.0002374702   0.0000616412
        0.0001539602  -0.0000932198   0.0000180711   0.0000958061   0.0000643777
        0.0000523644   0.0000045607  -0.0000182773   0.0000119056   0.0000517263
        0.0000198412  -0.0000068210  -0.0001675953   0.0000574809   0.0000317035
        0.0000308517  -0.0000433802   0.0005613342   0.0000630046  -0.0002174481
       -0.0000097677   0.0000237858
        0.0102524458   0.0133076845  -0.0425354618  -0.0178665219  -0.0220054759
       -0.0035603598  -0.0006139958  -0.0009844316   0.0006778818   0.0001506180
        0.0000121737  -0.0002640390   0.0002279991  -0.0000840607   0.0001196348
       -0.0001655861  -0.0000427695  -0.0002879005  -0.0042128943   0.0000602127
       -0.0039116009  -0.0039960801  -0.0102015553   0.0531550743  -0.0009444536
       -0.0021584748   0.0006920537   0.0175988978   0.0229037912  -0.0043714418
       -0.0002189717   0.0004082241   0.0001136658   0.0003817857  -0.0004555035
        0.0002363735   0.0001378113   0.0000885981   0.0000416552   0.0000548352
       -0.0000110185   0.0000122274   0.0000024375   0.0000203686  -0.0000220253
       -0.0000830302  -0.0000631397   0.0001691417  -0.0000355662   0.0000069033
        0.0001868823   0.0002323246   0.0004251182  -0.0000616069  -0.0009020551
       -0.0012266450  -0.0003901546
       -0.1184069851   0.1064854217   0.0098752596  -0.0161033925   0.0181023162
       -0.0071014114  -0.0032503843  -0.0000550929  -0.0037826225   0.0002251191
        0.0003235925  -0.0001095386   0.0002303952  -0.0002975859  -0.0000349503
       -0.0002593182   0.0000852677  -0.0000666598  -0.0002326706   0.0015997944
        0.0002694119   0.0097970423  -0.0143529818  -0.0009444536   0.1410394937
       -0.1291832133  -0.0039894380  -0.0128653582   0.0178974489   0.0061071701
        0.0001508629  -0.0005498665   0.0000509832  -0.0006519810   0.0010640789
       -0.0002010088   0.0001069657  -0.0001429445  -0.0000981507   0.0000618631
       -0.0000931626   0.0000089867   0.0000829080  -0.0000520893   0.0000356260
       -0.0000796278   0.0000666633   0.0001835422   0.0000758345  -0.0000547294
       -0.0000296218  -0.0003819892  -0.0010780546  -0.0005269995   0.0004612222
        0.0002351372   0.0003538754
        0.1082329493  -0.1987581666  -0.0110710047   0.0047023796  -0.0039070434
        0.0054083267   0.0011553007   0.0005036798   0.0007256950  -0.0002865344
       -0.0000828595   0.0000652275   0.0001193536   0.0002157862   0.0000477707
        0.0001588267  -0.0003732412   0.0000029744  -0.0014831050   0.0010938665
       -0.0005892933   0.0143535992  -0.0270248893  -0.0021584748  -0.1291832133
        0.2300841507   0.0101921844   0.0025293056  -0.0026472642  -0.0020673636
        0.0000433731   0.0005613034  -0.0000630290   0.0002173920  -0.0000096784
       -0.0000238085  -0.0000198415  -0.0000068146   0.0001676001  -0.0000574839
        0.0000316987  -0.0000308431   0.0000182790   0.0000119016  -0.0000517255
        0.0000932265   0.0000180680  -0.0000958031  -0.0000643755   0.0000523609
       -0.0000045649  -0.0002919836   0.0001754892  -0.0002999219  -0.0002374480
        0.0000616522  -0.0001539464
        0.0102469415  -0.0132992134  -0.0425342438  -0.0178671376   0.0220050963
       -0.0035616575  -0.0042128914  -0.0000605308  -0.0039116704  -0.0001655625
        0.0000427440  -0.0002878962   0.0002279904   0.0000840646   0.0001196242
        0.0001506082  -0.0000121669  -0.0002640289  -0.0006139596   0.0009844153
        0.0006778835  -0.0009452579   0.0021599324   0.0006920537  -0.0039894380
        0.0101921844   0.0531539249   0.0175991761  -0.0229035631  -0.0043701070
        0.0002323341  -0.0004251375  -0.0000615878  -0.0009021121   0.0012266089
       -0.0003902073  -0.0000830382   0.0000631428   0.0001691299  -0.0000355610
       -0.0000068983   0.0001868805   0.0000024378  -0.0000203713  -0.0000220214
        0.0001378122  -0.0000885911   0.0000416582   0.0000548379   0.0000110175
        0.0000122216  -0.0002189677  -0.0004082606   0.0001136791   0.0003817878
        0.0004555266   0.0002363647
       -0.1002375795   0.0000018821   0.0889187025   0.0116715849  -0.0000003854
       -0.0180125820   0.0008344779   0.0001230317  -0.0000722671  -0.0003737065
       -0.0002048928  -0.0002947340  -0.0001274039   0.0000000027  -0.0000513566
       -0.0003736880   0.0002048499  -0.0002947035   0.0008344561  -0.0001230192
       -0.0000722619  -0.0128650064  -0.0025285804   0.0175988978  -0.0128653582
        0.0025293056   0.0175991761   0.1155625092  -0.0000021634  -0.1052717067
       -0.0002513843  -0.0000630380   0.0000640090  -0.0001938916   0.0000129310
        0.0000353114  -0.0009716667   0.0008116167  -0.0002556639   0.0004316705
       -0.0000691408   0.0000784169  -0.0000897757   0.0000000007   0.0001086917
       -0.0009715934  -0.0008116427  -0.0002556401   0.0004316547   0.0000691589
        0.0000784033  -0.0002513957   0.0000630330   0.0000640065  -0.0001939035
       -0.0000129497   0.0000353003
        0.0000020470  -0.0456823200  -0.0000028037   0.0000000040   0.0025980845
       -0.0000014694  -0.0004123813   0.0004366883   0.0005111344   0.0003031543
        0.0003554818   0.0003893934   0.0000000096  -0.0002727076   0.0000000290
       -0.0003032153   0.0003554588  -0.0003894432   0.0004124816   0.0004367784
       -0.0005111106  -0.0178973494  -0.0026463417   0.0229037912   0.0178974489
       -0.0026472642  -0.0229035631  -0.0000021634   0.0478754002   0.0000039274
       -0.0002454182  -0.0001267750   0.0001443467  -0.0000433925  -0.0000027935
       -0.0001097251   0.0008020765  -0.0002218147  -0.0001593113  -0.0002105779
       -0.0000326642  -0.0001477521  -0.0000000063  -0.0000411328  -0.0000000036
       -0.0008021127  -0.0002218863   0.0001593798   0.0002105915  -0.0000326431
        0.0001477711   0.0002454253  -0.0001267632  -0.0001443372   0.0000433785
       -0.0000027856   0.0001097462
        0.0968046620  -0.0000027103  -0.1801778116  -0.0056299039  -0.0000013624
       -0.0479362235   0.0019624140  -0.0021028922   0.0006514812  -0.0008052378
       -0.0000514229  -0.0005020262   0.0003467434   0.0000000365   0.0008631352
       -0.0008052141   0.0000513575  -0.0005019994   0.0019623432   0.0021029404
        0.0006513364   0.0061081213   0.0020674015  -0.0043714418   0.0061071701
       -0.0020673636  -0.0043701070  -0.1052717067   0.0000039274   0.2321671262
        0.0001186188  -0.0000192712  -0.0001884909  -0.0000326747   0.0000614634
        0.0004526695  -0.0003684278   0.0002995886   0.0013671551  -0.0000147579
       -0.0000705230   0.0002218665  -0.0001849152  -0.0000000050  -0.0001798478
       -0.0003683783  -0.0002995273   0.0013671439  -0.0000147656   0.0000705357
        0.0002218563   0.0001186045   0.0000192882  -0.0001884781  -0.0000326954
       -0.0000614610   0.0004526561
        0.0012053846   0.0018538989  -0.0001576682   0.0086916214   0.0121208283
        0.0018299853  -0.1182415976  -0.1075586260  -0.0232121000  -0.0161206453
       -0.0193678258  -0.0024963241  -0.0051938185   0.0001597354   0.0040220519
        0.0000791264   0.0002712773  -0.0000885114  -0.0012561679   0.0027181495
       -0.0005367340  -0.0003820282   0.0002919524  -0.0002189717   0.0001508629
        0.0000433731   0.0002323341  -0.0002513843  -0.0002454182   0.0001186188
        0.1381787254   0.1199811653   0.0249495404  -0.0068610553  -0.0097719333
       -0.0044105798   0.0007275136  -0.0000525784  -0.0003442044  -0.0001220451
       -0.0001513254  -0.0002893479  -0.0009547257  -0.0014634340   0.0002352137
       -0.0000357142   0.0000120726   0.0000176891   0.0000626057   0.0001199818
        0.0000149402   0.0003848786   0.0010301207   0.0001921607  -0.0000615366
        0.0000085857   0.0001419072
       -0.0013731906   0.0005297993  -0.0005488996  -0.0120560547  -0.0322320351
       -0.0050919987  -0.1044767702  -0.1847533081  -0.0286024932  -0.0041272980
       -0.0027871531  -0.0001239438  -0.0007352656   0.0011160030   0.0008000212
        0.0005121540   0.0005620798  -0.0003423174   0.0042871923  -0.0060089365
        0.0010800000   0.0010780090   0.0001755491   0.0004082241  -0.0005498665
        0.0005613034  -0.0004251375  -0.0000630380  -0.0001267750  -0.0000192712
        0.1199811653   0.2254759931   0.0346630461  -0.0023846596  -0.0016086146
       -0.0020370335   0.0002818576   0.0001199370   0.0001720906   0.0001452022
        0.0003658096  -0.0001222610  -0.0000278047  -0.0002115664  -0.0000206558
       -0.0000242219   0.0000072572   0.0000039693   0.0001733291   0.0001921141
       -0.0000578672  -0.0010300418  -0.0018669342  -0.0000809664   0.0003893022
        0.0004894777   0.0003454939
        0.0003957431   0.0013804569   0.0003288102   0.0010348544   0.0020511644
        0.0002695033  -0.0236828388  -0.0310963349  -0.0506707539   0.0119572407
        0.0140600200   0.0022077274   0.0038794901   0.0002189864  -0.0017792240
       -0.0000493152  -0.0001235521  -0.0001798898  -0.0002822260   0.0005204121
        0.0007486983  -0.0005270334   0.0002998945   0.0001136658   0.0000509832
       -0.0000630290  -0.0000615878   0.0000640090   0.0001443467  -0.0001884909
        0.0249495404   0.0346630461   0.0559523982  -0.0186149491  -0.0237977579
       -0.0078226189   0.0001878278   0.0004872332   0.0002877793  -0.0003257094
        0.0001643258   0.0002188250   0.0006556784   0.0009298980   0.0000875193
        0.0000298061  -0.0000148502   0.0000211518  -0.0000455826  -0.0000478113
        0.0000076143   0.0001922012   0.0000810608   0.0002512799   0.0001302801
        0.0001424905   0.0002075924
       -0.0013069946   0.0044008693  -0.0020084967  -0.0134343011   0.0068490426
       -0.0184481553  -0.0647656621  -0.0038441752  -0.0706249840   0.0045323622
        0.0003141615   0.0228920083   0.0009265142   0.0006794433  -0.0007467605
        0.0000139316  -0.0000813205   0.0000781372   0.0004757189  -0.0004819690
       -0.0001416721   0.0004612225   0.0002374702   0.0003817857  -0.0006519810
        0.0002173920  -0.0009021121  -0.0001938916  -0.0000433925  -0.0000326747
       -0.0068610553  -0.0023846596  -0.0186149491   0.0833619281  -0.0052575524
        0.0833982652  -0.0033817953  -0.0003045780   0.0040978185   0.0007178170
       -0.0001178799   0.0004014651   0.0001403069   0.0001244199   0.0000463847
       -0.0001283587   0.0000717752  -0.0000092990  -0.0000899635   0.0000116994
        0.0000508031  -0.0000615243  -0.0003893129   0.0001303002   0.0002457261
       -0.0000014334   0.0000521354
        0.0023496546  -0.0046406145   0.0013698811   0.0149270556  -0.0051959861
        0.0248605287  -0.0050148258  -0.0430903979  -0.0030838820   0.0002847905
        0.0012585737   0.0009399187   0.0001329869   0.0003407972   0.0001444579
       -0.0000530616  -0.0002594901   0.0000968787   0.0009755412   0.0001640544
        0.0021183949  -0.0002351075   0.0000616412  -0.0004555035   0.0010640789
       -0.0000096784   0.0012266089   0.0000129310  -0.0000027935   0.0000614634
       -0.0097719333  -0.0016086146  -0.0237977579  -0.0052575524   0.0528086265
       -0.0015330116   0.0002025904   0.0007134101  -0.0002512469   0.0001876060
       -0.0000206915  -0.0006312311   0.0000662612  -0.0000954728  -0.0001037121
        0.0000993943  -0.0000561078  -0.0003219978   0.0000367188  -0.0000212439
       -0.0000273004  -0.0000085967   0.0004894443  -0.0001424978   0.0000014678
       -0.0008354564  -0.0004699912
       -0.0004900832   0.0020008592  -0.0005601584  -0.0100543834   0.0062597298
       -0.0057745326  -0.0697627536  -0.0022733186  -0.2403162283  -0.0021432477
       -0.0015320647  -0.0279576791  -0.0006819181  -0.0001561310   0.0019418349
       -0.0002619160   0.0003849845  -0.0007220944   0.0003372040  -0.0005505403
        0.0004626985   0.0003538785   0.0001539602   0.0002363735  -0.0002010088
       -0.0000238085  -0.0003902073   0.0000353114  -0.0001097251   0.0004526695
       -0.0044105798  -0.0020370335  -0.0078226189   0.0833982652  -0.0015330116
        0.2820681165   0.0045035346  -0.0000095561  -0.0031560016  -0.0005056642
       -0.0001848973   0.0004770307  -0.0003953914  -0.0002662520   0.0002352257
        0.0001114602  -0.0002106330   0.0002222471  -0.0000267473  -0.0000371030
        0.0000577898   0.0001419185  -0.0003455011   0.0002076127   0.0000521211
        0.0004700420   0.0003379215
       -0.0005705829   0.0002607096   0.0002448412   0.0008773187  -0.0001379946
       -0.0010540973   0.0056906911  -0.0005839958   0.0225972703  -0.0590466349
        0.0048041500  -0.0546665803  -0.0131673725  -0.0163796739  -0.0216662368
        0.0000535681   0.0014460026   0.0007653146  -0.0002149746  -0.0000401948
       -0.0000425934  -0.0000796184  -0.0000932198   0.0001378113   0.0001069657
       -0.0000198415  -0.0000830382  -0.0009716667   0.0008020765  -0.0003684278
        0.0007275136   0.0002818576   0.0001878278  -0.0033817953   0.0002025904
        0.0045035346   0.0760822110   0.0061436999   0.0694536667  -0.0070811899
        0.0035111373  -0.0203649460   0.0004651929  -0.0000037798  -0.0006387490
        0.0007075853  -0.0005293054   0.0006976297  -0.0000331437   0.0004109525
        0.0001555089  -0.0000357143   0.0000242219   0.0000298049  -0.0001283532
       -0.0000993926   0.0001114588
        0.0004633329   0.0000479604  -0.0004585497  -0.0002574511   0.0002716541
       -0.0001355486   0.0001642189   0.0010598623  -0.0005203275   0.0029074278
       -0.0432645337  -0.0031855395  -0.0183899904  -0.0157804751  -0.0288580559
       -0.0023582563   0.0028512874  -0.0030768721  -0.0001460385  -0.0003804819
        0.0000940986  -0.0000666594   0.0000180711   0.0000885981  -0.0001429445
       -0.0000068146   0.0000631428   0.0008116167  -0.0002218147   0.0002995886
       -0.0000525784   0.0001199370   0.0004872332  -0.0003045780   0.0007134101
       -0.0000095561   0.0061436999   0.0546032595   0.0093904011   0.0096932765
       -0.0014548946   0.0242186699   0.0009574699   0.0003903893  -0.0003616232
        0.0005293430   0.0005057062   0.0014416537   0.0001319624   0.0005763102
        0.0002971872  -0.0000120731   0.0000072582   0.0000148516  -0.0000717783
       -0.0000560912   0.0002106477
       -0.0005161389   0.0002330780  -0.0009256816  -0.0009644662   0.0000993836
        0.0014906164  -0.0021684328   0.0007928463  -0.0254293927  -0.0505007583
        0.0033557341  -0.2134530453  -0.0148006064  -0.0169863909  -0.0099919930
        0.0002393745   0.0013970242   0.0009808988  -0.0001606116  -0.0003975659
       -0.0003812842   0.0001835309   0.0000958061   0.0000416552  -0.0000981507
        0.0001676001   0.0001691299  -0.0002556639  -0.0001593113   0.0013671551
       -0.0003442044   0.0001720906   0.0002877793   0.0040978185  -0.0002512469
       -0.0031560016   0.0694536667   0.0093904011   0.2573841702  -0.0054027214
        0.0029006941  -0.0108085126   0.0003095969  -0.0000356073   0.0013746976
        0.0006976563  -0.0014416252   0.0006249156   0.0002217263   0.0003490482
        0.0001815154   0.0000176903  -0.0000039679   0.0000211518  -0.0000093058
        0.0003220089   0.0002222257
       -0.0000071853   0.0001520446   0.0006652342  -0.0062738074   0.0022297117
        0.0039280030  -0.0153813951   0.0182473081  -0.0028531070  -0.1186624158
        0.1071974453  -0.0287067220   0.0087784788  -0.0132106706   0.0025265997
       -0.0006080091  -0.0030813775  -0.0009198655  -0.0001441538  -0.0005370171
       -0.0001196353   0.0000758308   0.0000643777   0.0000548352   0.0000618631
       -0.0000574839  -0.0000355610   0.0004316705  -0.0002105779  -0.0000147579
       -0.0001220451   0.0001452022  -0.0003257094   0.0007178170   0.0001876060
       -0.0005056642  -0.0070811899   0.0096932765  -0.0054027214   0.1367969278
       -0.1188512270   0.0309197732   0.0011288766  -0.0006040673   0.0004287714
       -0.0000331264  -0.0001319726   0.0002217428   0.0003492106  -0.0010225213
        0.0002111083   0.0000626149  -0.0001733350  -0.0000455771  -0.0000899624
       -0.0000367218  -0.0000267468
       -0.0000172426   0.0000530574  -0.0000944968   0.0007437691   0.0008123448
       -0.0005892047   0.0030615479  -0.0021403881  -0.0001858242   0.1032106642
       -0.1802868444   0.0370736042   0.0124134437  -0.0320260248   0.0035002134
       -0.0043792532  -0.0058382043  -0.0010187100  -0.0005106155   0.0003174818
        0.0002194293   0.0000547294   0.0000523644  -0.0000110185  -0.0000931626
        0.0000316987  -0.0000068983  -0.0000691408  -0.0000326642  -0.0000705230
       -0.0001513254   0.0003658096   0.0001643258  -0.0001178799  -0.0000206915
       -0.0001848973   0.0035111373  -0.0014548946   0.0029006941  -0.1188512270
        0.2211920192  -0.0418262617   0.0007146075   0.0000000433   0.0002833912
       -0.0004109653   0.0005762657  -0.0003490577   0.0010225977  -0.0017722394
        0.0001103270  -0.0001199849   0.0001921092   0.0000478023  -0.0000116995
       -0.0000212428   0.0000371050
       -0.0000844171   0.0000445113  -0.0003038972   0.0043225192  -0.0017867762
       -0.0020827145   0.0110695527  -0.0131091887   0.0024118529  -0.0288203730
        0.0373528835  -0.0537068462   0.0026691510  -0.0039790893   0.0015865985
       -0.0004361262  -0.0004876507   0.0007885393   0.0000696198   0.0003141959
       -0.0000226333  -0.0000296275   0.0000045607   0.0000122274   0.0000089867
       -0.0000308431   0.0001868805   0.0000784169  -0.0001477521   0.0002218665
       -0.0002893479  -0.0001222610   0.0002188250   0.0004014651  -0.0006312311
        0.0004770307  -0.0203649460   0.0242186699  -0.0108085126   0.0309197732
       -0.0418262617   0.0604658595   0.0000530019   0.0005085062   0.0001340556
        0.0001555357  -0.0002971993   0.0001815426   0.0002110689  -0.0001102389
        0.0001739285   0.0000149440   0.0000578593   0.0000076103   0.0000508027
        0.0000273054   0.0000577864
        0.0000820037   0.0000000074   0.0002538463   0.0007879649  -0.0000000005
       -0.0003978852  -0.0009564769  -0.0046998397  -0.0013982943  -0.0194682656
       -0.0047768860   0.0130014308  -0.2542093218  -0.0000001856   0.1473811399
       -0.0194691936   0.0047769061   0.0130017534  -0.0009567513   0.0046999133
       -0.0013985186   0.0000829085  -0.0000182773   0.0000024375   0.0000829080
        0.0000182790   0.0000024378  -0.0000897757  -0.0000000063  -0.0001849152
       -0.0009547257  -0.0000278047   0.0006556784   0.0001403069   0.0000662612
       -0.0003953914   0.0004651929   0.0009574699   0.0003095969   0.0011288766
        0.0007146075   0.0000530019   0.2925547037   0.0000000412  -0.1715093103
        0.0004652222  -0.0009574538   0.0003096353   0.0011288827  -0.0007145700
        0.0000530479  -0.0009547732   0.0000278082   0.0006557074   0.0001403137
       -0.0000662698  -0.0003953986
       -0.0000000064   0.0000684163   0.0000000091   0.0000000059   0.0002881885
       -0.0000000251  -0.0038680323  -0.0050604313  -0.0008691648  -0.0246490281
       -0.0029672772   0.0164244883   0.0000006814  -0.0464790983   0.0000003653
        0.0246481531  -0.0029669392  -0.0164239321   0.0038681544  -0.0050601431
        0.0008693772   0.0000520938   0.0000119056   0.0000203686  -0.0000520893
        0.0000119016  -0.0000203713   0.0000000007  -0.0000411328  -0.0000000050
       -0.0014634340  -0.0002115664   0.0009298980   0.0001244199  -0.0000954728
       -0.0002662520  -0.0000037798   0.0003903893  -0.0000356073  -0.0006040673
        0.0000000433   0.0005085062   0.0000000412   0.0620278564  -0.0000012043
        0.0000037555   0.0003903744   0.0000356602   0.0006041216   0.0000000070
       -0.0005084992   0.0014634207  -0.0002115575  -0.0009298658  -0.0001244112
       -0.0000954639   0.0002662539
       -0.0003427808  -0.0000000002   0.0002635835  -0.0001244097  -0.0000000199
       -0.0005666191  -0.0002737823   0.0004405286   0.0011101960  -0.0081926090
       -0.0022315861   0.0004662682   0.1885874373   0.0000010224  -0.1400791492
       -0.0081937168   0.0022314661   0.0004668663  -0.0002739280  -0.0004402819
        0.0011101780   0.0000356251   0.0000517263  -0.0000220253   0.0000356260
       -0.0000517255  -0.0000220214   0.0001086917  -0.0000000036  -0.0001798478
        0.0002352137  -0.0000206558   0.0000875193   0.0000463847  -0.0001037121
        0.0002352257  -0.0006387490  -0.0003616232   0.0013746976   0.0004287714
        0.0002833912   0.0001340556  -0.1715093103  -0.0000012043   0.1337895372
       -0.0006387594   0.0003616463   0.0013746769   0.0004287548  -0.0002833712
        0.0001340899   0.0002351529   0.0000206757   0.0000875576   0.0000463877
        0.0001037272   0.0002352108
       -0.0005705411  -0.0002607157   0.0002448191   0.0008773148   0.0001379767
       -0.0010540970  -0.0002149825   0.0000401997  -0.0000425906   0.0000535420
       -0.0014460611   0.0007652763  -0.0131684915   0.0163788399  -0.0216678454
       -0.0590464989  -0.0048069681  -0.0546666279   0.0056906851   0.0005850857
        0.0225972238   0.0001069566   0.0000198412  -0.0000830302  -0.0000796278
        0.0000932265   0.0001378122  -0.0009715934  -0.0008021127  -0.0003683783
       -0.0000357142  -0.0000242219   0.0000298061  -0.0001283587   0.0000993943
        0.0001114602   0.0007075853   0.0005293430   0.0006976563  -0.0000331264
       -0.0004109653   0.0001555357   0.0004652222   0.0000037555  -0.0006387594
        0.0760826895  -0.0061400783   0.0694543652  -0.0070807837  -0.0035121782
       -0.0203640221   0.0007275172  -0.0002818303   0.0001878522  -0.0033817945
       -0.0002025309   0.0045035436
       -0.0004633740   0.0000479563   0.0004585079   0.0002574327   0.0002716696
        0.0001355739   0.0001460369  -0.0003804642  -0.0000940988   0.0023581749
        0.0028513865   0.0030768152   0.0183894573  -0.0157774207   0.0288575935
       -0.0029100649  -0.0432647943   0.0031765801  -0.0001641722   0.0010598666
        0.0005199282   0.0001429461  -0.0000068210  -0.0000631397   0.0000666633
        0.0000180680  -0.0000885911  -0.0008116427  -0.0002218863  -0.0002995273
        0.0000120726   0.0000072572  -0.0000148502   0.0000717752  -0.0000561078
       -0.0002106330  -0.0005293054   0.0005057062  -0.0014416252  -0.0001319726
        0.0005762657  -0.0002971993  -0.0009574538   0.0003903744   0.0003616463
       -0.0061400783   0.0546020802  -0.0093796013  -0.0096936976  -0.0014564617
       -0.0242197026   0.0000525810   0.0001199007  -0.0004872167   0.0003046214
        0.0007134244   0.0000095403
       -0.0005161054  -0.0002331435  -0.0009256768  -0.0009644784  -0.0000993648
        0.0014906154  -0.0001606293   0.0003975609  -0.0003812979   0.0002393231
       -0.0013970926   0.0009808303  -0.0148019134   0.0169861467  -0.0099939102
       -0.0505006608  -0.0033645504  -0.2134529756  -0.0021684279  -0.0007940298
       -0.0254293982  -0.0000981549  -0.0001675953   0.0001691417   0.0001835422
       -0.0000958031   0.0000416582  -0.0002556401   0.0001593798   0.0013671439
        0.0000176891   0.0000039693   0.0000211518  -0.0000092990  -0.0003219978
        0.0002222471   0.0006976297   0.0014416537   0.0006249156   0.0002217428
       -0.0003490577   0.0001815426   0.0003096353   0.0000356602   0.0013746769
        0.0694543652  -0.0093796013   0.2573848867  -0.0054022156  -0.0029012567
       -0.0108073381  -0.0003441994  -0.0001720945   0.0002878049   0.0040977967
        0.0002512168  -0.0031560184
       -0.0000071806  -0.0001520132   0.0006652260  -0.0062737059  -0.0022297772
        0.0039280927  -0.0001441886   0.0005369984  -0.0001196501  -0.0006082464
        0.0030815054  -0.0009200290   0.0087784560   0.0132120761   0.0025261482
       -0.1186557635  -0.1071967266  -0.0287009703  -0.0153807102  -0.0182478393
       -0.0028523375   0.0000618554   0.0000574809  -0.0000355662   0.0000758345
       -0.0000643755   0.0000548379   0.0004316547   0.0002105915  -0.0000147656
        0.0000626057   0.0001733291  -0.0000455826  -0.0000899635   0.0000367188
       -0.0000267473  -0.0000331437   0.0001319624   0.0002217263   0.0003492106
        0.0010225977   0.0002110689   0.0011288827   0.0006041216   0.0004287548
       -0.0070807837  -0.0096936976  -0.0054022156   0.1367894141   0.1188498816
        0.0309133697  -0.0001220450  -0.0001452324  -0.0003256989   0.0007178175
       -0.0001876015  -0.0005056613
        0.0000172372   0.0000530548   0.0000945009  -0.0007438111   0.0008123503
        0.0005892115   0.0005106036   0.0003174932  -0.0002194473   0.0043794003
       -0.0058379035   0.0010189634  -0.0124120398  -0.0320259741  -0.0034987072
       -0.1032099451  -0.1802966836  -0.0370690991  -0.0030615009  -0.0021405043
        0.0001859273   0.0000931625   0.0000317035   0.0000069033  -0.0000547294
        0.0000523609   0.0000110175   0.0000691589  -0.0000326431   0.0000705357
        0.0001199818   0.0001921141  -0.0000478113   0.0000116994  -0.0000212439
       -0.0000371030   0.0004109525   0.0005763102   0.0003490482  -0.0010225213
       -0.0017722394  -0.0001102389  -0.0007145700   0.0000000070  -0.0002833712
       -0.0035121782  -0.0014564617  -0.0029012567   0.1188498816   0.2212031112
        0.0418203665   0.0001512988   0.0003658103  -0.0001643425   0.0001179194
       -0.0000206618   0.0001849028
       -0.0000844122  -0.0000445334  -0.0003038986   0.0043224951   0.0017867934
       -0.0020828155   0.0000696081  -0.0003142083  -0.0000226119  -0.0004363269
        0.0004879123   0.0007884757   0.0026695451   0.0039805886   0.0015865734
       -0.0288147776  -0.0373483741  -0.0537036757   0.0110692692   0.0131097443
        0.0024112973   0.0000089833   0.0000308517   0.0001868823  -0.0000296218
       -0.0000045649   0.0000122216   0.0000784033   0.0001477711   0.0002218563
        0.0000149402  -0.0000578672   0.0000076143   0.0000508031  -0.0000273004
        0.0000577898   0.0001555089   0.0002971872   0.0001815154   0.0002111083
        0.0001103270   0.0001739285   0.0000530479  -0.0005084992   0.0001340899
       -0.0203640221  -0.0242197026  -0.0108073381   0.0309133697   0.0418203665
        0.0604622709  -0.0002893585   0.0001222473   0.0002188290   0.0004014368
        0.0006312610   0.0004769955
        0.0012053936  -0.0018539029  -0.0001575975   0.0086916125  -0.0121194652
        0.0018303034  -0.0012559451  -0.0027180238  -0.0005365914   0.0000791505
       -0.0002712971  -0.0000885117  -0.0051938368  -0.0001597606   0.0040220880
       -0.0161213647   0.0193672914  -0.0024971119  -0.1182482227   0.1075597673
       -0.0232172974   0.0001508528  -0.0000433802   0.0002323246  -0.0003819892
       -0.0002919836  -0.0002189677  -0.0002513957   0.0002454253   0.0001186045
        0.0003848786  -0.0010300418   0.0001922012  -0.0000615243  -0.0000085967
        0.0001419185  -0.0000357143  -0.0000120731   0.0000176903   0.0000626149
       -0.0001199849   0.0000149440  -0.0009547732   0.0014634207   0.0002351529
        0.0007275172   0.0000525810  -0.0003441994  -0.0001220450   0.0001512988
       -0.0002893585   0.1381862416  -0.1199828824   0.0249554498  -0.0068614507
        0.0097716078  -0.0044110418
        0.0013732361   0.0005297453   0.0005488937   0.0120573629  -0.0322319197
        0.0050933779  -0.0042870532  -0.0060092216  -0.0010797421  -0.0005121713
        0.0005620750   0.0003422835   0.0007352278   0.0011159792  -0.0008000168
        0.0041273695  -0.0027869902   0.0001240697   0.1044778942  -0.1847442611
        0.0286071284   0.0005498589   0.0005613342   0.0004251182  -0.0010780546
        0.0001754892  -0.0004082606   0.0000630330  -0.0001267632   0.0000192882
        0.0010301207  -0.0018669342   0.0000810608  -0.0003893129   0.0004894443
       -0.0003455011   0.0000242219   0.0000072582  -0.0000039679  -0.0001733350
        0.0001921092   0.0000578593   0.0000278082  -0.0002115575   0.0000206757
       -0.0002818303   0.0001199007  -0.0001720945  -0.0001452324   0.0003658103
        0.0001222473  -0.1199828824   0.2254656853  -0.0346690605   0.0023837388
       -0.0016071835   0.0020366410
        0.0003957380  -0.0013804722   0.0003288519   0.0010344126  -0.0020497727
        0.0002693591  -0.0002820325  -0.0005201386   0.0007487649  -0.0000492976
        0.0001235203  -0.0001799105   0.0038794680  -0.0002189852  -0.0017791849
        0.0119575167  -0.0140594536   0.0022082943  -0.0236879855   0.0311009389
       -0.0506731329   0.0000509590   0.0000630046  -0.0000616069  -0.0005269995
       -0.0002999219   0.0001136791   0.0000640065  -0.0001443372  -0.0001884781
        0.0001921607  -0.0000809664   0.0002512799   0.0001303002  -0.0001424978
        0.0002076127   0.0000298049   0.0000148516   0.0000211518  -0.0000455771
        0.0000478023   0.0000076103   0.0006557074  -0.0009298658   0.0000875576
        0.0001878522  -0.0004872167   0.0002878049  -0.0003256989  -0.0001643425
        0.0002188290   0.0249554498  -0.0346690605   0.0559551700  -0.0186157849
        0.0237969133  -0.0078236521
       -0.0013067929  -0.0044008344  -0.0020082810  -0.0134336413  -0.0068500504
       -0.0184470927   0.0004757368   0.0004819738  -0.0001416257   0.0000139273
        0.0000813320   0.0000781364   0.0009265422  -0.0006794581  -0.0007467268
        0.0045323985  -0.0003131185   0.0228920306  -0.0647660549   0.0038406151
       -0.0706253722  -0.0006519274  -0.0002174481  -0.0009020551   0.0004612222
       -0.0002374480   0.0003817878  -0.0001939035   0.0000433785  -0.0000326954
       -0.0000615366   0.0003893022   0.0001302801   0.0002457261   0.0000014678
        0.0000521211  -0.0001283532  -0.0000717783  -0.0000093058  -0.0000899624
       -0.0000116995   0.0000508027   0.0001403137  -0.0001244112   0.0000463877
       -0.0033817945   0.0003046214   0.0040977967   0.0007178175   0.0001179194
        0.0004014368  -0.0068614507   0.0023837388  -0.0186157849   0.0833617329
        0.0052618975   0.0833981597
       -0.0023495743  -0.0046409550  -0.0013697690  -0.0149277399  -0.0051979403
       -0.0248611138  -0.0009755167   0.0001639729  -0.0021183865   0.0000530596
       -0.0002595066  -0.0000968966  -0.0001329955   0.0003407707  -0.0001444174
       -0.0002847715   0.0012585833  -0.0009404002   0.0050113056  -0.0430899153
        0.0030736495  -0.0010640958  -0.0000097677  -0.0012266450   0.0002351372
        0.0000616522   0.0004555266  -0.0000129497  -0.0000027856  -0.0000614610
        0.0000085857   0.0004894777   0.0001424905  -0.0000014334  -0.0008354564
        0.0004700420  -0.0000993926  -0.0000560912   0.0003220089  -0.0000367218
       -0.0000212428   0.0000273054  -0.0000662698  -0.0000954639   0.0001037272
       -0.0002025309   0.0007134244   0.0002512168  -0.0001876015  -0.0000206618
        0.0006312610   0.0097716078  -0.0016071835   0.0237969133   0.0052618975
        0.0528090889   0.0015449482
       -0.0004899282  -0.0020006974  -0.0005600186  -0.0100535716  -0.0062600624
       -0.0057732466   0.0003372273   0.0005505633   0.0004627624  -0.0002619063
       -0.0003850144  -0.0007220763  -0.0006819207   0.0001561785   0.0019418395
       -0.0021433075   0.0015307954  -0.0279577288  -0.0697631663   0.0022631097
       -0.2403163189  -0.0002009587   0.0000237858  -0.0003901546   0.0003538754
       -0.0001539464   0.0002363647   0.0000353003   0.0001097462   0.0004526561
        0.0001419072   0.0003454939   0.0002075924   0.0000521354  -0.0004699912
        0.0003379215   0.0001114588   0.0002106477   0.0002222257  -0.0000267468
        0.0000371050   0.0000577864  -0.0003953986   0.0002662539   0.0002352108
        0.0045035436   0.0000095403  -0.0031560184  -0.0005056613   0.0001849028
        0.0004769955  -0.0044110418   0.0020366410  -0.0078236521   0.0833981597
        0.0015449482   0.2820678593
