           1           2  0.97775404669997323     
           2           3  0.95434553284164059     
           2           4  0.96817502694034197     
           4           5  0.95571405224103012     
           4           6  0.96976353479340893     
           6           7  0.95678377425016548     
           6           8  0.94664528356753419     
           8           9  0.94752954453758409     
           1          10  0.97372270883444034     
           8          10   1.0012739213858797     
           8          11  0.99524381688121100     
           6          12  0.99730984647861254     
           4          13  0.98604333871386662     
           2          14   1.0027983442988118     
           1          15  0.96751281155682589     
           1          16  0.96610496226004172     
          11          17  0.87237240831023799     
          12          18  0.88070382085998611     
          13          19  0.89560123893901811     
          14          20  0.88290635997918376     
