$hessian                                                                        
        0.4386799257   0.0389217132  -0.0203640015  -0.0758900611   0.0404820632
        0.0145939211  -0.0031936774   0.0077667504   0.0032397869   0.0080457892
       -0.0057301019  -0.0029049803   0.0000752655  -0.0003890170  -0.0001191956
        0.0034780755   0.0009420665   0.0000899120  -0.0002104621  -0.0002102677
       -0.0001573756  -0.0371404564  -0.0177458012   0.0015183833  -0.0028562965
       -0.0032188765   0.0006968014  -0.1677291155   0.0038072295  -0.0660599508
       -0.0004731050   0.0006885222  -0.0033595814  -0.0010671462   0.0009804289
       -0.0002921401  -0.0019503390  -0.0055321795   0.0004670087  -0.0248502160
        0.0254312777  -0.0034835714  -0.0909801965  -0.0877280587   0.0531655245
       -0.0420342410   0.0016023238   0.0238028661   0.0014874558   0.0000154737
        0.0002889370   0.0002833061  -0.0005463611   0.0001152458   0.0007039001
       -0.0009896133   0.0003124155  -0.0043784053   0.0014524279  -0.0015500056
        0.0389217132   0.4931022520  -0.0334349322   0.0425630286  -0.1527695261
       -0.0198631610   0.0044767218  -0.0071970066  -0.0036486129   0.0079509433
       -0.0287380880  -0.0016530067   0.0005194554   0.0007640840  -0.0006622970
       -0.0009130511   0.0019682491  -0.0004125272  -0.0000220125  -0.0004123491
       -0.0004629060  -0.0253864812  -0.0014579278  -0.0145547216  -0.0039784842
       -0.0031249223   0.0012103600   0.0156659659  -0.0686091622   0.0238433316
        0.0001185753  -0.0003255118  -0.0006820938   0.0010980838   0.0006894880
       -0.0003382158  -0.0033338201  -0.0046188179   0.0009454692   0.0045067453
        0.0012173333   0.0020966666  -0.0841060896  -0.1786295928   0.0816708267
        0.0009209495  -0.0510744158  -0.0336362469   0.0005791435   0.0008871795
       -0.0000733688  -0.0001433156   0.0001707121   0.0001482596   0.0004829941
       -0.0015054460   0.0001463619   0.0000789347  -0.0003365315  -0.0006391857
       -0.0203640015  -0.0334349322   0.4958652862   0.0163880433  -0.0220939918
       -0.0705361467   0.0146707015  -0.0256874140  -0.0082690476  -0.0029567866
        0.0077269341   0.0023457574  -0.0000969274   0.0011513795  -0.0000478491
       -0.0003072176  -0.0006328290   0.0002399946  -0.0000412167  -0.0003939289
       -0.0004144427   0.0032332101  -0.0100272045   0.0071393275  -0.0000764825
        0.0010311921   0.0010931929  -0.0684999366   0.0168794221  -0.0971385827
        0.0014997563   0.0002582256  -0.0010811693  -0.0000093002   0.0006245261
       -0.0005883568   0.0003485512   0.0022058969  -0.0001129080  -0.0124575035
        0.0143623433   0.0012542519   0.0497375999   0.0791373203  -0.0903173226
        0.0200524537  -0.0333243347  -0.2396067356   0.0021234273   0.0013974346
        0.0001889899   0.0000373948  -0.0001238365   0.0002549482  -0.0001062156
        0.0003046000   0.0002706340  -0.0031755499   0.0006391969  -0.0005398216
       -0.0758900611   0.0425630286   0.0163880433   0.4580115263  -0.0151339524
       -0.0015376790  -0.0488776406   0.0057550351   0.0486821049  -0.0830253265
       -0.0506440510   0.0263402335  -0.0031517143  -0.0042956554   0.0032136588
       -0.0201169840  -0.0169234073   0.0039399394   0.0005095760  -0.0002662130
        0.0005071470   0.0015602357   0.0021752327   0.0015710980   0.0003980735
       -0.0001353536  -0.0001376296  -0.0323758797   0.0239116852  -0.0058091976
        0.0003529916  -0.0006866345  -0.0009060175  -0.0039552830  -0.0004884622
       -0.0019600274   0.0055697809   0.0123570736  -0.0030463446  -0.1807699270
        0.0009784592  -0.0806941635   0.0066493611  -0.0104513352  -0.0015979439
       -0.0020810566   0.0061241230   0.0039084639  -0.0001006990   0.0004042496
        0.0008266982  -0.0006596889  -0.0003659310   0.0001895271  -0.0012660137
        0.0016604808   0.0002464632  -0.0207812708   0.0034616278  -0.0101243743
        0.0404820632  -0.1527695261  -0.0220939918  -0.0151339524   0.4653607666
        0.0186171503   0.0057686154  -0.0463306148  -0.0223157106  -0.0382504587
       -0.1157008354   0.0304913371  -0.0028462857  -0.0015536720   0.0026226817
       -0.0071663547  -0.0018032555  -0.0018626735   0.0004242847   0.0001115651
        0.0002541707  -0.0001863982   0.0040137476   0.0008061859  -0.0001895370
       -0.0004254157  -0.0000443346   0.0058610597   0.0003915875   0.0027457551
        0.0000182085  -0.0013003241  -0.0001982673   0.0027456399   0.0020472628
       -0.0001927332  -0.0124159599  -0.0402402891   0.0047798906  -0.0244972831
       -0.0751740001  -0.0245835007   0.0100821899  -0.0262825498  -0.0032020100
        0.0050399327  -0.0087174401  -0.0056919716   0.0002910646   0.0006158651
       -0.0001416981  -0.0003812442   0.0001839477   0.0002036039   0.0017851419
       -0.0060481588   0.0011561463   0.0285692734   0.0036213391   0.0186499698
        0.0145939211  -0.0198631610  -0.0705361467  -0.0015376790   0.0186171503
        0.5106621303   0.0463803771  -0.0228767262  -0.2331068915   0.0261159722
        0.0297796346  -0.0814858015   0.0195997413   0.0225381916  -0.0161889307
       -0.0052635828  -0.0071837050   0.0033719259  -0.0014451191  -0.0007953400
       -0.0002039876   0.0000690316   0.0000010616   0.0015515678  -0.0000338017
       -0.0000689871  -0.0000321085  -0.0137984372   0.0121660409   0.0006914808
        0.0001009689  -0.0000966724  -0.0005729127  -0.0037744786  -0.0016988668
       -0.0001412186  -0.0053691598  -0.0050450823   0.0032455957  -0.0855832957
       -0.0098332758  -0.1075450917  -0.0045971808   0.0111891039   0.0023922217
        0.0151634747  -0.0280290266  -0.0116692350   0.0003291716  -0.0002538387
       -0.0002578165  -0.0000905656   0.0000197742  -0.0000233465   0.0004324153
       -0.0019279623   0.0006794613  -0.0012917735   0.0033616873  -0.0008308960
       -0.0031936774   0.0044767218   0.0146707015  -0.0488776406   0.0057686154
        0.0463803771   0.0657681947  -0.0038076646  -0.0423322450  -0.0050607063
       -0.0009494853   0.0181382400  -0.0019528010  -0.0027235011   0.0015575541
        0.0003016442  -0.0001290482   0.0014115290  -0.0005907476  -0.0005005153
       -0.0003412513  -0.0005236505   0.0000121020   0.0007691649  -0.0000131581
        0.0000125583  -0.0000164701   0.0013141916  -0.0007988815  -0.0005017580
        0.0001687905  -0.0000321786  -0.0005036545   0.0001958199   0.0003138612
       -0.0004686344   0.0005510390   0.0009082122  -0.0011142665  -0.0077195134
       -0.0046851544  -0.0370797801   0.0005415503  -0.0007768906  -0.0001798883
       -0.0014036594   0.0027200407   0.0006543105  -0.0000310424  -0.0000347195
       -0.0000606464   0.0001386610   0.0000308269  -0.0000760721  -0.0000158557
        0.0001685669   0.0001927311   0.0004025611   0.0000265336  -0.0010999414
        0.0077667504  -0.0071970066  -0.0256874140   0.0057550351  -0.0463306148
       -0.0228767262  -0.0038076646   0.0550662557   0.0280731013  -0.0083053035
       -0.0005707857   0.0229986133  -0.0028103588  -0.0034255762   0.0018882249
        0.0005087783   0.0001635969   0.0007733944  -0.0003256200   0.0000264095
       -0.0001141720   0.0000470997  -0.0005490654  -0.0002688801  -0.0000041937
       -0.0000490626   0.0000034327  -0.0006763188   0.0011117451   0.0009620217
       -0.0000150574   0.0002568970   0.0000290908  -0.0000542768  -0.0000131562
       -0.0002155064   0.0002375330   0.0020200241  -0.0008018936  -0.0016645732
        0.0029889785  -0.0031330843   0.0000087479   0.0007438445  -0.0009717942
        0.0031323385  -0.0044868924  -0.0020061101  -0.0000648063  -0.0002472982
        0.0000819667   0.0001115539  -0.0000464759  -0.0000722663   0.0000045357
        0.0002037710   0.0002464633   0.0001558004   0.0003344116   0.0010915381
        0.0032397869  -0.0036486129  -0.0082690476   0.0486821049  -0.0223157106
       -0.2331068915  -0.0423322450   0.0280731013   0.2834417853   0.0080301425
        0.0018456499  -0.0171643019   0.0015421460   0.0020955766  -0.0007759175
       -0.0004886607  -0.0002973593  -0.0000367917   0.0001838974   0.0001260832
        0.0004909829   0.0006266045  -0.0002590748  -0.0008314413  -0.0000660955
       -0.0000101154   0.0000321453   0.0001680054   0.0005497365   0.0011200365
       -0.0000851611  -0.0000006158   0.0004110159  -0.0001292695  -0.0001695205
        0.0003259584  -0.0007845920  -0.0008061616   0.0019471309  -0.0176157617
       -0.0038083769  -0.0279504543  -0.0003528498   0.0002946486   0.0004534235
        0.0001784196  -0.0011728578   0.0002122661  -0.0000218275   0.0000896977
        0.0000014020  -0.0001416895  -0.0000094631   0.0000089570  -0.0003158142
       -0.0003393887  -0.0003764766  -0.0003171407  -0.0002372364   0.0000662185
        0.0080457892   0.0079509433  -0.0029567866  -0.0830253265  -0.0382504587
        0.0261159722  -0.0050607063  -0.0083053035   0.0080301425   0.4508222904
        0.0101190112  -0.0087233691  -0.0439585411  -0.0039244215   0.0182144364
       -0.1255113997  -0.0029888244  -0.0461107057  -0.0011189857   0.0005805183
       -0.0031011596  -0.0141905963   0.0126199623  -0.0050536351  -0.0004749373
        0.0008940234   0.0004063603  -0.0014590712  -0.0032835065   0.0003201616
        0.0009192952  -0.0008921355  -0.0013758358  -0.0368862609  -0.0159789260
       -0.0040815290  -0.1181395570   0.0813691788   0.0289958882  -0.0423891531
       -0.0271117444  -0.0040088973  -0.0013959804   0.0031325146   0.0000636077
        0.0001043028   0.0006917132  -0.0004211187  -0.0003836392   0.0006128513
        0.0000880955  -0.0011412329  -0.0008055962   0.0000156540   0.0157115430
       -0.0148819001  -0.0057126160  -0.0004678330  -0.0015478997  -0.0007046653
       -0.0057301019  -0.0287380880   0.0077269341  -0.0506440510  -0.1157008354
        0.0297796346  -0.0009494853  -0.0005707857   0.0018456499   0.0101190112
        0.4605018124   0.0015008286  -0.0040424432  -0.0386108544  -0.0007282900
        0.0108190734  -0.0481778787   0.0008204589  -0.0043692158   0.0012646609
       -0.0043903237   0.0215172582  -0.0067075715   0.0099986238   0.0023460110
       -0.0038686224  -0.0003250144  -0.0029081442   0.0032166431  -0.0008509967
       -0.0006503942   0.0009177161   0.0004101533  -0.0326228300  -0.0141210223
       -0.0033458717   0.0515296043  -0.1733157546  -0.0332416042  -0.0096007582
       -0.0039673976  -0.0006762370   0.0018392688  -0.0035616993  -0.0006813670
       -0.0007541764   0.0005773151   0.0006188000   0.0003867801  -0.0003846937
       -0.0002289091  -0.0001867060   0.0002368895  -0.0010639135   0.0117122414
       -0.0312898956  -0.0064629780   0.0021890577   0.0023000621  -0.0007055778
       -0.0029049803  -0.0016530067   0.0023457574   0.0263402335   0.0304913371
       -0.0814858015   0.0181382400   0.0229986133  -0.0171643019  -0.0087233691
        0.0015008286   0.4945764984   0.0193093940  -0.0032998469  -0.2349050926
       -0.0439458110  -0.0018105107  -0.0961415019  -0.0265370198   0.0011627328
       -0.0216526947   0.0007329677   0.0032908523   0.0057800142   0.0006581752
       -0.0010395251   0.0004559376   0.0003372885  -0.0008065873  -0.0003165616
        0.0005239298   0.0001840650  -0.0031118497   0.0101502429   0.0009629132
        0.0074705855   0.0214304333  -0.0335782181  -0.0620018189  -0.0173460018
       -0.0133849415   0.0030360452   0.0003639472  -0.0010307560   0.0004281309
        0.0000852367  -0.0016237944   0.0000494148   0.0009969881  -0.0015784869
        0.0004890580   0.0015489636   0.0004010982   0.0010770555  -0.0014216965
       -0.0009468139  -0.0008484362   0.0002628381  -0.0002399529   0.0019195616
        0.0000752655   0.0005194554  -0.0000969274  -0.0031517143  -0.0028462857
        0.0195997413  -0.0019528010  -0.0028103588   0.0015421460  -0.0439585411
       -0.0040424432   0.0193093940   0.0560730062  -0.0066708610  -0.0300868450
       -0.0002059577  -0.0006294835  -0.0270421973  -0.0045990345   0.0002025014
       -0.0031119122   0.0006588067  -0.0004671355  -0.0002529866   0.0001121805
       -0.0000611053   0.0002253558  -0.0001194807  -0.0001188442   0.0000415403
       -0.0004886387  -0.0000966019  -0.0000494687   0.0023701399   0.0006846584
        0.0006965385  -0.0060219596   0.0141633753   0.0190328297   0.0018685749
        0.0013511539  -0.0005480706   0.0000016977   0.0000735389  -0.0001311452
        0.0002045688  -0.0000396541  -0.0001477987  -0.0001500388   0.0010845186
        0.0002797800  -0.0003604677   0.0000548523  -0.0000750706   0.0001355354
       -0.0003219915   0.0003307290  -0.0004911416  -0.0000292893   0.0004843679
       -0.0003890170   0.0007640840   0.0011513795  -0.0042956554  -0.0015536720
        0.0225381916  -0.0027235011  -0.0034255762   0.0020955766  -0.0039244215
       -0.0386108544  -0.0032998469  -0.0066708610   0.0586250597   0.0141858216
       -0.0008905751   0.0013859453  -0.0007011987   0.0000225236   0.0002603842
        0.0000879942  -0.0000341722   0.0002106252   0.0003300486  -0.0001251435
        0.0000411778  -0.0000903758  -0.0000565780  -0.0000405118  -0.0002626471
        0.0005781257  -0.0002141891   0.0003402802   0.0005542800   0.0000771339
       -0.0002220316   0.0154282446  -0.0175142711  -0.0330297429   0.0017847642
        0.0012509657  -0.0007496879   0.0000527079   0.0002193208  -0.0002731287
       -0.0000138485  -0.0004681984  -0.0001981572   0.0005388429  -0.0005790393
       -0.0003500735  -0.0002545849   0.0002260686  -0.0001064348   0.0004013957
       -0.0004291467  -0.0014196119   0.0000174739  -0.0002253060  -0.0000263551
       -0.0001191956  -0.0006622970  -0.0000478491   0.0032136588   0.0026226817
       -0.0161889307   0.0015575541   0.0018882249  -0.0007759175   0.0182144364
       -0.0007282900  -0.2349050926  -0.0300868450   0.0141858216   0.2803739091
       -0.0021638639   0.0012040242  -0.0212998744  -0.0030314856   0.0000925297
       -0.0017426056   0.0005635891  -0.0003558095  -0.0017960098   0.0002175666
       -0.0000788720   0.0001677293  -0.0002749292   0.0002996803   0.0002066931
        0.0007626682  -0.0007333813   0.0014469686   0.0014239004  -0.0001281164
        0.0023631445   0.0110231549  -0.0174084976  -0.0096756857  -0.0007479024
       -0.0010221425   0.0021585243  -0.0000582371  -0.0002325423   0.0002323454
       -0.0000969450   0.0004163797   0.0004710432  -0.0004700770   0.0008801146
        0.0004710464  -0.0007204955  -0.0001211671  -0.0003353766   0.0004212473
       -0.0000965473  -0.0005023392   0.0003722007  -0.0000217937  -0.0006217228
        0.0034780755  -0.0009130511  -0.0003072176  -0.0201169840  -0.0071663547
       -0.0052635828   0.0003016442   0.0005087783  -0.0004886607  -0.1255113997
        0.0108190734  -0.0439458110  -0.0002059577  -0.0008905751  -0.0021638639
        0.4405012222   0.0056460744  -0.0346251486  -0.0438436467   0.0068350843
        0.0257238446  -0.0802900569   0.0419123187  -0.0056250583  -0.0147799952
        0.0239479325  -0.0006748900   0.0026023136  -0.0221868500   0.0009044354
       -0.0078924479   0.0078416787   0.0198953870  -0.1124677978  -0.0667028449
        0.0426227470  -0.0273711683   0.0149258050  -0.0080164187  -0.0000357761
       -0.0017872290   0.0009814246  -0.0003081508   0.0002503665  -0.0000549063
       -0.0004288508  -0.0000919270  -0.0001123799   0.0005821736   0.0000355561
       -0.0008380315  -0.0150040486  -0.0122996939   0.0109867335   0.0011741983
       -0.0009485688   0.0009201082  -0.0003833471   0.0002644264   0.0000812889
        0.0009420665   0.0019682491  -0.0006328290  -0.0169234073  -0.0018032555
       -0.0071837050  -0.0001290482   0.0001635969  -0.0002973593  -0.0029888244
       -0.0481778787  -0.0018105107  -0.0006294835   0.0013859453   0.0012040242
        0.0056460744   0.4443699770   0.0168508837   0.0062930967  -0.0471785960
       -0.0389084863   0.0459728963  -0.1174665900  -0.0173372530   0.0060450013
       -0.0062346995   0.0003177775  -0.0013337754  -0.0369395188   0.0035874323
        0.0066962468  -0.0125542455  -0.0111768060  -0.0878475832  -0.1661916423
        0.0402510185   0.0376365812  -0.0204427608   0.0093991138  -0.0041917276
       -0.0031293375   0.0003642023   0.0003568634   0.0002916893   0.0000974069
       -0.0000823733  -0.0001791561   0.0000922115  -0.0000058579   0.0005171707
       -0.0009070587   0.0018081141   0.0115710492   0.0060541865   0.0029575648
        0.0001579936   0.0000620772  -0.0002224246  -0.0001279903  -0.0000263264
        0.0000899120  -0.0004125272   0.0002399946   0.0039399394  -0.0018626735
        0.0033719259   0.0014115290   0.0007733944  -0.0000367917  -0.0461107057
        0.0008204589  -0.0961415019  -0.0270421973  -0.0007011987  -0.0212998744
       -0.0346251486   0.0168508837   0.5389451932   0.0238906479  -0.0401009994
       -0.2555112010  -0.0040885920  -0.0098795788  -0.0554629163  -0.0082210956
        0.0123472571   0.0014635708   0.0010777208   0.0105791094   0.0020798106
        0.0255351741  -0.0287357735  -0.0295144697   0.0358155064   0.0166136335
       -0.0818659798   0.0051002127   0.0000167187   0.0044988193   0.0033163177
        0.0017807590   0.0010705358   0.0000234171   0.0000457256   0.0000058349
       -0.0000243013  -0.0000931177  -0.0001173834   0.0006983483  -0.0016996180
       -0.0002989643   0.0201059483   0.0230942717  -0.0136563888  -0.0007667793
        0.0005274014   0.0021676611  -0.0001258537   0.0000358736   0.0000621253
       -0.0002104621  -0.0000220125  -0.0000412167   0.0005095760   0.0004242847
       -0.0014451191  -0.0005907476  -0.0003256200   0.0001838974  -0.0011189857
       -0.0043692158  -0.0265370198  -0.0045990345   0.0000225236  -0.0030314856
       -0.0438436467   0.0062930967   0.0238906479   0.0594207461  -0.0023188879
       -0.0353880264  -0.0013189784   0.0034693529   0.0116419425   0.0000829201
        0.0001313044   0.0008703292   0.0002490503  -0.0002479210  -0.0003167123
       -0.0016969302   0.0027831385   0.0025118423  -0.0083183075  -0.0017434986
        0.0225271145   0.0022058685  -0.0012345512   0.0011905286   0.0002262997
       -0.0000329596   0.0006602457  -0.0000416339   0.0000104101  -0.0000142194
       -0.0001230585   0.0001093098   0.0001092646  -0.0001550988   0.0000848873
       -0.0000324081  -0.0007740872  -0.0032882147   0.0034887109   0.0000232697
        0.0002296124  -0.0001456927   0.0000732407   0.0000249609  -0.0001226235
       -0.0002102677  -0.0004123491  -0.0003939289  -0.0002662130   0.0001115651
       -0.0007953400  -0.0005005153   0.0000264095   0.0001260832   0.0005805183
        0.0012646609   0.0011627328   0.0002025014   0.0002603842   0.0000925297
        0.0068350843  -0.0471785960  -0.0401009994  -0.0023188879   0.0563596023
        0.0381236425   0.0036153215  -0.0046341606  -0.0225958140  -0.0003284734
        0.0008095938  -0.0006342482  -0.0001110324   0.0010233648   0.0006515667
        0.0039020609  -0.0050274757  -0.0042663803  -0.0106647803   0.0002722915
        0.0246923586  -0.0005367008   0.0005747812   0.0003307962   0.0002901475
       -0.0000878769   0.0003576310   0.0000447853  -0.0000360680   0.0000208044
        0.0001064712   0.0000692245   0.0002136765   0.0002662557  -0.0000908701
        0.0000415794  -0.0011055966  -0.0029595493   0.0025164774   0.0001513705
       -0.0003850850   0.0004613256   0.0000479510   0.0000401529  -0.0000044932
       -0.0001573756  -0.0004629060  -0.0004144427   0.0005071470   0.0002541707
       -0.0002039876  -0.0003412513  -0.0001141720   0.0004909829  -0.0031011596
       -0.0043903237  -0.0216526947  -0.0031119122   0.0000879942  -0.0017426056
        0.0257238446  -0.0389084863  -0.2555112010  -0.0353880264   0.0381236425
        0.3003131418   0.0015650901  -0.0026647774  -0.0076350261  -0.0000298915
        0.0003719193   0.0004638585  -0.0004338759   0.0002056528   0.0007963751
        0.0010810490  -0.0013649857  -0.0000106150   0.0120219014   0.0051931004
       -0.0145873472   0.0015799790  -0.0001591420   0.0020180419   0.0002842659
        0.0000413466   0.0005870064   0.0000391411   0.0000549994   0.0000123626
       -0.0000010134   0.0001687251   0.0001859929   0.0001061969   0.0002041606
        0.0000937531  -0.0002443912   0.0027475652  -0.0023209763  -0.0001588631
        0.0006341767  -0.0007195504   0.0000591452  -0.0000226603  -0.0001630685
       -0.0371404564  -0.0253864812   0.0032332101   0.0015602357  -0.0001863982
        0.0000690316  -0.0005236505   0.0000470997   0.0006266045  -0.0141905963
        0.0215172582   0.0007329677   0.0006588067  -0.0000341722   0.0005635891
       -0.0802900569   0.0459728963  -0.0040885920  -0.0013189784   0.0036153215
        0.0015650901   0.5099337985  -0.0001137342   0.0800446904  -0.1878533005
        0.0229549942  -0.1044022943  -0.0996217601  -0.0455558566  -0.0017875794
       -0.0965418762   0.0029984717   0.0469120080   0.0007119718  -0.0224272288
        0.0024913163  -0.0076559268   0.0026729797  -0.0019287498   0.0011845266
       -0.0004757017   0.0007814908  -0.0063007787  -0.0009739646  -0.0023872291
        0.0012154856   0.0002122580   0.0020512163   0.0143200399  -0.0019463996
       -0.0250795162   0.0018390109  -0.0028895217   0.0009717355   0.0000412355
       -0.0001823472  -0.0001871669  -0.0000277304   0.0001805269  -0.0001818225
       -0.0177458012  -0.0014579278  -0.0100272045   0.0021752327   0.0040137476
        0.0000010616   0.0000121020  -0.0005490654  -0.0002590748   0.0126199623
       -0.0067075715   0.0032908523  -0.0004671355   0.0002106252  -0.0003558095
        0.0419123187  -0.1174665900  -0.0098795788   0.0034693529  -0.0046341606
       -0.0026647774  -0.0001137342   0.4187872585  -0.0037431895   0.0186969754
       -0.0435199601   0.0120451354  -0.0638289506  -0.1624786372   0.0432644998
        0.0044590943  -0.0490216296  -0.0273632038  -0.0009933304  -0.0339789772
        0.0032728448  -0.0030974508   0.0024212400  -0.0002708554  -0.0014063355
       -0.0019170200  -0.0003354785  -0.0006410447   0.0005180500  -0.0002544123
       -0.0002274581   0.0002696560   0.0011905208   0.0045244102  -0.0021809062
       -0.0074478756  -0.0006225083  -0.0015462832  -0.0007470032   0.0005188188
       -0.0010091917   0.0003748322   0.0007554822   0.0002473434  -0.0000912834
        0.0015183833  -0.0145547216   0.0071393275   0.0015710980   0.0008061859
        0.0015515678   0.0007691649  -0.0002688801  -0.0008314413  -0.0050536351
        0.0099986238   0.0057800142  -0.0002529866   0.0003300486  -0.0017960098
       -0.0056250583  -0.0173372530  -0.0554629163   0.0116419425  -0.0225958140
       -0.0076350261   0.0800446904  -0.0037431895   0.4484490296  -0.1060488414
        0.0149009511  -0.1093626541   0.0004957743   0.0388655247  -0.0694061982
        0.0275720733  -0.0238157785  -0.1814476180   0.0020398418   0.0116332933
       -0.0027945626  -0.0047789280   0.0029159731  -0.0021736246  -0.0005395846
        0.0000914966  -0.0015070904  -0.0022820358   0.0001600387  -0.0010555546
       -0.0005961907  -0.0009495771  -0.0018933503  -0.0011342584  -0.0011625488
       -0.0300578444   0.0005515037   0.0050326227   0.0015465716   0.0000283464
       -0.0001843867   0.0005063885   0.0000787003  -0.0001226091   0.0004509915
       -0.0028562965  -0.0039784842  -0.0000764825   0.0003980735  -0.0001895370
       -0.0000338017  -0.0000131581  -0.0000041937  -0.0000660955  -0.0004749373
        0.0023460110   0.0006581752   0.0001121805  -0.0001251435   0.0002175666
       -0.0147799952   0.0060450013  -0.0082210956   0.0000829201  -0.0003284734
       -0.0000298915  -0.1878533005   0.0186969754  -0.1060488414   0.2244214948
       -0.0163735313   0.1193446444  -0.0262805970  -0.0061532658  -0.0092962898
        0.0070142339  -0.0005536499   0.0018709523   0.0009815404  -0.0007179457
        0.0002425011  -0.0010559262   0.0006024262  -0.0001687944   0.0002535357
       -0.0000791675   0.0001072961  -0.0006902744   0.0000551889  -0.0004340303
        0.0000265415   0.0000508193   0.0003898035   0.0006192647   0.0006289665
        0.0018107878   0.0000136694   0.0001184950  -0.0002665349  -0.0000164966
       -0.0000785975  -0.0000275536   0.0000975275   0.0000381059   0.0000276844
       -0.0032188765  -0.0031249223   0.0010311921  -0.0001353536  -0.0004254157
       -0.0000689871   0.0000125583  -0.0000490626  -0.0000101154   0.0008940234
       -0.0038686224  -0.0010395251  -0.0000611053   0.0000411778  -0.0000788720
        0.0239479325  -0.0062346995   0.0123472571   0.0001313044   0.0008095938
        0.0003719193   0.0229549942  -0.0435199601   0.0149009511  -0.0163735313
        0.0538940642  -0.0121228396  -0.0254955679  -0.0013973782  -0.0118239237
       -0.0029999117   0.0022338247  -0.0027736253  -0.0008799208   0.0017566264
       -0.0005789256   0.0021260545  -0.0012316635   0.0004828476   0.0000569649
        0.0001160372  -0.0000245296  -0.0009386864  -0.0000543576  -0.0004627767
        0.0001067838  -0.0000276399   0.0001195957  -0.0001478293   0.0011838364
       -0.0007666489   0.0000673183  -0.0003158374   0.0004767544   0.0000743821
        0.0002000233  -0.0000047296  -0.0001215336   0.0000143755   0.0000249815
        0.0006968014   0.0012103600   0.0010931929  -0.0001376296  -0.0000443346
       -0.0000321085  -0.0000164701   0.0000034327   0.0000321453   0.0004063603
       -0.0003250144   0.0004559376   0.0002253558  -0.0000903758   0.0001677293
       -0.0006748900   0.0003177775   0.0014635708   0.0008703292  -0.0006342482
        0.0004638585  -0.1044022943   0.0120451354  -0.1093626541   0.1193446444
       -0.0121228396   0.1441409679   0.0035884092  -0.0008386537   0.0034928073
       -0.0212634933  -0.0019774063  -0.0351500318   0.0003447791  -0.0003958180
        0.0001025638   0.0001138415  -0.0000148380   0.0001121642   0.0000750389
        0.0000059401   0.0001014471   0.0002751182   0.0000373826   0.0001227904
        0.0003719421   0.0001033930   0.0002286717   0.0004248801   0.0023476401
       -0.0066628784  -0.0002076822   0.0003711356  -0.0006753057  -0.0000582936
       -0.0000073770  -0.0000667534   0.0000232529   0.0000087085  -0.0000281151
       -0.1677291155   0.0156659659  -0.0684999366  -0.0323758797   0.0058610597
       -0.0137984372   0.0013141916  -0.0006763188   0.0001680054  -0.0014590712
       -0.0029081442   0.0003372885  -0.0001194807  -0.0000565780  -0.0002749292
        0.0026023136  -0.0013337754   0.0010777208   0.0002490503  -0.0001110324
       -0.0004338759  -0.0996217601  -0.0638289506   0.0004957743  -0.0262805970
       -0.0254955679   0.0035884092   0.3794174095   0.0874914561   0.0747498834
       -0.0160304050  -0.0181622530   0.0321936679   0.0017366247  -0.0002548888
        0.0001083112   0.0017527931  -0.0000378659   0.0002547568  -0.0044397292
        0.0082197757   0.0001513429  -0.0250955153  -0.0059791747  -0.0077789007
       -0.0094945039  -0.0009769764  -0.0197843847  -0.0016842991   0.0012870549
       -0.0016615300  -0.0004710169   0.0013895502  -0.0001436792  -0.0004089279
        0.0001407296  -0.0002196563  -0.0018620813  -0.0002340660  -0.0005298306
        0.0038072295  -0.0686091622   0.0168794221   0.0239116852   0.0003915875
        0.0121660409  -0.0007988815   0.0011117451   0.0005497365  -0.0032835065
        0.0032166431  -0.0008065873  -0.0001188442  -0.0000405118   0.0002996803
       -0.0221868500  -0.0369395188   0.0105791094  -0.0002479210   0.0010233648
        0.0002056528  -0.0455558566  -0.1624786372   0.0388655247  -0.0061532658
       -0.0013973782  -0.0008386537   0.0874914561   0.2862901798  -0.0925051333
       -0.0152933879  -0.0027400646   0.0257266534   0.0003623416  -0.0168377937
        0.0018387529   0.0011392215   0.0005905354  -0.0000298782   0.0060106289
       -0.0054559624   0.0003352079  -0.0252581697  -0.0022262086  -0.0103330412
       -0.0041091676   0.0027009122  -0.0025282287  -0.0007542719  -0.0000463772
       -0.0004807680   0.0003580744   0.0010858702  -0.0004924000  -0.0005454295
        0.0006081840  -0.0001143697   0.0012249150  -0.0002474073   0.0006832790
       -0.0660599508   0.0238433316  -0.0971385827  -0.0058091976   0.0027457551
        0.0006914808  -0.0005017580   0.0009620217   0.0011200365   0.0003201616
       -0.0008509967  -0.0003165616   0.0000415403  -0.0002626471   0.0002066931
        0.0009044354   0.0035874323   0.0020798106  -0.0003167123   0.0006515667
        0.0007963751  -0.0017875794   0.0432644998  -0.0694061982  -0.0092962898
       -0.0118239237   0.0034928073   0.0747498834  -0.0925051333   0.1999782927
        0.0352854978   0.0313570986  -0.0309797601   0.0002420548   0.0005230097
        0.0012288338   0.0002047600  -0.0001207580   0.0005331002  -0.0001933782
        0.0007900187   0.0017709722   0.0087003440  -0.0005118650   0.0060629054
       -0.0372504683  -0.0010655234  -0.0211874964   0.0009523080   0.0000486085
        0.0022618526   0.0001924823  -0.0007515613  -0.0007081633  -0.0000565454
        0.0000031527  -0.0002772043  -0.0003215882   0.0001159131  -0.0002091938
       -0.0004731050   0.0001185753   0.0014997563   0.0003529916   0.0000182085
        0.0001009689   0.0001687905  -0.0000150574  -0.0000851611   0.0009192952
       -0.0006503942   0.0005239298  -0.0004886387   0.0005781257   0.0007626682
       -0.0078924479   0.0066962468   0.0255351741  -0.0016969302   0.0039020609
        0.0010810490  -0.0965418762   0.0044590943   0.0275720733   0.0070142339
       -0.0029999117  -0.0212634933  -0.0160304050  -0.0152933879   0.0352854978
        0.3927322020   0.0890227088   0.0874673592   0.0029082887  -0.0013962124
       -0.0012462868  -0.0003087007   0.0005113866  -0.0001609297  -0.0004564976
       -0.0000615715  -0.0002515645   0.0002818448   0.0002889576   0.0000935746
       -0.0009245719  -0.0000108037   0.0007210773  -0.2778006072  -0.0856230874
       -0.1582752624  -0.0020636567   0.0007938186   0.0004720438   0.0000312621
       -0.0003853431   0.0000684791   0.0002685283   0.0000465861   0.0000990464
        0.0006885222  -0.0003255118   0.0002582256  -0.0006866345  -0.0013003241
       -0.0000966724  -0.0000321786   0.0002568970  -0.0000006158  -0.0008921355
        0.0009177161   0.0001840650  -0.0000966019  -0.0002141891  -0.0007333813
        0.0078416787  -0.0125542455  -0.0287357735   0.0027831385  -0.0050274757
       -0.0013649857   0.0029984717  -0.0490216296  -0.0238157785  -0.0005536499
        0.0022338247  -0.0019774063  -0.0181622530  -0.0027400646   0.0313570986
        0.0890227088   0.0934248951   0.0906601969   0.0061535229  -0.0000927760
       -0.0074956476   0.0007758299   0.0000180045  -0.0001615370   0.0006185934
        0.0008199750   0.0001439264  -0.0000804179   0.0001956336  -0.0000081282
       -0.0002224816  -0.0001750263   0.0005122253  -0.0893558023  -0.0309649923
       -0.0610226426   0.0001351784   0.0041225452   0.0022517791  -0.0005322734
        0.0005379159   0.0000256260  -0.0004032159  -0.0001111721   0.0000194260
       -0.0033595814  -0.0006820938  -0.0010811693  -0.0009060175  -0.0001982673
       -0.0005729127  -0.0005036545   0.0000290908   0.0004110159  -0.0013758358
        0.0004101533  -0.0031118497  -0.0000494687   0.0003402802   0.0014469686
        0.0198953870  -0.0111768060  -0.0295144697   0.0025118423  -0.0042663803
       -0.0000106150   0.0469120080  -0.0273632038  -0.1814476180   0.0018709523
       -0.0027736253  -0.0351500318   0.0321936679   0.0257266534  -0.0309797601
        0.0874673592   0.0906601969   0.4394194047  -0.0001345162   0.0010514002
        0.0023682154   0.0009538957  -0.0009851254   0.0015877853   0.0007641619
       -0.0000522386   0.0009959172  -0.0005214086  -0.0001892554   0.0005820591
       -0.0001807652  -0.0003434523   0.0024956252  -0.1836044458  -0.0701504042
       -0.1660307343  -0.0017237590  -0.0003717247  -0.0004720844  -0.0000773739
        0.0003273972  -0.0005953657  -0.0001324476   0.0000074051  -0.0003403806
       -0.0010671462   0.0010980838  -0.0000093002  -0.0039552830   0.0027456399
       -0.0037744786   0.0001958199  -0.0000542768  -0.0001292695  -0.0368862609
       -0.0326228300   0.0101502429   0.0023701399   0.0005542800   0.0014239004
       -0.1124677978  -0.0878475832   0.0358155064  -0.0083183075  -0.0106647803
        0.0120219014   0.0007119718  -0.0009933304   0.0020398418   0.0009815404
       -0.0008799208   0.0003447791   0.0017366247   0.0003623416   0.0002420548
        0.0029082887   0.0061535229  -0.0001345162   0.2691887977   0.0534016433
       -0.2185248818   0.0012317086  -0.0033577805  -0.0003008689  -0.0046677927
       -0.0029690859  -0.0006720008   0.0001765980   0.0000984361   0.0000396872
        0.0001452608   0.0000445242  -0.0000013330  -0.0005666115   0.0004537264
        0.0002287327  -0.1154498588   0.0743962116   0.1614256565   0.0029689119
        0.0001233003  -0.0002546567   0.0007633957  -0.0000421221   0.0000690022
        0.0009804289   0.0006894880   0.0006245261  -0.0004884622   0.0020472628
       -0.0016988668   0.0003138612  -0.0000131562  -0.0001695205  -0.0159789260
       -0.0141210223   0.0009629132   0.0006846584   0.0000771339  -0.0001281164
       -0.0667028449  -0.1661916423   0.0166136335  -0.0017434986   0.0002722915
        0.0051931004  -0.0224272288  -0.0339789772   0.0116332933  -0.0007179457
        0.0017566264  -0.0003958180  -0.0002548888  -0.0168377937   0.0005230097
       -0.0013962124  -0.0000927760   0.0010514002   0.0534016433   0.3244898044
        0.0804660210   0.0005120713   0.0051010026   0.0002873526  -0.0025768694
       -0.0009555658  -0.0005127212   0.0000928204   0.0002457407  -0.0000269044
        0.0000498559   0.0001095351  -0.0000583548  -0.0002041107  -0.0004740514
        0.0008731968   0.0582039762  -0.1017821237  -0.1159631717  -0.0020244450
       -0.0001728749   0.0006488436   0.0002761169  -0.0001689019   0.0000761836
       -0.0002921401  -0.0003382158  -0.0005883568  -0.0019600274  -0.0001927332
       -0.0001412186  -0.0004686344  -0.0002155064   0.0003259584  -0.0040815290
       -0.0033458717   0.0074705855   0.0006965385  -0.0002220316   0.0023631445
        0.0426227470   0.0402510185  -0.0818659798   0.0225271145   0.0246923586
       -0.0145873472   0.0024913163   0.0032728448  -0.0027945626   0.0002425011
       -0.0005789256   0.0001025638   0.0001083112   0.0018387529   0.0012288338
       -0.0012462868  -0.0074956476   0.0023682154  -0.2185248818   0.0804660210
        0.3332226354   0.0006578609  -0.0014012248   0.0015925809  -0.0000979765
       -0.0003202006   0.0004694577   0.0000309698  -0.0001044999   0.0000499139
        0.0000434139   0.0000722914   0.0002030126   0.0004157748   0.0004262807
       -0.0000821342   0.1565944370  -0.1357307920  -0.2472119433   0.0001527507
       -0.0011555753  -0.0019439215   0.0000877404   0.0000816566  -0.0001814380
       -0.0019503390  -0.0033338201   0.0003485512   0.0055697809  -0.0124159599
       -0.0053691598   0.0005510390   0.0002375330  -0.0007845920  -0.1181395570
        0.0515296043   0.0214304333  -0.0060219596   0.0154282446   0.0110231549
       -0.0273711683   0.0376365812   0.0051002127   0.0022058685  -0.0005367008
        0.0015799790  -0.0076559268  -0.0030974508  -0.0047789280  -0.0010559262
        0.0021260545   0.0001138415   0.0017527931   0.0011392215   0.0002047600
       -0.0003087007   0.0007758299   0.0009538957   0.0012317086   0.0005120713
        0.0006578609   0.3870150155   0.0934647725  -0.0382555147   0.0037552193
       -0.0016284833   0.0013205025   0.0003887629  -0.0006535767  -0.0001189767
       -0.0001016254  -0.0002819980   0.0001009279   0.0000862104  -0.0006453253
       -0.0003506995   0.0003929220   0.0003782516  -0.0005202832  -0.2408669966
       -0.1826145110   0.0069635671   0.0005228795   0.0019796615   0.0003804675
       -0.0055321795  -0.0046188179   0.0022058969   0.0123570736  -0.0402402891
       -0.0050450823   0.0009082122   0.0020200241  -0.0008061616   0.0813691788
       -0.1733157546  -0.0335782181   0.0141633753  -0.0175142711  -0.0174084976
        0.0149258050  -0.0204427608   0.0000167187  -0.0012345512   0.0005747812
       -0.0001591420   0.0026729797   0.0024212400   0.0029159731   0.0006024262
       -0.0012316635  -0.0000148380  -0.0000378659   0.0005905354  -0.0001207580
        0.0005113866   0.0000180045  -0.0009851254  -0.0033577805   0.0051010026
       -0.0014012248   0.0934647725   0.4786004392   0.0580751813   0.0004404644
        0.0009521090   0.0000387710   0.0008880948  -0.0015214712  -0.0001250548
       -0.0000706811   0.0004666343   0.0003714856  -0.0002208609   0.0002991067
        0.0005139729  -0.0003939976  -0.0008242432   0.0002205042  -0.2111432145
       -0.2315417076  -0.0046450816  -0.0003126378   0.0002071020  -0.0000693197
        0.0004670087   0.0009454692  -0.0001129080  -0.0030463446   0.0047798906
        0.0032455957  -0.0011142665  -0.0008018936   0.0019471309   0.0289958882
       -0.0332416042  -0.0620018189   0.0190328297  -0.0330297429  -0.0096756857
       -0.0080164187   0.0093991138   0.0044988193   0.0011905286   0.0003307962
        0.0020180419  -0.0019287498  -0.0002708554  -0.0021736246  -0.0001687944
        0.0004828476   0.0001121642   0.0002547568  -0.0000298782   0.0005331002
       -0.0001609297  -0.0001615370   0.0015877853  -0.0003008689   0.0002873526
        0.0015925809  -0.0382555147   0.0580751813   0.0636443114  -0.0003958029
       -0.0008568777   0.0020311030  -0.0001299733   0.0001102067   0.0001860408
       -0.0001809929   0.0005814233   0.0003357973  -0.0002254752   0.0007292166
       -0.0000092379  -0.0006807859   0.0000746653  -0.0003657545   0.0041372741
       -0.0080736924  -0.0054720609   0.0005266315   0.0006699181  -0.0019213805
       -0.0248502160   0.0045067453  -0.0124575035  -0.1807699270  -0.0244972831
       -0.0855832957  -0.0077195134  -0.0016645732  -0.0176157617  -0.0423891531
       -0.0096007582  -0.0173460018   0.0018685749   0.0017847642  -0.0007479024
       -0.0000357761  -0.0041917276   0.0033163177   0.0002262997   0.0002901475
        0.0002842659   0.0011845266  -0.0014063355  -0.0005395846   0.0002535357
        0.0000569649   0.0000750389  -0.0044397292   0.0060106289  -0.0001933782
       -0.0004564976   0.0006185934   0.0007641619  -0.0046677927  -0.0025768694
       -0.0000979765   0.0037552193   0.0004404644  -0.0003958029   0.3440726819
       -0.1240827294   0.1323207509   0.0003432673  -0.0001104963  -0.0002810400
        0.0013319821  -0.0016715508   0.0001376089   0.0000201364  -0.0003633261
       -0.0004427555   0.0003119698   0.0001994950  -0.0003527583  -0.0000387248
        0.0010615493   0.0000850077  -0.0880008637   0.1551962968  -0.0009293905
        0.0254312777   0.0012173333   0.0143623433   0.0009784592  -0.0751740001
       -0.0098332758  -0.0046851544   0.0029889785  -0.0038083769  -0.0271117444
       -0.0039673976  -0.0133849415   0.0013511539   0.0012509657  -0.0010221425
       -0.0017872290  -0.0031293375   0.0017807590  -0.0000329596  -0.0000878769
        0.0000413466  -0.0004757017  -0.0019170200   0.0000914966  -0.0000791675
        0.0001160372   0.0000059401   0.0082197757  -0.0054559624   0.0007900187
       -0.0000615715   0.0008199750  -0.0000522386  -0.0029690859  -0.0009555658
       -0.0003202006  -0.0016284833   0.0009521090  -0.0008568777  -0.1240827294
        0.4558024987   0.0493477335  -0.0007420740   0.0012021355  -0.0001473425
       -0.0006757341   0.0011406719   0.0005430660   0.0000258506  -0.0004585224
        0.0000526511   0.0001696476  -0.0001627424  -0.0000482867  -0.0000310888
        0.0004868341   0.0001773944   0.1281865589  -0.3746691136  -0.0377190666
       -0.0034835714   0.0020966666   0.0012542519  -0.0806941635  -0.0245835007
       -0.1075450917  -0.0370797801  -0.0031330843  -0.0279504543  -0.0040088973
       -0.0006762370   0.0030360452  -0.0005480706  -0.0007496879   0.0021585243
        0.0009814246   0.0003642023   0.0010705358   0.0006602457   0.0003576310
        0.0005870064   0.0007814908  -0.0003354785  -0.0015070904   0.0001072961
       -0.0000245296   0.0001014471   0.0001513429   0.0003352079   0.0017709722
       -0.0002515645   0.0001439264   0.0009959172  -0.0006720008  -0.0005127212
        0.0004694577   0.0013205025   0.0000387710   0.0020311030   0.1323207509
        0.0493477335   0.1407617616   0.0004728369  -0.0005789792  -0.0000653060
       -0.0004533139   0.0007991933   0.0015846082  -0.0002961942   0.0001148911
       -0.0002030664  -0.0000835456   0.0000090623  -0.0001406227   0.0000510735
        0.0004844824  -0.0006119726  -0.0092758619  -0.0234975494  -0.0177980267
       -0.0909801965  -0.0841060896   0.0497375999   0.0066493611   0.0100821899
       -0.0045971808   0.0005415503   0.0000087479  -0.0003528498  -0.0013959804
        0.0018392688   0.0003639472   0.0000016977   0.0000527079  -0.0000582371
       -0.0003081508   0.0003568634   0.0000234171  -0.0000416339   0.0000447853
        0.0000391411  -0.0063007787  -0.0006410447  -0.0022820358  -0.0006902744
       -0.0009386864   0.0002751182  -0.0250955153  -0.0252581697   0.0087003440
        0.0002818448  -0.0000804179  -0.0005214086   0.0001765980   0.0000928204
        0.0000309698   0.0003887629   0.0008880948  -0.0001299733   0.0003432673
       -0.0007420740   0.0004728369   0.1171387591   0.1020940049  -0.0562252043
       -0.0009805457  -0.0042959924   0.0047076235   0.0003204506   0.0001842071
       -0.0000377812  -0.0000082748   0.0000751182  -0.0000890894  -0.0000673560
        0.0002636260  -0.0000440032   0.0000264148   0.0000800402  -0.0000132341
       -0.0877280587  -0.1786295928   0.0791373203  -0.0104513352  -0.0262825498
        0.0111891039  -0.0007768906   0.0007438445   0.0002946486   0.0031325146
       -0.0035616993  -0.0010307560   0.0000735389   0.0002193208  -0.0002325423
        0.0002503665   0.0002916893   0.0000457256   0.0000104101  -0.0000360680
        0.0000549994  -0.0009739646   0.0005180500   0.0001600387   0.0000551889
       -0.0000543576   0.0000373826  -0.0059791747  -0.0022262086  -0.0005118650
        0.0002889576   0.0001956336  -0.0001892554   0.0000984361   0.0002457407
       -0.0001044999  -0.0006535767  -0.0015214712   0.0001102067  -0.0001104963
        0.0012021355  -0.0005789792   0.1020940049   0.2063878612  -0.0885709975
        0.0009133586   0.0026030891   0.0000871562  -0.0002512172  -0.0002210332
       -0.0000809980   0.0001014916   0.0000417864  -0.0000028420   0.0000965297
       -0.0002883929   0.0000616275  -0.0001900837   0.0003722224   0.0001245259
        0.0531655245   0.0816708267  -0.0903173226  -0.0015979439  -0.0032020100
        0.0023922217  -0.0001798883  -0.0009717942   0.0004534235   0.0000636077
       -0.0006813670   0.0004281309  -0.0001311452  -0.0002731287   0.0002323454
       -0.0000549063   0.0000974069   0.0000058349  -0.0000142194   0.0000208044
        0.0000123626  -0.0023872291  -0.0002544123  -0.0010555546  -0.0004340303
       -0.0004627767   0.0001227904  -0.0077789007  -0.0103330412   0.0060629054
        0.0000935746  -0.0000081282   0.0005820591   0.0000396872  -0.0000269044
        0.0000499139  -0.0001189767  -0.0001250548   0.0001860408  -0.0002810400
       -0.0001473425  -0.0000653060  -0.0562252043  -0.0885709975   0.1001931902
        0.0161340181   0.0236792154  -0.0193337839  -0.0003747652  -0.0001201029
        0.0001647063  -0.0000729473  -0.0000151821  -0.0000149458   0.0000104684
       -0.0000989872  -0.0000082268   0.0001443164  -0.0001770237  -0.0000907854
       -0.0420342410   0.0009209495   0.0200524537  -0.0020810566   0.0050399327
        0.0151634747  -0.0014036594   0.0031323385   0.0001784196   0.0001043028
       -0.0007541764   0.0000852367   0.0002045688  -0.0000138485  -0.0000969450
       -0.0004288508  -0.0000823733  -0.0000243013  -0.0001230585   0.0001064712
       -0.0000010134   0.0012154856  -0.0002274581  -0.0005961907   0.0000265415
        0.0001067838   0.0003719421  -0.0094945039  -0.0041091676  -0.0372504683
       -0.0009245719  -0.0002224816  -0.0001807652   0.0001452608   0.0000498559
        0.0000434139  -0.0001016254  -0.0000706811  -0.0001809929   0.0013319821
       -0.0006757341  -0.0004533139  -0.0009805457   0.0009133586   0.0161340181
        0.0553570487  -0.0027208377  -0.0146544967  -0.0009145708  -0.0010317042
        0.0011997942  -0.0000426116  -0.0000216277  -0.0000428638   0.0000334403
       -0.0000297732   0.0000188850   0.0001106651  -0.0003098266   0.0002337131
        0.0016023238  -0.0510744158  -0.0333243347   0.0061241230  -0.0087174401
       -0.0280290266   0.0027200407  -0.0044868924  -0.0011728578   0.0006917132
        0.0005773151  -0.0016237944  -0.0000396541  -0.0004681984   0.0004163797
       -0.0000919270  -0.0001791561  -0.0000931177   0.0001093098   0.0000692245
        0.0001687251   0.0002122580   0.0002696560  -0.0009495771   0.0000508193
       -0.0000276399   0.0001033930  -0.0009769764   0.0027009122  -0.0010655234
       -0.0000108037  -0.0001750263  -0.0003434523   0.0000445242   0.0001095351
        0.0000722914  -0.0002819980   0.0004666343   0.0005814233  -0.0016715508
        0.0011406719   0.0007991933  -0.0042959924   0.0026030891   0.0236792154
       -0.0027208377   0.0567345541   0.0404088982  -0.0011741205   0.0002353853
        0.0006686415  -0.0000745788  -0.0000788176  -0.0000223791  -0.0000198061
        0.0000211806  -0.0000416108  -0.0001968665   0.0002794286  -0.0002324870
        0.0238028661  -0.0336362469  -0.2396067356   0.0039084639  -0.0056919716
       -0.0116692350   0.0006543105  -0.0020061101   0.0002122661  -0.0004211187
        0.0006188000   0.0000494148  -0.0001477987  -0.0001981572   0.0004710432
       -0.0001123799   0.0000922115  -0.0001173834   0.0001092646   0.0002136765
        0.0001859929   0.0020512163   0.0011905208  -0.0018933503   0.0003898035
        0.0001195957   0.0002286717  -0.0197843847  -0.0025282287  -0.0211874964
        0.0007210773   0.0005122253   0.0024956252  -0.0000013330  -0.0000583548
        0.0002030126   0.0001009279   0.0003714856   0.0003357973   0.0001376089
        0.0005430660   0.0015846082   0.0047076235   0.0000871562  -0.0193337839
       -0.0146544967   0.0404088982   0.2877971244  -0.0012130844  -0.0007365497
        0.0005735821  -0.0000357249  -0.0000224021  -0.0000817770  -0.0000211066
        0.0001162939  -0.0000884579  -0.0001917349   0.0006040915  -0.0001589189
        0.0014874558   0.0005791435   0.0021234273  -0.0001006990   0.0002910646
        0.0003291716  -0.0000310424  -0.0000648063  -0.0000218275  -0.0003836392
        0.0003867801   0.0009969881  -0.0001500388   0.0005388429  -0.0004700770
        0.0005821736  -0.0000058579   0.0006983483  -0.0001550988   0.0002662557
        0.0001061969   0.0143200399   0.0045244102  -0.0011342584   0.0006192647
       -0.0001478293   0.0004248801  -0.0016842991  -0.0007542719   0.0009523080
       -0.2778006072  -0.0893558023  -0.1836044458  -0.0005666115  -0.0002041107
        0.0004157748   0.0000862104  -0.0002208609  -0.0002254752   0.0000201364
        0.0000258506  -0.0002961942   0.0003204506  -0.0002512172  -0.0003747652
       -0.0009145708  -0.0011741205  -0.0012130844   0.2643382337   0.0858444102
        0.1821329341   0.0001418677  -0.0003567742  -0.0009193996   0.0000430066
        0.0001149403   0.0000402354  -0.0001722325  -0.0000360469   0.0000392625
        0.0000154737   0.0008871795   0.0013974346   0.0004042496   0.0006158651
       -0.0002538387  -0.0000347195  -0.0002472982   0.0000896977   0.0006128513
       -0.0003846937  -0.0015784869   0.0010845186  -0.0005790393   0.0008801146
        0.0000355561   0.0005171707  -0.0016996180   0.0000848873  -0.0000908701
        0.0002041606  -0.0019463996  -0.0021809062  -0.0011625488   0.0006289665
        0.0011838364   0.0023476401   0.0012870549  -0.0000463772   0.0000486085
       -0.0856230874  -0.0309649923  -0.0701504042   0.0004537264  -0.0004740514
        0.0004262807  -0.0006453253   0.0002991067   0.0007292166  -0.0003633261
       -0.0004585224   0.0001148911   0.0001842071  -0.0002210332  -0.0001201029
       -0.0010317042   0.0002353853  -0.0007365497   0.0858444102   0.0323156063
        0.0699835523  -0.0013965457  -0.0001810223  -0.0002384720   0.0001315696
       -0.0002863967  -0.0001885301   0.0002736365   0.0000610532  -0.0000930455
        0.0002889370  -0.0000733688   0.0001889899   0.0008266982  -0.0001416981
       -0.0002578165  -0.0000606464   0.0000819667   0.0000014020   0.0000880955
       -0.0002289091   0.0004890580   0.0002797800  -0.0003500735   0.0004710464
       -0.0008380315  -0.0009070587  -0.0002989643  -0.0000324081   0.0000415794
        0.0000937531  -0.0250795162  -0.0074478756  -0.0300578444   0.0018107878
       -0.0007666489  -0.0066628784  -0.0016615300  -0.0004807680   0.0022618526
       -0.1582752624  -0.0610226426  -0.1660307343   0.0002287327   0.0008731968
       -0.0000821342  -0.0003506995   0.0005139729  -0.0000092379  -0.0004427555
        0.0000526511  -0.0002030664  -0.0000377812  -0.0000809980   0.0001647063
        0.0011997942   0.0006686415   0.0005735821   0.1821329341   0.0699835523
        0.1991554353  -0.0002061489  -0.0006515484   0.0000546443   0.0000704757
       -0.0001104117   0.0000686617   0.0000585444   0.0000464408   0.0000795447
        0.0002833061  -0.0001433156   0.0000373948  -0.0006596889  -0.0003812442
       -0.0000905656   0.0001386610   0.0001115539  -0.0001416895  -0.0011412329
       -0.0001867060   0.0015489636  -0.0003604677  -0.0002545849  -0.0007204955
       -0.0150040486   0.0018081141   0.0201059483  -0.0007740872  -0.0011055966
       -0.0002443912   0.0018390109  -0.0006225083   0.0005515037   0.0000136694
        0.0000673183  -0.0002076822  -0.0004710169   0.0003580744   0.0001924823
       -0.0020636567   0.0001351784  -0.0017237590  -0.1154498588   0.0582039762
        0.1565944370   0.0003929220  -0.0003939976  -0.0006807859   0.0003119698
        0.0001696476  -0.0000835456  -0.0000082748   0.0001014916  -0.0000729473
       -0.0000426116  -0.0000745788  -0.0000357249   0.0001418677  -0.0013965457
       -0.0002061489   0.1330921606  -0.0569362483  -0.1755402307  -0.0000211087
        0.0006244891   0.0006361178  -0.0002175148  -0.0000845176   0.0000811187
       -0.0005463611   0.0001707121  -0.0001238365  -0.0003659310   0.0001839477
        0.0000197742   0.0000308269  -0.0000464759  -0.0000094631  -0.0008055962
        0.0002368895   0.0004010982   0.0000548523   0.0002260686  -0.0001211671
       -0.0122996939   0.0115710492   0.0230942717  -0.0032882147  -0.0029595493
        0.0027475652  -0.0028895217  -0.0015462832   0.0050326227   0.0001184950
       -0.0003158374   0.0003711356   0.0013895502   0.0010858702  -0.0007515613
        0.0007938186   0.0041225452  -0.0003717247   0.0743962116  -0.1017821237
       -0.1357307920   0.0003782516  -0.0008242432   0.0000746653   0.0001994950
       -0.0001627424   0.0000090623   0.0000751182   0.0000417864  -0.0000151821
       -0.0000216277  -0.0000788176  -0.0000224021  -0.0003567742  -0.0001810223
       -0.0006515484  -0.0569362483   0.0899757340   0.1065962129   0.0000639034
        0.0002578185  -0.0005377491   0.0000094460   0.0000246735  -0.0000109815
        0.0001152458   0.0001482596   0.0002549482   0.0001895271   0.0002036039
       -0.0000233465  -0.0000760721  -0.0000722663   0.0000089570   0.0000156540
       -0.0010639135   0.0010770555  -0.0000750706  -0.0001064348  -0.0003353766
        0.0109867335   0.0060541865  -0.0136563888   0.0034887109   0.0025164774
       -0.0023209763   0.0009717355  -0.0007470032   0.0015465716  -0.0002665349
        0.0004767544  -0.0006753057  -0.0001436792  -0.0004924000  -0.0007081633
        0.0004720438   0.0022517791  -0.0004720844   0.1614256565  -0.1159631717
       -0.2472119433  -0.0005202832   0.0002205042  -0.0003657545  -0.0003527583
       -0.0000482867  -0.0001406227  -0.0000890894  -0.0000028420  -0.0000149458
       -0.0000428638  -0.0000223791  -0.0000817770  -0.0009193996  -0.0002384720
        0.0000546443  -0.1755402307   0.1065962129   0.2628746902   0.0003829848
        0.0003164922   0.0001682008  -0.0000223100  -0.0000271009   0.0000216174
        0.0007039001   0.0004829941  -0.0001062156  -0.0012660137   0.0017851419
        0.0004324153  -0.0000158557   0.0000045357  -0.0003158142   0.0157115430
        0.0117122414  -0.0014216965   0.0001355354   0.0004013957   0.0004212473
        0.0011741983   0.0029575648  -0.0007667793   0.0000232697   0.0001513705
       -0.0001588631   0.0000412355   0.0005188188   0.0000283464  -0.0000164966
        0.0000743821  -0.0000582936  -0.0004089279  -0.0005454295  -0.0000565454
        0.0000312621  -0.0005322734  -0.0000773739   0.0029689119  -0.0020244450
        0.0001527507  -0.2408669966  -0.2111432145   0.0041372741  -0.0000387248
       -0.0000310888   0.0000510735  -0.0000673560   0.0000965297   0.0000104684
        0.0000334403  -0.0000198061  -0.0000211066   0.0000430066   0.0001315696
        0.0000704757  -0.0000211087   0.0000639034   0.0003829848   0.2211588889
        0.1960148962  -0.0029509331   0.0006762882  -0.0000990866   0.0002465851
       -0.0009896133  -0.0015054460   0.0003046000   0.0016604808  -0.0060481588
       -0.0019279623   0.0001685669   0.0002037710  -0.0003393887  -0.0148819001
       -0.0312898956  -0.0009468139  -0.0003219915  -0.0004291467  -0.0000965473
       -0.0009485688   0.0001579936   0.0005274014   0.0002296124  -0.0003850850
        0.0006341767  -0.0001823472  -0.0010091917  -0.0001843867  -0.0000785975
        0.0002000233  -0.0000073770   0.0001407296   0.0006081840   0.0000031527
       -0.0003853431   0.0005379159   0.0003273972   0.0001233003  -0.0001728749
       -0.0011555753  -0.1826145110  -0.2315417076  -0.0080736924   0.0010615493
        0.0004868341   0.0004844824   0.0002636260  -0.0002883929  -0.0000989872
       -0.0000297732   0.0000211806   0.0001162939   0.0001149403  -0.0002863967
       -0.0001104117   0.0006244891   0.0002578185   0.0003164922   0.1960148962
        0.2702541974   0.0101750131   0.0000304548   0.0002283776   0.0000521330
        0.0003124155   0.0001463619   0.0002706340   0.0002464632   0.0011561463
        0.0006794613   0.0001927311   0.0002464633  -0.0003764766  -0.0057126160
       -0.0064629780  -0.0008484362   0.0003307290  -0.0014196119  -0.0005023392
        0.0009201082   0.0000620772   0.0021676611  -0.0001456927   0.0004613256
       -0.0007195504  -0.0001871669   0.0003748322   0.0005063885  -0.0000275536
       -0.0000047296  -0.0000667534  -0.0002196563  -0.0001143697  -0.0002772043
        0.0000684791   0.0000256260  -0.0005953657  -0.0002546567   0.0006488436
       -0.0019439215   0.0069635671  -0.0046450816  -0.0054720609   0.0000850077
        0.0001773944  -0.0006119726  -0.0000440032   0.0000616275  -0.0000082268
        0.0000188850  -0.0000416108  -0.0000884579   0.0000402354  -0.0001885301
        0.0000686617   0.0006361178  -0.0005377491   0.0001682008  -0.0029509331
        0.0101750131   0.0072108281  -0.0002724606  -0.0001210504   0.0004389298
       -0.0043784053   0.0000789347  -0.0031755499  -0.0207812708   0.0285692734
       -0.0012917735   0.0004025611   0.0001558004  -0.0003171407  -0.0004678330
        0.0021890577   0.0002628381  -0.0004911416   0.0000174739   0.0003722007
       -0.0003833471  -0.0002224246  -0.0001258537   0.0000732407   0.0000479510
        0.0000591452  -0.0000277304   0.0007554822   0.0000787003   0.0000975275
       -0.0001215336   0.0000232529  -0.0018620813   0.0012249150  -0.0003215882
        0.0002685283  -0.0004032159  -0.0001324476   0.0007633957   0.0002761169
        0.0000877404   0.0005228795  -0.0003126378   0.0005266315  -0.0880008637
        0.1281865589  -0.0092758619   0.0000264148  -0.0001900837   0.0001443164
        0.0001106651  -0.0001968665  -0.0001917349  -0.0001722325   0.0002736365
        0.0000585444  -0.0002175148   0.0000094460  -0.0000223100   0.0006762882
        0.0000304548  -0.0002724606   0.1138409197  -0.1603683393   0.0135133512
        0.0014524279  -0.0003365315   0.0006391969   0.0034616278   0.0036213391
        0.0033616873   0.0000265336   0.0003344116  -0.0002372364  -0.0015478997
        0.0023000621  -0.0002399529  -0.0000292893  -0.0002253060  -0.0000217937
        0.0002644264  -0.0001279903   0.0000358736   0.0000249609   0.0000401529
       -0.0000226603   0.0001805269   0.0002473434  -0.0001226091   0.0000381059
        0.0000143755   0.0000087085  -0.0002340660  -0.0002474073   0.0001159131
        0.0000465861  -0.0001111721   0.0000074051  -0.0000421221  -0.0001689019
        0.0000816566   0.0019796615   0.0002071020   0.0006699181   0.1551962968
       -0.3746691136  -0.0234975494   0.0000800402   0.0003722224  -0.0001770237
       -0.0003098266   0.0002794286   0.0006040915  -0.0000360469   0.0000610532
        0.0000464408  -0.0000845176   0.0000246735  -0.0000271009  -0.0000990866
        0.0002283776  -0.0001210504  -0.1603683393   0.3681558807   0.0188960851
       -0.0015500056  -0.0006391857  -0.0005398216  -0.0101243743   0.0186499698
       -0.0008308960  -0.0010999414   0.0010915381   0.0000662185  -0.0007046653
       -0.0007055778   0.0019195616   0.0004843679  -0.0000263551  -0.0006217228
        0.0000812889  -0.0000263264   0.0000621253  -0.0001226235  -0.0000044932
       -0.0001630685  -0.0001818225  -0.0000912834   0.0004509915   0.0000276844
        0.0000249815  -0.0000281151  -0.0005298306   0.0006832790  -0.0002091938
        0.0000990464   0.0000194260  -0.0003403806   0.0000690022   0.0000761836
       -0.0001814380   0.0003804675  -0.0000693197  -0.0019213805  -0.0009293905
       -0.0377190666  -0.0177980267  -0.0000132341   0.0001245259  -0.0000907854
        0.0002337131  -0.0002324870  -0.0001589189   0.0000392625  -0.0000930455
        0.0000795447   0.0000811187  -0.0000109815   0.0000216174   0.0002465851
        0.0000521330   0.0004389298   0.0135133512   0.0188960851   0.0198447590
