           1           2  0.98064707442204124     
           2           3  0.95706823337851632     
           2           4  0.96891750082209771     
           4           5  0.95394844423306591     
           4           6  0.96407599020001489     
           6           7  0.95991587464641759     
           6           8  0.94586882718078247     
           8           9  0.94981939277570260     
           1          10  0.97552972197728238     
           8          10  0.99083301290656534     
           8          11  0.98846692909123002     
           6          12   1.0049443436983012     
           4          13  0.99584868892274903     
           2          14   1.0040085585805871     
           1          15  0.96595586495659114     
           1          16  0.96212692835551894     
          11          17  0.87999990706667020     
          12          18  0.87573764665757070     
          13          19  0.88134287736937478     
          14          20  0.88143046134966463     
