$hessian                                                                        
        0.0002383720  -0.0000060677   0.0000014221  -0.0000165172  -0.0000044815
        0.0000012809  -0.0000156540   0.0000005310   0.0000001730  -0.0000119700
        0.0000019716   0.0000004674  -0.0000194343   0.0000032311  -0.0000012062
       -0.0000189774   0.0000080352  -0.0000022608  -0.0000222576  -0.0000099030
        0.0000021646  -0.0000243298  -0.0000040042   0.0000009159  -0.0000230577
       -0.0000054292   0.0000012580  -0.0000141395  -0.0000066183   0.0000019204
       -0.0000153064  -0.0000050459   0.0000014538  -0.0000206285   0.0000088738
       -0.0000025121  -0.0000152269   0.0000090816  -0.0000023460  -0.0000208728
        0.0000098255  -0.0000027310
       -0.0000060677   0.0002286571  -0.0000026039   0.0000036782  -0.0000271053
        0.0000015940   0.0000058132  -0.0000172789   0.0000023695   0.0000136613
       -0.0000146241   0.0000053588  -0.0000020183  -0.0000117560  -0.0000006270
       -0.0000009799  -0.0000022484  -0.0000003131  -0.0000069997  -0.0000385310
       -0.0000028761  -0.0000114085  -0.0000261880  -0.0000050627  -0.0000069861
       -0.0000334991  -0.0000029551   0.0000091809  -0.0000326207   0.0000039992
        0.0000044103  -0.0000251114   0.0000018781  -0.0000027600  -0.0000034880
       -0.0000010571   0.0000063471   0.0000005368   0.0000028057  -0.0000058707
        0.0000032571  -0.0000025102
        0.0000014221  -0.0000026039   0.0002196623  -0.0000019409   0.0000025018
       -0.0000230579  -0.0000002895   0.0000007056  -0.0000090061   0.0000012824
       -0.0000009436   0.0000054969  -0.0000010287   0.0000014994  -0.0000144966
        0.0000001937   0.0000001757  -0.0000024706   0.0000001701  -0.0000010344
       -0.0000498972  -0.0000026340   0.0000030139  -0.0000446452   0.0000092786
       -0.0000136607  -0.0000402537   0.0000019571  -0.0000027994  -0.0000191752
       -0.0000099270   0.0000136498  -0.0000235054   0.0000078040  -0.0000104826
       -0.0000029030  -0.0000012381   0.0000025971   0.0000103895  -0.0000050497
        0.0000073814  -0.0000061378
       -0.0000165172   0.0000036782  -0.0000019409   0.0002402266   0.0000026632
       -0.0000017761  -0.0000203794  -0.0000003397  -0.0000000395  -0.0000224583
       -0.0000012141   0.0000001717  -0.0000181659  -0.0000019352   0.0000012447
       -0.0000182848  -0.0000048155   0.0000029364  -0.0000164326   0.0000058739
       -0.0000032150  -0.0000155370   0.0000023921  -0.0000010674  -0.0000149787
        0.0000035332  -0.0000016691  -0.0000210402   0.0000039927  -0.0000026944
       -0.0000215397   0.0000027815  -0.0000020335  -0.0000165154  -0.0000051188
        0.0000033349  -0.0000207091  -0.0000054872   0.0000030327  -0.0000176684
       -0.0000060044   0.0000037154
       -0.0000044815  -0.0000271053   0.0000025018   0.0000026632   0.0002336267
       -0.0000023777   0.0000043456  -0.0000179641  -0.0000030226   0.0000103091
       -0.0000148857  -0.0000071519  -0.0000015645  -0.0000142396   0.0000015403
       -0.0000007228  -0.0000061049   0.0000013997  -0.0000052509  -0.0000333419
        0.0000027303  -0.0000086984  -0.0000261867   0.0000054595  -0.0000047639
       -0.0000222320   0.0000029466   0.0000069882  -0.0000277973  -0.0000054380
        0.0000028041  -0.0000314900  -0.0000027655  -0.0000016681  -0.0000009210
        0.0000023377   0.0000046979  -0.0000053582  -0.0000022371  -0.0000046580
       -0.0000060000   0.0000040768
        0.0000012809   0.0000015940  -0.0000230579  -0.0000017761  -0.0000023777
        0.0002285579  -0.0000003296  -0.0000005124  -0.0000242719   0.0000009509
        0.0000009639  -0.0000302213  -0.0000008716  -0.0000009631  -0.0000103214
        0.0000002791   0.0000005086  -0.0000021029   0.0000001095   0.0000000124
       -0.0000291398  -0.0000024843  -0.0000027356  -0.0000129185   0.0000084775
        0.0000105140  -0.0000208020   0.0000017063   0.0000016981  -0.0000420245
       -0.0000090022  -0.0000113637  -0.0000337138   0.0000072141   0.0000091282
        0.0000017096  -0.0000011568  -0.0000013523  -0.0000086681  -0.0000043978
       -0.0000051145   0.0000069747
       -0.0000156540   0.0000058132  -0.0000002895  -0.0000203794   0.0000043456
       -0.0000003296   0.0002388935  -0.0000005247  -0.0000000747  -0.0000250263
       -0.0000019840  -0.0000001726  -0.0000176582  -0.0000030487   0.0000002779
       -0.0000181592  -0.0000077105   0.0000005340  -0.0000152075   0.0000093821
       -0.0000004771  -0.0000131491   0.0000039363  -0.0000001302  -0.0000150882
        0.0000052299  -0.0000002284  -0.0000229040   0.0000063057  -0.0000005208
       -0.0000209014   0.0000048863  -0.0000003849  -0.0000171687  -0.0000085343
        0.0000006186  -0.0000216267  -0.0000087082   0.0000004927  -0.0000159708
       -0.0000093887   0.0000006849
        0.0000005310  -0.0000172789   0.0000007056  -0.0000003397  -0.0000179641
       -0.0000005124  -0.0000005247   0.0002414693  -0.0000006640  -0.0000012351
       -0.0000190073  -0.0000014459   0.0000001874  -0.0000192216   0.0000001637
        0.0000001215  -0.0000200354   0.0000001503   0.0000005897  -0.0000167678
        0.0000006802   0.0000009152  -0.0000181001   0.0000014774   0.0000007135
       -0.0000164141   0.0000008591  -0.0000007864  -0.0000171645  -0.0000012483
       -0.0000004797  -0.0000188353  -0.0000006352   0.0000003628  -0.0000192747
        0.0000004101  -0.0000005644  -0.0000204223  -0.0000007604   0.0000005089
       -0.0000209832   0.0000008198
        0.0000001730   0.0000023695  -0.0000090061  -0.0000000395  -0.0000030226
       -0.0000242719  -0.0000000747  -0.0000006640   0.0002323186  -0.0000001415
        0.0000013583  -0.0000409508  -0.0000000064  -0.0000015074  -0.0000149665
       -0.0000001384   0.0000003215  -0.0000170180   0.0000002859   0.0000008126
       -0.0000071269   0.0000006008  -0.0000036864  -0.0000006605  -0.0000001232
        0.0000138931  -0.0000078427  -0.0000002484   0.0000026527  -0.0000328920
        0.0000001310  -0.0000147164  -0.0000252671  -0.0000003419   0.0000115770
       -0.0000144624  -0.0000001242  -0.0000021643  -0.0000283739   0.0000000475
       -0.0000072236  -0.0000094798
       -0.0000119700   0.0000136613   0.0000012824  -0.0000224583   0.0000103091
        0.0000009509  -0.0000250263  -0.0000012351  -0.0000001415   0.0002262845
       -0.0000047458  -0.0000005195  -0.0000161923  -0.0000071354  -0.0000006428
       -0.0000175738  -0.0000181780  -0.0000016665  -0.0000107093   0.0000220545
        0.0000020462  -0.0000055160   0.0000093755   0.0000008496  -0.0000118943
        0.0000121169   0.0000011968  -0.0000289831   0.0000148027   0.0000013662
       -0.0000223919   0.0000117664   0.0000010516  -0.0000164780  -0.0000203048
       -0.0000018210  -0.0000254691  -0.0000204865  -0.0000019263  -0.0000116221
       -0.0000220006  -0.0000020259
        0.0000019716  -0.0000146241  -0.0000009436  -0.0000012141  -0.0000148857
        0.0000009639  -0.0000019840  -0.0000190073   0.0000013583  -0.0000047458
        0.0002394557   0.0000034979   0.0000007514  -0.0000203482  -0.0000009651
        0.0000004389  -0.0000242566  -0.0000007403   0.0000022612  -0.0000118138
       -0.0000013723   0.0000036348  -0.0000152160  -0.0000019370   0.0000023110
       -0.0000164941  -0.0000009299  -0.0000030842  -0.0000142425   0.0000021287
       -0.0000014014  -0.0000129969   0.0000009792   0.0000010221  -0.0000263559
       -0.0000009684  -0.0000020990  -0.0000246278   0.0000006627   0.0000021375
       -0.0000245867  -0.0000017343
        0.0000004674   0.0000053588   0.0000054969   0.0000001717  -0.0000071519
       -0.0000302213  -0.0000001726  -0.0000014459  -0.0000409508  -0.0000005195
        0.0000034979   0.0001868514   0.0000000663  -0.0000036069  -0.0000100196
       -0.0000006963   0.0000008497  -0.0000170478   0.0000011520   0.0000023117
        0.0000117745   0.0000029089  -0.0000089325   0.0000236722  -0.0000020418
        0.0000314833   0.0000078456  -0.0000012206   0.0000061917  -0.0000494131
        0.0000021056  -0.0000337974  -0.0000322646  -0.0000027560   0.0000265924
       -0.0000115847  -0.0000002575  -0.0000048267  -0.0000436019   0.0000007925
       -0.0000165243  -0.0000005368
       -0.0000194343  -0.0000020183  -0.0000010287  -0.0000181659  -0.0000015645
       -0.0000008716  -0.0000176582   0.0000001874  -0.0000000064  -0.0000161923
        0.0000007514   0.0000000663   0.0002411944   0.0000010331   0.0000006804
       -0.0000187576   0.0000027057   0.0000015006  -0.0000197141  -0.0000032425
       -0.0000016284  -0.0000205922  -0.0000014420  -0.0000006303  -0.0000189274
       -0.0000017398  -0.0000009341  -0.0000169660  -0.0000021767  -0.0000012973
       -0.0000187182  -0.0000018394  -0.0000009760  -0.0000184040   0.0000030852
        0.0000016602  -0.0000177004   0.0000030339   0.0000016193  -0.0000199637
        0.0000032264   0.0000018463
        0.0000032311  -0.0000117560   0.0000014994  -0.0000019352  -0.0000142396
       -0.0000009631  -0.0000030487  -0.0000192216  -0.0000015074  -0.0000071354
       -0.0000203482  -0.0000036069   0.0000010331   0.0002379104   0.0000006119
        0.0000004469  -0.0000271516   0.0000003212   0.0000037565  -0.0000081371
        0.0000018584   0.0000061818  -0.0000146738   0.0000028434   0.0000036029
       -0.0000106150   0.0000016039  -0.0000048730  -0.0000112376  -0.0000023605
       -0.0000022647  -0.0000154401  -0.0000010578   0.0000013068  -0.0000263206
        0.0000006821  -0.0000033584  -0.0000286657  -0.0000014990   0.0000030562
       -0.0000301034   0.0000015742
       -0.0000012062  -0.0000006270  -0.0000144966   0.0000012447   0.0000015403
       -0.0000103214   0.0000002779   0.0000001637  -0.0000149665  -0.0000006428
       -0.0000009651  -0.0000100196   0.0000006804   0.0000006119   0.0002348924
        0.0000002189  -0.0000005200  -0.0000302787  -0.0000006854  -0.0000003786
       -0.0000110725   0.0000003595   0.0000020227  -0.0000198702  -0.0000053467
       -0.0000048252  -0.0000157646  -0.0000007404  -0.0000008893  -0.0000043271
        0.0000057625   0.0000059246  -0.0000091018  -0.0000039771  -0.0000048417
       -0.0000324298   0.0000009763   0.0000003822  -0.0000270611   0.0000030785
        0.0000024015  -0.0000351825
       -0.0000189774  -0.0000009799   0.0000001937  -0.0000182848  -0.0000007228
        0.0000002791  -0.0000181592   0.0000001215  -0.0000001384  -0.0000175738
        0.0000004389  -0.0000006963  -0.0000187576   0.0000004469   0.0000002189
        0.0002414620   0.0000012533  -0.0000002324  -0.0000189612  -0.0000013504
        0.0000006050  -0.0000190084  -0.0000007236  -0.0000001306  -0.0000194119
       -0.0000011566   0.0000000947  -0.0000180696  -0.0000010070   0.0000004815
       -0.0000179535  -0.0000005822   0.0000003450  -0.0000192141   0.0000011988
       -0.0000003586  -0.0000181544   0.0000014549  -0.0000001607  -0.0000189361
        0.0000016081  -0.0000005010
        0.0000080352  -0.0000022484   0.0000001757  -0.0000048155  -0.0000061049
        0.0000005086  -0.0000077105  -0.0000200354   0.0000003215  -0.0000181780
       -0.0000242566   0.0000008497   0.0000027057  -0.0000271516  -0.0000005200
        0.0000012533   0.0002197916  -0.0000007290   0.0000093446   0.0000077505
        0.0000003249   0.0000153736  -0.0000071121  -0.0000001490   0.0000088895
       -0.0000043959   0.0000000748  -0.0000123028  -0.0000009462   0.0000009053
       -0.0000054522  -0.0000040330   0.0000006055   0.0000032838  -0.0000433220
       -0.0000008781  -0.0000084002  -0.0000431645  -0.0000004692   0.0000079736
       -0.0000447715  -0.0000010209
       -0.0000022608  -0.0000003131  -0.0000024706   0.0000029364   0.0000013997
       -0.0000021029   0.0000005340   0.0000001503  -0.0000170180  -0.0000016665
       -0.0000007403  -0.0000170478   0.0000015006   0.0000003212  -0.0000302787
       -0.0000002324  -0.0000007290   0.0002152509  -0.0000004714   0.0000003276
        0.0000085282   0.0000034811   0.0000016566  -0.0000111318  -0.0000137697
       -0.0000040737  -0.0000050359  -0.0000026739  -0.0000004188   0.0000070799
        0.0000146954   0.0000052508   0.0000003095  -0.0000114304  -0.0000044895
       -0.0000488453   0.0000019670   0.0000000104  -0.0000444627   0.0000073907
        0.0000016479  -0.0000527750
       -0.0000222576  -0.0000069997   0.0000001701  -0.0000164326  -0.0000052509
        0.0000001095  -0.0000152075   0.0000005897   0.0000002859  -0.0000107093
        0.0000022612   0.0000011520  -0.0000197141   0.0000037565  -0.0000006854
       -0.0000189612   0.0000093446  -0.0000004714   0.0002373050  -0.0000115991
       -0.0000000888  -0.0000257681  -0.0000046397   0.0000003785  -0.0000224835
       -0.0000059521   0.0000001973  -0.0000131246  -0.0000076813   0.0000001147
       -0.0000161305  -0.0000061968   0.0000001114  -0.0000197999   0.0000105798
       -0.0000004383  -0.0000148445   0.0000105066  -0.0000005028  -0.0000218716
        0.0000112811  -0.0000003325
       -0.0000099030  -0.0000385310  -0.0000010344   0.0000058739  -0.0000333419
        0.0000000124   0.0000093821  -0.0000167678   0.0000008126   0.0000220545
       -0.0000118138   0.0000023117  -0.0000032425  -0.0000081371  -0.0000003786
       -0.0000013504   0.0000077505   0.0000003276  -0.0000115991   0.0002094248
       -0.0000016076  -0.0000191872  -0.0000318439  -0.0000012767  -0.0000106937
       -0.0000368040  -0.0000010645   0.0000150823  -0.0000402758   0.0000003874
        0.0000065539  -0.0000348915   0.0000000490  -0.0000036638   0.0000102696
        0.0000002500   0.0000102795   0.0000112209   0.0000011081  -0.0000095866
        0.0000137410   0.0000001030
        0.0000021646  -0.0000028761  -0.0000498972  -0.0000032150   0.0000027303
       -0.0000291398  -0.0000004771   0.0000006802  -0.0000071269   0.0000020462
       -0.0000013723   0.0000117745  -0.0000016284   0.0000018584  -0.0000110725
        0.0000006050   0.0000003249   0.0000085282  -0.0000000888  -0.0000016076
        0.0001950724  -0.0000052215   0.0000034017  -0.0000515673   0.0000157244
       -0.0000144545  -0.0000485348   0.0000034934  -0.0000031872  -0.0000274907
       -0.0000167500   0.0000144941  -0.0000305218   0.0000136025  -0.0000109901
        0.0000093866  -0.0000019527   0.0000029303   0.0000236767  -0.0000083025
        0.0000080677   0.0000069125
       -0.0000243298  -0.0000114085  -0.0000026340  -0.0000155370  -0.0000086984
       -0.0000024843  -0.0000131491   0.0000009152   0.0000006008  -0.0000055160
        0.0000036348   0.0000029089  -0.0000205922   0.0000061818   0.0000003595
       -0.0000190084   0.0000153736   0.0000034811  -0.0000257681  -0.0000191872
       -0.0000052215   0.0002288631  -0.0000076940  -0.0000008796  -0.0000225710
       -0.0000091048  -0.0000020904  -0.0000090442  -0.0000125439  -0.0000038600
       -0.0000171173  -0.0000107966  -0.0000029136  -0.0000183691   0.0000179014
        0.0000042136  -0.0000126838   0.0000171741   0.0000035487  -0.0000251769
        0.0000182525   0.0000049709
       -0.0000040042  -0.0000261880   0.0000030139   0.0000023921  -0.0000261867
       -0.0000027356   0.0000039363  -0.0000181001  -0.0000036864   0.0000093755
       -0.0000152160  -0.0000089325  -0.0000014420  -0.0000146738   0.0000020227
       -0.0000007236  -0.0000071121   0.0000016566  -0.0000046397  -0.0000318439
        0.0000034017  -0.0000076940   0.0002342186   0.0000063917  -0.0000043582
       -0.0000208268   0.0000035819   0.0000062889  -0.0000266875  -0.0000063090
        0.0000025446  -0.0000315836  -0.0000032365  -0.0000016304  -0.0000014567
        0.0000027735   0.0000042355  -0.0000066220  -0.0000026399  -0.0000042807
       -0.0000077212   0.0000046980
        0.0000009159  -0.0000050627  -0.0000446452  -0.0000010674   0.0000054595
       -0.0000129185  -0.0000001302   0.0000014774  -0.0000006605   0.0000008496
       -0.0000019370   0.0000236722  -0.0000006303   0.0000028434  -0.0000198702
       -0.0000001306  -0.0000001490  -0.0000111318   0.0000003785  -0.0000012767
       -0.0000515673  -0.0000008796   0.0000063917   0.0002006853   0.0000048946
       -0.0000284120  -0.0000462795   0.0000009888  -0.0000053567   0.0000017273
       -0.0000053335   0.0000289368  -0.0000116815   0.0000038345  -0.0000225737
       -0.0000152116  -0.0000007099   0.0000048617   0.0000123496  -0.0000029803
        0.0000147972  -0.0000244683
       -0.0000230577  -0.0000069861   0.0000092786  -0.0000149787  -0.0000047639
        0.0000084775  -0.0000150882   0.0000007135  -0.0000001232  -0.0000118943
        0.0000023110  -0.0000020418  -0.0000189274   0.0000036029  -0.0000053467
       -0.0000194119   0.0000088895  -0.0000137697  -0.0000224835  -0.0000106937
        0.0000157244  -0.0000225710  -0.0000043582   0.0000048946   0.0002301802
       -0.0000077027   0.0000079142  -0.0000150686  -0.0000074894   0.0000128830
       -0.0000080883  -0.0000040311   0.0000097340  -0.0000266338   0.0000085786
       -0.0000157412  -0.0000140544   0.0000103164  -0.0000142382  -0.0000179224
        0.0000116132  -0.0000176456
       -0.0000054292  -0.0000334991  -0.0000136607   0.0000035332  -0.0000222320
        0.0000105140   0.0000052299  -0.0000164141   0.0000138931   0.0000121169
       -0.0000164941   0.0000314833  -0.0000017398  -0.0000106150  -0.0000048252
       -0.0000011566  -0.0000043959  -0.0000040737  -0.0000059521  -0.0000368040
       -0.0000144545  -0.0000091048  -0.0000208268  -0.0000284120  -0.0000077027
        0.0002086565  -0.0000159013   0.0000077465  -0.0000345738   0.0000250889
        0.0000054423  -0.0000040103   0.0000123628  -0.0000040356  -0.0000212120
       -0.0000086647   0.0000057411   0.0000015611   0.0000139173  -0.0000046890
        0.0000108596  -0.0000172672
        0.0000012580  -0.0000029551  -0.0000402537  -0.0000016691   0.0000029466
       -0.0000208020  -0.0000002284   0.0000008591  -0.0000078427   0.0000011968
       -0.0000009299   0.0000078456  -0.0000009341   0.0000016039  -0.0000157646
        0.0000000947   0.0000000748  -0.0000050359   0.0000001973  -0.0000010645
       -0.0000485348  -0.0000020904   0.0000035819  -0.0000462795   0.0000079142
       -0.0000159013   0.0002198315   0.0000016400  -0.0000031974  -0.0000149639
       -0.0000084852   0.0000159889  -0.0000208325   0.0000065706  -0.0000123785
       -0.0000062297  -0.0000010925   0.0000028748   0.0000092972  -0.0000043719
        0.0000084966  -0.0000104352
       -0.0000141395   0.0000091809   0.0000019571  -0.0000210402   0.0000069882
        0.0000017063  -0.0000229040  -0.0000007864  -0.0000002484  -0.0000289831
       -0.0000030842  -0.0000012206  -0.0000169660  -0.0000048730  -0.0000007404
       -0.0000180696  -0.0000123028  -0.0000026739  -0.0000131246   0.0000150823
        0.0000034934  -0.0000090442   0.0000062889   0.0000009888  -0.0000150686
        0.0000077465   0.0000016400   0.0002342830   0.0000100075   0.0000025741
       -0.0000201048   0.0000083253   0.0000019771  -0.0000182108  -0.0000140445
       -0.0000031081  -0.0000232212  -0.0000138029  -0.0000028293  -0.0000134064
       -0.0000147254  -0.0000035160
       -0.0000066183  -0.0000326207  -0.0000027994   0.0000039927  -0.0000277973
        0.0000016981   0.0000063057  -0.0000171645   0.0000026527   0.0000148027
       -0.0000142425   0.0000061917  -0.0000021767  -0.0000112376  -0.0000008893
       -0.0000010070  -0.0000009462  -0.0000004188  -0.0000076813  -0.0000402758
       -0.0000031872  -0.0000125439  -0.0000266875  -0.0000053567  -0.0000074894
       -0.0000345738  -0.0000031974   0.0000100075   0.0002264307   0.0000042679
        0.0000047165  -0.0000257349   0.0000020286  -0.0000028501  -0.0000022077
       -0.0000012206   0.0000068966   0.0000020417   0.0000029300  -0.0000063551
        0.0000050161  -0.0000026995
        0.0000019204   0.0000039992  -0.0000191752  -0.0000026944  -0.0000054380
       -0.0000420245  -0.0000005208  -0.0000012483  -0.0000328920   0.0000013662
        0.0000021287  -0.0000494131  -0.0000012973  -0.0000023605  -0.0000043271
        0.0000004815   0.0000009053   0.0000070799   0.0000001147   0.0000003874
       -0.0000274907  -0.0000038600  -0.0000063090   0.0000017273   0.0000128830
        0.0000250889  -0.0000149639   0.0000025741   0.0000042679   0.0001970306
       -0.0000136482  -0.0000266809  -0.0000457514   0.0000110213   0.0000212613
        0.0000145422  -0.0000017599  -0.0000035313  -0.0000101327  -0.0000065808
       -0.0000124706   0.0000257906
       -0.0000153064   0.0000044103  -0.0000099270  -0.0000215397   0.0000028041
       -0.0000090022  -0.0000209014  -0.0000004797   0.0000001310  -0.0000223919
       -0.0000014014   0.0000021056  -0.0000187182  -0.0000022647   0.0000057625
       -0.0000179535  -0.0000054522   0.0000146954  -0.0000161305   0.0000065539
       -0.0000167500  -0.0000171173   0.0000025446  -0.0000053335  -0.0000080883
        0.0000054423  -0.0000084852  -0.0000201048   0.0000047165  -0.0000136482
        0.0002315567   0.0000017695  -0.0000103335  -0.0000107090  -0.0000047092
        0.0000167759  -0.0000218675  -0.0000064511   0.0000152453  -0.0000207280
       -0.0000074830   0.0000187639
       -0.0000050459  -0.0000251114   0.0000136498   0.0000027815  -0.0000314900
       -0.0000113637   0.0000048863  -0.0000188353  -0.0000147164   0.0000117664
       -0.0000129969  -0.0000337974  -0.0000018394  -0.0000154401   0.0000059246
       -0.0000005822  -0.0000040330   0.0000052508  -0.0000061968  -0.0000348915
        0.0000144941  -0.0000107966  -0.0000315836   0.0000289368  -0.0000040311
       -0.0000040103   0.0000159889   0.0000083253  -0.0000257349  -0.0000266809
        0.0000017695   0.0002075828  -0.0000133269  -0.0000004601   0.0000168015
        0.0000100523   0.0000052422  -0.0000064855  -0.0000133770  -0.0000058191
       -0.0000137718   0.0000189649
        0.0000014538   0.0000018781  -0.0000235054  -0.0000020335  -0.0000027655
       -0.0000337138  -0.0000003849  -0.0000006352  -0.0000252671   0.0000010516
        0.0000009792  -0.0000322646  -0.0000009760  -0.0000010578  -0.0000091018
        0.0000003450   0.0000006055   0.0000003095   0.0000001114   0.0000000490
       -0.0000305218  -0.0000029136  -0.0000032365  -0.0000116815   0.0000097340
        0.0000123628  -0.0000208325   0.0000019771   0.0000020286  -0.0000457514
       -0.0000103335  -0.0000133269   0.0002241396   0.0000083150   0.0000107232
        0.0000047782  -0.0000013094  -0.0000015701  -0.0000074636  -0.0000050368
       -0.0000060345   0.0000108761
       -0.0000206285  -0.0000027600   0.0000078040  -0.0000165154  -0.0000016681
        0.0000072141  -0.0000171687   0.0000003628  -0.0000003419  -0.0000164780
        0.0000010221  -0.0000027560  -0.0000184040   0.0000013068  -0.0000039771
       -0.0000192141   0.0000032838  -0.0000114304  -0.0000197999  -0.0000036638
        0.0000136025  -0.0000183691  -0.0000016304   0.0000038345  -0.0000266338
       -0.0000040356   0.0000065706  -0.0000182108  -0.0000028501   0.0000110213
       -0.0000107090  -0.0000004601   0.0000083150   0.0002351667   0.0000023291
       -0.0000131879  -0.0000165163   0.0000039933  -0.0000117567  -0.0000165191
        0.0000047701  -0.0000149121
        0.0000088738  -0.0000034880  -0.0000104826  -0.0000051188  -0.0000009210
        0.0000091282  -0.0000085343  -0.0000192747   0.0000115770  -0.0000203048
       -0.0000263559   0.0000265924   0.0000030852  -0.0000263206  -0.0000048417
        0.0000011988  -0.0000433220  -0.0000044895   0.0000105798   0.0000102696
       -0.0000109901   0.0000179014  -0.0000014567  -0.0000225737   0.0000085786
       -0.0000212120  -0.0000123785  -0.0000140445  -0.0000022077   0.0000212613
       -0.0000047092   0.0000168015   0.0000107232   0.0000023291   0.0001989786
       -0.0000083224  -0.0000092445  -0.0000430838   0.0000101233   0.0000094092
       -0.0000384073  -0.0000153269
       -0.0000025121  -0.0000010571  -0.0000029030   0.0000033349   0.0000023377
        0.0000017096   0.0000006186   0.0000004101  -0.0000144624  -0.0000018210
       -0.0000009684  -0.0000115847   0.0000016602   0.0000006821  -0.0000324298
       -0.0000003586  -0.0000008781  -0.0000488453  -0.0000004383   0.0000002500
        0.0000093866   0.0000042136   0.0000027735  -0.0000152116  -0.0000157412
       -0.0000086647  -0.0000062297  -0.0000031081  -0.0000012206   0.0000145422
        0.0000167759   0.0000100523   0.0000047782  -0.0000131879  -0.0000083224
        0.0002062375   0.0000021992   0.0000006598  -0.0000451135   0.0000083649
        0.0000039458  -0.0000598740
       -0.0000152269   0.0000063471  -0.0000012381  -0.0000207091   0.0000046979
       -0.0000011568  -0.0000216267  -0.0000005644  -0.0000001242  -0.0000254691
       -0.0000020990  -0.0000002575  -0.0000177004  -0.0000033584   0.0000009763
       -0.0000181544  -0.0000084002   0.0000019670  -0.0000148445   0.0000102795
       -0.0000019527  -0.0000126838   0.0000042355  -0.0000007099  -0.0000140544
        0.0000057411  -0.0000010925  -0.0000232212   0.0000068966  -0.0000017599
       -0.0000218675   0.0000052422  -0.0000013094  -0.0000165163  -0.0000092445
        0.0000021992   0.0002381843  -0.0000095003   0.0000020181  -0.0000161101
       -0.0000102732   0.0000024404
        0.0000090816   0.0000005368   0.0000025971  -0.0000054872  -0.0000053582
       -0.0000013523  -0.0000087082  -0.0000204223  -0.0000021643  -0.0000204865
       -0.0000246278  -0.0000048267   0.0000030339  -0.0000286657   0.0000003822
        0.0000014549  -0.0000431645   0.0000000104   0.0000105066   0.0000112209
        0.0000029303   0.0000171741  -0.0000066220   0.0000048617   0.0000103164
        0.0000015611   0.0000028748  -0.0000138029   0.0000020417  -0.0000035313
       -0.0000064511  -0.0000064855  -0.0000015701   0.0000039933  -0.0000430838
        0.0000006598  -0.0000095003   0.0002132860  -0.0000029152   0.0000088754
       -0.0000502168   0.0000020436
       -0.0000023460   0.0000028057   0.0000103895   0.0000030327  -0.0000022371
       -0.0000086681   0.0000004927  -0.0000007604  -0.0000283739  -0.0000019263
        0.0000006627  -0.0000436019   0.0000016193  -0.0000014990  -0.0000270611
       -0.0000001607  -0.0000004692  -0.0000444627  -0.0000005028   0.0000011081
        0.0000236767   0.0000035487  -0.0000026399   0.0000123496  -0.0000142382
        0.0000139173   0.0000092972  -0.0000028293   0.0000029300  -0.0000101327
        0.0000152453  -0.0000133770  -0.0000074636  -0.0000117567   0.0000101233
       -0.0000451135   0.0000020181  -0.0000029152   0.0002018745   0.0000078032
       -0.0000076494  -0.0000427101
       -0.0000208728  -0.0000058707  -0.0000050497  -0.0000176684  -0.0000046580
       -0.0000043978  -0.0000159708   0.0000005089   0.0000000475  -0.0000116221
        0.0000021375   0.0000007925  -0.0000199637   0.0000030562   0.0000030785
       -0.0000189361   0.0000079736   0.0000073907  -0.0000218716  -0.0000095866
       -0.0000083025  -0.0000251769  -0.0000042807  -0.0000029803  -0.0000179224
       -0.0000046890  -0.0000043719  -0.0000134064  -0.0000063551  -0.0000065808
       -0.0000207280  -0.0000058191  -0.0000050368  -0.0000165191   0.0000094092
        0.0000083649  -0.0000161101   0.0000088754   0.0000078032   0.0002367683
        0.0000092985   0.0000092424
        0.0000098255   0.0000032571   0.0000073814  -0.0000060044  -0.0000060000
       -0.0000051145  -0.0000093887  -0.0000209832  -0.0000072236  -0.0000220006
       -0.0000245867  -0.0000165243   0.0000032264  -0.0000301034   0.0000024015
        0.0000016081  -0.0000447715   0.0000016479   0.0000112811   0.0000137410
        0.0000080677   0.0000182525  -0.0000077212   0.0000147972   0.0000116132
        0.0000108596   0.0000084966  -0.0000147254   0.0000050161  -0.0000124706
       -0.0000074830  -0.0000137718  -0.0000060345   0.0000047701  -0.0000384073
        0.0000039458  -0.0000102732  -0.0000502168  -0.0000076494   0.0000092985
        0.0002036882   0.0000082787
       -0.0000027310  -0.0000025102  -0.0000061378   0.0000037154   0.0000040768
        0.0000069747   0.0000006849   0.0000008198  -0.0000094798  -0.0000020259
       -0.0000017343  -0.0000005368   0.0000018463   0.0000015742  -0.0000351825
       -0.0000005010  -0.0000010209  -0.0000527750  -0.0000003325   0.0000001030
        0.0000069125   0.0000049709   0.0000046980  -0.0000244683  -0.0000176456
       -0.0000172672  -0.0000104352  -0.0000035160  -0.0000026995   0.0000257906
        0.0000187639   0.0000189649   0.0000108761  -0.0000149121  -0.0000153269
       -0.0000598740   0.0000024404   0.0000020436  -0.0000427101   0.0000092424
        0.0000082787   0.0001910455
