$hessian                                                                        
        0.5225336783   0.0207923161  -0.0053140912  -0.0733018953   0.0314909203
       -0.0154425403  -0.0095738495   0.0226137603  -0.0094668119  -0.0079474702
        0.0049627565   0.0027996522  -0.0014378084   0.0023317370  -0.0000367147
        0.0010457735   0.0004855858   0.0003816965  -0.2767429008   0.0257586834
        0.0381725574  -0.1066559094  -0.0880757912  -0.0616011713  -0.0537638019
       -0.0048798056   0.0452493211   0.0038074654  -0.0126059061   0.0044503979
        0.0022097088  -0.0029948688   0.0007709005  -0.0001278515   0.0000396454
       -0.0000020048  -0.0001429963   0.0000796020   0.0000442955   0.0000978574
        0.0000013647  -0.0000054869
        0.0207923161   0.4728019898   0.0192846919   0.0285785706  -0.1795311351
        0.0411354765   0.0111579933  -0.0063512901   0.0008193605   0.0016752900
       -0.0001524173   0.0004903338  -0.0010635638  -0.0016287841  -0.0004602670
       -0.0002134123  -0.0001987246  -0.0001301418   0.0263262548  -0.0446549220
       -0.0053774981  -0.0889728505  -0.1635313115  -0.0869181714  -0.0049739158
       -0.0448470887   0.0196182288   0.0049766335  -0.0251099847   0.0059682545
        0.0017802675  -0.0068181700   0.0055778307   0.0000031023   0.0000081878
        0.0000254747   0.0000549700  -0.0000243495  -0.0000008612  -0.0001216557
        0.0000380000  -0.0000327118
       -0.0053140912   0.0192846919   0.5199781532  -0.0134542294   0.0399493767
       -0.0787893823   0.0000421845  -0.0023568531   0.0012709324   0.0017790910
       -0.0005551258  -0.0000291302   0.0000729477  -0.0004642784   0.0000287066
        0.0000548659  -0.0000122010   0.0000683355   0.0381650935  -0.0054139089
       -0.0509092065  -0.0617888738  -0.0864355106  -0.1065113403   0.0453091039
        0.0189582489  -0.2766840947   0.0029121355  -0.0113128882   0.0045760323
       -0.0078141520   0.0283779332  -0.0129596496   0.0000202785   0.0000084852
       -0.0000152257   0.0000262264  -0.0000280349   0.0000125217  -0.0000105805
        0.0000000651  -0.0000366524
       -0.0733018953   0.0285785706  -0.0134542294   0.4610461263   0.0223808571
        0.0147512752  -0.1637674481   0.0254256255   0.0148875021  -0.0225504573
        0.0183112701   0.0057692163  -0.0418294225  -0.0137227916   0.0040136810
       -0.0003856320  -0.0028915567   0.0001388464  -0.0115008600   0.0291773584
       -0.0095438870   0.0044039592  -0.0132325224   0.0048804328   0.0014426431
       -0.0033023295  -0.0000658876  -0.1065498209  -0.0872043282  -0.0597379741
       -0.0462191926  -0.0037737167   0.0380244964  -0.0007052109   0.0000220748
       -0.0000346229   0.0006897091   0.0001089831   0.0001622136  -0.0007724981
        0.0001225056   0.0002089374
        0.0314909203  -0.1795311351   0.0399493767   0.0223808571   0.5093222286
        0.0196957309   0.0131614751  -0.0619757278  -0.0017628570   0.0449853450
       -0.0231544242  -0.0115001344  -0.0271609334   0.0011525857   0.0039986198
       -0.0034152523  -0.0034898042  -0.0004960273   0.0048932071  -0.0080313191
        0.0021174934   0.0047818204  -0.0271060490   0.0058868095   0.0015632702
       -0.0065354799   0.0058735432  -0.0862096685  -0.1610787746  -0.0785115263
       -0.0051359966  -0.0391619135   0.0147189874  -0.0003323253  -0.0000484113
       -0.0000828323   0.0000398521  -0.0005230041  -0.0000887793  -0.0010425713
        0.0001612286   0.0002015954
       -0.0154425403   0.0411354765  -0.0787893823   0.0147512752   0.0196957309
        0.4888446955   0.0089834229  -0.0019628379  -0.0720701356   0.0087911067
       -0.0093159944   0.0148321800   0.0008642361   0.0034784845   0.0050342868
        0.0004564949  -0.0010579457   0.0062376125   0.0000950206  -0.0019309189
        0.0013635033   0.0040162060  -0.0124472426   0.0047446218  -0.0083257091
        0.0289399312  -0.0123300962  -0.0592159400  -0.0796453096  -0.0948478911
        0.0451633835   0.0131394574  -0.2631528999  -0.0013502321   0.0001097359
        0.0000838931   0.0002456442   0.0000805661  -0.0000313541   0.0009676315
       -0.0002191333   0.0000809663
       -0.0095738495   0.0111579933   0.0000421845  -0.1637674481   0.0131614751
        0.0089834229   0.5567952625  -0.1681675019  -0.0578482351  -0.1803799199
        0.2355326417   0.0389277038  -0.1274945293  -0.0558677431   0.0004709559
       -0.0381664696  -0.0298600122  -0.0006796266   0.0003951472  -0.0001458634
       -0.0000868329   0.0009918798  -0.0012784037  -0.0007301867   0.0009093271
       -0.0006391450   0.0011807942  -0.0217023720  -0.0025578962   0.0024988250
       -0.0092475312   0.0011690960   0.0068301483  -0.0018541493  -0.0008221843
       -0.0006269308  -0.0006328188  -0.0014625929  -0.0002612878  -0.0062725290
       -0.0002198634   0.0012990655
        0.0226137603  -0.0063512901  -0.0023568531   0.0254256255  -0.0619757278
       -0.0019628379  -0.1681675019   0.8487437902   0.0953565139   0.2233621066
       -0.5875490322  -0.0834005282  -0.0726718415  -0.1993129208  -0.0091980748
       -0.0220778402   0.0091661176   0.0006120343   0.0009291267  -0.0046450721
        0.0016735400   0.0005191011  -0.0018460654  -0.0012303161   0.0008341098
        0.0003582051   0.0006671630  -0.0215519207   0.0017539488   0.0005058994
        0.0005235216   0.0018852315  -0.0010821721   0.0030632127   0.0002587103
       -0.0012901042   0.0047648530   0.0015249905   0.0013909597   0.0024336870
       -0.0020108856   0.0003147761
       -0.0094668119   0.0008193605   0.0012709324   0.0148875021  -0.0017628570
       -0.0720701356  -0.0578482351   0.0953565139   0.2106667654   0.0371399710
       -0.0854105522  -0.0795764298  -0.0006368175  -0.0120301896  -0.0519071823
        0.0003979257   0.0037469921  -0.0008286596  -0.0009571286   0.0025325287
       -0.0003846056   0.0002385142  -0.0008441791   0.0002441805  -0.0013049990
        0.0007009557  -0.0003141515  -0.0150682774   0.0012963928   0.0018514735
        0.0317139454  -0.0039956707  -0.0093751701   0.0031616323   0.0008243737
       -0.0009977954   0.0001447846  -0.0001397853   0.0019129517  -0.0024020059
       -0.0010938834  -0.0004921737
       -0.0079474702   0.0016752900   0.0017790910  -0.0225504573   0.0449853450
        0.0087911067  -0.1803799199   0.2233621066   0.0371399710   0.1937587917
       -0.2457537994  -0.0446232093   0.0140596081  -0.0208878999  -0.0008161023
       -0.0006868313  -0.0051389498  -0.0018766747  -0.0009537804   0.0023585549
       -0.0008466690  -0.0000790956  -0.0002357005   0.0000651574  -0.0000390988
       -0.0003237928   0.0000649323   0.0032419928   0.0009710498   0.0000988228
       -0.0019695846   0.0009841663   0.0002728401   0.0011637079   0.0003586286
       -0.0003571311   0.0009933822  -0.0010151266   0.0001381774   0.0013887554
       -0.0013398721   0.0001696876
        0.0049627565  -0.0001524173  -0.0005551258   0.0183112701  -0.0231544242
       -0.0093159944   0.2355326417  -0.5875490322  -0.0854105522  -0.2457537994
        0.7237513199   0.1085177123  -0.0138181003  -0.1110741497  -0.0162749780
        0.0025637956  -0.0020312486   0.0009935032   0.0011720956  -0.0014510679
        0.0005751020  -0.0005695307   0.0011158423   0.0002639372  -0.0002558919
       -0.0000051610   0.0000148503  -0.0010806234   0.0003508822   0.0016267180
        0.0008128676  -0.0009981140  -0.0000154127  -0.0005842439   0.0004464744
       -0.0000096745  -0.0018093825  -0.0001410587  -0.0008597320   0.0005161449
        0.0008921547   0.0004496467
        0.0027996522   0.0004903338  -0.0000291302   0.0057692163  -0.0115001344
        0.0148321800   0.0389277038  -0.0834005282  -0.0795764298  -0.0446232093
        0.1085177123   0.0440009032  -0.0009853693  -0.0145929204   0.0232995316
       -0.0004384480   0.0000988650  -0.0025967292   0.0002931883  -0.0009167422
        0.0003317542  -0.0000572767   0.0003421751   0.0000645102   0.0001687342
       -0.0002527711   0.0000934125   0.0008939461   0.0001731543  -0.0002338736
       -0.0028091087   0.0010807916   0.0011638921   0.0001689765  -0.0008923709
        0.0001206416   0.0000633285   0.0002370890  -0.0016139698  -0.0001713338
        0.0006153460   0.0001433073
       -0.0014378084  -0.0010635638   0.0000729477  -0.0418294225  -0.0271609334
        0.0008642361  -0.1274945293  -0.0726718415  -0.0006368175   0.0140596081
       -0.0138181003  -0.0009853693   0.4458845882   0.0585840619  -0.0337040715
       -0.1919892639   0.0430139964   0.0202591342  -0.0002081776  -0.0001376998
       -0.0000185642  -0.0015060836   0.0014610857   0.0004217738  -0.0000078914
        0.0001216411  -0.0007259216  -0.0071737319   0.0003543874   0.0011211047
       -0.0018083895  -0.0004860821   0.0002242559  -0.0271668323   0.0010166378
        0.0140651584  -0.0298038081   0.0125255280   0.0014329388  -0.0295182579
       -0.0017391174  -0.0023908056
        0.0023317370  -0.0016287841  -0.0004642784  -0.0137227916   0.0011525857
        0.0034784845  -0.0558677431  -0.1993129208  -0.0120301896  -0.0208878999
       -0.1110741497  -0.0145929204   0.0585840619   0.3906835839   0.0308506730
        0.0266769221  -0.0809813411  -0.0053072232   0.0004545993   0.0004927523
       -0.0001590956   0.0006947100   0.0013151867   0.0007262758  -0.0003191924
        0.0003174184  -0.0009453425   0.0008883097   0.0007186082  -0.0000401437
       -0.0005029176  -0.0004825601  -0.0002806526  -0.0075870969   0.0025791995
        0.0006435697   0.0321437136  -0.0068827223  -0.0042784612  -0.0228864120
        0.0031031434   0.0023993042
       -0.0000367147  -0.0004602670   0.0000287066   0.0040136810   0.0039986198
        0.0050342868   0.0004709559  -0.0091980748  -0.0519071823  -0.0008161023
       -0.0162749780   0.0232995316  -0.0337040715   0.0308506730   0.0743693487
        0.0185236704  -0.0077852278  -0.0588173257  -0.0001099611  -0.0001591233
        0.0002226094   0.0000053079   0.0002491207  -0.0003785326   0.0003496134
       -0.0000281896   0.0007280336   0.0009053799  -0.0001094629   0.0003966521
       -0.0007910680  -0.0004639108   0.0003230844   0.0335072917  -0.0023666471
       -0.0010751248  -0.0052765574  -0.0006100957   0.0023934916  -0.0170414252
        0.0023575634   0.0053824207
        0.0010457735  -0.0002134123   0.0000548659  -0.0003856320  -0.0034152523
        0.0004564949  -0.0381664696  -0.0220778402   0.0003979257  -0.0006868313
        0.0025637956  -0.0004384480  -0.1919892639   0.0266769221   0.0185236704
        0.4095284763   0.0202247020   0.0120470396   0.0003403909  -0.0000230174
       -0.0001009697  -0.0005563292   0.0001506390   0.0000734883  -0.0003484571
       -0.0000038195   0.0000289144  -0.0011663560   0.0003525954   0.0006663739
       -0.0010523501  -0.0000831083  -0.0001763941  -0.0474133388  -0.0129308183
        0.0456438621  -0.0513888409   0.0556845303  -0.0125949351  -0.0777607719
       -0.0669059160  -0.0645818883
        0.0004855858  -0.0001987246  -0.0000122010  -0.0028915567  -0.0034898042
       -0.0010579457  -0.0298600122   0.0091661176   0.0037469921  -0.0051389498
       -0.0020312486   0.0000988650   0.0430139964  -0.0809813411  -0.0077852278
        0.0202247020   0.5272770180   0.0073694666   0.0001065192   0.0001151979
        0.0000331299   0.0002195934   0.0001604175   0.0000864278   0.0000382675
       -0.0000032846  -0.0000800941  -0.0012859899   0.0000055553   0.0002656115
       -0.0001769691  -0.0000091483   0.0001565717  -0.0119261234  -0.0556785042
        0.0496492773   0.0504650511  -0.2495206998   0.0472984277  -0.0632741143
       -0.1448115509  -0.0997693009
        0.0003816965  -0.0001301418   0.0000683355   0.0001388464  -0.0004960273
        0.0062376125  -0.0006796266   0.0006120343  -0.0008286596  -0.0018766747
        0.0009935032  -0.0025967292   0.0202591342  -0.0053072232  -0.0588173257
        0.0120470396   0.0073694666   0.5041741766   0.0000237832  -0.0001037125
       -0.0000182222   0.0000147432  -0.0000272831   0.0000900433  -0.0000708063
        0.0000818420  -0.0002915542   0.0006658327  -0.0001915503   0.0000712350
       -0.0012460317   0.0001229089   0.0001715964   0.0431175383   0.0493640114
       -0.2522189235  -0.0113483373   0.0468783896  -0.0550916030  -0.0614271375
       -0.0991662180  -0.1409499821
       -0.2767429008   0.0263262548   0.0381650935  -0.0115008600   0.0048932071
        0.0000950206   0.0003951472   0.0009291267  -0.0009571286  -0.0009537804
        0.0011720956   0.0002931883  -0.0002081776   0.0004545993  -0.0001099611
        0.0003403909   0.0001065192   0.0000237832   0.3190045631  -0.0326150057
       -0.0438801889  -0.0212886137  -0.0009418211   0.0018675694  -0.0097703018
        0.0003216842   0.0042684691   0.0005200482  -0.0003208022   0.0003246553
        0.0002313109  -0.0004065344  -0.0000970151  -0.0000058123   0.0000059945
       -0.0000012377  -0.0000259717   0.0000805388   0.0000094604   0.0000049578
       -0.0000058570  -0.0000017083
        0.0257586834  -0.0446549220  -0.0054139089   0.0291773584  -0.0080313191
       -0.0019309189  -0.0001458634  -0.0046450721   0.0025325287   0.0023585549
       -0.0014510679  -0.0009167422  -0.0001376998   0.0004927523  -0.0001591233
       -0.0000230174   0.0001151979  -0.0001037125  -0.0326150057   0.0541530611
        0.0039678011  -0.0230635675   0.0017015144   0.0027245202  -0.0017386175
        0.0010682618  -0.0001228633   0.0006061972   0.0005411913  -0.0002576859
       -0.0000463118   0.0006776850  -0.0003161285   0.0000091933  -0.0000082460
       -0.0000249090  -0.0001187155   0.0000193731  -0.0000052929  -0.0000211886
        0.0000215903   0.0000264354
        0.0381725574  -0.0053774981  -0.0509092065  -0.0095438870   0.0021174934
        0.0013635033  -0.0000868329   0.0016735400  -0.0003846056  -0.0008466690
        0.0005751020   0.0003317542  -0.0000185642  -0.0001590956   0.0002226094
       -0.0001009697   0.0000331299  -0.0000182222  -0.0438801889   0.0039678011
        0.0552477813  -0.0169204720   0.0003359135   0.0025163814   0.0335832260
       -0.0029189706  -0.0088482964   0.0002702282  -0.0003317495   0.0001308141
       -0.0006458890   0.0000673726   0.0002883604  -0.0000096643  -0.0000069855
        0.0000137370   0.0000122076   0.0000142191   0.0000290629   0.0000149176
        0.0000097276   0.0000163267
       -0.1066559094  -0.0889728505  -0.0617888738   0.0044039592   0.0047818204
        0.0040162060   0.0009918798   0.0005191011   0.0002385142  -0.0000790956
       -0.0005695307  -0.0000572767  -0.0015060836   0.0006947100   0.0000053079
       -0.0005563292   0.0002195934   0.0000147432  -0.0212886137  -0.0230635675
       -0.0169204720   0.1211118323   0.1011994309   0.0721507525   0.0031523603
        0.0035537317   0.0025435420   0.0003287754   0.0018907177  -0.0002849369
        0.0001148510  -0.0002655421   0.0001226432   0.0000449335   0.0000243933
        0.0000040908   0.0000167161  -0.0000263356  -0.0000057917  -0.0000792759
        0.0000143278  -0.0000384489
       -0.0880757912  -0.1635313115  -0.0864355106  -0.0132325224  -0.0271060490
       -0.0124472426  -0.0012784037  -0.0018460654  -0.0008441791  -0.0002357005
        0.0011158423   0.0003421751   0.0014610857   0.0013151867   0.0002491207
        0.0001506390   0.0001604175  -0.0000272831  -0.0009418211   0.0017015144
        0.0003359135   0.1011994309   0.1924033668   0.0988365212  -0.0001543058
        0.0008940519  -0.0017129516   0.0018052236  -0.0058540728   0.0020670106
       -0.0003480808   0.0006926394  -0.0004352808  -0.0001191783  -0.0000156695
        0.0000536738  -0.0001835067   0.0000525671  -0.0000068782  -0.0000470687
        0.0000175824   0.0000249110
       -0.0616011713  -0.0869181714  -0.1065113403   0.0048804328   0.0058868095
        0.0047446218  -0.0007301867  -0.0012303161   0.0002441805   0.0000651574
        0.0002639372   0.0000645102   0.0004217738   0.0007262758  -0.0003785326
        0.0000734883   0.0000864278   0.0000900433   0.0018675694   0.0027245202
        0.0025163814   0.0721507525   0.0988365212   0.1195936956  -0.0169663371
       -0.0233158752  -0.0214550808  -0.0004253123   0.0022762885   0.0004382882
        0.0003712274   0.0006485325   0.0006982976   0.0000168633  -0.0000574033
       -0.0000675704  -0.0000933292   0.0000688062   0.0000007466  -0.0000309282
        0.0000036471   0.0000217590
       -0.0537638019  -0.0049739158   0.0453091039   0.0014426431   0.0015632702
       -0.0083257091   0.0009093271   0.0008341098  -0.0013049990  -0.0000390988
       -0.0002558919   0.0001687342  -0.0000078914  -0.0003191924   0.0003496134
       -0.0003484571   0.0000382675  -0.0000708063  -0.0097703018  -0.0017386175
        0.0335832260   0.0031523603  -0.0001543058  -0.0169663371   0.0582228816
        0.0035614400  -0.0521528592   0.0000354281  -0.0003343875   0.0003450754
        0.0001952233   0.0017577504  -0.0009504057  -0.0000933384   0.0000119405
        0.0000190656   0.0000314115  -0.0000114336  -0.0000043710   0.0000336144
        0.0000209662   0.0000006688
       -0.0048798056  -0.0448470887   0.0189582489  -0.0033023295  -0.0065354799
        0.0289399312  -0.0006391450   0.0003582051   0.0007009557  -0.0003237928
       -0.0000051610  -0.0002527711   0.0001216411   0.0003174184  -0.0000281896
       -0.0000038195  -0.0000032846   0.0000818420   0.0003216842   0.0010682618
       -0.0029189706   0.0035537317   0.0008940519  -0.0233158752   0.0035614400
        0.0534205727  -0.0256511048  -0.0001720329   0.0006321598   0.0005297313
        0.0018344981  -0.0053041806   0.0029619602  -0.0000303266   0.0000240880
       -0.0000095459  -0.0000174304  -0.0000083389   0.0000440685  -0.0000243128
       -0.0000112238  -0.0000402807
        0.0452493211   0.0196182288  -0.2766840947  -0.0000658876   0.0058735432
       -0.0123300962   0.0011807942   0.0006671630  -0.0003141515   0.0000649323
        0.0000148503   0.0000934125  -0.0007259216  -0.0009453425   0.0007280336
        0.0000289144  -0.0000800941  -0.0002915542   0.0042684691  -0.0001228633
       -0.0088482964   0.0025435420  -0.0017129516  -0.0214550808  -0.0521528592
       -0.0256511048   0.3186359418   0.0001916513  -0.0003935852   0.0005036682
       -0.0007547101   0.0027699950  -0.0000541748   0.0000283890  -0.0000217666
        0.0000551271   0.0001125032  -0.0000552659  -0.0000127231   0.0000308618
        0.0000391936  -0.0000260115
        0.0038074654   0.0049766335   0.0029121355  -0.1065498209  -0.0862096685
       -0.0592159400  -0.0217023720  -0.0215519207  -0.0150682774   0.0032419928
       -0.0010806234   0.0008939461  -0.0071737319   0.0008883097   0.0009053799
       -0.0011663560  -0.0012859899   0.0006658327   0.0005200482   0.0006061972
        0.0002702282   0.0003287754   0.0018052236  -0.0004253123   0.0000354281
       -0.0001720329   0.0001916513   0.1254756488   0.1000412500   0.0676151803
        0.0034770259   0.0021299087   0.0012117711  -0.0002782127  -0.0000480122
       -0.0000098377   0.0001460021  -0.0001294633  -0.0000246001  -0.0001618933
        0.0000301880   0.0000778423
       -0.0126059061  -0.0251099847  -0.0113128882  -0.0872043282  -0.1610787746
       -0.0796453096  -0.0025578962   0.0017539488   0.0012963928   0.0009710498
        0.0003508822   0.0001731543   0.0003543874   0.0007186082  -0.0001094629
        0.0003525954   0.0000055553  -0.0001915503  -0.0003208022   0.0005411913
       -0.0003317495   0.0018907177  -0.0058540728   0.0022762885  -0.0003343875
        0.0006321598  -0.0003935852   0.1000412500   0.1875541504   0.0905421114
       -0.0006837113   0.0004529703  -0.0022904194   0.0000537116  -0.0000274852
       -0.0000225993  -0.0000092493   0.0000452234  -0.0000152338   0.0000525689
        0.0000156276   0.0000248514
        0.0044503979   0.0059682545   0.0045760323  -0.0597379741  -0.0785115263
       -0.0948478911   0.0024988250   0.0005058994   0.0018514735   0.0000988228
        0.0016267180  -0.0002338736   0.0011211047  -0.0000401437   0.0003966521
        0.0006663739   0.0002656115   0.0000712350   0.0003246553  -0.0002576859
        0.0001308141  -0.0002849369   0.0020670106   0.0004382882   0.0003450754
        0.0005297313   0.0005036682   0.0676151803   0.0905421114   0.1076815574
       -0.0171129562  -0.0227305802  -0.0206189629  -0.0000284647   0.0000262954
        0.0000554204  -0.0000532757  -0.0000010321  -0.0000159342   0.0000971723
        0.0000093361   0.0000115205
        0.0022097088   0.0017802675  -0.0078141520  -0.0462191926  -0.0051359966
        0.0451633835  -0.0092475312   0.0005235216   0.0317139454  -0.0019695846
        0.0008128676  -0.0028091087  -0.0018083895  -0.0005029176  -0.0007910680
       -0.0010523501  -0.0001769691  -0.0012460317   0.0002313109  -0.0000463118
       -0.0006458890   0.0001148510  -0.0003480808   0.0003712274   0.0001952233
        0.0018344981  -0.0007547101   0.0034770259  -0.0006837113  -0.0171129562
        0.0540628302   0.0019361821  -0.0460253140   0.0003047746   0.0000348959
       -0.0001084455   0.0000256895  -0.0000415237   0.0000731715  -0.0003243662
        0.0000132779  -0.0000140526
       -0.0029948688  -0.0068181700   0.0283779332  -0.0037737167  -0.0391619135
        0.0131394574   0.0011690960   0.0018852315  -0.0039956707   0.0009841663
       -0.0009981140   0.0010807916  -0.0004860821  -0.0004825601  -0.0004639108
       -0.0000831083  -0.0000091483   0.0001229089  -0.0004065344   0.0006776850
        0.0000673726  -0.0002655421   0.0006926394   0.0006485325   0.0017577504
       -0.0053041806   0.0027699950   0.0021299087   0.0004529703  -0.0227305802
        0.0019361821   0.0491026582  -0.0189881793   0.0000073489  -0.0000018563
       -0.0000092864   0.0000342152  -0.0000060451  -0.0000469738  -0.0000088153
       -0.0000291963   0.0000276099
        0.0007709005   0.0055778307  -0.0129596496   0.0380244964   0.0147189874
       -0.2631528999   0.0068301483  -0.0010821721  -0.0093751701   0.0002728401
       -0.0000154127   0.0011638921   0.0002242559  -0.0002806526   0.0003230844
       -0.0001763941   0.0001565717   0.0001715964  -0.0000970151  -0.0003161285
        0.0002883604   0.0001226432  -0.0004352808   0.0006982976  -0.0009504057
        0.0029619602  -0.0000541748   0.0012117711  -0.0022904194  -0.0206189629
       -0.0460253140  -0.0189881793   0.3034283315  -0.0001480079  -0.0000131820
        0.0000759872  -0.0000521001   0.0000151004  -0.0000234416  -0.0000078187
       -0.0000090229   0.0000347494
       -0.0001278515   0.0000031023   0.0000202785  -0.0007052109  -0.0003323253
       -0.0013502321  -0.0018541493   0.0030632127   0.0031616323   0.0011637079
       -0.0005842439   0.0001689765  -0.0271668323  -0.0075870969   0.0335072917
       -0.0474133388  -0.0119261234   0.0431175383  -0.0000058123   0.0000091933
       -0.0000096643   0.0000449335  -0.0001191783   0.0000168633  -0.0000933384
       -0.0000303266   0.0000283890  -0.0002782127   0.0000537116  -0.0000284647
        0.0003047746   0.0000073489  -0.0001480079   0.0695057791   0.0141699228
       -0.0613281283   0.0029347674   0.0008607504  -0.0057233423   0.0036907836
        0.0024120524  -0.0114331301
        0.0000396454   0.0000081878   0.0000084852   0.0000220748  -0.0000484113
        0.0001097359  -0.0008221843   0.0002587103   0.0008243737   0.0003586286
        0.0004464744  -0.0008923709   0.0010166378   0.0025791995  -0.0023666471
       -0.0129308183  -0.0556785042   0.0493640114   0.0000059945  -0.0000082460
       -0.0000069855   0.0000243933  -0.0000156695  -0.0000574033   0.0000119405
        0.0000240880  -0.0000217666  -0.0000480122  -0.0000274852   0.0000262954
        0.0000348959  -0.0000018563  -0.0000131820   0.0141699228   0.0579976768
       -0.0568081825  -0.0046037923  -0.0094213083   0.0305648868   0.0027206735
        0.0038871441  -0.0207312505
       -0.0000020048   0.0000254747  -0.0000152257  -0.0000346229  -0.0000828323
        0.0000838931  -0.0006269308  -0.0012901042  -0.0009977954  -0.0003571311
       -0.0000096745   0.0001206416   0.0140651584   0.0006435697  -0.0010751248
        0.0456438621   0.0496492773  -0.2522189235  -0.0000012377  -0.0000249090
        0.0000137370   0.0000040908   0.0000536738  -0.0000675704   0.0000190656
       -0.0000095459   0.0000551271  -0.0000098377  -0.0000225993   0.0000554204
       -0.0001084455  -0.0000092864   0.0000759872  -0.0613281283  -0.0568081825
        0.2884964010   0.0007899686   0.0044602674  -0.0099550659   0.0019461932
        0.0034248713  -0.0245715017
       -0.0001429963   0.0000549700   0.0000262264   0.0006897091   0.0000398521
        0.0002456442  -0.0006328188   0.0047648530   0.0001447846   0.0009933822
       -0.0018093825   0.0000633285  -0.0298038081   0.0321437136  -0.0052765574
       -0.0513888409   0.0504650511  -0.0113483373  -0.0000259717  -0.0001187155
        0.0000122076   0.0000167161  -0.0001835067  -0.0000933292   0.0000314115
       -0.0000174304   0.0001125032   0.0001460021  -0.0000092493  -0.0000532757
        0.0000256895   0.0000342152  -0.0000521001   0.0029347674  -0.0046037923
        0.0007899686   0.0732005410  -0.0694676358   0.0131039478   0.0039562169
       -0.0112929423   0.0023249889
        0.0000796020  -0.0000243495  -0.0000280349   0.0001089831  -0.0005230041
        0.0000805661  -0.0014625929   0.0015249905  -0.0001397853  -0.0010151266
       -0.0001410587   0.0002370890   0.0125255280  -0.0068827223  -0.0006100957
        0.0556845303  -0.2495206998   0.0468783896   0.0000805388   0.0000193731
        0.0000142191  -0.0000263356   0.0000525671   0.0000688062  -0.0000114336
       -0.0000083389  -0.0000552659  -0.0001294633   0.0000452234  -0.0000010321
       -0.0000415237  -0.0000060451   0.0000151004   0.0008607504  -0.0094213083
        0.0044602674  -0.0694676358   0.2869276596  -0.0541113157   0.0028141790
       -0.0220422870   0.0031910918
        0.0000442955  -0.0000008612   0.0000125217   0.0001622136  -0.0000887793
       -0.0000313541  -0.0002612878   0.0013909597   0.0019129517   0.0001381774
       -0.0008597320  -0.0016139698   0.0014329388  -0.0042784612   0.0023934916
       -0.0125949351   0.0472984277  -0.0550916030   0.0000094604  -0.0000052929
        0.0000290629  -0.0000057917  -0.0000068782   0.0000007466  -0.0000043710
        0.0000440685  -0.0000127231  -0.0000246001  -0.0000152338  -0.0000159342
        0.0000731715  -0.0000469738  -0.0000234416  -0.0057233423   0.0305648868
       -0.0099550659   0.0131039478  -0.0541113157   0.0585886941   0.0036501231
       -0.0198848144   0.0038066233
        0.0000978574  -0.0001216557  -0.0000105805  -0.0007724981  -0.0010425713
        0.0009676315  -0.0062725290   0.0024336870  -0.0024020059   0.0013887554
        0.0005161449  -0.0001713338  -0.0295182579  -0.0228864120  -0.0170414252
       -0.0777607719  -0.0632741143  -0.0614271375   0.0000049578  -0.0000211886
        0.0000149176  -0.0000792759  -0.0000470687  -0.0000309282   0.0000336144
       -0.0000243128   0.0000308618  -0.0001618933   0.0000525689   0.0000971723
       -0.0003243662  -0.0000088153  -0.0000078187   0.0036907836   0.0027206735
        0.0019461932   0.0039562169   0.0028141790   0.0036501231   0.1057174068
        0.0788888854   0.0743843302
        0.0000013647   0.0000380000   0.0000000651   0.0001225056   0.0001612286
       -0.0002191333  -0.0002198634  -0.0020108856  -0.0010938834  -0.0013398721
        0.0008921547   0.0006153460  -0.0017391174   0.0031031434   0.0023575634
       -0.0669059160  -0.1448115509  -0.0991662180  -0.0000058570   0.0000215903
        0.0000097276   0.0000143278   0.0000175824   0.0000036471   0.0000209662
       -0.0000112238   0.0000391936   0.0000301880   0.0000156276   0.0000093361
        0.0000132779  -0.0000291963  -0.0000090229   0.0024120524   0.0038871441
        0.0034248713  -0.0112929423  -0.0220422870  -0.0198848144   0.0788888854
        0.1607686725   0.1139133219
       -0.0000054869  -0.0000327118  -0.0000366524   0.0002089374   0.0002015954
        0.0000809663   0.0012990655   0.0003147761  -0.0004921737   0.0001696876
        0.0004496467   0.0001433073  -0.0023908056   0.0023993042   0.0053824207
       -0.0645818883  -0.0997693009  -0.1409499821  -0.0000017083   0.0000264354
        0.0000163267  -0.0000384489   0.0000249110   0.0000217590   0.0000006688
       -0.0000402807  -0.0000260115   0.0000778423   0.0000248514   0.0000115205
       -0.0000140526   0.0000276099   0.0000347494  -0.0114331301  -0.0207312505
       -0.0245715017   0.0023249889   0.0031910918   0.0038066233   0.0743843302
        0.1139133219   0.1565786483
