           1           2   1.0158164610927443     
           2           3  0.97194407212579714     
           3           4   1.7498646432291887     
           3           5   1.1346842086566939     
           4           5  0.17362703048854472     
           5           6  0.95773508966835741     
           1           7  0.98621074720205493     
           1           8  0.98591869458471171     
           1           9  0.98778555947616753     
           2          10  0.96830546863260958     
           2          11  0.94769311594172401     
           6          12  0.97678651904929925     
           6          13  0.97482441873738379     
           6          14  0.97992772332283673     
