$hessian                                                                        
        0.4709094724   0.0398132822   0.0202332297  -0.1462713724   0.0432287461
        0.0149261858  -0.0043414701   0.0166591553   0.0068700473  -0.0484188908
        0.0093020070  -0.0017670285  -0.0022158211  -0.0028130281  -0.0027581050
       -0.0406878263  -0.0109674273   0.0023407738  -0.1806320598  -0.0987728866
       -0.0757764275  -0.0468278203   0.0013848509   0.0347679631   0.0000850488
        0.0015375256   0.0010510736  -0.0011553704   0.0003881884   0.0000612396
        0.0009682353  -0.0002607616  -0.0000332287  -0.0014121255   0.0005003479
        0.0000842769
        0.0398132822   0.5034036504   0.0116310588   0.0364445709  -0.0842602804
       -0.0036577974   0.0359046981  -0.0325400206  -0.0244472227  -0.0039258554
        0.0074831487   0.0012268047  -0.0019636126   0.0014492252  -0.0029457076
       -0.0073396903  -0.2412871101   0.0918725943  -0.0975567946  -0.1139682921
       -0.0535445643   0.0002276354  -0.0402618259  -0.0203773710  -0.0005078908
       -0.0000438307   0.0004685378   0.0004593461  -0.0001145161  -0.0001841066
       -0.0006792446  -0.0001811520  -0.0001933937  -0.0008764446   0.0003210034
        0.0001511676
        0.0202332297   0.0116310588   0.5027383494   0.0109803917  -0.0027387727
       -0.0696691835   0.0182361414  -0.0271058295   0.0038582814  -0.0095301730
        0.0030575923   0.0048601495  -0.0022859694  -0.0030838058   0.0038969691
       -0.0001906980   0.0953520159  -0.0822214961  -0.0750581634  -0.0537079810
       -0.0859449869   0.0386751313  -0.0241497694  -0.2770540853  -0.0001652518
        0.0007456871  -0.0005060299  -0.0014185279   0.0005746245   0.0001554849
       -0.0002783494  -0.0001430482  -0.0001237715   0.0008022389  -0.0004317721
        0.0000103188
       -0.1462713724   0.0364445709   0.0109803917   0.5279863450  -0.0153504951
        0.0386194295  -0.0840051443   0.0483628175   0.0256142751  -0.2388260139
       -0.0797058884  -0.0754375191  -0.0342980378  -0.0063185906  -0.0076224003
        0.0010140121   0.0028504813   0.0006362866  -0.0252219032   0.0081367494
        0.0012715745  -0.0042152578   0.0047081817   0.0036034200   0.0074620105
        0.0000838973   0.0021968613  -0.0021218227   0.0011669783  -0.0010271604
       -0.0002392341   0.0000369862  -0.0001880673  -0.0012635815  -0.0004156885
        0.0013529082
        0.0432287461  -0.0842602804  -0.0027387727  -0.0153504951   0.7425675867
        0.3299251968   0.0432555917  -0.5174761738  -0.2621369225  -0.0835257871
       -0.1144603493  -0.0606500906   0.0031510556   0.0079709829   0.0081961502
        0.0231265401  -0.0184245828  -0.0025175613  -0.0139257574   0.0076405145
        0.0022922993   0.0021925693  -0.0015225733  -0.0043105246  -0.0163255322
       -0.0188068076  -0.0087199407   0.0026658703  -0.0010176805  -0.0009373099
        0.0046935296   0.0006505173   0.0001998217   0.0068136691  -0.0028611537
        0.0013976544
        0.0149261858  -0.0036577974  -0.0696691835   0.0386194295   0.3299251968
        0.3788892993   0.0226153797  -0.2614151747  -0.2137532836  -0.0774253630
       -0.0599078675  -0.0772291140  -0.0021705769   0.0068241293  -0.0013079890
       -0.0115764587   0.0056001221   0.0029279743  -0.0115712712   0.0052180391
        0.0020457833   0.0261839784  -0.0147971117  -0.0087275827  -0.0076423004
       -0.0066424763  -0.0125332637   0.0066092544  -0.0005392651  -0.0016331456
        0.0025846940  -0.0003893284   0.0014076959  -0.0011529516  -0.0002184663
       -0.0004171907
       -0.0043414701   0.0359046981   0.0182361414  -0.0840051443   0.0432555917
        0.0226153797   0.0929938630  -0.0366792118  -0.0127154865   0.0013159197
       -0.0394292701  -0.0249359713  -0.0008522151  -0.0028316580  -0.0016202066
       -0.0038736946   0.0034807572   0.0011507490   0.0034889225  -0.0005268438
        0.0002593696  -0.0035603213   0.0028081800   0.0014887929  -0.0048205875
       -0.0039826495  -0.0039274103   0.0013923515  -0.0004547423  -0.0004236898
        0.0010087115  -0.0007572681  -0.0001242922   0.0012536647  -0.0007875834
       -0.0000033759
        0.0166591553  -0.0325400206  -0.0271058295   0.0483628175  -0.5174761738
       -0.2614151747  -0.0366792118   0.6099635750   0.3381626745  -0.0238568404
       -0.0570809676  -0.0445963335   0.0009107922  -0.0015914351  -0.0003006090
        0.0022767379  -0.0006405588  -0.0011996684  -0.0015890238   0.0010272480
        0.0008112168   0.0040066821  -0.0034226111  -0.0005162634  -0.0071174046
        0.0007330871  -0.0046403520  -0.0006032123   0.0007482701   0.0006457085
       -0.0015569913  -0.0003800330   0.0004170496  -0.0008135009   0.0006596200
       -0.0002624190
        0.0068700473  -0.0244472227   0.0038582814   0.0256142751  -0.2621369225
       -0.2137532836  -0.0127154865   0.3381626745   0.2252441624  -0.0156842391
       -0.0467876313  -0.0165024860   0.0005710701  -0.0007451414  -0.0013642246
        0.0029722297  -0.0021484863  -0.0013686742  -0.0003736412   0.0009842166
       -0.0002448850  -0.0003133372   0.0004034047   0.0010178203  -0.0057996200
       -0.0042071168   0.0036938805  -0.0005415819  -0.0001794894   0.0002107049
       -0.0006164710   0.0004909137  -0.0011578651   0.0000167548   0.0006108011
        0.0003665689
       -0.0484188908  -0.0039258554  -0.0095301730  -0.2388260139  -0.0835257871
       -0.0774253630   0.0013159197  -0.0238568404  -0.0156842391   0.6289492686
       -0.0108241583   0.0733499169  -0.2101306569   0.0530191840   0.0081927113
       -0.0010097581  -0.0006833059  -0.0008285849  -0.0064868228   0.0030625813
        0.0008015946  -0.0007665944  -0.0009972027  -0.0006201352  -0.0528940221
        0.0401885808   0.0169451328  -0.0374782641   0.0059642870   0.0089529103
       -0.0042193610   0.0077426742   0.0039817394  -0.0300348041   0.0138358424
       -0.0081355101
        0.0093020070   0.0074831487   0.0030575923  -0.0797058884  -0.1144603493
       -0.0599078675  -0.0394292701  -0.0570809676  -0.0467876313  -0.0108241583
        0.5587992064   0.2993049152   0.0553499508  -0.0936951163  -0.0206609184
        0.0000725465   0.0009584884  -0.0005714543   0.0029664553  -0.0008179053
       -0.0005700774   0.0010833599  -0.0002237143   0.0001441546   0.0390902864
       -0.2933430016  -0.1670887450  -0.0141975524   0.0104227273  -0.0010808040
        0.0286908555  -0.0173517636  -0.0066658238   0.0076014078  -0.0006907528
        0.0008266597
       -0.0017670285   0.0012268047   0.0048601495  -0.0754375191  -0.0606500906
       -0.0772291140  -0.0249359713  -0.0445963335  -0.0165024860   0.0733499169
        0.2993049152   0.2378864454   0.0097033554  -0.0210017623  -0.0566928405
        0.0010853693  -0.0007884231   0.0001684204   0.0007312410  -0.0005609376
        0.0006159181  -0.0008572902  -0.0000242859   0.0011273921   0.0163728970
       -0.1667173215  -0.1001825333   0.0109633897  -0.0054954268   0.0025611327
        0.0165744498  -0.0096583655  -0.0027508201  -0.0257828101   0.0089612268
        0.0061383357
       -0.0022158211  -0.0019636126  -0.0022859694  -0.0342980378   0.0031510556
       -0.0021705769  -0.0008522151   0.0009107922   0.0005710701  -0.2101306569
        0.0553499508   0.0097033554   0.4714292484   0.0296495383   0.0143929541
       -0.0002715049  -0.0000320457   0.0000584207  -0.0011749412   0.0009482785
        0.0003250520  -0.0000807946  -0.0000366067  -0.0001460180  -0.0039831451
        0.0027814459   0.0016882937  -0.1089322116  -0.0872658952   0.0600129308
       -0.0422865779  -0.0144249106  -0.0083931664  -0.0672033420   0.0109320096
       -0.0737563460
       -0.0028130281   0.0014492252  -0.0030838058  -0.0063185906   0.0079709829
        0.0068241293  -0.0028316580  -0.0015914351  -0.0007451414   0.0530191840
       -0.0936951163  -0.0210017623   0.0296495383   0.5085541738   0.0132673135
       -0.0003613220   0.0003232774  -0.0000425861  -0.0004839983   0.0004239252
       -0.0000668074   0.0002201701  -0.0002282193   0.0000782698   0.0233639133
       -0.0104179105  -0.0004543160  -0.0866421551  -0.1457957895   0.0747803485
       -0.0193304679  -0.2165727441  -0.1064866573   0.0125284142  -0.0504203696
        0.0369310152
       -0.0027581050  -0.0029457076   0.0038969691  -0.0076224003   0.0081961502
       -0.0013079890  -0.0016202066  -0.0003006090  -0.0013642246   0.0081927113
       -0.0206609184  -0.0566928405   0.0143929541   0.0132673135   0.5025594147
        0.0004772182  -0.0002783070  -0.0001853964  -0.0004998038   0.0001337466
        0.0004349653  -0.0005941042   0.0003116429   0.0002000249   0.0139434237
       -0.0033895953  -0.0041647308   0.0614988106   0.0745096701  -0.0982586287
       -0.0113274954  -0.1057807317  -0.1101620815  -0.0740830026   0.0369373457
       -0.2349554826
       -0.0406878263  -0.0073396903  -0.0001906980   0.0010140121   0.0231265401
       -0.0115764587  -0.0038736946   0.0022767379   0.0029722297  -0.0010097581
        0.0000725465   0.0010853693  -0.0002715049  -0.0003613220   0.0004772182
        0.0460008147   0.0098229368  -0.0039254210  -0.0019473838  -0.0232371942
        0.0094598019   0.0010883626  -0.0045363808   0.0023037640  -0.0004344312
        0.0002635615  -0.0006871077  -0.0001875802   0.0000059230   0.0000738139
        0.0001381704  -0.0000456621  -0.0000144645   0.0001708192  -0.0000479964
        0.0000219529
       -0.0109674273  -0.2412871101   0.0953520159   0.0028504813  -0.0184245828
        0.0056001221   0.0034807572  -0.0006405588  -0.0021484863  -0.0006833059
        0.0009584884  -0.0007884231  -0.0000320457   0.0003232774  -0.0002783070
        0.0098229368   0.2773838201  -0.1073062908  -0.0038016051  -0.0194029453
        0.0073323149  -0.0006889243   0.0008028782   0.0017221299   0.0002852237
        0.0001945577   0.0005599979   0.0000692075   0.0000290138  -0.0000477078
       -0.0001474955   0.0000111000   0.0000332412  -0.0001878027   0.0000520615
       -0.0000306069
        0.0023407738   0.0918725943  -0.0822214961   0.0006362866  -0.0025175613
        0.0029279743   0.0011507490  -0.0011996684  -0.0013686742  -0.0008285849
       -0.0005714543   0.0001684204   0.0000584207  -0.0000425861  -0.0001853964
       -0.0039254210  -0.1073062908   0.0934091627  -0.0010107016  -0.0110558860
        0.0054982996   0.0023872124   0.0308418566  -0.0179654451  -0.0009203034
        0.0000371838  -0.0002453168   0.0000182446  -0.0000210579   0.0000310058
        0.0000750236  -0.0000567112  -0.0000331797   0.0000183001   0.0000195813
       -0.0000153545
       -0.1806320598  -0.0975567946  -0.0750581634  -0.0252219032  -0.0139257574
       -0.0115712712   0.0034889225  -0.0015890238  -0.0003736412  -0.0064868228
        0.0029664553   0.0007312410  -0.0011749412  -0.0004839983  -0.0004998038
       -0.0019473838  -0.0038016051  -0.0010107016   0.2095012105   0.1130296038
        0.0876685747   0.0028498291   0.0008688805  -0.0001323541  -0.0000489408
        0.0004676738   0.0002837486  -0.0001701705   0.0000891298  -0.0000198297
        0.0000476211  -0.0001239130  -0.0000668469  -0.0002053611   0.0000593491
        0.0000490474
       -0.0987728866  -0.1139682921  -0.0537079810   0.0081367494   0.0076405145
        0.0052180391  -0.0005268438   0.0010272480   0.0009842166   0.0030625813
       -0.0008179053  -0.0005609376   0.0009482785   0.0004239252   0.0001337466
       -0.0232371942  -0.0194029453  -0.0110558860   0.1130296038   0.1267846514
        0.0617609719  -0.0029775519  -0.0017129432  -0.0028628975   0.0002391213
       -0.0000263517   0.0000679218   0.0001761484  -0.0000548185  -0.0000210180
       -0.0001237857   0.0001199086   0.0000467933   0.0000457796  -0.0000129917
       -0.0000029692
       -0.0757764275  -0.0535445643  -0.0859449869   0.0012715745   0.0022922993
        0.0020457833   0.0002593696   0.0008112168  -0.0002448850   0.0008015946
       -0.0005700774   0.0006159181   0.0003250520  -0.0000668074   0.0004349653
        0.0094598019   0.0073323149   0.0054982996   0.0876685747   0.0617609719
        0.0945348545  -0.0241655375  -0.0181272282  -0.0169803428   0.0001465383
        0.0000986788  -0.0000075821  -0.0000696268   0.0000254360   0.0000061237
       -0.0000681744   0.0000467942   0.0000350217   0.0001472606  -0.0000590345
        0.0000068305
       -0.0468278203   0.0002276354   0.0386751313  -0.0042152578   0.0021925693
        0.0261839784  -0.0035603213   0.0040066821  -0.0003133372  -0.0007665944
        0.0010833599  -0.0008572902  -0.0000807946   0.0002201701  -0.0005941042
        0.0010883626  -0.0006889243   0.0023872124   0.0028498291  -0.0029775519
       -0.0241655375   0.0521531471  -0.0035771908  -0.0416506769  -0.0008362325
       -0.0004902272   0.0004316768   0.0001968725  -0.0000279931  -0.0000123918
        0.0001664861  -0.0000650876  -0.0000051769  -0.0001676767   0.0000965582
       -0.0000794843
        0.0013848509  -0.0402618259  -0.0241497694   0.0047081817  -0.0015225733
       -0.0147971117   0.0028081800  -0.0034226111   0.0004034047  -0.0009972027
       -0.0002237143  -0.0000242859  -0.0000366067  -0.0002282193   0.0003116429
       -0.0045363808   0.0008028782   0.0308418566   0.0008688805  -0.0017129432
       -0.0181272282  -0.0035771908   0.0463471034   0.0256292954  -0.0005657398
        0.0002522429  -0.0001088363  -0.0001052757   0.0000087289   0.0000395202
       -0.0000249118  -0.0000204724  -0.0000311028   0.0000732153  -0.0000185939
        0.0000126144
        0.0347679631  -0.0203773710  -0.2770540853   0.0036034200  -0.0043105246
       -0.0087275827   0.0014887929  -0.0005162634   0.0010178203  -0.0006201352
        0.0001441546   0.0011273921  -0.0001460180   0.0000782698   0.0002000249
        0.0023037640   0.0017221299  -0.0179654451  -0.0001323541  -0.0028628975
       -0.0169803428  -0.0416506769   0.0256292954   0.3182552462   0.0006489829
        0.0004295071   0.0000954861  -0.0001356861   0.0000168542   0.0000008731
       -0.0001289968   0.0000659915  -0.0000193891   0.0000009443  -0.0000191462
        0.0000500024
        0.0000850488  -0.0005078908  -0.0001652518   0.0074620105  -0.0163255322
       -0.0076423004  -0.0048205875  -0.0071174046  -0.0057996200  -0.0528940221
        0.0390902864   0.0163728970  -0.0039831451   0.0233639133   0.0139434237
       -0.0004344312   0.0002852237  -0.0009203034  -0.0000489408   0.0002391213
        0.0001465383  -0.0008362325  -0.0005657398   0.0006489829   0.0612864397
       -0.0414783847  -0.0173853601   0.0000445643   0.0003142012   0.0002288694
       -0.0060742218   0.0025317309   0.0005419537   0.0002135177   0.0001704753
        0.0000301706
        0.0015375256  -0.0000438307   0.0007456871   0.0000838973  -0.0188068076
       -0.0066424763  -0.0039826495   0.0007330871  -0.0042071168   0.0401885808
       -0.2933430016  -0.1667173215   0.0027814459  -0.0104179105  -0.0033895953
        0.0002635615   0.0001945577   0.0000371838   0.0004676738  -0.0000263517
        0.0000986788  -0.0004902272   0.0002522429   0.0004295071  -0.0414783847
        0.3208260966   0.1798547474  -0.0011674485   0.0007776243   0.0002951165
        0.0021879576  -0.0001499438  -0.0001925474  -0.0003919325   0.0000042373
       -0.0003118635
        0.0010510736   0.0004685378  -0.0005060299   0.0021968613  -0.0087199407
       -0.0125332637  -0.0039274103  -0.0046403520   0.0036938805   0.0169451328
       -0.1670887450  -0.1001825333   0.0016882937  -0.0004543160  -0.0041647308
       -0.0006871077   0.0005599979  -0.0002453168   0.0002837486   0.0000679218
       -0.0000075821   0.0004316768  -0.0001088363   0.0000954861  -0.0173853601
        0.1798547474   0.1127399679   0.0001249883  -0.0006287868  -0.0000352254
        0.0003883343  -0.0002012912   0.0006469340  -0.0011102314   0.0008910630
        0.0004984133
       -0.0011553704   0.0004593461  -0.0014185279  -0.0021218227   0.0026658703
        0.0066092544   0.0013923515  -0.0006032123  -0.0005415819  -0.0374782641
       -0.0141975524   0.0109633897  -0.1089322116  -0.0866421551   0.0614988106
       -0.0001875802   0.0000692075   0.0000182446  -0.0001701705   0.0001761484
       -0.0000696268   0.0001968725  -0.0001052757  -0.0001356861   0.0000445643
       -0.0011674485   0.0001249883   0.1436098702   0.0994318331  -0.0745183670
       -0.0015195970  -0.0049091479   0.0013378639   0.0063213581   0.0048223866
       -0.0038687617
        0.0003881884  -0.0001145161   0.0005746245   0.0011669783  -0.0010176805
       -0.0005392651  -0.0004547423   0.0007482701  -0.0001794894   0.0059642870
        0.0104227273  -0.0054954268  -0.0872658952  -0.1457957895   0.0745096701
        0.0000059230   0.0000290138  -0.0000210579   0.0000891298  -0.0000548185
        0.0000254360  -0.0000279931   0.0000087289   0.0000168542   0.0003142012
        0.0007776243  -0.0006287868   0.0994318331   0.1623140518  -0.0866430391
       -0.0158062388  -0.0218213300   0.0129620533  -0.0038056715  -0.0054962816
        0.0054184268
        0.0000612396  -0.0001841066   0.0001554849  -0.0010271604  -0.0009373099
       -0.0016331456  -0.0004236898   0.0006457085   0.0002107049   0.0089529103
       -0.0010808040   0.0025611327   0.0600129308   0.0747803485  -0.0982586287
        0.0000738139  -0.0000477078   0.0000310058  -0.0000198297  -0.0000210180
        0.0000061237  -0.0000123918   0.0000395202   0.0000008731   0.0002288694
        0.0002951165  -0.0000352254  -0.0745183670  -0.0866430391   0.1091480215
       -0.0081710849  -0.0107330038   0.0078307347   0.0148427595   0.0238862954
       -0.0200170816
        0.0009682353  -0.0006792446  -0.0002783494  -0.0002392341   0.0046935296
        0.0025846940   0.0010087115  -0.0015569913  -0.0006164710  -0.0042193610
        0.0286908555   0.0165744498  -0.0422865779  -0.0193304679  -0.0113274954
        0.0001381704  -0.0001474955   0.0000750236   0.0000476211  -0.0001237857
       -0.0000681744   0.0001664861  -0.0000249118  -0.0001289968  -0.0060742218
        0.0021879576   0.0003883343  -0.0015195970  -0.0158062388  -0.0081710849
        0.0523583482   0.0110224254   0.0075311997  -0.0003485808  -0.0089256325
       -0.0065631295
       -0.0002607616  -0.0001811520  -0.0001430482   0.0000369862   0.0006505173
       -0.0003893284  -0.0007572681  -0.0003800330   0.0004909137   0.0077426742
       -0.0173517636  -0.0096583655  -0.0144249106  -0.2165727441  -0.1057807317
       -0.0000456621   0.0000111000  -0.0000567112  -0.0001239130   0.0001199086
        0.0000467942  -0.0000650876  -0.0000204724   0.0000659915   0.0025317309
       -0.0001499438  -0.0002012912  -0.0049091479  -0.0218213300  -0.0107330038
        0.0110224254   0.2518018306   0.1252565175  -0.0007470657   0.0038940826
        0.0011022630
       -0.0000332287  -0.0001933937  -0.0001237715  -0.0001880673   0.0001998217
        0.0014076959  -0.0001242922   0.0004170496  -0.0011578651   0.0039817394
       -0.0066658238  -0.0027508201  -0.0083931664  -0.1064866573  -0.1101620815
       -0.0000144645   0.0000332412  -0.0000331797  -0.0000668469   0.0000467933
        0.0000350217  -0.0000051769  -0.0000311028  -0.0000193891   0.0005419537
       -0.0001925474   0.0006469340   0.0013378639   0.0129620533   0.0078307347
        0.0075311997   0.1252565175   0.1234727432  -0.0045675139  -0.0253459517
       -0.0191460225
       -0.0014121255  -0.0008764446   0.0008022389  -0.0012635815   0.0068136691
       -0.0011529516   0.0012536647  -0.0008135009   0.0000167548  -0.0300348041
        0.0076014078  -0.0257828101  -0.0672033420   0.0125284142  -0.0740830026
        0.0001708192  -0.0001878027   0.0000183001  -0.0002053611   0.0000457796
        0.0001472606  -0.0001676767   0.0000732153   0.0000009443   0.0002135177
       -0.0003919325  -0.0011102314   0.0063213581  -0.0038056715   0.0148427595
       -0.0003485808  -0.0007470657  -0.0045675139   0.0926761121  -0.0202400682
        0.0908682515
        0.0005003479   0.0003210034  -0.0004317721  -0.0004156885  -0.0028611537
       -0.0002184663  -0.0007875834   0.0006596200   0.0006108011   0.0138358424
       -0.0006907528   0.0089612268   0.0109320096  -0.0504203696   0.0369373457
       -0.0000479964   0.0000520615   0.0000195813   0.0000593491  -0.0000129917
       -0.0000590345   0.0000965582  -0.0000185939  -0.0000191462   0.0001704753
        0.0000042373   0.0008910630   0.0048223866  -0.0054962816   0.0238862954
       -0.0089256325   0.0038940826  -0.0253459517  -0.0202400682   0.0545691386
       -0.0452319426
        0.0000842769   0.0001511676   0.0000103188   0.0013529082   0.0013976544
       -0.0004171907  -0.0000033759  -0.0002624190   0.0003665689  -0.0081355101
        0.0008266597   0.0061383357  -0.0737563460   0.0369310152  -0.2349554826
        0.0000219529  -0.0000306069  -0.0000153545   0.0000490474  -0.0000029692
        0.0000068305  -0.0000794843   0.0000126144   0.0000500024   0.0000301706
       -0.0003118635   0.0004984133  -0.0038687617   0.0054184268  -0.0200170816
       -0.0065631295   0.0011022630  -0.0191460225   0.0908682515  -0.0452319426
        0.2674806622
