$hessian                                                                        
        0.0007703878  -0.0000117076   0.0000011890  -0.0000677094  -0.0000034193
        0.0000009152  -0.0000604288  -0.0000032381   0.0000019153  -0.0000722120
        0.0000035925  -0.0000004769  -0.0000685571   0.0000117012  -0.0000012507
       -0.0000795597  -0.0000106788   0.0000015691  -0.0000705617  -0.0000155130
        0.0000010958  -0.0000707656  -0.0000153250   0.0000010235  -0.0000780436
        0.0000032154  -0.0000017751  -0.0000733595   0.0000166208   0.0000004304
       -0.0000627859   0.0000130546  -0.0000024806  -0.0000664046   0.0000116972
       -0.0000021549
       -0.0000117076   0.0007095768   0.0000013316   0.0000142052  -0.0000892502
        0.0000000354   0.0000543972  -0.0000875332  -0.0000008100  -0.0000112508
       -0.0000515554  -0.0000001406   0.0000085731  -0.0000068045  -0.0000012879
       -0.0000480984  -0.0001282561   0.0000016511  -0.0000021748  -0.0001546700
        0.0000017345  -0.0000017479  -0.0001506826   0.0000015542  -0.0000438903
       -0.0000543049   0.0000006827  -0.0000169779   0.0000178528  -0.0000017907
        0.0000361632  -0.0000067119  -0.0000012673   0.0000225090   0.0000023391
       -0.0000016930
        0.0000011890   0.0000013316   0.0006993040   0.0000037934  -0.0000009720
       -0.0000872004   0.0000103773  -0.0000031384  -0.0000733887  -0.0000013964
       -0.0000001778  -0.0000532406  -0.0000015174  -0.0000010950   0.0000025130
        0.0000034089   0.0000007735  -0.0001510479   0.0000307528  -0.0000078560
       -0.0001632154  -0.0000325729   0.0000130068  -0.0001585241  -0.0000098269
        0.0000025281  -0.0000651536   0.0000102235  -0.0000057553   0.0000178430
        0.0000225086  -0.0000112491   0.0000140195  -0.0000369400   0.0000126035
        0.0000180910
       -0.0000677094   0.0000142052   0.0000037934   0.0007689042   0.0000040498
        0.0000019462  -0.0000840667   0.0000031621   0.0000035315  -0.0000674910
       -0.0000041028  -0.0000016636  -0.0000720088  -0.0000142687  -0.0000039632
       -0.0000596859   0.0000129876   0.0000021048  -0.0000716177   0.0000182001
        0.0000057168  -0.0000676659   0.0000191729   0.0000049745  -0.0000589201
       -0.0000028807  -0.0000029588  -0.0000676934  -0.0000204911  -0.0000060219
       -0.0000794268  -0.0000146459  -0.0000026623  -0.0000726185  -0.0000153885
       -0.0000047976
       -0.0000034193  -0.0000892502  -0.0000009720   0.0000040498   0.0007652206
        0.0000030496   0.0000156649  -0.0000801494   0.0000103553  -0.0000033535
       -0.0000641919  -0.0000025694   0.0000025267  -0.0000508805   0.0000002591
       -0.0000140044  -0.0000883224  -0.0000093675  -0.0000016337  -0.0001013998
        0.0000024425   0.0000007417  -0.0000866688   0.0000015101  -0.0000126757
       -0.0000613690  -0.0000078945  -0.0000056926  -0.0000485352  -0.0000076505
        0.0000094719  -0.0000560371   0.0000093123   0.0000083241  -0.0000384164
        0.0000015250
        0.0000009152   0.0000000354  -0.0000872004   0.0000019462   0.0000030496
        0.0007430850   0.0000055730   0.0000119524  -0.0001523835  -0.0000014808
       -0.0000024258  -0.0000479717  -0.0000009736   0.0000001416  -0.0000491966
        0.0000031308   0.0000002955  -0.0000495301   0.0000090599   0.0000281482
       -0.0001036382  -0.0000085154  -0.0000302633  -0.0001012359  -0.0000057849
       -0.0000129701  -0.0000012275   0.0000017182   0.0000090601  -0.0000292622
        0.0000024207   0.0000137715  -0.0000683837  -0.0000080092  -0.0000207952
       -0.0000530552
       -0.0000604288   0.0000543972   0.0000103773  -0.0000840667   0.0000156649
        0.0000055730   0.0007212758   0.0000126683   0.0000104637  -0.0000599148
       -0.0000158184  -0.0000047629  -0.0000771893  -0.0000546390  -0.0000108915
       -0.0000294946   0.0000498168   0.0000051638  -0.0000737085   0.0000701934
        0.0000158933  -0.0000624977   0.0000727627   0.0000137984  -0.0000282808
       -0.0000116192  -0.0000087271  -0.0000592220  -0.0000780360  -0.0000170637
       -0.0001043346  -0.0000561521  -0.0000067750  -0.0000821381  -0.0000592387
       -0.0000130495
       -0.0000032381  -0.0000875332  -0.0000031384   0.0000031621  -0.0000801494
        0.0000119524   0.0000126683   0.0007537072   0.0000394138  -0.0000026315
       -0.0000633428  -0.0000085749   0.0000024592  -0.0000524086   0.0000006964
       -0.0000131605  -0.0000875857  -0.0000269739  -0.0000017759  -0.0001099749
        0.0000049254   0.0000008568  -0.0000704260   0.0000025901  -0.0000099710
       -0.0000525871  -0.0000313333  -0.0000052995  -0.0000594782  -0.0000142066
        0.0000095247  -0.0000624675   0.0000225653   0.0000074054  -0.0000277537
        0.0000020838
        0.0000019153  -0.0000008100  -0.0000733887   0.0000035315   0.0000103553
       -0.0001523835   0.0000104637   0.0000394138   0.0005134840  -0.0000035594
       -0.0000072487  -0.0000104737  -0.0000019105   0.0000010853  -0.0000536485
        0.0000068878   0.0000004605   0.0000549616   0.0000089517   0.0000974571
       -0.0001140521  -0.0000063091  -0.0001079228  -0.0001096599  -0.0000113499
       -0.0000418166   0.0001455817  -0.0000010485   0.0000327129   0.0000058194
       -0.0000053941   0.0000566744  -0.0001262704  -0.0000021786  -0.0000803613
       -0.0000799699
       -0.0000722120  -0.0000112508  -0.0000013964  -0.0000674910  -0.0000033535
       -0.0000014808  -0.0000599148  -0.0000026315  -0.0000035594   0.0007704861
        0.0000031625   0.0000009099  -0.0000688325   0.0000113682   0.0000015512
       -0.0000783974  -0.0000104005  -0.0000008408  -0.0000703192  -0.0000146775
       -0.0000017257  -0.0000708119  -0.0000146472  -0.0000015206  -0.0000787371
        0.0000022016   0.0000031112  -0.0000730438   0.0000158560   0.0000005129
       -0.0000643534   0.0000104475   0.0000020259  -0.0000663730   0.0000139252
        0.0000024127
        0.0000035925  -0.0000515554  -0.0000001778  -0.0000041028  -0.0000641919
       -0.0000024258  -0.0000158184  -0.0000633428  -0.0000072487   0.0000031625
        0.0007667325   0.0000014025  -0.0000026494  -0.0000889853   0.0000005574
        0.0000147376  -0.0000529992   0.0000020974   0.0000001868  -0.0000434279
       -0.0000006023   0.0000011970  -0.0000485230  -0.0000003891   0.0000126143
       -0.0000769531   0.0000060894   0.0000047389  -0.0000950922  -0.0000004174
       -0.0000119712  -0.0000896843  -0.0000003011  -0.0000056876  -0.0000919774
        0.0000014156
       -0.0000004769  -0.0000001406  -0.0000532406  -0.0000016636  -0.0000025694
       -0.0000479717  -0.0000047629  -0.0000085749  -0.0000104737   0.0000009099
        0.0000014025   0.0007544595   0.0000006035   0.0000002341  -0.0000902532
       -0.0000013956  -0.0000005478  -0.0000851294  -0.0000106811  -0.0000233928
       -0.0000370341   0.0000109695   0.0000253172  -0.0000393433   0.0000046033
        0.0000086101  -0.0001200898  -0.0000028557  -0.0000072448  -0.0001156163
       -0.0000069225  -0.0000161383  -0.0000707457   0.0000116721   0.0000230447
       -0.0000845617
       -0.0000685571   0.0000085731  -0.0000015174  -0.0000720088   0.0000025267
       -0.0000009736  -0.0000771893   0.0000024592  -0.0000019105  -0.0000688325
       -0.0000026494   0.0000006035   0.0007713999  -0.0000085671   0.0000015850
       -0.0000633640   0.0000078319  -0.0000016046  -0.0000697338   0.0000114356
       -0.0000017297  -0.0000701798   0.0000111246  -0.0000015631  -0.0000647446
       -0.0000024506   0.0000017339  -0.0000677694  -0.0000121076   0.0000005909
       -0.0000755436  -0.0000095892   0.0000023697  -0.0000734772  -0.0000085871
        0.0000024159
        0.0000117012  -0.0000068045  -0.0000010950  -0.0000142687  -0.0000508805
        0.0000001416  -0.0000546390  -0.0000524086   0.0000010853   0.0000113682
       -0.0000889853   0.0000002341  -0.0000085671   0.0007087964   0.0000010769
        0.0000480700  -0.0000117848  -0.0000002905   0.0000025870   0.0000153357
       -0.0000021634   0.0000012067   0.0000095868  -0.0000018351   0.0000441499
       -0.0000864884  -0.0000011032   0.0000173159  -0.0001581520   0.0000038280
       -0.0000355587  -0.0001327314  -0.0000007590  -0.0000233654  -0.0001454836
        0.0000008803
       -0.0000012507  -0.0000012879   0.0000025130  -0.0000039632   0.0000002591
       -0.0000491966  -0.0000108915   0.0000006964  -0.0000536485   0.0000015512
        0.0000005574  -0.0000902532   0.0000015850   0.0000010769   0.0006997846
       -0.0000036215  -0.0000008728   0.0000026833  -0.0000311080   0.0000024065
        0.0000243762   0.0000328458  -0.0000067644   0.0000193936   0.0000103564
       -0.0000000750  -0.0000864054  -0.0000102088   0.0000035695  -0.0001623586
       -0.0000223432   0.0000076908  -0.0001498346   0.0000370485  -0.0000072564
       -0.0001570538
       -0.0000795597  -0.0000480984   0.0000034089  -0.0000596859  -0.0000140044
        0.0000031308  -0.0000294946  -0.0000131605   0.0000068878  -0.0000783974
        0.0000147376  -0.0000013956  -0.0000633640   0.0000480700  -0.0000036215
        0.0007344605  -0.0000438645   0.0000054042  -0.0000708851  -0.0000635102
        0.0000023825  -0.0000731417  -0.0000632237   0.0000022894  -0.0001026938
        0.0000130693  -0.0000064524  -0.0000827012   0.0000684090   0.0000039933
       -0.0000391996   0.0000537480  -0.0000089477  -0.0000553376   0.0000478278
       -0.0000070797
       -0.0000106788  -0.0001282561   0.0000007735   0.0000129876  -0.0000883224
        0.0000002955   0.0000498168  -0.0000875857   0.0000004605  -0.0000104005
       -0.0000529992  -0.0000005478   0.0000078319  -0.0000117848  -0.0000008728
       -0.0000438645   0.0007190358  -0.0000012237  -0.0000025254  -0.0001492149
        0.0000022707  -0.0000008640  -0.0001420660   0.0000017681  -0.0000402886
       -0.0000544748  -0.0000000439  -0.0000159697   0.0000091167  -0.0000045781
        0.0000321360  -0.0000135790   0.0000024280   0.0000218193   0.0000001303
       -0.0000007299
        0.0000015691   0.0000016511  -0.0001510479   0.0000021048  -0.0000093675
       -0.0000495301   0.0000051638  -0.0000269739   0.0000549616  -0.0000008408
        0.0000020974  -0.0000851294  -0.0000016046  -0.0000002905   0.0000026833
        0.0000054042  -0.0000012237   0.0005961185   0.0000202306  -0.0000729273
       -0.0001383922  -0.0000207073   0.0000883876  -0.0001375306  -0.0000055056
        0.0000237203  -0.0001688480   0.0000067839  -0.0000306125  -0.0000554637
        0.0000111282  -0.0000707537   0.0000837000  -0.0000237263   0.0000962927
        0.0000484784
       -0.0000705617  -0.0000021748   0.0000307528  -0.0000716177  -0.0000016337
        0.0000090599  -0.0000737085  -0.0000017759   0.0000089517  -0.0000703192
        0.0000001868  -0.0000106811  -0.0000697338   0.0000025870  -0.0000311080
       -0.0000708851  -0.0000025254   0.0000202306   0.0007553305  -0.0000082407
        0.0000461164  -0.0000512065   0.0000042014   0.0000432956  -0.0000672814
        0.0000005070  -0.0000073075  -0.0000767617   0.0000003995  -0.0000585105
       -0.0000859240  -0.0000080224  -0.0000205896  -0.0000473309   0.0000164912
       -0.0000302103
       -0.0000155130  -0.0001546700  -0.0000078560   0.0000182001  -0.0001013998
        0.0000281482   0.0000701934  -0.0001099749   0.0000974571  -0.0000146775
       -0.0000434279  -0.0000233928   0.0000114356   0.0000153357   0.0000024065
       -0.0000635102  -0.0001492149  -0.0000729273  -0.0000082407   0.0006101538
        0.0000146160   0.0000034433  -0.0001222579   0.0000123402  -0.0000564680
       -0.0000338314  -0.0000790946  -0.0000240212   0.0000310814  -0.0000487739
        0.0000431481  -0.0000288094   0.0000516324   0.0000360102   0.0000870153
        0.0000254441
        0.0000010958   0.0000017345  -0.0001632154   0.0000057168   0.0000024425
       -0.0001036382   0.0000158933   0.0000049254  -0.0001140521  -0.0000017257
       -0.0000006023  -0.0000370341  -0.0000017297  -0.0000021634   0.0000243762
        0.0000023825   0.0000022707  -0.0001383922   0.0000461164   0.0000146160
        0.0006397421  -0.0000498660  -0.0000125775  -0.0001949433  -0.0000144429
       -0.0000037250  -0.0000324790   0.0000162665   0.0000029874   0.0000807552
        0.0000375602   0.0000125476   0.0000076988  -0.0000572673  -0.0000224558
        0.0000311820
       -0.0000707656  -0.0000017479  -0.0000325729  -0.0000676659   0.0000007417
       -0.0000085154  -0.0000624977   0.0000008568  -0.0000063091  -0.0000708119
        0.0000011970   0.0000109695  -0.0000701798   0.0000012067   0.0000328458
       -0.0000731417  -0.0000008640  -0.0000207073  -0.0000512065   0.0000034433
       -0.0000498660   0.0007511160  -0.0000102296  -0.0000464341  -0.0000765584
        0.0000008005   0.0000047811  -0.0000634539   0.0000058210   0.0000654147
       -0.0000498294   0.0000145509   0.0000192245  -0.0000950052  -0.0000157765
        0.0000311691
       -0.0000153250  -0.0001506826   0.0000130068   0.0000191729  -0.0000866688
       -0.0000302633   0.0000727627  -0.0000704260  -0.0001079228  -0.0000146472
       -0.0000485230   0.0000253172   0.0000111246   0.0000095868  -0.0000067644
       -0.0000632237  -0.0001420660   0.0000883876   0.0000042014  -0.0001222579
       -0.0000125775  -0.0000102296   0.0006056278  -0.0000096483  -0.0000587065
       -0.0000692471   0.0000867755  -0.0000193271   0.0000644998   0.0000542287
        0.0000542587   0.0000611317  -0.0000675746   0.0000199387  -0.0000509747
       -0.0000329649
        0.0000010235   0.0000015542  -0.0001585241   0.0000049745   0.0000015101
       -0.0001012359   0.0000137984   0.0000025901  -0.0001096599  -0.0000015206
       -0.0000003891  -0.0000393433  -0.0000015631  -0.0000018351   0.0000193936
        0.0000022894   0.0000017681  -0.0001375306   0.0000432956   0.0000123402
       -0.0001949433  -0.0000464341  -0.0000096483   0.0006548206  -0.0000125984
       -0.0000017851  -0.0000358111   0.0000142041   0.0000007834   0.0000700417
        0.0000354634   0.0000106690   0.0000074463  -0.0000529328  -0.0000175575
        0.0000253460
       -0.0000780436  -0.0000438903  -0.0000098269  -0.0000589201  -0.0000126757
       -0.0000057849  -0.0000282808  -0.0000099710  -0.0000113499  -0.0000787371
        0.0000126143   0.0000046033  -0.0000647446   0.0000441499   0.0000103564
       -0.0001026938  -0.0000402886  -0.0000055056  -0.0000672814  -0.0000564680
       -0.0000144429  -0.0000765584  -0.0000587065  -0.0000125984   0.0007382368
        0.0000089135   0.0000096356  -0.0000790244   0.0000629098   0.0000139703
       -0.0000434717   0.0000442617   0.0000079142  -0.0000604810   0.0000491509
        0.0000130288
        0.0000032154  -0.0000543049   0.0000025281  -0.0000028807  -0.0000613690
       -0.0000129701  -0.0000116192  -0.0000525871  -0.0000418166   0.0000022016
       -0.0000769531   0.0000086101  -0.0000024506  -0.0000864884  -0.0000000750
        0.0000130693  -0.0000544748   0.0000237203   0.0000005070  -0.0000338314
       -0.0000037250   0.0000008005  -0.0000692471  -0.0000017851   0.0000089135
        0.0007555929   0.0000338916   0.0000041845  -0.0000808046   0.0000082696
       -0.0000112751  -0.0000806790  -0.0000169847  -0.0000046662  -0.0001048537
        0.0000003367
       -0.0000017751   0.0000006827  -0.0000651536  -0.0000029588  -0.0000078945
       -0.0000012275  -0.0000087271  -0.0000313333   0.0001455817   0.0000031112
        0.0000060894  -0.0001200898   0.0000017339  -0.0000011032  -0.0000864054
       -0.0000064524  -0.0000000439  -0.0001688480  -0.0000073075  -0.0000790946
       -0.0000324790   0.0000047811   0.0000867755  -0.0000358111   0.0000096356
        0.0000338916   0.0005923989   0.0000012769  -0.0000252571  -0.0001309571
        0.0000057049  -0.0000436941  -0.0000308669   0.0000009771   0.0000609815
       -0.0000661423
       -0.0000733595  -0.0000169779   0.0000102235  -0.0000676934  -0.0000056926
        0.0000017182  -0.0000592220  -0.0000052995  -0.0000010485  -0.0000730438
        0.0000047389  -0.0000028557  -0.0000677694   0.0000173159  -0.0000102088
       -0.0000827012  -0.0000159697   0.0000067839  -0.0000767617  -0.0000240212
        0.0000162665  -0.0000634539  -0.0000193271   0.0000142041  -0.0000790244
        0.0000041845   0.0000012769   0.0007641772   0.0000221825  -0.0000214844
       -0.0000661663   0.0000127443  -0.0000043622  -0.0000549817   0.0000261219
       -0.0000105136
        0.0000166208   0.0000178528  -0.0000057553  -0.0000204911  -0.0000485352
        0.0000090601  -0.0000780360  -0.0000594782   0.0000327129   0.0000158560
       -0.0000950922  -0.0000072448  -0.0000121076  -0.0001581520   0.0000035695
        0.0000684090   0.0000091167  -0.0000306125   0.0000003995   0.0000310814
        0.0000029874   0.0000058210   0.0000644998   0.0000007834   0.0000629098
       -0.0000808046  -0.0000252571   0.0000221825   0.0006359845  -0.0000172573
       -0.0000541230  -0.0001728472   0.0000289791  -0.0000274410  -0.0001436260
        0.0000080345
        0.0000004304  -0.0000017907   0.0000178430  -0.0000060219  -0.0000076505
       -0.0000292622  -0.0000170637  -0.0000142066   0.0000058194   0.0000005129
       -0.0000004174  -0.0001156163   0.0000005909   0.0000038280  -0.0001623586
        0.0000039933  -0.0000045781  -0.0000554637  -0.0000585105  -0.0000487739
        0.0000807552   0.0000654147   0.0000542287   0.0000700417   0.0000139703
        0.0000082696  -0.0001309571  -0.0000214844  -0.0000172573   0.0005555431
       -0.0000587961  -0.0000617822  -0.0000935553   0.0000769642   0.0000901304
       -0.0001427891
       -0.0000627859   0.0000361632   0.0000225086  -0.0000794268   0.0000094719
        0.0000024207  -0.0001043346   0.0000095247  -0.0000053941  -0.0000643534
       -0.0000119712  -0.0000069225  -0.0000755436  -0.0000355587  -0.0000223432
       -0.0000391996   0.0000321360   0.0000111282  -0.0000859240   0.0000431481
        0.0000375602  -0.0000498294   0.0000542587   0.0000354634  -0.0000434717
       -0.0000112751   0.0000057049  -0.0000661663  -0.0000541230  -0.0000587961
        0.0007303998  -0.0000534223  -0.0000054663  -0.0000593645  -0.0000183522
       -0.0000158638
        0.0000130546  -0.0000067119  -0.0000112491  -0.0000146459  -0.0000560371
        0.0000137715  -0.0000561521  -0.0000624675   0.0000566744   0.0000104475
       -0.0000896843  -0.0000161383  -0.0000095892  -0.0001327314   0.0000076908
        0.0000537480  -0.0000135790  -0.0000707537  -0.0000080224  -0.0000288094
        0.0000125476   0.0000145509   0.0000611317   0.0000106690   0.0000442617
       -0.0000806790  -0.0000436941   0.0000127443  -0.0001728472  -0.0000617822
       -0.0000534223   0.0006535300   0.0000630670  -0.0000069751  -0.0000711151
        0.0000391971
       -0.0000024806  -0.0000012673   0.0000140195  -0.0000026623   0.0000093123
       -0.0000683837  -0.0000067750   0.0000225653  -0.0001262704   0.0000020259
       -0.0000003011  -0.0000707457   0.0000023697  -0.0000007590  -0.0001498346
       -0.0000089477   0.0000024280   0.0000837000  -0.0000205896   0.0000516324
        0.0000076988   0.0000192245  -0.0000675746   0.0000074463   0.0000079142
       -0.0000169847  -0.0000308669  -0.0000043622   0.0000289791  -0.0000935553
       -0.0000054663   0.0000630670   0.0006170551   0.0000197494  -0.0000910974
       -0.0001902630
       -0.0000664046   0.0000225090  -0.0000369400  -0.0000726185   0.0000083241
       -0.0000080092  -0.0000821381   0.0000074054  -0.0000021786  -0.0000663730
       -0.0000056876   0.0000116721  -0.0000734772  -0.0000233654   0.0000370485
       -0.0000553376   0.0000218193  -0.0000237263  -0.0000473309   0.0000360102
       -0.0000572673  -0.0000950052   0.0000199387  -0.0000529328  -0.0000604810
       -0.0000046662   0.0000009771  -0.0000549817  -0.0000274410   0.0000769642
       -0.0000593645  -0.0000069751   0.0000197494   0.0007335124  -0.0000478712
        0.0000346428
        0.0000116972   0.0000023391   0.0000126035  -0.0000153885  -0.0000384164
       -0.0000207952  -0.0000592387  -0.0000277537  -0.0000803613   0.0000139252
       -0.0000919774   0.0000230447  -0.0000085871  -0.0001454836  -0.0000072564
        0.0000478278   0.0000001303   0.0000962927   0.0000164912   0.0000870153
       -0.0000224558  -0.0000157765  -0.0000509747  -0.0000175575   0.0000491509
       -0.0001048537   0.0000609815   0.0000261219  -0.0001436260   0.0000901304
       -0.0000183522  -0.0000711151  -0.0000910974  -0.0000478712   0.0005847158
       -0.0000435294
       -0.0000021549  -0.0000016930   0.0000180910  -0.0000047976   0.0000015250
       -0.0000530552  -0.0000130495   0.0000020838  -0.0000799699   0.0000024127
        0.0000014156  -0.0000845617   0.0000024159   0.0000008803  -0.0001570538
       -0.0000070797  -0.0000007299   0.0000484784  -0.0000302103   0.0000254441
        0.0000311820   0.0000311691  -0.0000329649   0.0000253460   0.0000130288
        0.0000003367  -0.0000661423  -0.0000105136   0.0000080345  -0.0001427891
       -0.0000158638   0.0000391971  -0.0001902630   0.0000346428  -0.0000435294
        0.0006507375
