           1           2   1.0201759238784174     
           2           3  0.97189911472463797     
           3           4   1.7673333730903722     
           3           5   1.1177452766529508     
           4           5  0.16951550067189430     
           5           6  0.95836148123004117     
           1           7  0.98651335790956862     
           1           8  0.98621463424770972     
           1           9  0.98692468778541231     
           2          10  0.95448189030259223     
           2          11  0.95673771765483795     
           6          12  0.97753236678901989     
           6          13  0.97757114197524486     
           6          14  0.98198007115538199     
