$hessian                                                                        
        0.4689012485   0.0235806698  -0.0025711170  -0.1803285143   0.0506221323
       -0.0054943392  -0.0295940214   0.0011159303  -0.0003182540  -0.0018749403
       -0.0029607488   0.0002597181  -0.0472053084   0.0147885792  -0.0279271434
       -0.1448588808  -0.1206465955   0.0104304215  -0.0480013859   0.0214144797
        0.0268447421  -0.0092324874   0.0054576052   0.0019528462  -0.0088698467
        0.0048461025  -0.0030140934   0.0009935341   0.0006415241  -0.0001095793
        0.0009995355   0.0006484638  -0.0000002512  -0.0009289331   0.0004918575
       -0.0000529503
        0.0235806698   0.5165410203   0.0007786315   0.0480192389  -0.0841143536
        0.0018890588  -0.0167353171   0.0056020324  -0.0005635706  -0.0043350959
       -0.0021092747   0.0001742680   0.0152457670  -0.1002748592   0.0990655687
       -0.1206411526  -0.1825015349   0.0118482545   0.0219178395  -0.1400754177
       -0.1144436088   0.0198820338  -0.0086478930  -0.0013555029   0.0155721597
       -0.0062963083   0.0027312359  -0.0007195673   0.0006142636  -0.0004288778
       -0.0008359146   0.0007135175   0.0003481209  -0.0009506609   0.0005488077
       -0.0000435782
       -0.0025711170   0.0007786315   0.5230198315  -0.0052585263   0.0019071360
       -0.0676358306   0.0013377353  -0.0004351567   0.0008301606   0.0003906822
        0.0001814929   0.0000652969  -0.0282091019   0.0989322441  -0.2243695759
        0.0104322994   0.0118461087  -0.0459744178   0.0270371795  -0.1143153121
       -0.1837692294   0.0213658827  -0.0099016467  -0.0001047200  -0.0247622432
        0.0111006320  -0.0028072623   0.0006905953  -0.0001835949   0.0003576524
       -0.0005341766   0.0001239420   0.0002429437   0.0000807906  -0.0000344769
        0.0001451508
       -0.1803285143   0.0480192389  -0.0052585263   0.4550171033  -0.0150944490
        0.0008067279  -0.1117578438  -0.0705542153   0.0062443531  -0.0262877703
       -0.0119858622   0.0009238727  -0.0083263164   0.0050482505  -0.0038097702
       -0.0244400643   0.0058636029  -0.0007173672  -0.0087111903   0.0058080421
        0.0027039238  -0.0456864238   0.0210148439   0.0247553555  -0.0449677239
        0.0148544964  -0.0259146482   0.0001979678  -0.0017640688   0.0018776704
        0.0004420009  -0.0018054973  -0.0015245720  -0.0051512249   0.0005956179
       -0.0000870193
        0.0506221323  -0.0841143536   0.0019071360  -0.0150944490   0.4976338722
        0.0038119482  -0.0669557310  -0.1418503021   0.0063102088   0.0036066478
        0.0072389547  -0.0005322519   0.0154162298  -0.0071757780   0.0031335280
       -0.0202397224   0.0069089733  -0.0007534948   0.0198407125  -0.0096018204
       -0.0015762295   0.0212153900  -0.1367782309  -0.1099936518   0.0149977057
       -0.0985366636   0.0949866205  -0.0113972772  -0.0145064489   0.0046144613
       -0.0143123459  -0.0188187884  -0.0019706301   0.0023007073  -0.0003994141
        0.0000623554
       -0.0054943392   0.0018890588  -0.0676358306   0.0008067279   0.0038119482
        0.5395443420   0.0059119053   0.0062828489  -0.0693365142  -0.0005221953
       -0.0006375796   0.0012629827  -0.0253936532   0.0113314569  -0.0028394007
        0.0016941025  -0.0005666158   0.0003946051   0.0220299130  -0.0099502609
       -0.0000218521   0.0249882087  -0.1091792317  -0.1796846482  -0.0261747022
        0.0941719953  -0.2186324900   0.0171900097   0.0212203809  -0.0036097118
       -0.0147870832  -0.0184229961   0.0004714959  -0.0002488940   0.0000489953
        0.0000870221
       -0.0295940214  -0.0167353171   0.0013377353  -0.1117578438  -0.0669557310
        0.0059119053   0.3276254405   0.0320604092  -0.0041666240  -0.1010151533
        0.0334398172  -0.0036170791   0.0006484255  -0.0006990570   0.0003347730
       -0.0055482564   0.0014001131  -0.0001698945   0.0006386208  -0.0007519203
       -0.0001953037   0.0001625432  -0.0009929691  -0.0013711328  -0.0000891562
       -0.0010119800   0.0015802514  -0.0351443575   0.0065041313  -0.0148011636
       -0.0356366228   0.0107729440   0.0154966998  -0.0102896187   0.0029695598
       -0.0003401670
        0.0011159303   0.0056020324  -0.0004351567  -0.0705542153  -0.1418503021
        0.0062828489   0.0320604092   0.4540276094   0.0050991480   0.0525652580
       -0.0607593510   0.0037989402   0.0009265208   0.0006422682  -0.0002893976
        0.0023480262   0.0002748232   0.0000407303   0.0010779591   0.0007602282
        0.0002027458  -0.0154018135  -0.0201897377  -0.0020327360  -0.0123759366
       -0.0156492019   0.0048247375   0.0091664591  -0.0951174623   0.0955801800
        0.0145049333  -0.1345115363  -0.1122867202  -0.0154335305   0.0067706300
       -0.0007853202
       -0.0003182540  -0.0005635706   0.0008301606   0.0062443531   0.0063102088
       -0.0693365142  -0.0041666240   0.0050991480   0.5062148701  -0.0053847202
        0.0036656462  -0.0239621184  -0.0009430280  -0.0004552894   0.0002250559
       -0.0002613964   0.0000343133   0.0005344996   0.0007626511   0.0003452028
        0.0001130445  -0.0152841208  -0.0193592412   0.0001856443   0.0178886440
        0.0223308027  -0.0040982107  -0.0211068820   0.0986100346  -0.2250590977
        0.0212076472  -0.1153611490  -0.1851822458   0.0013617299  -0.0006561062
       -0.0004650883
       -0.0018749403  -0.0043350959   0.0003906822  -0.0262877703   0.0036066478
       -0.0005221953  -0.1010151533   0.0525652580  -0.0053847202   0.2143264835
        0.0159228047  -0.0001520711   0.0004124843  -0.0001319921   0.0001933846
       -0.0012331901   0.0001811759  -0.0000277448   0.0004158107  -0.0001663462
       -0.0001610373   0.0007491338  -0.0005233369  -0.0008623646   0.0007319138
       -0.0003526281   0.0009525868  -0.0163117093   0.0090962991  -0.0045347372
       -0.0165660150   0.0098505314   0.0025365372  -0.0533470478  -0.0857133177
        0.0075716797
       -0.0029607488  -0.0021092747   0.0001814929  -0.0119858622   0.0072389547
       -0.0006375796   0.0334398172  -0.0607593510   0.0036656462   0.0159228047
        0.2530104707  -0.0215114415   0.0000583652  -0.0001460200   0.0000214557
       -0.0011203052   0.0003228875  -0.0000266678   0.0000351325  -0.0001300142
        0.0000256051  -0.0008664718   0.0003567771  -0.0002539746  -0.0008275871
        0.0003685188   0.0001634633   0.0158388871  -0.0067463518   0.0027902953
        0.0187001949  -0.0084449147  -0.0008015101  -0.0662342264  -0.1829616825
        0.0163832151
        0.0002597181   0.0001742680   0.0000652969   0.0009238727  -0.0005322519
        0.0012629827  -0.0036170791   0.0037989402  -0.0239621184  -0.0001520711
       -0.0215114415   0.0212448016   0.0001205317  -0.0000599696   0.0001169989
        0.0000939055  -0.0000181695   0.0001232434  -0.0001245997   0.0001019020
        0.0000955840  -0.0001346255   0.0000995489  -0.0000402570   0.0003016675
       -0.0001828575  -0.0000330288  -0.0170438884   0.0082286756   0.0008122343
        0.0136011380  -0.0063482324   0.0027607991   0.0057714305   0.0162495877
       -0.0024465366
       -0.0472053084   0.0152457670  -0.0282091019  -0.0083263164   0.0154162298
       -0.0253936532   0.0006484255   0.0009265208  -0.0009430280   0.0004124843
        0.0000583652   0.0001205317   0.0563330076  -0.0200866147   0.0336094445
        0.0022119086  -0.0114450408   0.0184026142   0.0012997192  -0.0019828084
        0.0032187190   0.0008774283  -0.0003398976  -0.0003777719  -0.0058323057
        0.0026947018  -0.0009213628  -0.0004400977  -0.0003237958   0.0003942685
       -0.0000046214  -0.0000429992   0.0000786523   0.0000256761  -0.0001204281
        0.0000206875
        0.0147885792  -0.1002748592   0.0989322441   0.0050482505  -0.0071757780
        0.0113314569  -0.0006990570   0.0006422682  -0.0004552894  -0.0001319921
       -0.0001460200  -0.0000599696  -0.0200866147   0.1135804640  -0.1166429933
        0.0005878836  -0.0153147945   0.0244059858  -0.0022921816   0.0090245912
       -0.0180211032  -0.0002122377  -0.0000751145   0.0004173368   0.0029708003
       -0.0005529433   0.0002320706   0.0000533962   0.0003052455  -0.0000574955
        0.0000195506  -0.0000735220  -0.0000837073  -0.0000463771   0.0000604626
        0.0000014641
       -0.0279271434   0.0990655687  -0.2243695759  -0.0038097702   0.0031335280
       -0.0028394007   0.0003347730  -0.0002893976   0.0002250559   0.0001933846
        0.0000214557   0.0001169989   0.0336094445  -0.1166429933   0.2573139198
        0.0007164837   0.0037871869  -0.0043662704  -0.0023953634   0.0110696917
       -0.0280828149   0.0003788360  -0.0002709035   0.0007660483  -0.0007866319
        0.0004076184   0.0011622914  -0.0003440984  -0.0002402954   0.0003479655
        0.0000261527   0.0000327558  -0.0002554775   0.0000039329  -0.0000742153
       -0.0000187402
       -0.1448588808  -0.1206411526   0.0104322994  -0.0244400643  -0.0202397224
        0.0016941025  -0.0055482564   0.0023480262  -0.0002613964  -0.0012331901
       -0.0011203052   0.0000939055   0.0022119086   0.0005878836   0.0007164837
        0.1704673844   0.1383278069  -0.0119072872   0.0024697729   0.0007812706
       -0.0007800357   0.0005526718  -0.0004597313   0.0001534253   0.0005593621
       -0.0004751786  -0.0000561833   0.0000904913   0.0002892346  -0.0001868000
        0.0000868479   0.0003159838   0.0001312276  -0.0003580475   0.0002858845
       -0.0000297413
       -0.1206465955  -0.1825015349   0.0118461087   0.0058636029   0.0069089733
       -0.0005666158   0.0014001131   0.0002748232   0.0000343133   0.0001811759
        0.0003228875  -0.0000181695  -0.0114450408  -0.0153147945   0.0037871869
        0.1383278069   0.2090612976  -0.0139191649  -0.0145811196  -0.0200476376
       -0.0010744275   0.0002074301   0.0005474907   0.0002036282   0.0001322758
        0.0004489965  -0.0002772502   0.0001821240   0.0001180010  -0.0001879438
        0.0002002717   0.0001667484   0.0001721440   0.0001779553   0.0000147489
        0.0000001905
        0.0104304215   0.0118482545  -0.0459744178  -0.0007173672  -0.0007534948
        0.0003946051  -0.0001698945   0.0000407303   0.0005344996  -0.0000277448
       -0.0000266678   0.0001232434   0.0184026142   0.0244059858  -0.0043662704
       -0.0119072872  -0.0139191649   0.0489396385  -0.0159329739  -0.0214965017
        0.0001096645   0.0004097647   0.0002298959   0.0000269186  -0.0004334028
       -0.0003177232   0.0001133131  -0.0001266701  -0.0000846635   0.0000663868
        0.0000916393   0.0000714627   0.0000250096  -0.0000190991   0.0000018866
        0.0000074090
       -0.0480013859   0.0219178395   0.0270371795  -0.0087111903   0.0198407125
        0.0220299130   0.0006386208   0.0010779591   0.0007626511   0.0004158107
        0.0000351325  -0.0001245997   0.0012997192  -0.0022921816  -0.0023953634
        0.0024697729  -0.0145811196  -0.0159329739   0.0572740675  -0.0279683528
       -0.0317222207  -0.0058474783   0.0028117445   0.0003105445   0.0008777743
       -0.0002690528   0.0004366079  -0.0000032612  -0.0000551448  -0.0000665350
       -0.0004383780  -0.0003947156  -0.0003377684   0.0000259283  -0.0001228209
        0.0000025652
        0.0214144797  -0.1400754177  -0.1143153121   0.0058080421  -0.0096018204
       -0.0099502609  -0.0007519203   0.0007602282   0.0003452028  -0.0001663462
       -0.0001300142   0.0001019020  -0.0019828084   0.0090245912   0.0110696917
        0.0007812706  -0.0200476376  -0.0214965017  -0.0279683528   0.1603884390
        0.1342794450   0.0030572563  -0.0006047691   0.0001411682  -0.0002733759
       -0.0000750045  -0.0002638155   0.0000138018  -0.0000703714   0.0000486363
        0.0001138888   0.0003606230   0.0000576355  -0.0000459356   0.0000711537
       -0.0000177914
        0.0268447421  -0.1144436088  -0.1837692294   0.0027039238  -0.0015762295
       -0.0000218521  -0.0001953037   0.0002027458   0.0001130445  -0.0001610373
        0.0000256051   0.0000955840   0.0032187190  -0.0180211032  -0.0280828149
       -0.0007800357  -0.0010744275   0.0001096645  -0.0317222207   0.1342794450
        0.2095578026   0.0001267698  -0.0000361442   0.0012282613  -0.0003332802
        0.0004239370   0.0007638966  -0.0000255973  -0.0000683213  -0.0002608725
        0.0003179987   0.0002327337   0.0002941960   0.0000053215   0.0000553679
       -0.0000276806
       -0.0092324874   0.0198820338   0.0213658827  -0.0456864238   0.0212153900
        0.0249882087   0.0001625432  -0.0154018135  -0.0152841208   0.0007491338
       -0.0008664718  -0.0001346255   0.0008774283  -0.0002122377   0.0003788360
        0.0005526718   0.0002074301   0.0004097647  -0.0058474783   0.0030572563
        0.0001267698   0.0585482117  -0.0229682505  -0.0286971717   0.0018158619
       -0.0019538853  -0.0028632965   0.0004386238   0.0004850271  -0.0003233938
       -0.0025342668  -0.0039270915   0.0000461999   0.0001561818   0.0004826130
       -0.0000130535
        0.0054576052  -0.0086478930  -0.0099016467   0.0210148439  -0.1367782309
       -0.1091792317  -0.0009929691  -0.0201897377  -0.0193592412  -0.0005233369
        0.0003567771   0.0000995489  -0.0003398976  -0.0000751145  -0.0002709035
       -0.0004597313   0.0005474907   0.0002298959   0.0028117445  -0.0006047691
       -0.0000361442  -0.0229682505   0.1601811142   0.1288223152  -0.0015433918
        0.0086231134   0.0101105728   0.0006942559   0.0003056332  -0.0005800531
       -0.0035249866  -0.0041029136   0.0000304589   0.0003741145   0.0003845302
        0.0000344286
        0.0019528462  -0.0013555029  -0.0001047200   0.0247553555  -0.1099936518
       -0.1796846482  -0.0013711328  -0.0020327360   0.0001856443  -0.0008623646
       -0.0002539746  -0.0000402570  -0.0003777719   0.0004173368   0.0007660483
        0.0001534253   0.0002036282   0.0000269186   0.0003105445   0.0001411682
        0.0012282613  -0.0286971717   0.1288223152   0.2038106460   0.0036165622
       -0.0170324979  -0.0282046965   0.0002248756   0.0005921195   0.0008148327
        0.0001106377  -0.0000178575   0.0012202042   0.0001841941   0.0005096526
       -0.0000182338
       -0.0088698467   0.0155721597  -0.0247622432  -0.0449677239   0.0149977057
       -0.0261747022  -0.0000891562  -0.0123759366   0.0178886440   0.0007319138
       -0.0008275871   0.0003016675  -0.0058323057   0.0029708003  -0.0007866319
        0.0005593621   0.0001322758  -0.0004334028   0.0008777743  -0.0002733759
       -0.0003332802   0.0018158619  -0.0015433918   0.0036165622   0.0577150659
       -0.0158019738   0.0299093888  -0.0025406688  -0.0038786330   0.0006257136
        0.0004396230   0.0005433106   0.0002241913   0.0001601002   0.0004846461
       -0.0000759070
        0.0048461025  -0.0062963083   0.0111006320   0.0148544964  -0.0985366636
        0.0941719953  -0.0010119800  -0.0156492019   0.0223308027  -0.0003526281
        0.0003685188  -0.0001828575   0.0026947018  -0.0005529433   0.0004076184
       -0.0004751786   0.0004489965  -0.0003177232  -0.0002690528  -0.0000750045
        0.0004239370  -0.0019538853   0.0086231134  -0.0170324979  -0.0158019738
        0.1150073001  -0.1123843255  -0.0034969271  -0.0039321999   0.0008853389
        0.0006321149   0.0003203764   0.0006823153   0.0003342101   0.0002740163
       -0.0000852355
       -0.0030140934   0.0027312359  -0.0028072623  -0.0259146482   0.0949866205
       -0.2186324900   0.0015802514   0.0048247375  -0.0040982107   0.0009525868
        0.0001634633  -0.0000330288  -0.0009213628   0.0002320706   0.0011622914
       -0.0000561833  -0.0002772502   0.0001133131   0.0004366079  -0.0002638155
        0.0007638966  -0.0028632965   0.0101105728  -0.0282046965   0.0299093888
       -0.1123843255   0.2497947025   0.0004906727   0.0009237888   0.0010601630
       -0.0003538749  -0.0004931586   0.0007950828  -0.0002460484  -0.0005539397
        0.0000862390
        0.0009935341  -0.0007195673   0.0006905953   0.0001979678  -0.0113972772
        0.0171900097  -0.0351443575   0.0091664591  -0.0211068820  -0.0163117093
        0.0158388871  -0.0170438884  -0.0004400977   0.0000533962  -0.0003440984
        0.0000904913   0.0001821240  -0.0001266701  -0.0000032612   0.0000138018
       -0.0000255973   0.0004386238   0.0006942559   0.0002248756  -0.0025406688
       -0.0034969271   0.0004906727   0.0499290143  -0.0084303945   0.0181758650
        0.0023500387  -0.0017763414   0.0017552396   0.0004404246  -0.0001284166
        0.0001198782
        0.0006415241   0.0006142636  -0.0001835949  -0.0017640688  -0.0145064489
        0.0212203809   0.0065041313  -0.0951174623   0.0986100346   0.0090962991
       -0.0067463518   0.0082286756  -0.0003237958   0.0003052455  -0.0002402954
        0.0002892346   0.0001180010  -0.0000846635  -0.0000551448  -0.0000703714
       -0.0000683213   0.0004850271   0.0003056332   0.0005921195  -0.0038786330
       -0.0039321999   0.0009237888  -0.0084303945   0.1100543242  -0.1119428461
       -0.0018576683   0.0084747873  -0.0163700682  -0.0007065111   0.0005005796
       -0.0006852100
       -0.0001095793  -0.0004288778   0.0003576524   0.0018776704   0.0046144613
       -0.0036097118  -0.0148011636   0.0955801800  -0.2250590977  -0.0045347372
        0.0027902953   0.0008122343   0.0003942685  -0.0000574955   0.0003479655
       -0.0001868000  -0.0001879438   0.0000663868  -0.0000665350   0.0000486363
       -0.0002608725  -0.0003233938  -0.0005800531   0.0008148327   0.0006257136
        0.0008853389   0.0010601630   0.0181758650  -0.1119428461   0.2525882989
       -0.0010149324   0.0096362097  -0.0274435613  -0.0000363762  -0.0003579052
        0.0003257095
        0.0009995355  -0.0008359146  -0.0005341766   0.0004420009  -0.0143123459
       -0.0147870832  -0.0356366228   0.0145049333   0.0212076472  -0.0165660150
        0.0187001949   0.0136011380  -0.0000046214   0.0000195506   0.0000261527
        0.0000868479   0.0002002717   0.0000916393  -0.0004383780   0.0001138888
        0.0003179987  -0.0025342668  -0.0035249866   0.0001106377   0.0004396230
        0.0006321149  -0.0003538749   0.0023500387  -0.0018576683  -0.0010149324
        0.0504207331  -0.0134884591  -0.0185740023   0.0004411251  -0.0001515796
       -0.0000911442
        0.0006484638   0.0007135175   0.0001239420  -0.0018054973  -0.0188187884
       -0.0184229961   0.0107729440  -0.1345115363  -0.1153611490   0.0098505314
       -0.0084449147  -0.0063482324  -0.0000429992  -0.0000735220   0.0000327558
        0.0003159838   0.0001667484   0.0000714627  -0.0003947156   0.0003606230
        0.0002327337  -0.0039270915  -0.0041029136  -0.0000178575   0.0005433106
        0.0003203764  -0.0004931586  -0.0017763414   0.0084747873   0.0096362097
       -0.0134884591   0.1552341020   0.1299347444  -0.0006961295   0.0006815204
        0.0006115454
       -0.0000002512   0.0003481209   0.0002429437  -0.0015245720  -0.0019706301
        0.0004714959   0.0154966998  -0.1122867202  -0.1851822458   0.0025365372
       -0.0008015101   0.0027607991   0.0000786523  -0.0000837073  -0.0002554775
        0.0001312276   0.0001721440   0.0000250096  -0.0003377684   0.0000576355
        0.0002941960   0.0000461999   0.0000304589   0.0012202042   0.0002241913
        0.0006823153   0.0007950828   0.0017552396  -0.0163700682  -0.0274435613
       -0.0185740023   0.1299347444   0.2069215471   0.0001678463   0.0002872171
        0.0001500062
       -0.0009289331  -0.0009506609   0.0000807906  -0.0051512249   0.0023007073
       -0.0002488940  -0.0102896187  -0.0154335305   0.0013617299  -0.0533470478
       -0.0662342264   0.0057714305   0.0000256761  -0.0000463771   0.0000039329
       -0.0003580475   0.0001779553  -0.0000190991   0.0000259283  -0.0000459356
        0.0000053215   0.0001561818   0.0003741145   0.0001841941   0.0001601002
        0.0003342101  -0.0002460484   0.0004404246  -0.0007065111  -0.0000363762
        0.0004411251  -0.0006961295   0.0001678463   0.0688254358   0.0809263841
       -0.0070248280
        0.0004918575   0.0005488077  -0.0000344769   0.0005956179  -0.0003994141
        0.0000489953   0.0029695598   0.0067706300  -0.0006561062  -0.0857133177
       -0.1829616825   0.0162495877  -0.0001204281   0.0000604626  -0.0000742153
        0.0002858845   0.0000147489   0.0000018866  -0.0001228209   0.0000711537
        0.0000553679   0.0004826130   0.0003845302   0.0005096526   0.0004846461
        0.0002740163  -0.0005539397  -0.0001284166   0.0005005796  -0.0003579052
       -0.0001515796   0.0006815204   0.0002872171   0.0809263841   0.1740546471
       -0.0154760639
       -0.0000529503  -0.0000435782   0.0001451508  -0.0000870193   0.0000623554
        0.0000870221  -0.0003401670  -0.0007853202  -0.0004650883   0.0075716797
        0.0163832151  -0.0024465366   0.0000206875   0.0000014641  -0.0000187402
       -0.0000297413   0.0000001905   0.0000074090   0.0000025652  -0.0000177914
       -0.0000276806  -0.0000130535   0.0000344286  -0.0000182338  -0.0000759070
       -0.0000852355   0.0000862390   0.0001198782  -0.0006852100   0.0003257095
       -0.0000911442   0.0006115454   0.0001500062  -0.0070248280  -0.0154760639
        0.0021747428
