$hessian                                                                        
        0.5051814746   0.0220575942   0.0014612256  -0.1393658177   0.0859150401
        0.0014578337   0.0037469829  -0.0007830341   0.0001638999  -0.0007099788
       -0.0016937354  -0.0002697782  -0.0051001054  -0.0000563283  -0.0002595798
       -0.0196583481   0.0203110605   0.0004045578   0.0009716382   0.0005708638
        0.0000816565  -0.0000224378   0.0001151935  -0.0000004316   0.0001389051
        0.0000105580   0.0000073933  -0.0004796777   0.0013312543   0.0000422939
       -0.2506424725  -0.0836909932  -0.0095727392  -0.0458413500  -0.0172357738
       -0.0233140072  -0.0487208614  -0.0257866266   0.0298631366   0.0005755937
       -0.0008301093   0.0000026956   0.0004365276  -0.0003634865  -0.0000482338
        0.0000351163   0.0000370619   0.0000025422  -0.0000853285  -0.0000025234
       -0.0000030496  -0.0000237404   0.0000204429  -0.0000025423  -0.0004361200
        0.0000735415  -0.0000168735
        0.0220575942   0.4910990187   0.0007204036   0.0805176457  -0.1598652137
       -0.0024338006   0.0163777454  -0.0223505791  -0.0003784686   0.0025622817
       -0.0060942396  -0.0004905516  -0.0019361561  -0.0011762565  -0.0002720100
        0.0018032341   0.0032067243   0.0002889875  -0.0007274680  -0.0001498086
       -0.0000013542   0.0004072052   0.0000564660   0.0000111258  -0.0000452839
       -0.0000255671   0.0000134576   0.0000888613   0.0002026827  -0.0000003529
       -0.0840682488  -0.0759837741  -0.0037769312  -0.0151470439  -0.1051748065
       -0.1036938746  -0.0233858795  -0.1245162322   0.1100220073   0.0004810712
        0.0007167469   0.0000652960   0.0012088418  -0.0003116021  -0.0000564105
       -0.0000794434   0.0001816243  -0.0000098712  -0.0000235724   0.0000043895
       -0.0000046970   0.0000132605   0.0000423438   0.0000058393  -0.0001046451
        0.0001380833  -0.0000087946
        0.0014612256   0.0007204036   0.4889937940   0.0012149675  -0.0022902444
       -0.0550386223   0.0009827013  -0.0009072600  -0.0033786083  -0.0001120960
       -0.0005878450   0.0061611523  -0.0003368989  -0.0002278108   0.0036537540
       -0.0004249916   0.0008154399  -0.0019021990   0.0000161988   0.0000491427
       -0.0007383524   0.0000180295  -0.0000002750   0.0001174230   0.0000100019
        0.0000090086  -0.0002489578  -0.0000196595   0.0000398554   0.0002172572
       -0.0095810695  -0.0037751851  -0.0449727863  -0.0211596776  -0.1058622715
       -0.2082764490   0.0278963175   0.1120817621  -0.1861177108   0.0000558129
        0.0000379251  -0.0006215687   0.0000199335  -0.0000996369   0.0016578088
       -0.0000084399  -0.0000006719   0.0001781653  -0.0000067965  -0.0000028531
        0.0000584447  -0.0000006742   0.0000036577  -0.0000047787  -0.0000248851
       -0.0000031413   0.0002622341
       -0.1393658177   0.0805176457   0.0012149675   0.5828251159  -0.0734469192
        0.0096897915  -0.0948007163  -0.0401972946  -0.0033896432  -0.0002667784
        0.0085723722   0.0002246553  -0.0297506839   0.0425124169   0.0009516902
       -0.2529560388  -0.0096131664  -0.0062269470  -0.0397395144  -0.0188139984
       -0.0019078445   0.0145194074  -0.0107468864  -0.0002447168  -0.0019112833
        0.0111289393   0.0004553600  -0.0056708044   0.0011143628  -0.0002303329
       -0.0264879684   0.0216399630   0.0001997620   0.0013433089   0.0036157969
        0.0031008839   0.0023887397   0.0028315497  -0.0027676293  -0.0051038227
       -0.0235822598  -0.0011356443  -0.0050247918   0.0027944674  -0.0000874373
        0.0008029742   0.0012041465   0.0001349983  -0.0003063153   0.0002603483
       -0.0000200601   0.0003564603   0.0001239851   0.0000411684  -0.0008514710
        0.0000845309  -0.0000030217
        0.0859150401  -0.1598652137  -0.0022902444  -0.0734469192   0.7528905025
        0.0261072227  -0.0744361476  -0.3974905124  -0.0183762976   0.0346231769
       -0.0660834816  -0.0022596039   0.0203760328   0.0029344057   0.0005275347
        0.0108588858  -0.0716525774  -0.0005827902  -0.0343981207  -0.0056438147
       -0.0010969370   0.0053355823  -0.0082384127  -0.0004960525  -0.0020010496
        0.0057720170   0.0002077626  -0.0004120430  -0.0060467430  -0.0004738973
       -0.0032731614   0.0072166768   0.0001992001   0.0139870229  -0.0212538605
       -0.0054633118   0.0151238319  -0.0233781977   0.0042080934  -0.0020708037
       -0.0092170594  -0.0003381418   0.0043167320  -0.0001372694   0.0000129684
       -0.0001248339   0.0004685294   0.0001052998  -0.0013489305  -0.0000410200
       -0.0000782728  -0.0000887349  -0.0000192043   0.0000422387   0.0010644396
       -0.0002147645   0.0000452288
        0.0014578337  -0.0024338006  -0.0550386223   0.0096897915   0.0261072227
        0.1327530052  -0.0049576790  -0.0173849483  -0.0412819743   0.0014050541
       -0.0030278328   0.0058507502  -0.0000458841   0.0011709766   0.0041851156
       -0.0052973683  -0.0011821522  -0.0521327956  -0.0026170460  -0.0006508224
       -0.0032660124   0.0004894220  -0.0009560665   0.0059972033  -0.0001438720
        0.0005823421  -0.0001074292  -0.0003082172  -0.0004268858   0.0041327712
       -0.0009104772   0.0009101215   0.0005267299   0.0163752544  -0.0197241815
        0.0004547883  -0.0150268077   0.0178186957   0.0015219758  -0.0001560056
       -0.0009617489  -0.0030172372  -0.0000099536  -0.0000205270   0.0020851539
        0.0000726532   0.0001431040  -0.0018964079  -0.0000933216  -0.0000301280
        0.0007968230   0.0000356355   0.0000494570  -0.0010036387   0.0000409878
        0.0000171746  -0.0005601988
        0.0037469829   0.0163777454   0.0009827013  -0.0948007163  -0.0744361476
       -0.0049576790   0.6892874812   0.1026881482   0.0217926341  -0.2527727337
        0.1030937458  -0.0016717322  -0.0678464217  -0.0102603639  -0.0025384917
       -0.0200013073  -0.0248354771  -0.0017569196  -0.0088993135  -0.0004782830
       -0.0004291508   0.0014623042  -0.0002661588   0.0000144832  -0.0032348712
        0.0003362416  -0.0000853880  -0.0002919139  -0.0035452861  -0.0002523663
        0.0012230772   0.0010458163   0.0001180496  -0.0006557387   0.0019984393
       -0.0001697272  -0.0005715772   0.0018585404   0.0003030237  -0.2482737253
       -0.1157952615  -0.0117185130   0.0019620290   0.0010816268   0.0002995657
        0.0000909195   0.0008301328   0.0000238230  -0.0003169448   0.0001331467
        0.0000222145   0.0000624074  -0.0001806732   0.0000192615  -0.0001699378
        0.0003540678   0.0000042112
       -0.0007830341  -0.0223505791  -0.0009072600  -0.0401972946  -0.3974905124
       -0.0173849483   0.1026881482   0.7018973251   0.0304359827   0.1061573724
       -0.1382785863  -0.0017316288  -0.0050295859  -0.0019014288  -0.0004270509
       -0.0793749113  -0.0257242058  -0.0035862405   0.0167555774   0.0096103116
        0.0007511409  -0.0135946041   0.0071151062  -0.0000904351   0.0011358953
       -0.0110525599  -0.0005214714   0.0025067902  -0.0010265796  -0.0000914246
       -0.0015742444   0.0016796590   0.0000142840  -0.0001430732  -0.0000176651
        0.0010984360   0.0000254294  -0.0000954480  -0.0010394975  -0.1120157961
       -0.1058648880  -0.0068662320   0.0228756617  -0.0152360489   0.0003126635
        0.0000618377  -0.0004997987   0.0000050495   0.0000451520   0.0000850167
        0.0000384599  -0.0002135290  -0.0003023386  -0.0000128280   0.0006742083
       -0.0005467794   0.0000030005
        0.0001638999  -0.0003784686  -0.0033786083  -0.0033896432  -0.0183762976
       -0.0412819743   0.0217926341   0.0304359827   0.0983774967  -0.0015646036
       -0.0017889585  -0.0329522162  -0.0023087010  -0.0005811243   0.0041021097
       -0.0042429200  -0.0019855059   0.0022241648   0.0003718260   0.0002246871
        0.0041544807  -0.0005917160   0.0003022979   0.0004900861  -0.0000544380
       -0.0005332479   0.0008471319   0.0000178111  -0.0002786258   0.0026896763
       -0.0000336588   0.0001117031  -0.0001036178   0.0013514211  -0.0019188939
       -0.0005058084  -0.0013674091   0.0020700647  -0.0004879878  -0.0115107647
       -0.0069999999  -0.0257483218   0.0013087890  -0.0003410422  -0.0071101318
        0.0000099263   0.0000080387  -0.0001085210   0.0000152229   0.0000397107
       -0.0007250502   0.0000043145   0.0000022245  -0.0004550381   0.0000280095
       -0.0000125449  -0.0000278704
       -0.0007099788   0.0025622817  -0.0001120960  -0.0002667784   0.0346231769
        0.0014050541  -0.2527727337   0.1061573724  -0.0015646036   0.6002763693
       -0.0207125876   0.0147701934  -0.2181998352  -0.1199341688  -0.0106214623
       -0.0110963913  -0.0232173472  -0.0015317060   0.0049354921   0.0043853008
        0.0002629071  -0.0047527282  -0.0014848829  -0.0002065229  -0.0012983462
        0.0029971807  -0.0000515316  -0.0381490540  -0.0251525736  -0.0021372479
        0.0002921655   0.0000872259  -0.0000110091  -0.0013768944   0.0012936572
        0.0006929245  -0.0013986284   0.0014261409  -0.0006326124  -0.0259242451
        0.0141094833   0.0000135051  -0.0511285501   0.0250590905  -0.0002974489
        0.0000783568  -0.0001934785   0.0000312539   0.0001797007   0.0000797203
        0.0000209192  -0.0012285698  -0.0013408532  -0.0001340830   0.0025406490
       -0.0007447387   0.0001035662
       -0.0016937354  -0.0060942396  -0.0005878450   0.0085723722  -0.0660834816
       -0.0030278328   0.1030937458  -0.1382785863  -0.0017889585  -0.0207125876
        0.8398308855   0.0351423265  -0.0999913349  -0.1785128800  -0.0092448591
        0.0053860980  -0.0587517232  -0.0027126131  -0.0044297400  -0.0088769363
       -0.0007143429   0.0067581607  -0.0065041184  -0.0001049665   0.0045917923
        0.0111371641   0.0004303730  -0.0153730494   0.0027920726  -0.0001698125
       -0.0004331761   0.0002021971   0.0000235324   0.0011527551  -0.0011761368
        0.0001206671   0.0011032511  -0.0010431475  -0.0001945818  -0.0121310983
        0.0076492800   0.0001060012   0.0236896149  -0.3972484012  -0.0174202515
       -0.0010132665  -0.0011275931  -0.0000646149   0.0002785230   0.0001777312
        0.0000514784   0.0006153250   0.0004415870   0.0000014984   0.0005363499
        0.0014663267   0.0001548016
       -0.0002697782  -0.0004905516   0.0061611523   0.0002246553  -0.0022596039
        0.0058507502  -0.0016717322  -0.0017316288  -0.0329522162   0.0147701934
        0.0351423265   0.0574039144  -0.0097441122  -0.0098412141  -0.0389012348
       -0.0002322367  -0.0035514826   0.0045083173  -0.0001473026  -0.0004371167
        0.0035215752   0.0001616689  -0.0003422606   0.0000288343   0.0000317452
        0.0003803578   0.0048410391  -0.0016919975  -0.0004505599  -0.0033443325
       -0.0000118191   0.0000139159  -0.0000454205  -0.0007300142   0.0012957203
        0.0002484101   0.0007429723  -0.0013377417   0.0001181714  -0.0012156042
        0.0008821169  -0.0028594075  -0.0003391357  -0.0173407615  -0.0025964258
       -0.0000256185  -0.0000270490  -0.0006645252   0.0000419104   0.0000472442
       -0.0007833579  -0.0000393956  -0.0000719281   0.0011325525   0.0001456011
        0.0001202170  -0.0016677963
       -0.0051001054  -0.0019361561  -0.0003368989  -0.0297506839   0.0203760328
       -0.0000458841  -0.0678464217  -0.0050295859  -0.0023087010  -0.2181998352
       -0.0999913349  -0.0097441122   0.7963067189  -0.0090501777   0.0189571390
       -0.1165160482   0.0414259011   0.0002731108   0.0462354346   0.0035835107
        0.0015450428  -0.0322038681   0.0326319590   0.0007227919  -0.0521304422
       -0.0694267268  -0.0046268141  -0.3070677971   0.0835475071  -0.0038187079
       -0.0010876916   0.0010135629   0.0000123467   0.0002997554  -0.0005041913
       -0.0002904111   0.0002657836  -0.0005096522   0.0002604743  -0.0042190437
        0.0029343675  -0.0000811028   0.0063844400   0.0011029420   0.0004403871
       -0.0016630377  -0.0032401762  -0.0004198321  -0.0000261017   0.0008985056
        0.0000312522  -0.0011596510  -0.0029137636  -0.0004009023  -0.0125214050
        0.0050874759  -0.0001691784
       -0.0000563283  -0.0011762565  -0.0002278108   0.0425124169   0.0029344057
        0.0011709766  -0.0102603639  -0.0019014288  -0.0005811243  -0.1199341688
       -0.1785128800  -0.0098412141  -0.0090501777   0.5872866507   0.0208332616
        0.0863031213  -0.2396975569  -0.0056628730  -0.0295128897  -0.0492231807
       -0.0029895812   0.0223025889  -0.0151178090   0.0002141209  -0.0207378458
        0.0277753371   0.0006896361   0.0321533481  -0.0949427578  -0.0014691894
       -0.0004144097  -0.0002863516  -0.0000433154   0.0006643819  -0.0008367715
       -0.0005267428   0.0006031571  -0.0008537654   0.0005003803   0.0023556365
       -0.0023360897  -0.0001827545  -0.0200364430  -0.0194092725  -0.0011424057
       -0.0027552592  -0.0022485370  -0.0005181050   0.0006516657   0.0003312572
        0.0000184462  -0.0039700420  -0.0034179215  -0.0006516643   0.0291816117
       -0.0083670716   0.0004099587
       -0.0002595798  -0.0002720100   0.0036537540   0.0009516902   0.0005275347
        0.0041851156  -0.0025384917  -0.0004270509   0.0041021097  -0.0106214623
       -0.0092448591  -0.0389012348   0.0189571390   0.0208332616   0.1244202804
        0.0023130577  -0.0069562161  -0.0605398741   0.0000381482  -0.0020435551
       -0.0020387506   0.0002545221   0.0005087037  -0.0056381800  -0.0024207734
       -0.0007065406  -0.0007353424  -0.0061573761   0.0000076561  -0.0423963573
       -0.0000546048   0.0000096349   0.0001595239  -0.0002887387   0.0002735229
       -0.0000667258   0.0003659565  -0.0003773490  -0.0000145180  -0.0001100721
       -0.0001698561   0.0032847872  -0.0005427974  -0.0005543405  -0.0066239094
       -0.0003888753  -0.0005383549   0.0075045202   0.0000189385   0.0000261319
        0.0003165609  -0.0004500411  -0.0006114619   0.0081854665   0.0009333604
       -0.0002848517   0.0011427738
       -0.0196583481   0.0018032341  -0.0004249916  -0.2529560388   0.0108588858
       -0.0052973683  -0.0200013073  -0.0793749113  -0.0042429200  -0.0110963913
        0.0053860980  -0.0002322367  -0.1165160482   0.0863031213   0.0023130577
        0.6510320851   0.1000368910   0.0196193073  -0.1537469749  -0.1281964126
       -0.0089499557  -0.0635052691  -0.0090968902  -0.0022683428   0.0038281494
       -0.0193018976  -0.0006220706  -0.0090018042   0.0295357908   0.0011097965
       -0.0020943252   0.0023104361   0.0000191729   0.0003814956  -0.0012864169
       -0.0007016837   0.0003571680  -0.0013515692   0.0005770476  -0.0004737469
       -0.0023890699  -0.0003612467  -0.0040041777  -0.0038990922  -0.0003895762
        0.0074650939   0.0076585521   0.0005351076  -0.0060586340   0.0007936659
       -0.0003883773   0.0009162709  -0.0004583813   0.0000050708  -0.0048671972
        0.0006679660  -0.0002997906
        0.0203110605   0.0032067243   0.0008154399  -0.0096131664  -0.0716525774
       -0.0011821522  -0.0248354771  -0.0257242058  -0.0019855059  -0.0232173472
       -0.0587517232  -0.0035514826   0.0414259011  -0.2396975569  -0.0069562161
        0.1000368910   0.6747852244   0.0277312090  -0.0876147703  -0.2373036718
       -0.0112462821  -0.0594251400   0.0338254071  -0.0002219578  -0.0051956091
       -0.0499074039  -0.0021916650   0.0625678003   0.0063392991   0.0021285694
        0.0033396439  -0.0030902238  -0.0000912484   0.0002869258   0.0002499029
        0.0001194574   0.0003178248   0.0002509910  -0.0001151458   0.0002677788
       -0.0058194922  -0.0006337837  -0.0047435251  -0.0023081538  -0.0003775860
       -0.0154412468  -0.0259983442  -0.0016570951   0.0015349478   0.0010112530
       -0.0002937251  -0.0000789034  -0.0006086526  -0.0000369195   0.0000764115
        0.0011932037  -0.0002539106
        0.0004045578   0.0002889875  -0.0019021990  -0.0062269470  -0.0005827902
       -0.0521327956  -0.0017569196  -0.0035862405   0.0022241648  -0.0015317060
       -0.0027126131   0.0045083173   0.0002731108  -0.0056628730  -0.0605398741
        0.0196193073   0.0277312090   0.1292628543  -0.0071037642  -0.0124139723
       -0.0458159476  -0.0045572057   0.0012267186   0.0010192184   0.0000202276
       -0.0025948581  -0.0052453641   0.0026021523   0.0011797415  -0.0007146869
        0.0000690608  -0.0001156261   0.0009015598   0.0002426514  -0.0001694636
        0.0004269571  -0.0002195790   0.0000795114   0.0004506183  -0.0002380629
       -0.0007043802   0.0081574869  -0.0004228497  -0.0003634168   0.0031877990
       -0.0005140289  -0.0010038850   0.0008836089  -0.0003484570  -0.0003165435
        0.0084596836   0.0000235543  -0.0000386862  -0.0000329262  -0.0003351023
       -0.0002408193   0.0069015253
        0.0009716382  -0.0007274680   0.0000161988  -0.0397395144  -0.0343981207
       -0.0026170460  -0.0088993135   0.0167555774   0.0003718260   0.0049354921
       -0.0044297400  -0.0001473026   0.0462354346  -0.0295128897   0.0000381482
       -0.1537469749  -0.0876147703  -0.0071037642   0.6616889709  -0.0204877705
        0.0148324448  -0.3451998247   0.0075872593  -0.0083183477  -0.0204489498
        0.0874811775   0.0033589993  -0.0459795427  -0.0234230494  -0.0023331625
        0.0002056418   0.0000754327   0.0000062863   0.0001698506   0.0001739591
        0.0001047216   0.0001720103   0.0001829576  -0.0000826302  -0.0003338104
       -0.0011753578  -0.0000859232   0.0007918679   0.0013998371   0.0000749416
       -0.0768015904   0.0854331758   0.0026223080  -0.0232243626   0.0006796507
       -0.0006211827  -0.0001381655   0.0022011915  -0.0000831749  -0.0006588575
       -0.0002010522  -0.0000333407
        0.0005708638  -0.0001498086   0.0000491427  -0.0188139984  -0.0056438147
       -0.0006508224  -0.0004782830   0.0096103116   0.0002246871   0.0043853008
       -0.0088769363  -0.0004371167   0.0035835107  -0.0492231807  -0.0020435551
       -0.1281964126  -0.2373036718  -0.0124139723  -0.0204877705   0.6599310683
        0.0242498418   0.0812054319  -0.1005186634  -0.0002494591   0.0299375477
        0.0050353780   0.0010539105  -0.0147705953  -0.0035580343  -0.0004981048
        0.0002127940  -0.0002958845  -0.0000013366   0.0003872448   0.0001697949
       -0.0002711516   0.0003640636   0.0001361168   0.0002948928   0.0002671286
        0.0004078869  -0.0000082672  -0.0009946740  -0.0007108834  -0.0001049173
        0.0844186004  -0.2667459022  -0.0082106392  -0.0236511270   0.0019882173
       -0.0005750294   0.0026168612  -0.0049223228  -0.0004211053  -0.0005564867
        0.0006703289   0.0000130024
        0.0000816565  -0.0000013542  -0.0007383524  -0.0019078445  -0.0010969370
       -0.0032660124  -0.0004291508   0.0007511409   0.0041544807   0.0002629071
       -0.0007143429   0.0035215752   0.0015450428  -0.0029895812  -0.0020387506
       -0.0089499557  -0.0112462821  -0.0458159476   0.0148324448   0.0242498418
        0.1147800911  -0.0049814335  -0.0023646934  -0.0439031213   0.0007433991
        0.0027036077   0.0010882460  -0.0019233459  -0.0007438849  -0.0021682208
        0.0000109266  -0.0000165663   0.0000980040  -0.0000345194  -0.0000437459
        0.0000351658   0.0000779903   0.0000613432   0.0000663666  -0.0000190519
       -0.0000529760   0.0008075636  -0.0000515214  -0.0000365420   0.0009981718
        0.0025793249  -0.0081675265  -0.0333527705  -0.0017334833   0.0001210248
       -0.0003009371  -0.0000640021  -0.0004458270   0.0062291000  -0.0000393838
        0.0000333010  -0.0001946521
       -0.0000224378   0.0004072052   0.0000180295   0.0145194074   0.0053355823
        0.0004894220   0.0014623042  -0.0135946041  -0.0005917160  -0.0047527282
        0.0067581607   0.0001616689  -0.0322038681   0.0223025889   0.0002545221
       -0.0635052691  -0.0594251400  -0.0045572057  -0.3451998247   0.0812054319
       -0.0049814335   0.6759396985   0.0122419012   0.0167314666  -0.1201542610
        0.0314425918  -0.0006351339   0.0491654713   0.0108515486   0.0018757210
        0.0001189913   0.0000103338   0.0000133418  -0.0001348604  -0.0001254876
       -0.0000780020  -0.0001435425  -0.0001378110   0.0000580935   0.0001770665
       -0.0003424627   0.0000134549  -0.0000104050  -0.0003452712  -0.0000166404
       -0.0124023479   0.0044229329  -0.0001694911  -0.1471609281  -0.1247761480
       -0.0089604135  -0.0143622301   0.0277661497   0.0008437996  -0.0013302365
       -0.0039975024  -0.0004694838
        0.0001151935   0.0000564660  -0.0000002750  -0.0107468864  -0.0082384127
       -0.0009560665  -0.0002661588   0.0071151062   0.0003022979  -0.0014848829
       -0.0065041184  -0.0003422606   0.0326319590  -0.0151178090   0.0005087037
       -0.0090968902   0.0338254071   0.0012267186   0.0075872593  -0.1005186634
       -0.0023646934   0.0122419012   0.6352515353   0.0240807987   0.1090045425
       -0.2722102866  -0.0070458341  -0.0439368810  -0.0638254485  -0.0041987179
        0.0000756485   0.0001104306   0.0000063895  -0.0000439972   0.0000282506
        0.0001252481  -0.0000426611   0.0000396203  -0.0001221818  -0.0000949329
       -0.0001943255   0.0000212930   0.0001681047   0.0006897596   0.0000339689
        0.0283476964  -0.0074629070   0.0004646748  -0.1247666580  -0.1950383135
       -0.0109719564   0.0035650160  -0.0054143739  -0.0001684800  -0.0032573728
       -0.0025919173  -0.0005996274
       -0.0000004316   0.0000111258   0.0001174230  -0.0002447168  -0.0004960525
        0.0059972033   0.0000144832  -0.0000904351   0.0004900861  -0.0002065229
       -0.0001049665   0.0000288343   0.0007227919   0.0002141209  -0.0056381800
       -0.0022683428  -0.0002219578   0.0010192184  -0.0083183477  -0.0002494591
       -0.0439031213   0.0167314666   0.0240807987   0.1144957882   0.0028835503
       -0.0092770523  -0.0484568204  -0.0006129547  -0.0026313865   0.0008381468
        0.0000086957   0.0000070527  -0.0000385205  -0.0000797700  -0.0000123018
       -0.0000344206   0.0000698698   0.0000097868  -0.0000342130   0.0000227864
        0.0000152499  -0.0007306541   0.0000135869   0.0000321846  -0.0002300055
        0.0009232663  -0.0002270355   0.0003309083  -0.0089581036  -0.0109630354
       -0.0333994295  -0.0002656876   0.0005306080   0.0004886331  -0.0004356195
       -0.0006272448   0.0086591235
        0.0001389051  -0.0000452839   0.0000100019  -0.0019112833  -0.0020010496
       -0.0001438720  -0.0032348712   0.0011358953  -0.0000544380  -0.0012983462
        0.0045917923   0.0000317452  -0.0521304422  -0.0207378458  -0.0024207734
        0.0038281494  -0.0051956091   0.0000202276  -0.0204489498   0.0299375477
        0.0007433991  -0.1201542610   0.1090045425   0.0028835503   0.6706323955
        0.0179801438   0.0168124936  -0.1866298272  -0.1609398269  -0.0114554649
        0.0001415698  -0.0000757663  -0.0000011699   0.0000484512  -0.0000332519
       -0.0000888829   0.0000486763  -0.0000405316   0.0000872132  -0.0001535849
        0.0003117397   0.0000086667  -0.0001987329   0.0001427866  -0.0000211305
       -0.0054951367   0.0013471538  -0.0003423870   0.0053133193  -0.0177221991
       -0.0006570758  -0.2950797850   0.0341717698  -0.0059876678   0.0065837538
        0.0081679925   0.0005755645
        0.0000105580  -0.0000255671   0.0000090086   0.0111289393   0.0057720170
        0.0005823421   0.0003362416  -0.0110525599  -0.0005332479   0.0029971807
        0.0111371641   0.0003803578  -0.0694267268   0.0277753371  -0.0007065406
       -0.0193018976  -0.0499074039  -0.0025948581   0.0874811775   0.0050353780
        0.0027036077   0.0314425918  -0.2722102866  -0.0092770523   0.0179801438
        0.6412609467   0.0244771852  -0.0884847505  -0.2571359187  -0.0123124305
       -0.0000425240   0.0000192220  -0.0000041437  -0.0000812300  -0.0000663100
        0.0000432547  -0.0000734429  -0.0000614085  -0.0000506203   0.0002435142
       -0.0001939799   0.0000012092   0.0001819850  -0.0008335746  -0.0000434890
        0.0008025439   0.0012036597  -0.0003131305   0.0066374462  -0.0255216001
       -0.0009607763   0.0337722117  -0.0488482250   0.0002298336  -0.0156039619
       -0.0263468902  -0.0016305098
        0.0000073933   0.0000134576  -0.0002489578   0.0004553600   0.0002077626
       -0.0001074292  -0.0000853880  -0.0005214714   0.0008471319  -0.0000515316
        0.0004303730   0.0048410391  -0.0046268141   0.0006896361  -0.0007353424
       -0.0006220706  -0.0021916650  -0.0052453641   0.0033589993   0.0010539105
        0.0010882460  -0.0006351339  -0.0070458341  -0.0484568204   0.0168124936
        0.0244771852   0.1151307578  -0.0081806814  -0.0143838902  -0.0429276277
        0.0000038502  -0.0000006997  -0.0000067887   0.0000568899  -0.0000067561
        0.0000138869  -0.0000621717  -0.0000018534   0.0000119264   0.0000112457
        0.0000089328  -0.0001682049  -0.0000128816  -0.0000571694   0.0005369598
       -0.0003713778  -0.0003039052   0.0086964155   0.0004518300  -0.0016702510
       -0.0000304680  -0.0059991939   0.0002508750  -0.0329020594  -0.0005108173
       -0.0009486374  -0.0003373007
       -0.0004796777   0.0000888613  -0.0000196595  -0.0056708044  -0.0004120430
       -0.0003082172  -0.0002919139   0.0025067902   0.0000178111  -0.0381490540
       -0.0153730494  -0.0016919975  -0.3070677971   0.0321533481  -0.0061573761
       -0.0090018042   0.0625678003   0.0026021523  -0.0459795427  -0.0147705953
       -0.0019233459   0.0491654713  -0.0439368810  -0.0006129547  -0.1866298272
       -0.0884847505  -0.0081806814   0.6469662842  -0.0014743019   0.0154245291
        0.0000402166   0.0000506836  -0.0000029698   0.0000844190  -0.0000016247
       -0.0000889902   0.0000751327  -0.0000017552   0.0000993248  -0.0009752258
        0.0008463907  -0.0000280189   0.0008300724   0.0015760135   0.0001432389
       -0.0004133008  -0.0006472443  -0.0000315668   0.0000216965   0.0023667053
       -0.0000591254  -0.0229451389  -0.0238043000  -0.0017360817  -0.0795792061
        0.0867499523   0.0025539287
        0.0013312543   0.0002026827   0.0000398554   0.0011143628  -0.0060467430
       -0.0004268858  -0.0035452861  -0.0010265796  -0.0002786258  -0.0251525736
        0.0027920726  -0.0004505599   0.0835475071  -0.0949427578   0.0000076561
        0.0295357908   0.0063392991   0.0011797415  -0.0234230494  -0.0035580343
       -0.0007438849   0.0108515486  -0.0638254485  -0.0026313865  -0.1609398269
       -0.2571359187  -0.0143838902  -0.0014743019   0.6790090716   0.0258989718
        0.0002633883  -0.0002417234   0.0000057204  -0.0000631786   0.0001408812
        0.0001278134  -0.0000603461   0.0001545223  -0.0001228278  -0.0012078450
        0.0005964251  -0.0000654765  -0.0007102796   0.0013069836   0.0000779171
       -0.0005932360   0.0005055896   0.0000019671   0.0020675791  -0.0049511121
       -0.0004429676   0.0005796417   0.0018816727   0.0001217018   0.0878788505
       -0.2612008831  -0.0079148394
        0.0000422939  -0.0000003529   0.0002172572  -0.0002303329  -0.0004738973
        0.0041327712  -0.0002523663  -0.0000914246   0.0026896763  -0.0021372479
       -0.0001698125  -0.0033443325  -0.0038187079  -0.0014691894  -0.0423963573
        0.0011097965   0.0021285694  -0.0007146869  -0.0023331625  -0.0004981048
       -0.0021682208   0.0018757210  -0.0041987179   0.0008381468  -0.0114554649
       -0.0123124305  -0.0429276277   0.0154245291   0.0258989718   0.1092846156
        0.0000128864  -0.0000072363  -0.0000447311  -0.0000422203   0.0000467004
        0.0000156396   0.0000407735  -0.0000343993   0.0000075791  -0.0001224261
       -0.0000104059   0.0013370317   0.0000161919   0.0001439238  -0.0008473854
       -0.0000347686   0.0000107918  -0.0001177718  -0.0000809909  -0.0004355415
        0.0061038265  -0.0006269121  -0.0005894216  -0.0002225013   0.0026124080
       -0.0079380226  -0.0318429293
       -0.2506424725  -0.0840682488  -0.0095810695  -0.0264879684  -0.0032731614
       -0.0009104772   0.0012230772  -0.0015742444  -0.0000336588   0.0002921655
       -0.0004331761  -0.0000118191  -0.0010876916  -0.0004144097  -0.0000546048
       -0.0020943252   0.0033396439   0.0000690608   0.0002056418   0.0002127940
        0.0000109266   0.0001189913   0.0000756485   0.0000086957   0.0001415698
       -0.0000425240   0.0000038502   0.0000402166   0.0002633883   0.0000128864
        0.2920208485   0.0947301448   0.0111653997  -0.0063344420  -0.0043929123
       -0.0021066953  -0.0078819767  -0.0052445084   0.0013750290   0.0003889931
        0.0006427690   0.0000418617   0.0001364090  -0.0000957337  -0.0000004533
        0.0001339940   0.0001735514   0.0000119609  -0.0000311452  -0.0000155319
       -0.0000017222  -0.0000350657   0.0000265417   0.0000011067  -0.0001068195
        0.0000899690  -0.0000002775
       -0.0836909932  -0.0759837741  -0.0037751851   0.0216399630   0.0072166768
        0.0009101215   0.0010458163   0.0016796590   0.0001117031   0.0000872259
        0.0002021971   0.0000139159   0.0010135629  -0.0002863516   0.0000096349
        0.0023104361  -0.0030902238  -0.0001156261   0.0000754327  -0.0002958845
       -0.0000165663   0.0000103338   0.0001104306   0.0000070527  -0.0000757663
        0.0000192220  -0.0000006997   0.0000506836  -0.0002417234  -0.0000072363
        0.0947301448   0.0874003062   0.0044932929  -0.0174071128  -0.0077376821
       -0.0025990719  -0.0198028596  -0.0089923419   0.0009617866  -0.0001401964
       -0.0002120003  -0.0000105204  -0.0000316995   0.0000456672   0.0000015741
        0.0001043818   0.0001532498   0.0000132722   0.0000169546   0.0000031976
        0.0000007314  -0.0000183578   0.0000171006   0.0000001774   0.0000820501
       -0.0000077252   0.0000016432
       -0.0095727392  -0.0037769312  -0.0449727863   0.0001997620   0.0001992001
        0.0005267299   0.0001180496   0.0000142840  -0.0001036178  -0.0000110091
        0.0000235324  -0.0000454205   0.0000123467  -0.0000433154   0.0001595239
        0.0000191729  -0.0000912484   0.0009015598   0.0000062863  -0.0000013366
        0.0000980040   0.0000133418   0.0000063895  -0.0000385205  -0.0000011699
       -0.0000041437  -0.0000067887  -0.0000029698   0.0000057204  -0.0000447311
        0.0111653997   0.0044932929   0.0471935236  -0.0265417038  -0.0125754105
       -0.0031608079   0.0245784746   0.0117171449  -0.0003703503   0.0000050026
        0.0000130003  -0.0000602848   0.0000034622   0.0000008915  -0.0000117392
        0.0000112786   0.0000143859  -0.0000796580  -0.0000014474   0.0000004772
       -0.0000080483  -0.0000017968   0.0000025467   0.0000073450   0.0000002589
        0.0000015200   0.0000160672
       -0.0458413500  -0.0151470439  -0.0211596776   0.0013433089   0.0139870229
        0.0163752544  -0.0006557387  -0.0001430732   0.0013514211  -0.0013768944
        0.0011527551  -0.0007300142   0.0002997554   0.0006643819  -0.0002887387
        0.0003814956   0.0002869258   0.0002426514   0.0001698506   0.0003872448
       -0.0000345194  -0.0001348604  -0.0000439972  -0.0000797700   0.0000484512
       -0.0000812300   0.0000568899   0.0000844190  -0.0000631786  -0.0000422203
       -0.0063344420  -0.0174071128  -0.0265417038   0.0508295194   0.0146592999
        0.0259074645   0.0016605586   0.0021026388   0.0052689971  -0.0000985164
        0.0000845203  -0.0001161720  -0.0001346471  -0.0000111618  -0.0002925280
       -0.0003073240  -0.0003329279   0.0001128341   0.0000239776  -0.0000217602
       -0.0000073489   0.0000148741  -0.0000388035   0.0000118891   0.0000275625
       -0.0000345005  -0.0000347089
       -0.0172357738  -0.1051748065  -0.1058622715   0.0036157969  -0.0212538605
       -0.0197241815   0.0019984393  -0.0000176651  -0.0019188939   0.0012936572
       -0.0011761368   0.0012957203  -0.0005041913  -0.0008367715   0.0002735229
       -0.0012864169   0.0002499029  -0.0001694636   0.0001739591   0.0001697949
       -0.0000437459  -0.0001254876   0.0000282506  -0.0000123018  -0.0000332519
       -0.0000663100  -0.0000067561  -0.0000016247   0.0001408812   0.0000467004
       -0.0043929123  -0.0077376821  -0.0125754105   0.0146592999   0.1260362427
        0.1224863575   0.0016954363   0.0091643013   0.0158497261   0.0000715434
        0.0001924727  -0.0000303041   0.0001723781  -0.0000236307   0.0003378524
       -0.0000393338   0.0002557332   0.0000219574  -0.0000348260   0.0000309994
        0.0000163121   0.0000130295   0.0000099343   0.0000011128  -0.0000397214
        0.0000083501   0.0000140671
       -0.0233140072  -0.1036938746  -0.2082764490   0.0031008839  -0.0054633118
        0.0004547883  -0.0001697272   0.0010984360  -0.0005058084   0.0006929245
        0.0001206671   0.0002484101  -0.0002904111  -0.0005267428  -0.0000667258
       -0.0007016837   0.0001194574   0.0004269571   0.0001047216  -0.0002711516
        0.0000351658  -0.0000780020   0.0001252481  -0.0000344206  -0.0000888829
        0.0000432547   0.0000138869  -0.0000889902   0.0001278134   0.0000156396
       -0.0021066953  -0.0025990719  -0.0031608079   0.0259074645   0.1224863575
        0.2404386945  -0.0033320482  -0.0122707518  -0.0295894683   0.0000609217
        0.0001648609  -0.0000162840  -0.0000204447   0.0000923427   0.0000464760
        0.0003588816   0.0003740050  -0.0000213593  -0.0000183910   0.0000349218
       -0.0000036384   0.0000023952   0.0000339737   0.0000010423  -0.0000189097
        0.0000035661  -0.0000060989
       -0.0487208614  -0.0233858795   0.0278963175   0.0023887397   0.0151238319
       -0.0150268077  -0.0005715772   0.0000254294  -0.0013674091  -0.0013986284
        0.0011032511   0.0007429723   0.0002657836   0.0006031571   0.0003659565
        0.0003571680   0.0003178248  -0.0002195790   0.0001720103   0.0003640636
        0.0000779903  -0.0001435425  -0.0000426611   0.0000698698   0.0000486763
       -0.0000734429  -0.0000621717   0.0000751327  -0.0000603461   0.0000407735
       -0.0078819767  -0.0198028596   0.0245784746   0.0016605586   0.0016954363
       -0.0033320482   0.0542179563   0.0244757045  -0.0340381828  -0.0001027450
        0.0000818940   0.0001205041  -0.0001520574  -0.0000321227   0.0002810838
       -0.0002769661  -0.0002989088  -0.0001541310   0.0000226781  -0.0000209505
        0.0000072630   0.0000153148  -0.0000358712  -0.0000144019   0.0000243364
       -0.0000375503   0.0000335260
       -0.0257866266  -0.1245162322   0.1120817621   0.0028315497  -0.0233781977
        0.0178186957   0.0018585404  -0.0000954480   0.0020700647   0.0014261409
       -0.0010431475  -0.0013377417  -0.0005096522  -0.0008537654  -0.0003773490
       -0.0013515692   0.0002509910   0.0000795114   0.0001829576   0.0001361168
        0.0000613432  -0.0001378110   0.0000396203   0.0000097868  -0.0000405316
       -0.0000614085  -0.0000018534  -0.0000017552   0.0001545223  -0.0000343993
       -0.0052445084  -0.0089923419   0.0117171449   0.0021026388   0.0091643013
       -0.0122707518   0.0244757045   0.1486314185  -0.1295179937   0.0000739294
        0.0002009734   0.0000534092   0.0001903788   0.0000143686  -0.0003315540
       -0.0000065312   0.0002898142   0.0000079045  -0.0000351751   0.0000355336
       -0.0000132772   0.0000129181   0.0000127230   0.0000011405  -0.0000405976
        0.0000101583  -0.0000158427
        0.0298631366   0.1100220073  -0.1861177108  -0.0027676293   0.0042080934
        0.0015219758   0.0003030237  -0.0010394975  -0.0004879878  -0.0006326124
       -0.0001945818   0.0001181714   0.0002604743   0.0005003803  -0.0000145180
        0.0005770476  -0.0001151458   0.0004506183  -0.0000826302   0.0002948928
        0.0000663666   0.0000580935  -0.0001221818  -0.0000342130   0.0000872132
       -0.0000506203   0.0000119264   0.0000993248  -0.0001228278   0.0000075791
        0.0013750290   0.0009617866  -0.0003703503   0.0052689971   0.0158497261
       -0.0295894683  -0.0340381828  -0.1295179937   0.2145395273  -0.0000575623
       -0.0001410388  -0.0000247393   0.0000257563  -0.0000977630   0.0000231020
       -0.0003737563  -0.0003615634  -0.0000858801   0.0000178298  -0.0000332907
       -0.0000064461  -0.0000002658  -0.0000362073  -0.0000024760   0.0000167132
       -0.0000041749  -0.0000054771
        0.0005755937   0.0004810712   0.0000558129  -0.0051038227  -0.0020708037
       -0.0001560056  -0.2482737253  -0.1120157961  -0.0115107647  -0.0259242451
       -0.0121310983  -0.0012156042  -0.0042190437   0.0023556365  -0.0001100721
       -0.0004737469   0.0002677788  -0.0002380629  -0.0003338104   0.0002671286
       -0.0000190519   0.0001770665  -0.0000949329   0.0000227864  -0.0001535849
        0.0002435142   0.0000112457  -0.0009752258  -0.0012078450  -0.0001224261
        0.0003889931  -0.0001401964   0.0000050026  -0.0000985164   0.0000715434
        0.0000609217  -0.0001027450   0.0000739294  -0.0000575623   0.2845315122
        0.1249256080   0.0132933317   0.0000750368  -0.0008545049  -0.0000142391
        0.0000203260  -0.0000245762  -0.0000038567  -0.0000478137  -0.0000282701
        0.0000007455  -0.0001096123  -0.0000767763  -0.0000003411   0.0000473638
       -0.0000414102  -0.0000018599
       -0.0008301093   0.0007167469   0.0000379251  -0.0235822598  -0.0092170594
       -0.0009617489  -0.1157952615  -0.1058648880  -0.0069999999   0.0141094833
        0.0076492800   0.0008821169   0.0029343675  -0.0023360897  -0.0001698561
       -0.0023890699  -0.0058194922  -0.0007043802  -0.0011753578   0.0004078869
       -0.0000529760  -0.0003424627  -0.0001943255   0.0000152499   0.0003117397
       -0.0001939799   0.0000089328   0.0008463907   0.0005964251  -0.0000104059
        0.0006427690  -0.0002120003   0.0000130003   0.0000845203   0.0001924727
        0.0001648609   0.0000818940   0.0002009734  -0.0001410388   0.1249256080
        0.1130273173   0.0078269848   0.0003994684   0.0008293157   0.0000807724
       -0.0000025877   0.0000845390  -0.0000035715  -0.0001606917  -0.0000074790
       -0.0000000719   0.0000152307   0.0000563792   0.0000150748  -0.0000736710
        0.0000839779  -0.0000008689
        0.0000026956   0.0000652960  -0.0006215687  -0.0011356443  -0.0003381418
       -0.0030172372  -0.0117185130  -0.0068662320  -0.0257483218   0.0000135051
        0.0001060012  -0.0028594075  -0.0000811028  -0.0001827545   0.0032847872
       -0.0003612467  -0.0006337837   0.0081574869  -0.0000859232  -0.0000082672
        0.0008075636   0.0000134549   0.0000212930  -0.0007306541   0.0000086667
        0.0000012092  -0.0001682049  -0.0000280189  -0.0000654765   0.0013370317
        0.0000418617  -0.0000105204  -0.0000602848  -0.0001161720  -0.0000303041
       -0.0000162840   0.0001205041   0.0000534092  -0.0000247393   0.0132933317
        0.0078269848   0.0205614090   0.0000391483   0.0000472351  -0.0007114469
       -0.0000029631  -0.0000020117   0.0001148048  -0.0000056689   0.0000046760
       -0.0001181286   0.0000053329   0.0000114676  -0.0002367642  -0.0000032481
       -0.0000000802   0.0000499587
        0.0004365276   0.0012088418   0.0000199335  -0.0050247918   0.0043167320
       -0.0000099536   0.0019620290   0.0228756617   0.0013087890  -0.0511285501
        0.0236896149  -0.0003391357   0.0063844400  -0.0200364430  -0.0005427974
       -0.0040041777  -0.0047435251  -0.0004228497   0.0007918679  -0.0009946740
       -0.0000515214  -0.0000104050   0.0001681047   0.0000135869  -0.0001987329
        0.0001819850  -0.0000128816   0.0008300724  -0.0007102796   0.0000161919
        0.0001364090  -0.0000316995   0.0000034622  -0.0001346471   0.0001723781
       -0.0000204447  -0.0001520574   0.0001903788   0.0000257563   0.0000750368
        0.0003994684   0.0000391483   0.0507348570  -0.0269288348  -0.0000238635
       -0.0002606487  -0.0003267385  -0.0000294837  -0.0000041691   0.0000721788
        0.0000082722  -0.0000308455  -0.0000242833  -0.0000035974  -0.0004022145
        0.0005211338   0.0000213884
       -0.0003634865  -0.0003116021  -0.0000996369   0.0027944674  -0.0001372694
       -0.0000205270   0.0010816268  -0.0152360489  -0.0003410422   0.0250590905
       -0.3972484012  -0.0173407615   0.0011029420  -0.0194092725  -0.0005543405
       -0.0038990922  -0.0023081538  -0.0003634168   0.0013998371  -0.0007108834
       -0.0000365420  -0.0003452712   0.0006897596   0.0000321846   0.0001427866
       -0.0008335746  -0.0000571694   0.0015760135   0.0013069836   0.0001439238
       -0.0000957337   0.0000456672   0.0000008915  -0.0000111618  -0.0000236307
        0.0000923427  -0.0000321227   0.0000143686  -0.0000977630  -0.0008545049
        0.0008293157   0.0000472351  -0.0269288348   0.4332942694   0.0186029036
       -0.0002599739  -0.0002532880  -0.0000322737  -0.0000040538   0.0000449072
        0.0000070636   0.0000846608   0.0000863015   0.0000044994  -0.0004471891
        0.0001605517   0.0000124288
       -0.0000482338  -0.0000564105   0.0016578088  -0.0000874373   0.0000129684
        0.0020851539   0.0002995657   0.0003126635  -0.0071101318  -0.0002974489
       -0.0174202515  -0.0025964258   0.0004403871  -0.0011424057  -0.0066239094
       -0.0003895762  -0.0003775860   0.0031877990   0.0000749416  -0.0001049173
        0.0009981718  -0.0000166404   0.0000339689  -0.0002300055  -0.0000211305
       -0.0000434890   0.0005369598   0.0001432389   0.0000779171  -0.0008473854
       -0.0000004533   0.0000015741  -0.0000117392  -0.0002925280   0.0003378524
        0.0000464760   0.0002810838  -0.0003315540   0.0000231020  -0.0000142391
        0.0000807724  -0.0007114469  -0.0000238635   0.0186029036   0.0097977893
       -0.0000292526  -0.0000335858   0.0002568653   0.0000042842   0.0000117164
       -0.0001356065   0.0000020576  -0.0000011052   0.0000417717  -0.0000247552
        0.0000389683  -0.0003652470
        0.0000351163  -0.0000794434  -0.0000084399   0.0008029742  -0.0001248339
        0.0000726532   0.0000909195   0.0000618377   0.0000099263   0.0000783568
       -0.0010132665  -0.0000256185  -0.0016630377  -0.0027552592  -0.0003888753
        0.0074650939  -0.0154412468  -0.0005140289  -0.0768015904   0.0844186004
        0.0025793249  -0.0124023479   0.0283476964   0.0009232663  -0.0054951367
        0.0008025439  -0.0003713778  -0.0004133008  -0.0005932360  -0.0000347686
        0.0001339940   0.0001043818   0.0000112786  -0.0003073240  -0.0000393338
        0.0003588816  -0.0002769661  -0.0000065312  -0.0003737563   0.0000203260
       -0.0000025877  -0.0000029631  -0.0002606487  -0.0002599739  -0.0000292526
        0.0887557860  -0.0955948063  -0.0024569872   0.0008587748   0.0007838204
        0.0001450301  -0.0006975217   0.0014094863   0.0000423448   0.0000765326
       -0.0000178481   0.0000633622
        0.0000370619   0.0001816243  -0.0000006719   0.0012041465   0.0004685294
        0.0001431040   0.0008301328  -0.0004997987   0.0000080387  -0.0001934785
       -0.0011275931  -0.0000270490  -0.0032401762  -0.0022485370  -0.0005383549
        0.0076585521  -0.0259983442  -0.0010038850   0.0854331758  -0.2667459022
       -0.0081675265   0.0044229329  -0.0074629070  -0.0002270355   0.0013471538
        0.0012036597  -0.0003039052  -0.0006472443   0.0005055896   0.0000107918
        0.0001735514   0.0001532498   0.0000143859  -0.0003329279   0.0002557332
        0.0003740050  -0.0002989088   0.0002898142  -0.0003615634  -0.0000245762
        0.0000845390  -0.0000020117  -0.0003267385  -0.0002532880  -0.0000335858
       -0.0955948063   0.3005020249   0.0098664040  -0.0006467126   0.0010748798
        0.0001665025   0.0001614983  -0.0003965645  -0.0000171264   0.0000373638
        0.0000132908   0.0000994833
        0.0000025422  -0.0000098712   0.0001781653   0.0001349983   0.0001052998
       -0.0018964079   0.0000238230   0.0000050495  -0.0001085210   0.0000312539
       -0.0000646149  -0.0006645252  -0.0004198321  -0.0005181050   0.0075045202
        0.0005351076  -0.0016570951   0.0008836089   0.0026223080  -0.0082106392
       -0.0333527705  -0.0001694911   0.0004646748   0.0003309083  -0.0003423870
       -0.0003131305   0.0086964155  -0.0000315668   0.0000019671  -0.0001177718
        0.0000119609   0.0000132722  -0.0000796580   0.0001128341   0.0000219574
       -0.0000213593  -0.0001541310   0.0000079045  -0.0000858801  -0.0000038567
       -0.0000035715   0.0001148048  -0.0000294837  -0.0000322737   0.0002568653
       -0.0024569872   0.0098664040   0.0234056017   0.0000829851   0.0002068224
       -0.0029859023  -0.0000147249   0.0000186813   0.0000572788   0.0000646475
        0.0000972680  -0.0021153724
       -0.0000853285  -0.0000235724  -0.0000067965  -0.0003063153  -0.0013489305
       -0.0000933216  -0.0003169448   0.0000451520   0.0000152229   0.0001797007
        0.0002785230   0.0000419104  -0.0000261017   0.0006516657   0.0000189385
       -0.0060586340   0.0015349478  -0.0003484570  -0.0232243626  -0.0236511270
       -0.0017334833  -0.1471609281  -0.1247666580  -0.0089581036   0.0053133193
        0.0066374462   0.0004518300   0.0000216965   0.0020675791  -0.0000809909
       -0.0000311452   0.0000169546  -0.0000014474   0.0000239776  -0.0000348260
       -0.0000183910   0.0000226781  -0.0000351751   0.0000178298  -0.0000478137
       -0.0001606917  -0.0000056689  -0.0000041691  -0.0000040538   0.0000042842
        0.0008587748  -0.0006467126   0.0000829851   0.1695850539   0.1380610952
        0.0104586818   0.0010210851   0.0009373411   0.0001343465   0.0002354569
        0.0004410422   0.0000206309
       -0.0000025234   0.0000043895  -0.0000028531   0.0002603483  -0.0000410200
       -0.0000301280   0.0001331467   0.0000850167   0.0000397107   0.0000797203
        0.0001777312   0.0000472442   0.0008985056   0.0003312572   0.0000261319
        0.0007936659   0.0010112530  -0.0003165435   0.0006796507   0.0019882173
        0.0001210248  -0.1247761480  -0.1950383135  -0.0109630354  -0.0177221991
       -0.0255216001  -0.0016702510   0.0023667053  -0.0049511121  -0.0004355415
       -0.0000155319   0.0000031976   0.0000004772  -0.0000217602   0.0000309994
        0.0000349218  -0.0000209505   0.0000355336  -0.0000332907  -0.0000282701
       -0.0000074790   0.0000046760   0.0000721788   0.0000449072   0.0000117164
        0.0007838204   0.0010748798   0.0002068224   0.1380610952   0.2213973504
        0.0129411181  -0.0006660663   0.0006878114   0.0001145802  -0.0008753877
       -0.0013130198  -0.0000967806
       -0.0000030496  -0.0000046970   0.0000584447  -0.0000200601  -0.0000782728
        0.0007968230   0.0000222145   0.0000384599  -0.0007250502   0.0000209192
        0.0000514784  -0.0007833579   0.0000312522   0.0000184462   0.0003165609
       -0.0003883773  -0.0002937251   0.0084596836  -0.0006211827  -0.0005750294
       -0.0003009371  -0.0089604135  -0.0109719564  -0.0333994295  -0.0006570758
       -0.0009607763  -0.0000304680  -0.0000591254  -0.0004429676   0.0061038265
       -0.0000017222   0.0000007314  -0.0000080483  -0.0000073489   0.0000163121
       -0.0000036384   0.0000072630  -0.0000132772  -0.0000064461   0.0000007455
       -0.0000000719  -0.0001181286   0.0000082722   0.0000070636  -0.0001356065
        0.0001450301   0.0001665025  -0.0029859023   0.0104586818   0.0129411181
        0.0247647955   0.0000649848   0.0001585238  -0.0022313145  -0.0000410077
       -0.0000578625   0.0002281931
       -0.0000237404   0.0000132605  -0.0000006742   0.0003564603  -0.0000887349
        0.0000356355   0.0000624074  -0.0002135290   0.0000043145  -0.0012285698
        0.0006153250  -0.0000393956  -0.0011596510  -0.0039700420  -0.0004500411
        0.0009162709  -0.0000789034   0.0000235543  -0.0001381655   0.0026168612
       -0.0000640021  -0.0143622301   0.0035650160  -0.0002656876  -0.2950797850
        0.0337722117  -0.0059991939  -0.0229451389   0.0005796417  -0.0006269121
       -0.0000350657  -0.0000183578  -0.0000017968   0.0000148741   0.0000130295
        0.0000023952   0.0000153148   0.0000129181  -0.0000002658  -0.0001096123
        0.0000152307   0.0000053329  -0.0000308455   0.0000846608   0.0000020576
       -0.0006975217   0.0001614983  -0.0000147249   0.0010210851  -0.0006660663
        0.0000649848   0.3323780244  -0.0369711625   0.0071837291   0.0010458889
        0.0005571424   0.0001406902
        0.0000204429   0.0000423438   0.0000036577   0.0001239851  -0.0000192043
        0.0000494570  -0.0001806732  -0.0003023386   0.0000022245  -0.0013408532
        0.0004415870  -0.0000719281  -0.0029137636  -0.0034179215  -0.0006114619
       -0.0004583813  -0.0006086526  -0.0000386862   0.0022011915  -0.0049223228
       -0.0004458270   0.0277661497  -0.0054143739   0.0005306080   0.0341717698
       -0.0488482250   0.0002508750  -0.0238043000   0.0018816727  -0.0005894216
        0.0000265417   0.0000171006   0.0000025467  -0.0000388035   0.0000099343
        0.0000339737  -0.0000358712   0.0000127230  -0.0000362073  -0.0000767763
        0.0000563792   0.0000114676  -0.0000242833   0.0000863015  -0.0000011052
        0.0014094863  -0.0003965645   0.0000186813   0.0009373411   0.0006878114
        0.0001585238  -0.0369711625   0.0597608074   0.0005763131  -0.0008120401
        0.0009329424   0.0001563087
       -0.0000025423   0.0000058393  -0.0000047787   0.0000411684   0.0000422387
       -0.0010036387   0.0000192615  -0.0000128280  -0.0004550381  -0.0001340830
        0.0000014984   0.0011325525  -0.0004009023  -0.0006516643   0.0081854665
        0.0000050708  -0.0000369195  -0.0000329262  -0.0000831749  -0.0004211053
        0.0062291000   0.0008437996  -0.0001684800   0.0004886331  -0.0059876678
        0.0002298336  -0.0329020594  -0.0017360817   0.0001217018  -0.0002225013
        0.0000011067   0.0000001774   0.0000073450   0.0000118891   0.0000011128
        0.0000010423  -0.0000144019   0.0000011405  -0.0000024760  -0.0000003411
        0.0000150748  -0.0002367642  -0.0000035974   0.0000044994   0.0000417717
        0.0000423448  -0.0000171264   0.0000572788   0.0001343465   0.0001145802
       -0.0022313145   0.0071837291   0.0005763131   0.0239540898   0.0000800757
        0.0001941135  -0.0030057827
       -0.0004361200  -0.0001046451  -0.0000248851  -0.0008514710   0.0010644396
        0.0000409878  -0.0001699378   0.0006742083   0.0000280095   0.0025406490
        0.0005363499   0.0001456011  -0.0125214050   0.0291816117   0.0009333604
       -0.0048671972   0.0000764115  -0.0003351023  -0.0006588575  -0.0005564867
       -0.0000393838  -0.0013302365  -0.0032573728  -0.0004356195   0.0065837538
       -0.0156039619  -0.0005108173  -0.0795792061   0.0878788505   0.0026124080
       -0.0001068195   0.0000820501   0.0000002589   0.0000275625  -0.0000397214
       -0.0000189097   0.0000243364  -0.0000405976   0.0000167132   0.0000473638
       -0.0000736710  -0.0000032481  -0.0004022145  -0.0004471891  -0.0000247552
        0.0000765326   0.0000373638   0.0000646475   0.0002354569  -0.0008753877
       -0.0000410077   0.0010458889  -0.0008120401   0.0000800757   0.0903419213
       -0.0977202119  -0.0024883335
        0.0000735415   0.0001380833  -0.0000031413   0.0000845309  -0.0002147645
        0.0000171746   0.0003540678  -0.0005467794  -0.0000125449  -0.0007447387
        0.0014663267   0.0001202170   0.0050874759  -0.0083670716  -0.0002848517
        0.0006679660   0.0011932037  -0.0002408193  -0.0002010522   0.0006703289
        0.0000333010  -0.0039975024  -0.0025919173  -0.0006272448   0.0081679925
       -0.0263468902  -0.0009486374   0.0867499523  -0.2612008831  -0.0079380226
        0.0000899690  -0.0000077252   0.0000015200  -0.0000345005   0.0000083501
        0.0000035661  -0.0000375503   0.0000101583  -0.0000041749  -0.0000414102
        0.0000839779  -0.0000000802   0.0005211338   0.0001605517   0.0000389683
       -0.0000178481   0.0000132908   0.0000972680   0.0004410422  -0.0013130198
       -0.0000578625   0.0005571424   0.0009329424   0.0001941135  -0.0977202119
        0.2959118373   0.0096112510
       -0.0000168735  -0.0000087946   0.0002622341  -0.0000030217   0.0000452288
       -0.0005601988   0.0000042112   0.0000030005  -0.0000278704   0.0001035662
        0.0001548016  -0.0016677963  -0.0001691784   0.0004099587   0.0011427738
       -0.0002997906  -0.0002539106   0.0069015253  -0.0000333407   0.0000130024
       -0.0001946521  -0.0004694838  -0.0005996274   0.0086591235   0.0005755645
       -0.0016305098  -0.0003373007   0.0025539287  -0.0079148394  -0.0318429293
       -0.0000002775   0.0000016432   0.0000160672  -0.0000347089   0.0000140671
       -0.0000060989   0.0000335260  -0.0000158427  -0.0000054771  -0.0000018599
       -0.0000008689   0.0000499587   0.0000213884   0.0000124288  -0.0003652470
        0.0000633622   0.0000994833  -0.0021153724   0.0000206309  -0.0000967806
        0.0002281931   0.0001406902   0.0001563087  -0.0030057827  -0.0024883335
        0.0096112510   0.0228688500
