$hessian                                                                        
        0.0004022859  -0.0000098562   0.0000001394  -0.0000231649  -0.0000058614
        0.0000000776  -0.0000177936  -0.0000069303   0.0000000617  -0.0000148922
       -0.0000022281  -0.0000000159  -0.0000183727   0.0000019989  -0.0000000494
       -0.0000236743  -0.0000001449   0.0000000052  -0.0000280360   0.0000033744
       -0.0000000094  -0.0000270519   0.0000088327  -0.0000000756  -0.0000218096
        0.0000108691  -0.0000001304  -0.0000174176   0.0000074929  -0.0000001188
       -0.0000266382  -0.0000127773  -0.0000001278  -0.0000283549  -0.0000119262
       -0.0000000068  -0.0000313801  -0.0000078539   0.0000005832  -0.0000157738
       -0.0000107550   0.0000001033  -0.0000108577  -0.0000019409  -0.0000000383
       -0.0000321021   0.0000018539   0.0000000299  -0.0000303946   0.0000116246
       -0.0000000862  -0.0000212128   0.0000151651  -0.0000001814  -0.0000133589
        0.0000090627  -0.0000001601
       -0.0000098562   0.0003877855   0.0000001631  -0.0000010214  -0.0000342143
        0.0000000583   0.0000096216  -0.0000362970  -0.0000000142   0.0000153020
       -0.0000269948  -0.0000000978   0.0000083768  -0.0000186541  -0.0000000813
       -0.0000020576  -0.0000228948   0.0000000174  -0.0000107088  -0.0000159513
        0.0000000523  -0.0000088060  -0.0000051772  -0.0000000108   0.0000015427
       -0.0000011199  -0.0000001078   0.0000102508  -0.0000077662  -0.0000001442
       -0.0000084036  -0.0000484976   0.0000002358  -0.0000106025  -0.0000457296
        0.0000002137  -0.0000173518  -0.0000383041   0.0000001226   0.0000136356
       -0.0000438283  -0.0000000128   0.0000232747  -0.0000264325  -0.0000001620
       -0.0000187463  -0.0000189814   0.0000001275  -0.0000154104   0.0000003129
        0.0000000145   0.0000027041   0.0000073918  -0.0000001550   0.0000182563
       -0.0000046471  -0.0000002193
        0.0000001394   0.0000001631   0.0003671304   0.0000001721  -0.0000000179
       -0.0000405392   0.0000002535  -0.0000001517  -0.0000304356   0.0000001175
       -0.0000001829  -0.0000100699  -0.0000000324  -0.0000000854  -0.0000066041
       -0.0000000186   0.0000000408  -0.0000255477  -0.0000001186   0.0000001265
       -0.0000262182  -0.0000002102   0.0000000730  -0.0000083899  -0.0000002244
       -0.0000000421   0.0000101782  -0.0000001381  -0.0000001178   0.0000113445
        0.0000082009  -0.0000068418  -0.0000699476  -0.0000110294   0.0000099412
       -0.0000689225   0.0000031422  -0.0000024244  -0.0000666326   0.0000004130
       -0.0000002410  -0.0000363234   0.0000001691  -0.0000003032   0.0000005534
       -0.0000001288   0.0000002318  -0.0000404635  -0.0000002707   0.0000001231
       -0.0000086304  -0.0000002938  -0.0000000773   0.0000238363  -0.0000001429
       -0.0000002140   0.0000256818
       -0.0000231649  -0.0000010214   0.0000001721   0.0004072217  -0.0000006125
        0.0000001204  -0.0000221480  -0.0000007349   0.0000001679  -0.0000218258
       -0.0000002460   0.0000000815  -0.0000221722   0.0000002012  -0.0000000224
       -0.0000227404  -0.0000000214  -0.0000000042  -0.0000231845   0.0000003511
       -0.0000000932  -0.0000230667   0.0000009267  -0.0000001956  -0.0000225153
        0.0000011284  -0.0000002140  -0.0000220669   0.0000007660  -0.0000001288
       -0.0000229198  -0.0000011367  -0.0000000016  -0.0000234083  -0.0000013887
        0.0000000561  -0.0000235504  -0.0000007770   0.0000004879  -0.0000219459
       -0.0000011448   0.0000002607  -0.0000214047  -0.0000002145   0.0000000974
       -0.0000236084   0.0000002008  -0.0000000822  -0.0000234158   0.0000012284
       -0.0000002644  -0.0000224462   0.0000015707  -0.0000002957  -0.0000216377
        0.0000009244  -0.0000001418
       -0.0000058614  -0.0000342143  -0.0000000179  -0.0000006125   0.0004004065
        0.0000000372   0.0000057071  -0.0000307588   0.0000001478   0.0000090894
       -0.0000252320   0.0000001644   0.0000049813  -0.0000202708   0.0000000642
       -0.0000012240  -0.0000227882  -0.0000000197  -0.0000063597  -0.0000186579
       -0.0000001300  -0.0000052234  -0.0000122535  -0.0000001534   0.0000009268
       -0.0000098490  -0.0000000706   0.0000060967  -0.0000138045   0.0000000386
       -0.0000049308  -0.0000379762  -0.0000000206  -0.0000063938  -0.0000363031
       -0.0000000565  -0.0000103032  -0.0000319704  -0.0000000180   0.0000080889
       -0.0000352407   0.0000002173   0.0000138263  -0.0000248995   0.0000002399
       -0.0000111348  -0.0000204531  -0.0000001952  -0.0000091476  -0.0000089855
       -0.0000002377   0.0000016193  -0.0000047938  -0.0000000931   0.0000108552
       -0.0000119550   0.0000001031
        0.0000000776   0.0000000583  -0.0000405392   0.0000001204   0.0000000372
        0.0003968407   0.0000002084   0.0000000538  -0.0000345203   0.0000001168
        0.0000000256  -0.0000259290  -0.0000000119  -0.0000000056  -0.0000187169
       -0.0000000122   0.0000000115  -0.0000229507  -0.0000001081  -0.0000000145
       -0.0000170702  -0.0000001769  -0.0000000595  -0.0000073203  -0.0000001646
       -0.0000000616  -0.0000032556  -0.0000000783  -0.0000000293  -0.0000088669
        0.0000049049  -0.0000004390  -0.0000458563  -0.0000066110   0.0000006451
       -0.0000436170   0.0000018850  -0.0000001093  -0.0000378784   0.0000003260
        0.0000000895  -0.0000411303   0.0000001685   0.0000000166  -0.0000251020
       -0.0000001351  -0.0000000126  -0.0000201154  -0.0000002300  -0.0000000895
       -0.0000026616  -0.0000002120  -0.0000000814   0.0000044300  -0.0000000676
       -0.0000000353  -0.0000057405
       -0.0000177936   0.0000096216   0.0000002535  -0.0000221480   0.0000057071
        0.0000002084   0.0004025129   0.0000067166   0.0000003547  -0.0000301772
        0.0000021310   0.0000002350  -0.0000267386  -0.0000019687   0.0000000093
       -0.0000216188   0.0000001226  -0.0000000189  -0.0000173385  -0.0000032899
       -0.0000002300  -0.0000182532  -0.0000085892  -0.0000004038  -0.0000233463
       -0.0000106044  -0.0000003761  -0.0000276530  -0.0000073452  -0.0000001713
       -0.0000183308   0.0000130239   0.0000000585  -0.0000176176   0.0000111916
        0.0000000903  -0.0000141178   0.0000077764   0.0000006281  -0.0000293999
        0.0000104107   0.0000005420  -0.0000341064   0.0000018558   0.0000003089
       -0.0000133770  -0.0000017844  -0.0000002564  -0.0000149984  -0.0000112785
       -0.0000005669  -0.0000239081  -0.0000148067  -0.0000005173  -0.0000315896
       -0.0000088903  -0.0000001480
       -0.0000069303  -0.0000362970  -0.0000001517  -0.0000007349  -0.0000307588
        0.0000000538   0.0000067166   0.0003976792   0.0000003706   0.0000107248
       -0.0000257186   0.0000004641   0.0000058893  -0.0000198537   0.0000002088
       -0.0000014481  -0.0000228219  -0.0000000599  -0.0000075011  -0.0000179389
       -0.0000003501  -0.0000061475  -0.0000103737  -0.0000003647   0.0000011155
       -0.0000075472  -0.0000001004   0.0000072099  -0.0000122278   0.0000001877
       -0.0000056818  -0.0000406363  -0.0000002891  -0.0000077570  -0.0000387704
       -0.0000003261  -0.0000121457  -0.0000336733  -0.0000000012   0.0000095217
       -0.0000375441   0.0000005408   0.0000163163  -0.0000253275   0.0000006905
       -0.0000131371  -0.0000200484  -0.0000005583  -0.0000107802  -0.0000065053
       -0.0000005852   0.0000019383  -0.0000015851  -0.0000001233   0.0000128314
       -0.0000100513   0.0000003937
        0.0000000617  -0.0000000142  -0.0000304356   0.0000001679   0.0000001478
       -0.0000345203   0.0000003547   0.0000003706   0.0003770538   0.0000002442
        0.0000003155  -0.0000505931   0.0000000174   0.0000000874  -0.0000305674
       -0.0000000220  -0.0000000219  -0.0000198523  -0.0000002094  -0.0000002181
        0.0000011267  -0.0000003066  -0.0000002915   0.0000107383  -0.0000002372
       -0.0000001564  -0.0000000568  -0.0000000634   0.0000000425  -0.0000207761
        0.0000060368   0.0000078180  -0.0000393285  -0.0000082140  -0.0000111967
       -0.0000329279   0.0000022888   0.0000029008  -0.0000158868   0.0000005388
        0.0000005981  -0.0000676133   0.0000003560   0.0000004471  -0.0000618843
       -0.0000002908  -0.0000003430   0.0000096563  -0.0000004114  -0.0000004487
        0.0000269735  -0.0000003000  -0.0000001821   0.0000080457  -0.0000000115
        0.0000001449  -0.0000291519
       -0.0000148922   0.0000153020   0.0000001175  -0.0000218258   0.0000090894
        0.0000001168  -0.0000301772   0.0000107248   0.0000002442   0.0003952835
        0.0000034279   0.0000001992  -0.0000292033  -0.0000031157   0.0000000398
       -0.0000210113   0.0000002116  -0.0000000178  -0.0000142228  -0.0000052357
       -0.0000001796  -0.0000157178  -0.0000136893  -0.0000002788  -0.0000238398
       -0.0000168702  -0.0000002210  -0.0000306730  -0.0000116547  -0.0000000620
       -0.0000161436   0.0000202253   0.0000002347  -0.0000141199   0.0000182002
        0.0000001331  -0.0000090767   0.0000122693  -0.0000000134  -0.0000333285
        0.0000166347   0.0000003662  -0.0000408947   0.0000029855   0.0000002719
       -0.0000079153  -0.0000028601  -0.0000002254  -0.0000105335  -0.0000179981
       -0.0000004049  -0.0000247514  -0.0000235460  -0.0000003035  -0.0000369567
       -0.0000141008  -0.0000000169
       -0.0000022281  -0.0000269948  -0.0000001829  -0.0000002460  -0.0000252320
        0.0000000256   0.0000021310  -0.0000257186   0.0000003155   0.0000034279
        0.0004062880   0.0000004218   0.0000018929  -0.0000217473   0.0000002022
       -0.0000004665  -0.0000226937  -0.0000000562  -0.0000023951  -0.0000211238
       -0.0000003109  -0.0000019507  -0.0000186980  -0.0000003013   0.0000003764
       -0.0000178044  -0.0000000473   0.0000023191  -0.0000193131   0.0000002061
       -0.0000016909  -0.0000283032  -0.0000003415  -0.0000026729  -0.0000277730
       -0.0000003582  -0.0000038720  -0.0000261863  -0.0000000131   0.0000030227
       -0.0000274273   0.0000004579   0.0000052174  -0.0000235089   0.0000006335
       -0.0000041981  -0.0000217900  -0.0000005108  -0.0000034336  -0.0000174498
       -0.0000004942   0.0000006445  -0.0000159010  -0.0000000502   0.0000041221
       -0.0000186229   0.0000004040
       -0.0000000159  -0.0000000978  -0.0000100699   0.0000000815   0.0000001644
       -0.0000259290   0.0000002350   0.0000004641  -0.0000505931   0.0000001992
        0.0000004218   0.0003711709   0.0000000430   0.0000001335  -0.0000393448
       -0.0000000164  -0.0000000479  -0.0000181753  -0.0000001597  -0.0000002971
        0.0000043863  -0.0000002073  -0.0000003427   0.0000053193  -0.0000001219
       -0.0000001451  -0.0000157403   0.0000000147   0.0000000989  -0.0000382845
        0.0000022262   0.0000119364  -0.0000159041  -0.0000031274  -0.0000171068
       -0.0000095860   0.0000008150   0.0000043591   0.0000075044   0.0000003448
        0.0000007450  -0.0000631506   0.0000002930   0.0000006249  -0.0000762127
       -0.0000002423  -0.0000004799   0.0000208041  -0.0000002892  -0.0000005292
        0.0000226358  -0.0000001491  -0.0000001566  -0.0000142425   0.0000000769
        0.0000002549  -0.0000545880
       -0.0000183727   0.0000083768  -0.0000000324  -0.0000221722   0.0000049813
       -0.0000000119  -0.0000267386   0.0000058893   0.0000000174  -0.0000292033
        0.0000018929   0.0000000430   0.0004036772  -0.0000016992   0.0000000283
       -0.0000217375   0.0000001230  -0.0000000045  -0.0000180290  -0.0000028677
       -0.0000000297  -0.0000188644  -0.0000075063  -0.0000000228  -0.0000233201
       -0.0000092375   0.0000000107  -0.0000270543  -0.0000063687   0.0000000370
       -0.0000192323   0.0000108630   0.0000002238  -0.0000177297   0.0000101363
        0.0000000963  -0.0000152068   0.0000066742  -0.0000004192  -0.0000284568
        0.0000091393   0.0000000201  -0.0000326330   0.0000016487   0.0000000642
       -0.0000145728  -0.0000015751  -0.0000000535  -0.0000160227  -0.0000098786
       -0.0000000436  -0.0000238268  -0.0000128888   0.0000000146  -0.0000305041
       -0.0000077031   0.0000000621
        0.0000019989  -0.0000186541  -0.0000000854   0.0000002012  -0.0000202708
       -0.0000000056  -0.0000019687  -0.0000198537   0.0000000874  -0.0000031157
       -0.0000217473   0.0000001335  -0.0000016992   0.0004064803   0.0000000713
        0.0000004167  -0.0000225756  -0.0000000190   0.0000021818  -0.0000239846
       -0.0000000938   0.0000018016  -0.0000261740  -0.0000000767  -0.0000003021
       -0.0000270058   0.0000000119  -0.0000020784  -0.0000256594   0.0000000865
        0.0000017900  -0.0000172970  -0.0000001797   0.0000020379  -0.0000179409
       -0.0000001632   0.0000035403  -0.0000194406   0.0000000222  -0.0000027890
       -0.0000183277   0.0000001257  -0.0000047376  -0.0000218622   0.0000002042
        0.0000038174  -0.0000233632  -0.0000001636   0.0000031451  -0.0000272853
       -0.0000001329  -0.0000005356  -0.0000287405   0.0000000220  -0.0000037046
       -0.0000262976   0.0000001556
       -0.0000000494  -0.0000000813  -0.0000066041  -0.0000000224   0.0000000642
       -0.0000187169   0.0000000093   0.0000002088  -0.0000305674   0.0000000398
        0.0000002022  -0.0000393448   0.0000000283   0.0000000713   0.0003966424
       -0.0000000019  -0.0000000307  -0.0000201757  -0.0000000242  -0.0000001442
       -0.0000117800  -0.0000000120  -0.0000001436  -0.0000165265   0.0000000252
       -0.0000000413  -0.0000294819   0.0000000492   0.0000000664  -0.0000380129
       -0.0000014930   0.0000063427  -0.0000067414   0.0000019421  -0.0000090985
       -0.0000047032  -0.0000005883   0.0000022884   0.0000009611   0.0000000029
        0.0000003335  -0.0000334525   0.0000000602   0.0000003109  -0.0000487249
       -0.0000000521  -0.0000002389  -0.0000017463  -0.0000000256  -0.0000002230
       -0.0000101603   0.0000000365  -0.0000000365  -0.0000328332   0.0000000754
        0.0000001494  -0.0000480317
       -0.0000236743  -0.0000020576  -0.0000000186  -0.0000227404  -0.0000012240
       -0.0000000122  -0.0000216188  -0.0000014481  -0.0000000220  -0.0000210113
       -0.0000004665  -0.0000000164  -0.0000217375   0.0000004167  -0.0000000019
        0.0004070738  -0.0000000308   0.0000000006  -0.0000237573   0.0000007045
        0.0000000163  -0.0000235506   0.0000018448   0.0000000293  -0.0000224550
        0.0000022690   0.0000000263  -0.0000215380   0.0000015632   0.0000000107
       -0.0000234353  -0.0000026500  -0.0000001143  -0.0000238716  -0.0000025049
       -0.0000000657  -0.0000244428  -0.0000016350   0.0000001148  -0.0000211971
       -0.0000022477  -0.0000000322  -0.0000201681  -0.0000004063  -0.0000000206
       -0.0000246068   0.0000003877   0.0000000180  -0.0000242492   0.0000024288
        0.0000000421  -0.0000223301   0.0000031656   0.0000000370  -0.0000206895
        0.0000018904   0.0000000086
       -0.0000001449  -0.0000228948   0.0000000408  -0.0000000214  -0.0000227882
        0.0000000115   0.0000001226  -0.0000228219  -0.0000000219   0.0000002116
       -0.0000226937  -0.0000000479   0.0000001230  -0.0000225756  -0.0000000307
       -0.0000000308   0.0004072857   0.0000000063  -0.0000001464  -0.0000225365
        0.0000000323  -0.0000001123  -0.0000223837   0.0000000216   0.0000000346
       -0.0000223324  -0.0000000152   0.0000001516  -0.0000224292  -0.0000000420
       -0.0000000292  -0.0000228586  -0.0000000828  -0.0000002839  -0.0000230678
       -0.0000000157  -0.0000002295  -0.0000228049   0.0000002357   0.0000001751
       -0.0000229313  -0.0000000281   0.0000003233  -0.0000226842  -0.0000000735
       -0.0000002586  -0.0000225747   0.0000000599  -0.0000002052  -0.0000223026
        0.0000000420   0.0000000541  -0.0000222176  -0.0000000222   0.0000002664
       -0.0000223882  -0.0000000701
        0.0000000052   0.0000000174  -0.0000255477  -0.0000000042  -0.0000000197
       -0.0000229507  -0.0000000189  -0.0000000599  -0.0000198523  -0.0000000178
       -0.0000000562  -0.0000181753  -0.0000000045  -0.0000000190  -0.0000201757
        0.0000000006   0.0000000063   0.0004066912   0.0000000137   0.0000000385
       -0.0000257348   0.0000000173   0.0000000426  -0.0000251533   0.0000000080
        0.0000000149  -0.0000221268  -0.0000000048  -0.0000000169  -0.0000196045
        0.0000000921  -0.0000015421  -0.0000251969  -0.0000001086   0.0000022460
       -0.0000258594   0.0000000295  -0.0000005785  -0.0000275869  -0.0000000258
       -0.0000000964  -0.0000186973  -0.0000000260  -0.0000000835  -0.0000158479
        0.0000000223   0.0000000639  -0.0000280856   0.0000000238   0.0000000669
       -0.0000270655   0.0000000091   0.0000000144  -0.0000217679  -0.0000000110
       -0.0000000387  -0.0000172627
       -0.0000280360  -0.0000107088  -0.0000001186  -0.0000231845  -0.0000063597
       -0.0000001081  -0.0000173385  -0.0000075011  -0.0000002094  -0.0000142228
       -0.0000023951  -0.0000001597  -0.0000180290   0.0000021818  -0.0000000242
       -0.0000237573  -0.0000001464   0.0000000137   0.0004014104   0.0000036638
        0.0000001479  -0.0000274678   0.0000095772   0.0000002396  -0.0000217859
        0.0000118056   0.0000002016  -0.0000170022   0.0000081589   0.0000000702
       -0.0000271945  -0.0000142058  -0.0000001615  -0.0000285340  -0.0000126935
       -0.0000001030  -0.0000321066  -0.0000085965  -0.0000000973  -0.0000151314
       -0.0000116335  -0.0000003159  -0.0000098441  -0.0000020860  -0.0000002154
       -0.0000329236   0.0000019994   0.0000001787  -0.0000310951   0.0000125896
        0.0000003440  -0.0000211499   0.0000164783   0.0000002772  -0.0000126069
        0.0000098718   0.0000000403
        0.0000033744  -0.0000159513   0.0000001265   0.0000003511  -0.0000186579
       -0.0000000145  -0.0000032899  -0.0000179389  -0.0000002181  -0.0000052357
       -0.0000211238  -0.0000002971  -0.0000028677  -0.0000239846  -0.0000001442
        0.0000007045  -0.0000225365   0.0000000385   0.0000036638   0.0004050022
        0.0000002196   0.0000030111  -0.0000286078   0.0000002146  -0.0000005307
       -0.0000299925   0.0000000343  -0.0000035096  -0.0000277122  -0.0000001465
        0.0000028649  -0.0000136964   0.0000000579   0.0000036427  -0.0000148864
        0.0000001545   0.0000059407  -0.0000171871   0.0000002685  -0.0000046625
       -0.0000153551  -0.0000003139  -0.0000079640  -0.0000213126  -0.0000004446
        0.0000064142  -0.0000238848   0.0000003599   0.0000052711  -0.0000304913
        0.0000003528  -0.0000009288  -0.0000329063   0.0000000380  -0.0000062496
       -0.0000287768  -0.0000002864
       -0.0000000094   0.0000000523  -0.0000262182  -0.0000000932  -0.0000001300
       -0.0000170702  -0.0000002300  -0.0000003501   0.0000011267  -0.0000001796
       -0.0000003109   0.0000043863  -0.0000000297  -0.0000000938  -0.0000117800
        0.0000000163   0.0000000323  -0.0000257348   0.0000001479   0.0000002196
        0.0003861508   0.0000002007   0.0000002650  -0.0000474083   0.0000001340
        0.0000001244  -0.0000334815   0.0000000101  -0.0000000604  -0.0000155412
       -0.0000031211  -0.0000084832  -0.0000203536   0.0000043065   0.0000121548
       -0.0000256203  -0.0000011651  -0.0000031284  -0.0000397315  -0.0000003442
       -0.0000005624   0.0000121787  -0.0000002636  -0.0000004555   0.0000167087
        0.0000002161   0.0000003500  -0.0000546642   0.0000002766   0.0000004075
       -0.0000612946   0.0000001671   0.0000001395  -0.0000368993  -0.0000000394
       -0.0000001707  -0.0000047534
       -0.0000270519  -0.0000088060  -0.0000002102  -0.0000230667  -0.0000052234
       -0.0000001769  -0.0000182532  -0.0000061475  -0.0000003066  -0.0000157178
       -0.0000019507  -0.0000002073  -0.0000188644   0.0000018016  -0.0000000120
       -0.0000235506  -0.0000001123   0.0000000173  -0.0000274678   0.0000030111
        0.0000002007   0.0004032903   0.0000078613   0.0000003472  -0.0000219687
        0.0000097055   0.0000003186  -0.0000180274   0.0000067223   0.0000001405
       -0.0000265613  -0.0000119183  -0.0000000275  -0.0000272092  -0.0000102432
       -0.0000000597  -0.0000304185  -0.0000071170  -0.0000005523  -0.0000164302
       -0.0000095288  -0.0000004681  -0.0000121217  -0.0000016989  -0.0000002743
       -0.0000310934   0.0000016334   0.0000002273  -0.0000296089   0.0000103230
        0.0000004889  -0.0000214543   0.0000135515   0.0000004378  -0.0000144244
        0.0000081363   0.0000001167
        0.0000088327  -0.0000051772   0.0000000730   0.0000009267  -0.0000122535
       -0.0000000595  -0.0000085892  -0.0000103737  -0.0000002915  -0.0000136893
       -0.0000186980  -0.0000003427  -0.0000075063  -0.0000261740  -0.0000001436
        0.0000018448  -0.0000223837   0.0000000426   0.0000095772  -0.0000286078
        0.0000002650   0.0000078613   0.0003916642   0.0000002956  -0.0000014034
       -0.0000418738   0.0000001123  -0.0000091877  -0.0000359116  -0.0000001081
        0.0000073774   0.0000004536   0.0000001213   0.0000097046  -0.0000020320
        0.0000001778   0.0000155135  -0.0000085449   0.0000000211  -0.0000121745
       -0.0000036183  -0.0000004271  -0.0000208243  -0.0000191981  -0.0000005048
        0.0000167695  -0.0000259072   0.0000004094   0.0000137723  -0.0000431826
        0.0000004651  -0.0000024484  -0.0000494865   0.0000001449  -0.0000163568
       -0.0000386949  -0.0000002510
       -0.0000000756  -0.0000000108  -0.0000083899  -0.0000001956  -0.0000001534
       -0.0000073203  -0.0000004038  -0.0000003647   0.0000107383  -0.0000002788
       -0.0000003013   0.0000053193  -0.0000000228  -0.0000000767  -0.0000165265
        0.0000000293   0.0000000216  -0.0000251533   0.0000002396   0.0000002146
       -0.0000474083   0.0000003472   0.0000002956   0.0003696440   0.0000002701
        0.0000001745  -0.0000515089   0.0000000758  -0.0000000197  -0.0000296032
       -0.0000077463  -0.0000074490   0.0000022902   0.0000105495   0.0000105803
       -0.0000047611  -0.0000029191  -0.0000027731  -0.0000235334  -0.0000006202
       -0.0000005868   0.0000273138  -0.0000004078  -0.0000004256   0.0000157837
        0.0000003296   0.0000003277  -0.0000543975   0.0000004702   0.0000004489
       -0.0000775411   0.0000003432   0.0000002100  -0.0000621553   0.0000000156
       -0.0000001120  -0.0000227906
       -0.0000218096   0.0000015427  -0.0000002244  -0.0000225153   0.0000009268
       -0.0000001646  -0.0000233463   0.0000011155  -0.0000002372  -0.0000238398
        0.0000003764  -0.0000001219  -0.0000233201  -0.0000003021   0.0000000252
       -0.0000224550   0.0000000346   0.0000000080  -0.0000217859  -0.0000005307
        0.0000001340  -0.0000219687  -0.0000014034   0.0000002701   0.0004071157
       -0.0000017050   0.0000002881  -0.0000234808  -0.0000011536   0.0000001677
       -0.0000222484   0.0000016489   0.0000001230  -0.0000213465   0.0000021564
       -0.0000000036  -0.0000212440   0.0000011590  -0.0000008139  -0.0000236502
        0.0000017391  -0.0000003687  -0.0000244775   0.0000003281  -0.0000001505
       -0.0000211443  -0.0000003060   0.0000001254  -0.0000214397  -0.0000018631
        0.0000003666  -0.0000229112  -0.0000023720   0.0000003969  -0.0000241324
       -0.0000013914   0.0000001796
        0.0000108691  -0.0000011199  -0.0000000421   0.0000011284  -0.0000098490
       -0.0000000616  -0.0000106044  -0.0000075472  -0.0000001564  -0.0000168702
       -0.0000178044  -0.0000001451  -0.0000092375  -0.0000270058  -0.0000000413
        0.0000022690  -0.0000223324   0.0000000149   0.0000118056  -0.0000299925
        0.0000001244   0.0000097055  -0.0000418738   0.0000001745  -0.0000017050
        0.0003835770   0.0000001188  -0.0000113046  -0.0000390105   0.0000000109
        0.0000092460   0.0000059354  -0.0000001370   0.0000117195   0.0000027357
       -0.0000000542   0.0000191317  -0.0000052915   0.0000000737  -0.0000150288
        0.0000007621  -0.0000002320  -0.0000256604  -0.0000184219  -0.0000002039
        0.0000206672  -0.0000266550   0.0000001681   0.0000169872  -0.0000479311
        0.0000002591  -0.0000029866  -0.0000557282   0.0000001620  -0.0000201318
       -0.0000424469  -0.0000000325
       -0.0000001304  -0.0000001078   0.0000101782  -0.0000002140  -0.0000000706
       -0.0000032556  -0.0000003761  -0.0000001004  -0.0000000568  -0.0000002210
       -0.0000000473  -0.0000157403   0.0000000107   0.0000000119  -0.0000294819
        0.0000000263  -0.0000000152  -0.0000221268   0.0000002016   0.0000000343
       -0.0000334815   0.0000003186   0.0000001123  -0.0000515089   0.0000002881
        0.0000001188   0.0003713672   0.0000001301   0.0000000614  -0.0000476958
       -0.0000092327   0.0000004024   0.0000202969   0.0000124758  -0.0000006839
        0.0000159364  -0.0000035145   0.0000000610   0.0000046385  -0.0000005916
       -0.0000001642   0.0000124202  -0.0000003211  -0.0000000372  -0.0000168869
        0.0000002551   0.0000000294  -0.0000282164   0.0000004211   0.0000001640
       -0.0000604928   0.0000003715   0.0000001590  -0.0000727811   0.0000001027
        0.0000000722  -0.0000531124
       -0.0000174176   0.0000102508  -0.0000001381  -0.0000220669   0.0000060967
       -0.0000000783  -0.0000276530   0.0000072099  -0.0000000634  -0.0000306730
        0.0000023191   0.0000000147  -0.0000270543  -0.0000020784   0.0000000492
       -0.0000215380   0.0000001516  -0.0000000048  -0.0000170022  -0.0000035096
        0.0000000101  -0.0000180274  -0.0000091877   0.0000000758  -0.0000234808
       -0.0000113046   0.0000001301   0.0004018722  -0.0000077918   0.0000001183
       -0.0000184739   0.0000132623   0.0000001694  -0.0000166377   0.0000124277
        0.0000000285  -0.0000135282   0.0000081627  -0.0000006390  -0.0000297533
        0.0000111894  -0.0000001063  -0.0000348696   0.0000020200   0.0000000361
       -0.0000127729  -0.0000019291  -0.0000000284  -0.0000145502  -0.0000120927
        0.0000000864  -0.0000241023  -0.0000157722   0.0000001806  -0.0000322708
       -0.0000094240   0.0000001591
        0.0000074929  -0.0000077662  -0.0000001178   0.0000007660  -0.0000138045
       -0.0000000293  -0.0000073452  -0.0000122278   0.0000000425  -0.0000116547
       -0.0000193131   0.0000000989  -0.0000063687  -0.0000256594   0.0000000664
        0.0000015632  -0.0000224292  -0.0000000169   0.0000081589  -0.0000277122
       -0.0000000604   0.0000067223  -0.0000359116  -0.0000000197  -0.0000011536
       -0.0000390105   0.0000000614  -0.0000077918   0.0003959627   0.0000001050
        0.0000065422  -0.0000027534  -0.0000003520   0.0000078552  -0.0000051658
       -0.0000002589   0.0000132314  -0.0000106511   0.0000001784  -0.0000104076
       -0.0000065019   0.0000000595  -0.0000177246  -0.0000197398   0.0000001592
        0.0000142789  -0.0000253977  -0.0000001251   0.0000117501  -0.0000400835
       -0.0000000509  -0.0000020327  -0.0000454974   0.0000000912  -0.0000138823
       -0.0000363377   0.0000001685
       -0.0000001188  -0.0000001442   0.0000113445  -0.0000001288   0.0000000386
       -0.0000088669  -0.0000001713   0.0000001877  -0.0000207761  -0.0000000620
        0.0000002061  -0.0000382845   0.0000000370   0.0000000865  -0.0000380129
        0.0000000107  -0.0000000420  -0.0000196045   0.0000000702  -0.0000001465
       -0.0000155412   0.0000001405  -0.0000001081  -0.0000296032   0.0000001677
        0.0000000109  -0.0000476958   0.0000001183   0.0000001050   0.0003777686
       -0.0000061340   0.0000073953   0.0000160688   0.0000082125  -0.0000106505
        0.0000162642  -0.0000023665   0.0000026184   0.0000172634  -0.0000002828
        0.0000002982  -0.0000180459  -0.0000000874   0.0000003338  -0.0000494811
        0.0000000646  -0.0000002560  -0.0000016205   0.0000001748  -0.0000001731
       -0.0000267022   0.0000002207   0.0000000358  -0.0000583464   0.0000001346
        0.0000002042  -0.0000661284
       -0.0000266382  -0.0000084036   0.0000082009  -0.0000229198  -0.0000049308
        0.0000049049  -0.0000183308  -0.0000056818   0.0000060368  -0.0000161436
       -0.0000016909   0.0000022262  -0.0000192323   0.0000017900  -0.0000014930
       -0.0000234353  -0.0000000292   0.0000000921  -0.0000271945   0.0000028649
       -0.0000031211  -0.0000265613   0.0000073774  -0.0000077463  -0.0000222484
        0.0000092460  -0.0000092327  -0.0000184739   0.0000065422  -0.0000061340
        0.0003988373  -0.0000139429   0.0000138058  -0.0000203080  -0.0000074924
        0.0000114831  -0.0000310669  -0.0000073608   0.0000020171  -0.0000165806
       -0.0000087538   0.0000092946  -0.0000128032  -0.0000014771   0.0000021365
       -0.0000305870   0.0000014673  -0.0000019954  -0.0000293213   0.0000095815
       -0.0000102960  -0.0000218211   0.0000129528  -0.0000128923  -0.0000151711
        0.0000079414  -0.0000072873
       -0.0000127773  -0.0000484976  -0.0000068418  -0.0000011367  -0.0000379762
       -0.0000004390   0.0000130239  -0.0000406363   0.0000078180   0.0000202253
       -0.0000283032   0.0000119364   0.0000108630  -0.0000172970   0.0000063427
       -0.0000026500  -0.0000228586  -0.0000015421  -0.0000142058  -0.0000136964
       -0.0000084832  -0.0000119183   0.0000004536  -0.0000074490   0.0000016489
        0.0000059354   0.0000004024   0.0000132623  -0.0000027534   0.0000073953
       -0.0000139429   0.0003650850  -0.0000020688  -0.0000096334  -0.0000443864
       -0.0000052154  -0.0000233036  -0.0000454344  -0.0000180425   0.0000184178
       -0.0000504957   0.0000110953   0.0000307221  -0.0000276493   0.0000180123
       -0.0000247997  -0.0000177853  -0.0000145545  -0.0000206008   0.0000075956
       -0.0000127844   0.0000030839   0.0000172888   0.0000009635   0.0000237212
        0.0000014113   0.0000134549
       -0.0000001278   0.0000002358  -0.0000699476  -0.0000000016  -0.0000000206
       -0.0000458563   0.0000000585  -0.0000002891  -0.0000393285   0.0000002347
       -0.0000003415  -0.0000159041   0.0000002238  -0.0000001797  -0.0000067414
       -0.0000001143  -0.0000000828  -0.0000251969  -0.0000001615   0.0000000579
       -0.0000203536  -0.0000000275   0.0000001213   0.0000022902   0.0000001230
       -0.0000001370   0.0000202969   0.0000001694  -0.0000003520   0.0000160688
        0.0000138058  -0.0000020688   0.0003452821  -0.0000194725   0.0000049716
       -0.0000794496   0.0000046627  -0.0000008180  -0.0000645602   0.0000001981
       -0.0000005261  -0.0000497545   0.0000003914  -0.0000003904  -0.0000069108
       -0.0000002453   0.0000002684  -0.0000341381  -0.0000001921   0.0000003249
        0.0000063750   0.0000001404  -0.0000002671   0.0000378572   0.0000003349
       -0.0000005070   0.0000299715
       -0.0000283549  -0.0000106025  -0.0000110294  -0.0000234083  -0.0000063938
       -0.0000066110  -0.0000176176  -0.0000077570  -0.0000082140  -0.0000141199
       -0.0000026729  -0.0000031274  -0.0000177297   0.0000020379   0.0000019421
       -0.0000238716  -0.0000002839  -0.0000001086  -0.0000285340   0.0000036427
        0.0000043065  -0.0000272092   0.0000097046   0.0000105495  -0.0000213465
        0.0000117195   0.0000124758  -0.0000166377   0.0000078552   0.0000082125
       -0.0000203080  -0.0000096334  -0.0000194725   0.0003912255  -0.0000164900
       -0.0000155703  -0.0000303857  -0.0000075126  -0.0000016922  -0.0000154561
       -0.0000121229  -0.0000126336  -0.0000096302  -0.0000023197  -0.0000030621
       -0.0000330201   0.0000021417   0.0000028404  -0.0000309447   0.0000129418
        0.0000140625  -0.0000206020   0.0000162811   0.0000174251  -0.0000120492
        0.0000094643   0.0000097068
       -0.0000119262  -0.0000457296   0.0000099412  -0.0000013887  -0.0000363031
        0.0000006451   0.0000111916  -0.0000387704  -0.0000111967   0.0000182002
       -0.0000277730  -0.0000171068   0.0000101363  -0.0000179409  -0.0000090985
       -0.0000025049  -0.0000230678   0.0000022460  -0.0000126935  -0.0000148864
        0.0000121548  -0.0000102432  -0.0000020320   0.0000105803   0.0000021564
        0.0000027357  -0.0000006839   0.0000124277  -0.0000051658  -0.0000106505
       -0.0000074924  -0.0000443864   0.0000049716  -0.0000164900   0.0003688107
        0.0000092061  -0.0000202399  -0.0000381663   0.0000226067   0.0000158961
       -0.0000477130  -0.0000159060   0.0000277161  -0.0000269674  -0.0000258657
       -0.0000222767  -0.0000184608   0.0000208836  -0.0000181389   0.0000045297
        0.0000181706   0.0000036201   0.0000127419  -0.0000015403   0.0000220500
       -0.0000014552  -0.0000193576
       -0.0000000068   0.0000002137  -0.0000689225   0.0000000561  -0.0000000565
       -0.0000436170   0.0000000903  -0.0000003261  -0.0000329279   0.0000001331
       -0.0000003582  -0.0000095860   0.0000000963  -0.0000001632  -0.0000047032
       -0.0000000657  -0.0000000157  -0.0000258594  -0.0000001030   0.0000001545
       -0.0000256203  -0.0000000597   0.0000001778  -0.0000047611  -0.0000000036
       -0.0000000542   0.0000159364   0.0000000285  -0.0000002589   0.0000162642
        0.0000114831  -0.0000052154  -0.0000794496  -0.0000155703   0.0000092061
        0.0003523685   0.0000036979  -0.0000024198  -0.0000693250   0.0000002107
       -0.0000005547  -0.0000402988   0.0000002194  -0.0000004819   0.0000020541
       -0.0000001348   0.0000003530  -0.0000415041  -0.0000001558   0.0000003520
       -0.0000042448  -0.0000000176  -0.0000001342   0.0000319414   0.0000001018
       -0.0000004183   0.0000322551
       -0.0000313801  -0.0000173518   0.0000031422  -0.0000235504  -0.0000103032
        0.0000018850  -0.0000141178  -0.0000121457   0.0000022888  -0.0000090767
       -0.0000038720   0.0000008150  -0.0000152068   0.0000035403  -0.0000005883
       -0.0000244428  -0.0000002295   0.0000000295  -0.0000321066   0.0000059407
       -0.0000011651  -0.0000304185   0.0000155135  -0.0000029191  -0.0000212440
        0.0000191317  -0.0000035145  -0.0000135282   0.0000132314  -0.0000023665
       -0.0000310669  -0.0000233036   0.0000046627  -0.0000303857  -0.0000202399
        0.0000036979   0.0003912597  -0.0000140431   0.0000020373  -0.0000105808
       -0.0000188321   0.0000035416  -0.0000020180  -0.0000033765   0.0000007717
       -0.0000392327   0.0000032389  -0.0000007171  -0.0000362614   0.0000203843
       -0.0000038710  -0.0000202069   0.0000267070  -0.0000049070  -0.0000064354
        0.0000160095  -0.0000028231
       -0.0000078539  -0.0000383041  -0.0000024244  -0.0000007770  -0.0000319704
       -0.0000001093   0.0000077764  -0.0000336733   0.0000029008   0.0000122693
       -0.0000261863   0.0000043591   0.0000066742  -0.0000194406   0.0000022884
       -0.0000016350  -0.0000228049  -0.0000005785  -0.0000085965  -0.0000171871
       -0.0000031284  -0.0000071170  -0.0000085449  -0.0000027731   0.0000011590
       -0.0000052915   0.0000000610   0.0000081627  -0.0000106511   0.0000026184
       -0.0000073608  -0.0000454344  -0.0000008180  -0.0000075126  -0.0000381663
       -0.0000024198  -0.0000140431   0.0003935204  -0.0000056827   0.0000110115
       -0.0000397475   0.0000041220   0.0000186534  -0.0000257903   0.0000065875
       -0.0000150357  -0.0000196099  -0.0000053244  -0.0000124025  -0.0000041289
       -0.0000047205   0.0000020706   0.0000015736   0.0000002289   0.0000145570
       -0.0000081624   0.0000048129
        0.0000005832   0.0000001226  -0.0000666326   0.0000004879  -0.0000000180
       -0.0000378784   0.0000006281  -0.0000000012  -0.0000158868  -0.0000000134
       -0.0000000131   0.0000075044  -0.0000004192   0.0000000222   0.0000009611
        0.0000001148   0.0000002357  -0.0000275869  -0.0000000973   0.0000002685
       -0.0000397315  -0.0000005523   0.0000000211  -0.0000235334  -0.0000008139
        0.0000000737   0.0000046385  -0.0000006390   0.0000001784   0.0000172634
        0.0000020171  -0.0000180425  -0.0000645602  -0.0000016922   0.0000226067
       -0.0000693250   0.0000020373  -0.0000056827   0.0003420609   0.0000008730
        0.0000000950  -0.0000151834  -0.0000000983  -0.0000002807   0.0000262887
       -0.0000000019   0.0000002581  -0.0000614279  -0.0000004822  -0.0000001382
       -0.0000326341  -0.0000010360   0.0000001610   0.0000166461  -0.0000008957
        0.0000001332   0.0000390169
       -0.0000157738   0.0000136356   0.0000004130  -0.0000219459   0.0000080889
        0.0000003260  -0.0000293999   0.0000095217   0.0000005388  -0.0000333285
        0.0000030227   0.0000003448  -0.0000284568  -0.0000027890   0.0000000029
       -0.0000211971   0.0000001751  -0.0000000258  -0.0000151314  -0.0000046625
       -0.0000003442  -0.0000164302  -0.0000121745  -0.0000006202  -0.0000236502
       -0.0000150288  -0.0000005916  -0.0000297533  -0.0000104076  -0.0000002828
       -0.0000165806   0.0000184178   0.0000001981  -0.0000154561   0.0000158961
        0.0000002107  -0.0000105808   0.0000110115   0.0000008730   0.0003976973
        0.0000147593   0.0000008236  -0.0000388982   0.0000026322   0.0000004476
       -0.0000095163  -0.0000025303  -0.0000003732  -0.0000118162  -0.0000159879
       -0.0000008669  -0.0000244475  -0.0000209837  -0.0000008154  -0.0000353344
       -0.0000125966  -0.0000002582
       -0.0000107550  -0.0000438283  -0.0000002410  -0.0000011448  -0.0000352407
        0.0000000895   0.0000104107  -0.0000375441   0.0000005981   0.0000166347
       -0.0000274273   0.0000007450   0.0000091393  -0.0000183277   0.0000003335
       -0.0000022477  -0.0000229313  -0.0000000964  -0.0000116335  -0.0000153551
       -0.0000005624  -0.0000095288  -0.0000036183  -0.0000005868   0.0000017391
        0.0000007621  -0.0000001642   0.0000111894  -0.0000065019   0.0000002982
       -0.0000087538  -0.0000504957  -0.0000005261  -0.0000121229  -0.0000477130
       -0.0000005547  -0.0000188321  -0.0000397475   0.0000000950   0.0000147593
        0.0003841470   0.0000008739   0.0000253085  -0.0000268201   0.0000011087
       -0.0000203760  -0.0000186243  -0.0000008959  -0.0000167153   0.0000023859
       -0.0000009405   0.0000030176   0.0000100080  -0.0000002017   0.0000199115
       -0.0000031279   0.0000006278
        0.0000001033  -0.0000000128  -0.0000363234   0.0000002607   0.0000002173
       -0.0000411303   0.0000005420   0.0000005408  -0.0000676133   0.0000003662
        0.0000004579  -0.0000631506   0.0000000201   0.0000001257  -0.0000334525
       -0.0000000322  -0.0000000281  -0.0000186973  -0.0000003159  -0.0000003139
        0.0000121787  -0.0000004681  -0.0000004271   0.0000273138  -0.0000003687
       -0.0000002320   0.0000124202  -0.0000001063   0.0000000595  -0.0000180459
        0.0000092946   0.0000110953  -0.0000497545  -0.0000126336  -0.0000159060
       -0.0000402988   0.0000035416   0.0000041220  -0.0000151834   0.0000008236
        0.0000008739   0.0003402549   0.0000005328   0.0000006444  -0.0000792094
       -0.0000004357  -0.0000004939   0.0000239703  -0.0000006250  -0.0000006587
        0.0000512230  -0.0000004669  -0.0000002705   0.0000251040  -0.0000000323
        0.0000002062  -0.0000296055
       -0.0000108577   0.0000232747   0.0000001691  -0.0000214047   0.0000138263
        0.0000001685  -0.0000341064   0.0000163163   0.0000003560  -0.0000408947
        0.0000052174   0.0000002930  -0.0000326330  -0.0000047376   0.0000000602
       -0.0000201681   0.0000003233  -0.0000000260  -0.0000098441  -0.0000079640
       -0.0000002636  -0.0000121217  -0.0000208243  -0.0000004078  -0.0000244775
       -0.0000256604  -0.0000003211  -0.0000348696  -0.0000177246  -0.0000000874
       -0.0000128032   0.0000307221   0.0000003914  -0.0000096302   0.0000277161
        0.0000002194  -0.0000020180   0.0000186534  -0.0000000983  -0.0000388982
        0.0000253085   0.0000005328   0.0003795066   0.0000045441   0.0000004001
       -0.0000002495  -0.0000043523  -0.0000003319  -0.0000042354  -0.0000273810
       -0.0000005933  -0.0000258654  -0.0000358137  -0.0000004412  -0.0000444293
       -0.0000214442  -0.0000000198
       -0.0000019409  -0.0000264325  -0.0000003032  -0.0000002145  -0.0000248995
        0.0000000166   0.0000018558  -0.0000253275   0.0000004471   0.0000029855
       -0.0000235089   0.0000006249   0.0000016487  -0.0000218622   0.0000003109
       -0.0000004063  -0.0000226842  -0.0000000835  -0.0000020860  -0.0000213126
       -0.0000004555  -0.0000016989  -0.0000191981  -0.0000004256   0.0000003281
       -0.0000184219  -0.0000000372   0.0000020200  -0.0000197398   0.0000003338
       -0.0000014771  -0.0000276493  -0.0000003904  -0.0000023197  -0.0000269674
       -0.0000004819  -0.0000033765  -0.0000257903  -0.0000002807   0.0000026322
       -0.0000268201   0.0000006444   0.0000045441   0.0004065162   0.0000009414
       -0.0000036564  -0.0000218910  -0.0000007595  -0.0000029903  -0.0000181080
       -0.0000007080   0.0000005616  -0.0000167626  -0.0000000294   0.0000035904
       -0.0000191404   0.0000006358
       -0.0000000383  -0.0000001620   0.0000005534   0.0000000974   0.0000002399
       -0.0000251020   0.0000003089   0.0000006905  -0.0000618843   0.0000002719
        0.0000006335  -0.0000762127   0.0000000642   0.0000002042  -0.0000487249
       -0.0000000206  -0.0000000735  -0.0000158479  -0.0000002154  -0.0000004446
        0.0000167087  -0.0000002743  -0.0000005048   0.0000157837  -0.0000001505
       -0.0000002039  -0.0000168869   0.0000000361   0.0000001592  -0.0000494811
        0.0000021365   0.0000180123  -0.0000069108  -0.0000030621  -0.0000258657
        0.0000020541   0.0000007717   0.0000065875   0.0000262887   0.0000004476
        0.0000011087  -0.0000792094   0.0000004001   0.0000009414   0.0003272230
       -0.0000003328  -0.0000007226   0.0000421493  -0.0000003841  -0.0000007817
        0.0000407362  -0.0000001817  -0.0000002155  -0.0000164680   0.0000001254
        0.0000003970  -0.0000747689
       -0.0000321021  -0.0000187463  -0.0000001288  -0.0000236084  -0.0000111348
       -0.0000001351  -0.0000133770  -0.0000131371  -0.0000002908  -0.0000079153
       -0.0000041981  -0.0000002423  -0.0000145728   0.0000038174  -0.0000000521
       -0.0000246068  -0.0000002586   0.0000000223  -0.0000329236   0.0000064142
        0.0000002161  -0.0000310934   0.0000167695   0.0000003296  -0.0000211443
        0.0000206672   0.0000002551  -0.0000127729   0.0000142789   0.0000000646
       -0.0000305870  -0.0000247997  -0.0000002453  -0.0000330201  -0.0000222767
       -0.0000001348  -0.0000392327  -0.0000150357  -0.0000000019  -0.0000095163
       -0.0000203760  -0.0000004357  -0.0000002495  -0.0000036564  -0.0000003328
        0.0003892701   0.0000035032   0.0000002752  -0.0000374440   0.0000220471
        0.0000004804  -0.0000200282   0.0000288459   0.0000003498  -0.0000050758
        0.0000172760   0.0000000064
        0.0000018539  -0.0000189814   0.0000002318   0.0000002008  -0.0000204531
       -0.0000000126  -0.0000017844  -0.0000200484  -0.0000003430  -0.0000028601
       -0.0000217900  -0.0000004799  -0.0000015751  -0.0000233632  -0.0000002389
        0.0000003877  -0.0000225747   0.0000000639   0.0000019994  -0.0000238848
        0.0000003500   0.0000016334  -0.0000259072   0.0000003277  -0.0000003060
       -0.0000266550   0.0000000294  -0.0000019291  -0.0000253977  -0.0000002560
        0.0000014673  -0.0000177853   0.0000002684   0.0000021417  -0.0000184608
        0.0000003530   0.0000032389  -0.0000196099   0.0000002581  -0.0000025303
       -0.0000186243  -0.0000004939  -0.0000043523  -0.0000218910  -0.0000007226
        0.0000035032   0.0004065931   0.0000005833   0.0000028697  -0.0000269467
        0.0000005451  -0.0000005277  -0.0000282455   0.0000000240  -0.0000034310
       -0.0000259742  -0.0000004878
        0.0000000299   0.0000001275  -0.0000404635  -0.0000000822  -0.0000001952
       -0.0000201154  -0.0000002564  -0.0000005583   0.0000096563  -0.0000002254
       -0.0000005108   0.0000208041  -0.0000000535  -0.0000001636  -0.0000017463
        0.0000000180   0.0000000599  -0.0000280856   0.0000001787   0.0000003599
       -0.0000546642   0.0000002273   0.0000004094  -0.0000543975   0.0000001254
        0.0000001681  -0.0000282164  -0.0000000284  -0.0000001251  -0.0000016205
       -0.0000019954  -0.0000145545  -0.0000341381   0.0000028404   0.0000208836
       -0.0000415041  -0.0000007171  -0.0000053244  -0.0000614279  -0.0000003732
       -0.0000008959   0.0000239703  -0.0000003319  -0.0000007595   0.0000421493
        0.0000002752   0.0000005833   0.0003548635   0.0000003190   0.0000006329
       -0.0000747759   0.0000001519   0.0000001791  -0.0000289333  -0.0000001024
       -0.0000003162   0.0000186450
       -0.0000303946  -0.0000154104  -0.0000002707  -0.0000234158  -0.0000091476
       -0.0000002300  -0.0000149984  -0.0000107802  -0.0000004114  -0.0000105335
       -0.0000034336  -0.0000002892  -0.0000160227   0.0000031451  -0.0000000256
       -0.0000242492  -0.0000002052   0.0000000238  -0.0000310951   0.0000052711
        0.0000002766  -0.0000296089   0.0000137723   0.0000004702  -0.0000214397
        0.0000169872   0.0000004211  -0.0000145502   0.0000117501   0.0000001748
       -0.0000293213  -0.0000206008  -0.0000001921  -0.0000309447  -0.0000181389
       -0.0000001558  -0.0000362614  -0.0000124025  -0.0000004822  -0.0000118162
       -0.0000167153  -0.0000006250  -0.0000042354  -0.0000029903  -0.0000003841
       -0.0000374440   0.0000028697   0.0000003190   0.0003950942   0.0000180964
        0.0000006663  -0.0000205304   0.0000237139   0.0000005793  -0.0000082328
        0.0000142190   0.0000001351
        0.0000116246   0.0000003129   0.0000001231   0.0000012284  -0.0000089855
       -0.0000000895  -0.0000112785  -0.0000065053  -0.0000004487  -0.0000179981
       -0.0000174498  -0.0000005292  -0.0000098786  -0.0000272853  -0.0000002230
        0.0000024288  -0.0000223026   0.0000000669   0.0000125896  -0.0000304913
        0.0000004075   0.0000103230  -0.0000431826   0.0000004489  -0.0000018631
       -0.0000479311   0.0000001640  -0.0000120927  -0.0000400835  -0.0000001731
        0.0000095815   0.0000075956   0.0000003249   0.0000129418   0.0000045297
        0.0000003520   0.0000203843  -0.0000041289  -0.0000001382  -0.0000159879
        0.0000023859  -0.0000006587  -0.0000273810  -0.0000181080  -0.0000007817
        0.0000220471  -0.0000269467   0.0000006329   0.0000180964   0.0003802523
        0.0000007076  -0.0000032415  -0.0000579370   0.0000002098  -0.0000215240
       -0.0000437390  -0.0000003955
       -0.0000000862   0.0000000145  -0.0000086304  -0.0000002644  -0.0000002377
       -0.0000026616  -0.0000005669  -0.0000005852   0.0000269735  -0.0000004049
       -0.0000004942   0.0000226358  -0.0000000436  -0.0000001329  -0.0000101603
        0.0000000421   0.0000000420  -0.0000270655   0.0000003440   0.0000003528
       -0.0000612946   0.0000004889   0.0000004651  -0.0000775411   0.0000003666
        0.0000002591  -0.0000604928   0.0000000864  -0.0000000509  -0.0000267022
       -0.0000102960  -0.0000127844   0.0000063750   0.0000140625   0.0000181706
       -0.0000042448  -0.0000038710  -0.0000047205  -0.0000326341  -0.0000008669
       -0.0000009405   0.0000512230  -0.0000005933  -0.0000007080   0.0000407362
        0.0000004804   0.0000005451  -0.0000747759   0.0000006663   0.0000007076
        0.0003258800   0.0000004643   0.0000003073  -0.0000741465  -0.0000000082
       -0.0000002100  -0.0000134733
       -0.0000212128   0.0000027041  -0.0000002938  -0.0000224462   0.0000016193
       -0.0000002120  -0.0000239081   0.0000019383  -0.0000003000  -0.0000247514
        0.0000006445  -0.0000001491  -0.0000238268  -0.0000005356   0.0000000365
       -0.0000223301   0.0000000541   0.0000000091  -0.0000211499  -0.0000009288
        0.0000001671  -0.0000214543  -0.0000024484   0.0000003432  -0.0000229112
       -0.0000029866   0.0000003715  -0.0000241023  -0.0000020327   0.0000002207
       -0.0000218211   0.0000030839   0.0000001404  -0.0000206020   0.0000036201
       -0.0000000176  -0.0000202069   0.0000020706  -0.0000010360  -0.0000244475
        0.0000030176  -0.0000004669  -0.0000258654   0.0000005616  -0.0000001817
       -0.0000200282  -0.0000005277   0.0000001519  -0.0000205304  -0.0000032415
        0.0000004643   0.0004068299  -0.0000041588   0.0000005122  -0.0000252353
       -0.0000024539   0.0000002401
        0.0000151651   0.0000073918  -0.0000000773   0.0000015707  -0.0000047938
       -0.0000000814  -0.0000148067  -0.0000015851  -0.0000001821  -0.0000235460
       -0.0000159010  -0.0000001566  -0.0000128888  -0.0000287405  -0.0000000365
        0.0000031656  -0.0000222176   0.0000000144   0.0000164783  -0.0000329063
        0.0000001395   0.0000135515  -0.0000494865   0.0000002100  -0.0000023720
       -0.0000557282   0.0000001590  -0.0000157722  -0.0000454974   0.0000000358
        0.0000129528   0.0000172888  -0.0000002671   0.0000162811   0.0000127419
       -0.0000001342   0.0000267070   0.0000015736   0.0000001610  -0.0000209837
        0.0000100080  -0.0000002705  -0.0000358137  -0.0000167626  -0.0000002155
        0.0000288459  -0.0000282455   0.0000001791   0.0000237139  -0.0000579370
        0.0000003073  -0.0000041588   0.0003610927   0.0000002187  -0.0000280901
       -0.0000502954  -0.0000000038
       -0.0000001814  -0.0000001550   0.0000238363  -0.0000002957  -0.0000000931
        0.0000044300  -0.0000005173  -0.0000001233   0.0000080457  -0.0000003035
       -0.0000000502  -0.0000142425   0.0000000146   0.0000000220  -0.0000328332
        0.0000000370  -0.0000000222  -0.0000217679   0.0000002772   0.0000000380
       -0.0000368993   0.0000004378   0.0000001449  -0.0000621553   0.0000003969
        0.0000001620  -0.0000727811   0.0000001806   0.0000000912  -0.0000583464
       -0.0000128923   0.0000009635   0.0000378572   0.0000174251  -0.0000015403
        0.0000319414  -0.0000049070   0.0000002289   0.0000166461  -0.0000008154
       -0.0000002017   0.0000251040  -0.0000004412  -0.0000000294  -0.0000164680
        0.0000003498   0.0000000240  -0.0000289333   0.0000005793   0.0000002098
       -0.0000741465   0.0000005122   0.0000002187   0.0003372334   0.0000001433
        0.0000001123  -0.0000665207
       -0.0000133589   0.0000182563  -0.0000001429  -0.0000216377   0.0000108552
       -0.0000000676  -0.0000315896   0.0000128314  -0.0000000115  -0.0000369567
        0.0000041221   0.0000000769  -0.0000305041  -0.0000037046   0.0000000754
       -0.0000206895   0.0000002664  -0.0000000110  -0.0000126069  -0.0000062496
       -0.0000000394  -0.0000144244  -0.0000163568   0.0000000156  -0.0000241324
       -0.0000201318   0.0000001027  -0.0000322708  -0.0000138823   0.0000001346
       -0.0000151711   0.0000237212   0.0000003349  -0.0000120492   0.0000220500
        0.0000001018  -0.0000064354   0.0000145570  -0.0000008957  -0.0000353344
        0.0000199115  -0.0000000323  -0.0000444293   0.0000035904   0.0000001254
       -0.0000050758  -0.0000034310  -0.0000001024  -0.0000082328  -0.0000215240
       -0.0000000082  -0.0000252353  -0.0000280901   0.0000001433   0.0003901342
       -0.0000167915   0.0000002004
        0.0000090627  -0.0000046471  -0.0000002140   0.0000009244  -0.0000119550
       -0.0000000353  -0.0000088903  -0.0000100513   0.0000001449  -0.0000141008
       -0.0000186229   0.0000002549  -0.0000077031  -0.0000262976   0.0000001494
        0.0000018904  -0.0000223882  -0.0000000387   0.0000098718  -0.0000287768
       -0.0000001707   0.0000081363  -0.0000386949  -0.0000001120  -0.0000013914
       -0.0000424469   0.0000000722  -0.0000094240  -0.0000363377   0.0000002042
        0.0000079414   0.0000014113  -0.0000005070   0.0000094643  -0.0000014552
       -0.0000004183   0.0000160095  -0.0000081624   0.0000001332  -0.0000125966
       -0.0000031279   0.0000002062  -0.0000214442  -0.0000191404   0.0000003970
        0.0000172760  -0.0000259742  -0.0000003162   0.0000142190  -0.0000437390
       -0.0000002100  -0.0000024539  -0.0000502954   0.0000001123  -0.0000167915
        0.0003907017   0.0000003479
       -0.0000001601  -0.0000002193   0.0000256818  -0.0000001418   0.0000001031
       -0.0000057405  -0.0000001480   0.0000003937  -0.0000291519  -0.0000000169
        0.0000004040  -0.0000545880   0.0000000621   0.0000001556  -0.0000480317
        0.0000000086  -0.0000000701  -0.0000172627   0.0000000403  -0.0000002864
       -0.0000047534   0.0000001167  -0.0000002510  -0.0000227906   0.0000001796
       -0.0000000325  -0.0000531124   0.0000001591   0.0000001685  -0.0000661284
       -0.0000072873   0.0000134549   0.0000299715   0.0000097068  -0.0000193576
        0.0000322551  -0.0000028231   0.0000048129   0.0000390169  -0.0000002582
        0.0000006278  -0.0000296055  -0.0000000198   0.0000006358  -0.0000747689
        0.0000000064  -0.0000004878   0.0000186450   0.0000001351  -0.0000003955
       -0.0000134733   0.0000002401  -0.0000000038  -0.0000665207   0.0000002004
        0.0000003479   0.0003403576
