           1           2   1.0287427638453892     
           2           3   1.5923528443729258     
           3           4   1.1822393510316829     
           4           5   1.1786675846649444     
           2           6   1.2013359588473689     
           5           6   1.2459811312272513     
           6           7   1.3336815792701737     
           7           8   1.5033297727289303     
           8           9   1.3720860642535686     
           5          10   1.3386998664438869     
           7          10  0.11280410746784683     
           9          10   1.4921746214189413     
           1          11  0.98616610234060953     
           1          12  0.97453528427165537     
           1          13  0.97450844347375520     
           3          14  0.97001156128428789     
           4          15  0.94866294288751696     
           7          16  0.96963307476490335     
           8          17  0.97198383682051293     
           9          18  0.97230229446607153     
          10          19  0.96876450780328782     
