$hessian                                                                        
        0.4882579972   0.0369003627  -0.0025216531  -0.1485995647   0.0638410564
       -0.0041940212  -0.0377115247   0.0105858949  -0.0002260452  -0.0430831991
       -0.0035491192  -0.0033292057  -0.2009282541  -0.1168952013   0.0128017654
       -0.0430124844   0.0004470043  -0.0019939558  -0.0047883164   0.0054499770
       -0.0026263704  -0.0040280592   0.0052774305   0.0017955688  -0.0061065945
       -0.0020574053   0.0002939170
        0.0369003627   0.5095665121   0.0009469505   0.0690720064  -0.1155840771
        0.0028016381  -0.0152652664   0.0121068300  -0.0005137488  -0.0041005858
       -0.1462165293  -0.1203568168  -0.1155356935  -0.1267356781   0.0091682141
        0.0000035688  -0.1067501303   0.1063540112   0.0149724537  -0.0110698785
        0.0033963556   0.0183959388  -0.0143839550  -0.0020090118  -0.0044427848
       -0.0009330937   0.0002124079
       -0.0025216531   0.0009469505   0.5277397606  -0.0046480255   0.0028940587
       -0.0699208445   0.0020116372  -0.0009530246   0.0032365582  -0.0037564518
       -0.1196292952  -0.1872547663   0.0126859049   0.0091918708  -0.0446247802
       -0.0014811449   0.1056057652  -0.2267989126  -0.0217056638   0.0172148606
       -0.0027773385   0.0189159994  -0.0154436665  -0.0002303952   0.0004993975
        0.0001724804   0.0006307186
       -0.1485995647   0.0690720064  -0.0046480255   0.4405580237  -0.0211088578
        0.0028552134  -0.1549923783  -0.0625216861   0.0071836685  -0.0025757827
        0.0041595268   0.0023140946  -0.0238196114   0.0115463651  -0.0005958978
       -0.0033950135   0.0042690852  -0.0030021506  -0.0397108261   0.0083793441
       -0.0109242104  -0.0392285753   0.0066332528   0.0046171079  -0.0282362716
       -0.0204290364   0.0022001999
        0.0638410564  -0.1155840771   0.0028940587  -0.0211088578   0.4789443418
        0.0022629180  -0.0897744376  -0.1449820736   0.0097514213   0.0195226959
       -0.0160490120  -0.0027725334  -0.0151478343   0.0082317179  -0.0004571985
        0.0159258817  -0.0125219996   0.0043468555   0.0078910286  -0.0897093304
        0.0829588607   0.0059865735  -0.1211644971  -0.0974040693   0.0128638936
        0.0128349301  -0.0015803130
       -0.0041940212   0.0028016381  -0.0699208445   0.0028552134   0.0022629180
        0.5006095114   0.0095447247   0.0092950222  -0.0507703472   0.0199534851
       -0.0156547685  -0.0004259663   0.0017168840  -0.0009065583   0.0000892542
       -0.0229821005   0.0176871087  -0.0031343068  -0.0099933515   0.0829291296
       -0.2022904183   0.0037871035  -0.0973929058  -0.1713223894  -0.0006879376
       -0.0010215840  -0.0028344930
       -0.0377115247  -0.0152652664   0.0020116372  -0.1549923783  -0.0897744376
        0.0095447247   0.5222554824  -0.0746067532  -0.0016393639   0.0019645442
       -0.0006467925   0.0005180905  -0.0059802174   0.0038432589  -0.0002244694
        0.0019803199  -0.0007584118  -0.0004490366  -0.0118673104  -0.0158355656
        0.0101658923  -0.0128710240  -0.0179432822  -0.0067217197  -0.3027778917
        0.2109872504  -0.0132057552
        0.0105858949   0.0121068300  -0.0009530246  -0.0625216861  -0.1449820736
        0.0092950222  -0.0746067532   0.3624947422  -0.0264931023  -0.0004825866
        0.0009799834   0.0005846372   0.0046925913  -0.0008209974   0.0000410277
       -0.0003706292   0.0007203857  -0.0006500989  -0.0253677764  -0.0211398861
        0.0097998069  -0.0293289163  -0.0256767815  -0.0043514145   0.1773998615
       -0.1836822028   0.0127271462
       -0.0002260452  -0.0005137488   0.0032365582   0.0071836685   0.0097514213
       -0.0507703472  -0.0016393639  -0.0264931023   0.0443381204  -0.0007778174
        0.0008409627   0.0002636846  -0.0002960967   0.0000517027   0.0005210763
        0.0007992933  -0.0008972564   0.0005133941   0.0240688892   0.0214397599
       -0.0002878105  -0.0188224815  -0.0163384663   0.0052606837  -0.0102900463
        0.0121587271  -0.0030753596
       -0.0430831991  -0.0041005858  -0.0037564518  -0.0025757827   0.0195226959
        0.0199534851   0.0019645442  -0.0004825866  -0.0007778174   0.0479692976
        0.0004874098   0.0035200773  -0.0018448708  -0.0184534699  -0.0202141312
        0.0008479993  -0.0001698526   0.0002850143   0.0007867838  -0.0004720409
        0.0005693042  -0.0045127320   0.0037179183   0.0002458626   0.0004479597
       -0.0000494884   0.0001746568
       -0.0035491192  -0.1462165293  -0.1196292952   0.0041595268  -0.0160490120
       -0.0156547685  -0.0006467925   0.0009799834   0.0008409627   0.0004874098
        0.1684339877   0.1400245998  -0.0033017614  -0.0149208803  -0.0164848684
        0.0001884813   0.0095835395   0.0112686991  -0.0006458534   0.0001201946
       -0.0003982046   0.0039538019  -0.0021345948   0.0001649885  -0.0006456933
        0.0002033112  -0.0001321133
       -0.0033292057  -0.1203568168  -0.1872547663   0.0023140946  -0.0027725334
       -0.0004259663   0.0005180905   0.0005846372   0.0002636846   0.0035200773
        0.1400245998   0.2127817020  -0.0009634795  -0.0005181613   0.0003185309
       -0.0012671952  -0.0177840625  -0.0277193769  -0.0003312540   0.0005635816
        0.0008272377   0.0000395756  -0.0000543978   0.0013454503  -0.0005007038
        0.0003131533  -0.0001364960
       -0.2009282541  -0.1155356935   0.0126859049  -0.0238196114  -0.0151478343
        0.0017168840  -0.0059802174   0.0046925913  -0.0002960967  -0.0018448708
       -0.0033017614  -0.0009634795   0.2343137815   0.1332971613  -0.0147482371
       -0.0010668986  -0.0024891371   0.0014590276   0.0004315847  -0.0003809478
       -0.0001433340   0.0004480660  -0.0003498741   0.0001929484  -0.0015535799
       -0.0007845044   0.0000963824
       -0.1168952013  -0.1267356781   0.0091918708   0.0115463651   0.0082317179
       -0.0009065583   0.0038432589  -0.0008209974   0.0000517027  -0.0184534699
       -0.0149208803  -0.0005181613   0.1332971613   0.1442102825  -0.0107633447
       -0.0146328092  -0.0115358986   0.0030868094   0.0001685010   0.0005075098
       -0.0002878642   0.0002300230   0.0005589838   0.0001889773   0.0008961709
        0.0005049605  -0.0000434317
        0.0128017654   0.0091682141  -0.0446247802  -0.0005958978  -0.0004571985
        0.0000892542  -0.0002244694   0.0000410277   0.0005210763  -0.0202141312
       -0.0164848684   0.0003185309  -0.0147482371  -0.0107633447   0.0473491838
        0.0230764815   0.0185918825  -0.0038463685  -0.0003332732  -0.0001034379
        0.0000273291   0.0002834648   0.0000237195  -0.0000348226  -0.0000457030
       -0.0000159943   0.0002005970
       -0.0430124844   0.0000035688  -0.0014811449  -0.0033950135   0.0159258817
       -0.0229821005   0.0019803199  -0.0003706292   0.0007992933   0.0008479993
        0.0001884813  -0.0012671952  -0.0010668986  -0.0146328092   0.0230764815
        0.0479454584  -0.0040938828   0.0031992934  -0.0045381159   0.0036466943
       -0.0006844532   0.0007831962  -0.0005795628  -0.0004769078   0.0004555386
       -0.0000877421  -0.0001832667
        0.0004470043  -0.1067501303   0.1056057652   0.0042690852  -0.0125219996
        0.0176871087  -0.0007584118   0.0007203857  -0.0008972564  -0.0001698526
        0.0095835395  -0.0177840625  -0.0024891371  -0.0115358986   0.0185918825
       -0.0040938828   0.1222949925  -0.1241472463   0.0039079460  -0.0020727238
        0.0002997758  -0.0005643094   0.0001169109   0.0005442663  -0.0005484417
        0.0001649237   0.0000997666
       -0.0019939558   0.1063540112  -0.2267989126  -0.0030021506   0.0043468555
       -0.0031343068  -0.0004490366  -0.0006500989   0.0005133941   0.0002850143
        0.0112686991  -0.0277193769   0.0014590276   0.0030868094  -0.0038463685
        0.0031992934  -0.1241472463   0.2589506954  -0.0005212702   0.0005265834
        0.0013100886   0.0004389442  -0.0004213243   0.0008381516   0.0005841337
       -0.0003642890  -0.0001133649
       -0.0047883164   0.0149724537  -0.0217056638  -0.0397108261   0.0078910286
       -0.0099933515  -0.0118673104  -0.0253677764   0.0240688892   0.0007867838
       -0.0006458534  -0.0003312540   0.0004315847   0.0001685010  -0.0003332732
       -0.0045381159   0.0039079460  -0.0005212702   0.0573665063  -0.0005620958
        0.0060993568   0.0021337476   0.0003165108   0.0014294546   0.0001859464
       -0.0006807147   0.0012871121
        0.0054499770  -0.0110698785   0.0172148606   0.0083793441  -0.0897093304
        0.0829291296  -0.0158355656  -0.0211398861   0.0214397599  -0.0004720409
        0.0001201946   0.0005635816  -0.0003809478   0.0005075098  -0.0001034379
        0.0036466943  -0.0020727238   0.0005265834  -0.0005620958   0.1143552668
       -0.1053855899  -0.0004649160   0.0080999664  -0.0163666320   0.0002395506
        0.0009088812  -0.0008182553
       -0.0026263704   0.0033963556  -0.0027773385  -0.0109242104   0.0829588607
       -0.2022904183   0.0101658923   0.0097998069  -0.0002878105   0.0005693042
       -0.0003982046   0.0008272377  -0.0001433340  -0.0002878642   0.0000273291
       -0.0006844532   0.0002997758   0.0013100886   0.0060993568  -0.1053855899
        0.2329894790  -0.0025322454   0.0096199909  -0.0305900798   0.0000760601
       -0.0000031312   0.0007915127
       -0.0040280592   0.0183959388   0.0189159994  -0.0392285753   0.0059865735
        0.0037871035  -0.0128710240  -0.0293289163  -0.0188224815  -0.0045127320
        0.0039538019   0.0000395756   0.0004480660   0.0002300230   0.0002834648
        0.0007831962  -0.0005643094   0.0004389442   0.0021337476  -0.0004649160
       -0.0025322454   0.0571374984   0.0026774606  -0.0009786329   0.0001378822
       -0.0008856561  -0.0011317278
        0.0052774305  -0.0143839550  -0.0154436665   0.0066332528  -0.1211644971
       -0.0973929058  -0.0179432822  -0.0256767815  -0.0163384663   0.0037179183
       -0.0021345948  -0.0000543978  -0.0003498741   0.0005589838   0.0000237195
       -0.0005795628   0.0001169109  -0.0004213243   0.0003165108   0.0080999664
        0.0096199909   0.0026774606   0.1535369886   0.1192372286   0.0002501461
        0.0010469787   0.0007698217
        0.0017955688  -0.0020090118  -0.0002303952   0.0046171079  -0.0974040693
       -0.1713223894  -0.0067217197  -0.0043514145   0.0052606837   0.0002458626
        0.0001649885   0.0013454503   0.0001929484   0.0001889773  -0.0000348226
       -0.0004769078   0.0005442663   0.0008381516   0.0014294546  -0.0163666320
       -0.0305900798  -0.0009786329   0.1192372286   0.1940331933  -0.0001036820
       -0.0000043331   0.0007002082
       -0.0061065945  -0.0044427848   0.0004993975  -0.0282362716   0.0128638936
       -0.0006879376  -0.3027778917   0.1773998615  -0.0102900463   0.0004479597
       -0.0006456933  -0.0005007038  -0.0015535799   0.0008961709  -0.0000457030
        0.0004555386  -0.0005484417   0.0005841337   0.0001859464   0.0002395506
        0.0000760601   0.0001378822   0.0002501461  -0.0001036820   0.3374470109
       -0.1860127030   0.0104684814
       -0.0020574053  -0.0009330937   0.0001724804  -0.0204290364   0.0128349301
       -0.0010215840   0.2109872504  -0.1836822028   0.0121587271  -0.0000494884
        0.0002033112   0.0003131533  -0.0007845044   0.0005049605  -0.0000159943
       -0.0000877421   0.0001649237  -0.0003642890  -0.0006807147   0.0009088812
       -0.0000031312  -0.0008856561   0.0010469787  -0.0000043331  -0.1860127030
        0.1689513110  -0.0112350291
        0.0002939170   0.0002124079   0.0006307186   0.0022001999  -0.0015803130
       -0.0028344930  -0.0132057552   0.0127271462  -0.0030753596   0.0001746568
       -0.0001321133  -0.0001364960   0.0000963824  -0.0000434317   0.0002005970
       -0.0001832667   0.0000997666  -0.0001133649   0.0012871121  -0.0008182553
        0.0007915127  -0.0011317278   0.0007698217   0.0007002082   0.0104684814
       -0.0112350291   0.0038366770
