$hessian                                                                        
        0.4861396070  -0.0332993276   0.0006367546  -0.1577904066  -0.0667061427
        0.0016914173  -0.0283995090  -0.0070524186   0.0003407043   0.0006261486
       -0.0046303119  -0.0000438151  -0.0060836252   0.0023072880  -0.0000013769
       -0.0016316738  -0.0005910865  -0.0000243800  -0.1992455730   0.1181840393
       -0.0019520700  -0.0428712425  -0.0004875440  -0.0021271482  -0.0429179156
        0.0002057678   0.0013041820  -0.0038406804  -0.0040712088  -0.0019938346
       -0.0036570285  -0.0039190577   0.0021731657  -0.0003556060   0.0002112485
       -0.0000028380   0.0000170262  -0.0000764846  -0.0000769960   0.0000104789
       -0.0000747610   0.0000762350
       -0.0332993276   0.5094618258   0.0004149503  -0.0658428210  -0.1119071028
        0.0009689616   0.0079338137   0.0083212660  -0.0002217322   0.0014917879
        0.0013251524  -0.0000043831   0.0044944810  -0.0010174563   0.0000493676
        0.0011134283   0.0004644785   0.0000267611   0.1173145505  -0.1288646239
        0.0014049946  -0.0002089807  -0.1315592663  -0.1169123422   0.0004484847
       -0.1222855786   0.1136937728  -0.0171154356  -0.0122635179  -0.0022183188
       -0.0164427817  -0.0116999773   0.0027969733   0.0002722425  -0.0000847057
        0.0000009296  -0.0000821445   0.0000554960   0.0000140144  -0.0000772976
        0.0000540102  -0.0000139491
        0.0006367546   0.0004149503   0.5253683891   0.0016546546   0.0009930680
       -0.0670726409  -0.0000555015  -0.0000300041   0.0004994219  -0.0000500914
       -0.0000111956  -0.0005372916  -0.0000333206   0.0000486331   0.0009718411
       -0.0000268455  -0.0000065590   0.0003618468  -0.0019358036   0.0013975856
       -0.0445469817  -0.0013226675  -0.1166056024  -0.2019140741   0.0005003686
        0.1133425360  -0.2111170375  -0.0193665438  -0.0141017921  -0.0005974927
        0.0200025014   0.0145565487  -0.0014144015  -0.0000039754   0.0000015654
       -0.0000076097  -0.0000657397   0.0000355172   0.0000016836   0.0000662097
       -0.0000352512   0.0000043470
       -0.1577904066  -0.0658428210   0.0016546546   0.4613345095   0.0235515086
        0.0001355138  -0.1330444715   0.0592854053  -0.0003876314  -0.0025639203
        0.0098767647  -0.0000356321  -0.0503168439   0.0083082947  -0.0003146359
       -0.0031009784  -0.0031267271  -0.0000403245  -0.0265683542  -0.0142334475
        0.0003408753  -0.0034864555  -0.0048461434  -0.0028756688  -0.0033926674
       -0.0046362282   0.0030554558  -0.0399282610  -0.0052821069  -0.0046173925
       -0.0396110048  -0.0038333358   0.0030822142  -0.0012462558   0.0008053932
       -0.0000020039  -0.0001406644  -0.0000124533  -0.0001556131  -0.0001442258
       -0.0000141034   0.0001601885
       -0.0667061427  -0.1119071028   0.0009930680   0.0235515086   0.4952508633
        0.0012791815   0.0444617909  -0.0915829096   0.0001380596   0.0349719157
       -0.0484173350   0.0002757980  -0.0052581569   0.0123708972  -0.0000478419
       -0.0039180472  -0.0016483023  -0.0000597172   0.0128875031   0.0089209413
       -0.0002114280  -0.0174691769  -0.0138069463  -0.0021495291  -0.0166060843
       -0.0130704854   0.0027110393  -0.0032649435  -0.1220539261  -0.1116771104
       -0.0017410706  -0.1141056269   0.1087591381  -0.0009246303   0.0004627406
       -0.0000033017   0.0000142366  -0.0002098289   0.0000050810   0.0000012975
       -0.0002029793  -0.0000124373
        0.0016914173   0.0009689616  -0.0670726409   0.0001355138   0.0012791815
        0.5018205288  -0.0001469825   0.0001415141  -0.0725321546   0.0000226906
        0.0000674385   0.0188537165  -0.0003511629  -0.0001263853   0.0052039969
       -0.0000083339  -0.0000000748   0.0050414379  -0.0001324908  -0.0001130080
        0.0002937554  -0.0207884365  -0.0149839640  -0.0005598332   0.0214598216
        0.0154833022  -0.0013791331  -0.0022556865  -0.1149187298  -0.1910817211
        0.0003732098   0.1121995482  -0.1986941154   0.0000037331  -0.0000021785
        0.0001623314  -0.0008637636   0.0001221755  -0.0000311068   0.0008604706
       -0.0001177811  -0.0000250618
       -0.0283995090   0.0079338137  -0.0000555015  -0.1330444715   0.0444617909
       -0.0001469825   0.4741011100  -0.0415251042   0.0012438687  -0.0801934359
        0.0507903716  -0.0000419869  -0.1739624040  -0.0590759205  -0.0004895999
       -0.0503205349  -0.0099647925  -0.0002334103  -0.0035907873  -0.0026822415
        0.0000870591  -0.0004813685   0.0001607905  -0.0002902639  -0.0004323651
        0.0001856945   0.0002600388   0.0007620618   0.0045248496   0.0002309081
        0.0004496118   0.0047332840  -0.0005444017  -0.0065742563   0.0023331666
       -0.0000160478   0.0008423800  -0.0009389271  -0.0008837287   0.0008439688
       -0.0009367758   0.0008800484
       -0.0070524186   0.0083212660  -0.0000300041   0.0592854053  -0.0915829096
        0.0001415141  -0.0415251042   0.9529165608  -0.0001200067   0.0340433053
       -0.7119737505   0.0000131120  -0.0788174894  -0.1426531013  -0.0004525166
        0.0015684445   0.0174385365   0.0000118844  -0.0032956611  -0.0026386222
        0.0000687188  -0.0022687234   0.0002143850  -0.0017731000  -0.0022151459
        0.0002826886   0.0017509020   0.0150822433  -0.0151888917  -0.0043904600
        0.0146431968  -0.0144714745   0.0047099884   0.0026446685  -0.0031747181
        0.0000186928   0.0039615848   0.0012538829  -0.0025025364   0.0039456941
        0.0012561482   0.0025538113
        0.0003407043  -0.0002217322   0.0004994219  -0.0003876314   0.0001380596
       -0.0725321546   0.0012438687  -0.0001200067   0.1947595375  -0.0000753708
        0.0000678984  -0.0665367405  -0.0004912848  -0.0002543871  -0.0555425980
       -0.0001971374  -0.0000431468   0.0007379977   0.0000831569   0.0000522901
        0.0005934531  -0.0010094761  -0.0000480095   0.0000372668   0.0010387736
        0.0000137234   0.0000103590   0.0203935669  -0.0170111064  -0.0017768043
       -0.0209147270   0.0174257287  -0.0022005907  -0.0000444225   0.0000079928
        0.0005410582   0.0015365634   0.0002153861   0.0007002583  -0.0015165840
       -0.0002226904   0.0007095356
        0.0006261486   0.0014917879  -0.0000500914  -0.0025639203   0.0349719157
        0.0000226906  -0.0801934359   0.0340433053  -0.0000753708   0.0932787750
       -0.0151224027   0.0003038301  -0.0110699790  -0.0580282998  -0.0001824429
        0.0012816574  -0.0038660707   0.0000083617   0.0007069118   0.0006439850
       -0.0000091440   0.0004609627   0.0001658665   0.0005168954   0.0004733038
        0.0001228591  -0.0005138685  -0.0032991575   0.0029945909   0.0000655095
       -0.0031684346   0.0028659904  -0.0001026310   0.0014934324  -0.0010952229
        0.0000097222   0.0009959508   0.0004133679  -0.0007357724   0.0009777849
        0.0003983274   0.0007423114
       -0.0046303119   0.0013251524  -0.0000111956   0.0098767647  -0.0484173350
        0.0000674385   0.0507903716  -0.7119737505   0.0000678984  -0.0151224027
        0.8482385893   0.0000807173  -0.0506511338  -0.0890333587  -0.0002008413
        0.0032262808   0.0016330121   0.0000197269  -0.0006915729   0.0006706065
       -0.0000118528   0.0009194754   0.0005186286   0.0013419034   0.0008839793
        0.0004539010  -0.0013393653   0.0034989639  -0.0024795038   0.0008753455
        0.0032522974  -0.0023827197  -0.0008696444   0.0011796700   0.0014070833
        0.0000039204  -0.0012692747   0.0000184329   0.0014071657  -0.0012631071
        0.0000212616  -0.0014312167
       -0.0000438151  -0.0000043831  -0.0005372916  -0.0000356321   0.0002757980
        0.0188537165  -0.0000419869   0.0000131120  -0.0665367405   0.0003038301
        0.0000807173   0.0264687718  -0.0002118246  -0.0002973076   0.0258965271
        0.0000163926  -0.0000116603  -0.0038506025  -0.0000076858  -0.0000148880
       -0.0000037294   0.0005481276   0.0000386129   0.0001161125  -0.0005499285
       -0.0000090039   0.0001686873  -0.0020506323   0.0020318858   0.0000075059
        0.0020594838  -0.0020962183   0.0000103871   0.0000058755  -0.0000023688
        0.0000816637  -0.0003585590  -0.0003569743  -0.0003354955   0.0003663546
        0.0003526782  -0.0003395124
       -0.0060836252   0.0044944810  -0.0000333206  -0.0503168439  -0.0052581569
       -0.0003511629  -0.1739624040  -0.0788174894  -0.0004912848  -0.0110699790
       -0.0506511338  -0.0002118246   0.4641024851   0.0146952813   0.0015467338
       -0.1523138315   0.0755292277  -0.0003009729  -0.0022006022  -0.0007305669
        0.0000223989   0.0007710744   0.0001290699   0.0002587674   0.0007184768
        0.0001095847  -0.0002391921  -0.0010952889  -0.0008239778   0.0009673738
       -0.0011777394  -0.0008014034  -0.0009402679  -0.0325265828   0.0112942715
       -0.0001368848  -0.0175825532   0.0154596608   0.0081718021  -0.0172625862
        0.0153711512  -0.0082621655
        0.0023072880  -0.0010174563   0.0000486331   0.0083082947   0.0123708972
       -0.0001263853  -0.0590759205  -0.1426531013  -0.0002543871  -0.0580282998
       -0.0890333587  -0.0002973076   0.0146952813   0.3638097048   0.0002796647
        0.0594205787  -0.1231329843   0.0001919360   0.0004161616   0.0006364184
       -0.0000154156   0.0005151695  -0.0001531818   0.0003669680   0.0004751127
       -0.0001731544  -0.0003453611  -0.0006040572   0.0002097177   0.0010294323
       -0.0006390217   0.0001378132  -0.0009634519  -0.0167805136   0.0112607561
       -0.0000494890   0.0244329461  -0.0160632491  -0.0033672998   0.0245569801
       -0.0161988215   0.0035024632
       -0.0000013769   0.0000493676   0.0009718411  -0.0003146359  -0.0000478419
        0.0052039969  -0.0004895999  -0.0004525166  -0.0555425980  -0.0001824429
       -0.0002008413   0.0258965271   0.0015467338   0.0002796647   0.0716460798
       -0.0003019770   0.0002162882  -0.0549182820  -0.0000083639  -0.0000061592
        0.0000265042   0.0001745562   0.0001520672   0.0000507301  -0.0001765015
       -0.0001547943   0.0000523546  -0.0012720579   0.0005114967   0.0007662396
        0.0012571116  -0.0004884527   0.0008046595  -0.0001984629   0.0000885057
        0.0007436944   0.0253321089  -0.0134126459   0.0022648694  -0.0253650915
        0.0134658617   0.0020333832
       -0.0016316738   0.0011134283  -0.0000268455  -0.0031009784  -0.0039180472
       -0.0000083339  -0.0503205349   0.0015684445  -0.0001971374   0.0012816574
        0.0032262808   0.0000163926  -0.1523138315   0.0594205787  -0.0003019770
        0.4408737958   0.0587615413  -0.0001388604  -0.0004329237  -0.0004588600
        0.0000097052   0.0000101937   0.0001744124   0.0001694999   0.0000149260
        0.0001681772  -0.0001771751  -0.0002308359  -0.0000707377  -0.0001488791
       -0.0002656296  -0.0000379413   0.0001435778  -0.1538956096  -0.1274561733
       -0.0009299734  -0.0400764717   0.0042359094   0.0101730341  -0.0399120836
        0.0032729868  -0.0085830277
       -0.0005910865   0.0004644785  -0.0000065590  -0.0031267271  -0.0016483023
       -0.0000000748  -0.0099647925   0.0174385365  -0.0000431468  -0.0038660707
        0.0016330121  -0.0000116603   0.0755292277  -0.1231329843   0.0002162882
        0.0587615413   0.5067504568   0.0002754091  -0.0002202468  -0.0000239008
        0.0000029146   0.0000223747  -0.0000176690  -0.0000855919   0.0000190029
       -0.0000143540   0.0000874778   0.0003050246   0.0001063135   0.0001163908
        0.0003047045   0.0001042699  -0.0001169033  -0.1211691126  -0.1711389618
       -0.0009916744   0.0024960265  -0.1145955562  -0.1065148485   0.0015001340
       -0.1159253388   0.1070719784
       -0.0000243800   0.0000267611   0.0003618468  -0.0000403245  -0.0000597172
        0.0050414379  -0.0002334103   0.0000118844   0.0007379977   0.0000083617
        0.0000197269  -0.0038506025  -0.0003009729   0.0001919360  -0.0549182820
       -0.0001388604   0.0002754091   0.4961373701  -0.0000086911  -0.0000037515
       -0.0000161298  -0.0000124075  -0.0000290240  -0.0000470372   0.0000160202
        0.0000308875  -0.0000553404  -0.0003734325   0.0004981675  -0.0000054610
        0.0004278142  -0.0005108371   0.0000001107  -0.0009104655  -0.0010194855
       -0.0436938092   0.0070202794  -0.1060187376  -0.2004236859  -0.0054295308
        0.1065867802  -0.1992684152
       -0.1992455730   0.1173145505  -0.0019358036  -0.0265683542   0.0128875031
       -0.0001324908  -0.0035907873  -0.0032956611   0.0000831569   0.0007069118
       -0.0006915729  -0.0000076858  -0.0022006022   0.0004161616  -0.0000083639
       -0.0004329237  -0.0002202468  -0.0000086911   0.2330198049  -0.1336800542
        0.0021646316  -0.0013136479   0.0030897032   0.0012478458  -0.0014403663
        0.0031404198  -0.0013757608   0.0005374591   0.0005040343  -0.0001566649
        0.0005592714   0.0005157351   0.0001301460  -0.0001227727   0.0000370550
       -0.0000008193   0.0000461820  -0.0000089595  -0.0000145405   0.0000453982
       -0.0000086681   0.0000150404
        0.1181840393  -0.1288646239   0.0013975856  -0.0142334475   0.0089209413
       -0.0001130080  -0.0026822415  -0.0026386222   0.0000522901   0.0006439850
        0.0006706065  -0.0000148880  -0.0007305669   0.0006364184  -0.0000061592
       -0.0004588600  -0.0000239008  -0.0000037515  -0.1336800542   0.1479366714
       -0.0017029787   0.0170681264  -0.0142510649  -0.0019444371   0.0162102066
       -0.0134377242   0.0023537371  -0.0001389299   0.0005225916   0.0002029105
       -0.0001277326   0.0005242329  -0.0002199440  -0.0000428072   0.0000459700
       -0.0000004173  -0.0000050393  -0.0000209726   0.0000012695  -0.0000066783
       -0.0000205234  -0.0000022092
       -0.0019520700   0.0014049946  -0.0445469817   0.0003408753  -0.0002114280
        0.0002937554   0.0000870591   0.0000687188   0.0005934531  -0.0000091440
       -0.0000118528  -0.0000037294   0.0000223989  -0.0000154156   0.0000265042
        0.0000097052   0.0000029146  -0.0000161298   0.0021646316  -0.0017029787
        0.0468827623   0.0213566222  -0.0181081400  -0.0013958526  -0.0220388308
        0.0185972317  -0.0021154311  -0.0004864142   0.0001963430   0.0001292975
        0.0005033139  -0.0002197269   0.0001497963   0.0000015892  -0.0000008645
        0.0000021741  -0.0000041750  -0.0000018002   0.0000004870   0.0000044386
        0.0000020039  -0.0000001055
       -0.0428712425  -0.0002089807  -0.0013226675  -0.0034864555  -0.0174691769
       -0.0207884365  -0.0004813685  -0.0022687234  -0.0010094761   0.0004609627
        0.0009194754   0.0005481276   0.0007710744   0.0005151695   0.0001745562
        0.0000101937   0.0000223747  -0.0000124075  -0.0013136479   0.0170681264
        0.0213566222   0.0498257468   0.0046163467   0.0025114261   0.0009397108
        0.0000620779  -0.0006928420  -0.0045209329  -0.0035574874  -0.0005277669
        0.0006524873   0.0002846663  -0.0002660930   0.0000491812   0.0000149272
        0.0000050121  -0.0000433556   0.0000116942   0.0000256922   0.0000076461
       -0.0000104900  -0.0000017468
       -0.0004875440  -0.1315592663  -0.1166056024  -0.0048461434  -0.0138069463
       -0.0149839640   0.0001607905   0.0002143850  -0.0000480095   0.0001658665
        0.0005186286   0.0000386129   0.0001290699  -0.0001531818   0.0001520672
        0.0001744124  -0.0000176690  -0.0000290240   0.0030897032  -0.0142510649
       -0.0181081400   0.0046163467   0.1508684867   0.1362598815   0.0001725764
        0.0100540486   0.0138725520  -0.0035599684  -0.0019396335  -0.0001404099
        0.0003624244   0.0000457281  -0.0004219950   0.0000333462  -0.0000097087
       -0.0000036174  -0.0000142113   0.0000377962   0.0000238046   0.0000033311
       -0.0000016028  -0.0000061561
       -0.0021271482  -0.1169123422  -0.2019140741  -0.0028756688  -0.0021495291
       -0.0005598332  -0.0002902639  -0.0017731000   0.0000372668   0.0005168954
        0.0013419034   0.0001161125   0.0002587674   0.0003669680   0.0000507301
        0.0001694999  -0.0000855919  -0.0000470372   0.0012478458  -0.0019444371
       -0.0013958526   0.0025114261   0.1362598815   0.2302314153   0.0005207696
       -0.0153988216  -0.0283824558  -0.0002030228  -0.0001071584   0.0011729666
        0.0002583543   0.0003874239   0.0006720096   0.0000220338   0.0000119504
       -0.0000014376  -0.0000085737   0.0000105717   0.0000445428  -0.0000009150
       -0.0000077186  -0.0000243531
       -0.0429179156   0.0004484847   0.0005003686  -0.0033926674  -0.0166060843
        0.0214598216  -0.0004323651  -0.0022151459   0.0010387736   0.0004733038
        0.0008839793  -0.0005499285   0.0007184768   0.0004751127  -0.0001765015
        0.0000149260   0.0000190029   0.0000160202  -0.0014403663   0.0162102066
       -0.0220388308   0.0009397108   0.0001725764   0.0005207696   0.0498587300
        0.0038304840  -0.0017192530   0.0006647165   0.0002985280   0.0002624090
       -0.0045002350  -0.0035343012   0.0007169794   0.0000483741   0.0000140178
       -0.0000047330   0.0000090790  -0.0000104114  -0.0000003113  -0.0000437675
        0.0000135504  -0.0000255842
        0.0002057678  -0.1222855786   0.1133425360  -0.0046362282  -0.0130704854
        0.0154833022   0.0001856945   0.0002826886   0.0000137234   0.0001228591
        0.0004539010  -0.0000090039   0.0001095847  -0.0001731544  -0.0001547943
        0.0001681772  -0.0000143540   0.0000308875   0.0031404198  -0.0134377242
        0.0185972317   0.0000620779   0.0100540486  -0.0153988216   0.0038304840
        0.1400326100  -0.1326378897   0.0003634968   0.0000552120   0.0004471830
       -0.0035750773  -0.0019215199   0.0002987347   0.0000315751  -0.0000106809
        0.0000044413   0.0000037709  -0.0000027932   0.0000047353  -0.0000126023
        0.0000378305  -0.0000222657
        0.0013041820   0.1136937728  -0.2111170375   0.0030554558   0.0027110393
       -0.0013791331   0.0002600388   0.0017509020   0.0000103590  -0.0005138685
       -0.0013393653   0.0001686873  -0.0002391921  -0.0003453611   0.0000523546
       -0.0001771751   0.0000874778  -0.0000553404  -0.0013757608   0.0023537371
       -0.0021154311  -0.0006928420   0.0138725520  -0.0283824558  -0.0017192530
       -0.1326378897   0.2409647593  -0.0002745303  -0.0003684452   0.0006811362
        0.0003872226   0.0002374836   0.0011511139  -0.0000233585  -0.0000114829
       -0.0000009945  -0.0000001493   0.0000077747  -0.0000238421   0.0000092304
       -0.0000121953   0.0000458243
       -0.0038406804  -0.0171154356  -0.0193665438  -0.0399282610  -0.0032649435
       -0.0022556865   0.0007620618   0.0150822433   0.0203935669  -0.0032991575
        0.0034989639  -0.0020506323  -0.0010952889  -0.0006040572  -0.0012720579
       -0.0002308359   0.0003050246  -0.0003734325   0.0005374591  -0.0001389299
       -0.0004864142  -0.0045209329  -0.0035599684  -0.0002030228   0.0006647165
        0.0003634968  -0.0002745303   0.0487756995   0.0058346894   0.0062335829
        0.0019899041  -0.0002642277  -0.0003035941   0.0000746060  -0.0000644018
        0.0000020780   0.0001400127  -0.0000713094  -0.0000651835  -0.0000293031
       -0.0000011444   0.0000218700
       -0.0040712088  -0.0122635179  -0.0141017921  -0.0052821069  -0.1220539261
       -0.1149187298   0.0045248496  -0.0151888917  -0.0170111064   0.0029945909
       -0.0024795038   0.0020318858  -0.0008239778   0.0002097177   0.0005114967
       -0.0000707377   0.0001063135   0.0004981675   0.0005040343   0.0005225916
        0.0001963430  -0.0035574874  -0.0019396335  -0.0001071584   0.0002985280
        0.0000552120  -0.0003684452   0.0058346894   0.1431695137   0.1300347722
       -0.0001143110   0.0097542513   0.0131598284  -0.0000834579   0.0000539968
        0.0000154567  -0.0002016028   0.0000755619   0.0000840277   0.0000481981
       -0.0000216855  -0.0000247461
       -0.0019938346  -0.0022183188  -0.0005974927  -0.0046173925  -0.1116771104
       -0.1910817211   0.0002309081  -0.0043904600  -0.0017768043   0.0000655095
        0.0008753455   0.0000075059   0.0009673738   0.0010294323   0.0007662396
       -0.0001488791   0.0001163908  -0.0000054610  -0.0001566649   0.0002029105
        0.0001292975  -0.0005277669  -0.0001404099   0.0011729666   0.0002624090
        0.0004471830   0.0006811362   0.0062335829   0.1300347722   0.2191625764
       -0.0000234954  -0.0144864320  -0.0284742347  -0.0000399824   0.0000353227
        0.0000030734  -0.0001515248   0.0001053529   0.0000264806  -0.0001002427
        0.0000660211  -0.0000135625
       -0.0036570285  -0.0164427817   0.0200025014  -0.0396110048  -0.0017410706
        0.0003732098   0.0004496118   0.0146431968  -0.0209147270  -0.0031684346
        0.0032522974   0.0020594838  -0.0011777394  -0.0006390217   0.0012571116
       -0.0002656296   0.0003047045   0.0004278142   0.0005592714  -0.0001277326
        0.0005033139   0.0006524873   0.0003624244   0.0002583543  -0.0045002350
       -0.0035750773   0.0003872226   0.0019899041  -0.0001143110  -0.0000234954
        0.0485534513   0.0042079103  -0.0043777556   0.0000739963  -0.0000616374
       -0.0000009163  -0.0000444115   0.0000061232  -0.0000193650   0.0001457611
       -0.0000750242   0.0000672477
       -0.0039190577  -0.0116999773   0.0145565487  -0.0038333358  -0.1141056269
        0.1121995482   0.0047332840  -0.0144714745   0.0174257287   0.0028659904
       -0.0023827197  -0.0020962183  -0.0008014034   0.0001378132  -0.0004884527
       -0.0000379413   0.0001042699  -0.0005108371   0.0005157351   0.0005242329
       -0.0002197269   0.0002846663   0.0000457281   0.0003874239  -0.0035343012
       -0.0019215199   0.0002374836  -0.0002642277   0.0097542513  -0.0144864320
        0.0042079103   0.1339170401  -0.1269277733  -0.0000786654   0.0000487217
       -0.0000184977   0.0000570290  -0.0000224874   0.0000238091  -0.0001956826
        0.0000717488  -0.0000826042
        0.0021731657   0.0027969733  -0.0014144015   0.0030822142   0.1087591381
       -0.1986941154  -0.0005444017   0.0047099884  -0.0022005907  -0.0001026310
       -0.0008696444   0.0000103871  -0.0009402679  -0.0009634519   0.0008046595
        0.0001435778  -0.0001169033   0.0000001107   0.0001301460  -0.0002199440
        0.0001497963  -0.0002660930  -0.0004219950   0.0006720096   0.0007169794
        0.0002987347   0.0011511139  -0.0003035941   0.0131598284  -0.0284742347
       -0.0043777556  -0.1269277733   0.2279739474   0.0000418365  -0.0000343023
        0.0000025075   0.0000940357  -0.0000612123  -0.0000103561   0.0001527879
       -0.0001094365   0.0000291665
       -0.0003556060   0.0002722425  -0.0000039754  -0.0012462558  -0.0009246303
        0.0000037331  -0.0065742563   0.0026446685  -0.0000444225   0.0014934324
        0.0011796700   0.0000058755  -0.0325265828  -0.0167805136  -0.0001984629
       -0.1538956096  -0.1211691126  -0.0009104655  -0.0001227727  -0.0000428072
        0.0000015892   0.0000491812   0.0000333462   0.0000220338   0.0000483741
        0.0000315751  -0.0000233585   0.0000746060  -0.0000834579  -0.0000399824
        0.0000739963  -0.0000786654   0.0000418365   0.1913675521   0.1395074410
        0.0011395597   0.0008976321  -0.0021931585  -0.0010222763   0.0007163091
       -0.0023965978   0.0010283157
        0.0002112485  -0.0000847057   0.0000015654   0.0008053932   0.0004627406
       -0.0000021785   0.0023331666  -0.0031747181   0.0000079928  -0.0010952229
        0.0014070833  -0.0000023688   0.0112942715   0.0112607561   0.0000885057
       -0.1274561733  -0.1711389618  -0.0010194855   0.0000370550   0.0000459700
       -0.0000008645   0.0000149272  -0.0000097087   0.0000119504   0.0000140178
       -0.0000106809  -0.0000114829  -0.0000644018   0.0000539968   0.0000353227
       -0.0000616374   0.0000487217  -0.0000343023   0.1395074410   0.1907013206
        0.0011394492  -0.0127097737  -0.0147163716  -0.0016204342  -0.0128303118
       -0.0148454423   0.0014063306
       -0.0000028380   0.0000009296  -0.0000076097  -0.0000020039  -0.0000033017
        0.0001623314  -0.0000160478   0.0000186928   0.0005410582   0.0000097222
        0.0000039204   0.0000816637  -0.0001368848  -0.0000494890   0.0007436944
       -0.0009299734  -0.0009916744  -0.0436938092  -0.0000008193  -0.0000004173
        0.0000021741   0.0000050121  -0.0000036174  -0.0000014376  -0.0000047330
        0.0000044413  -0.0000009945   0.0000020780   0.0000154567   0.0000030734
       -0.0000009163  -0.0000184977   0.0000025075   0.0011395597   0.0011394492
        0.0446890306  -0.0176169220  -0.0205361249  -0.0014236930   0.0175547665
        0.0204202324  -0.0010979893
        0.0000170262  -0.0000821445  -0.0000657397  -0.0001406644   0.0000142366
       -0.0008637636   0.0008423800   0.0039615848   0.0015365634   0.0009959508
       -0.0012692747  -0.0003585590  -0.0175825532   0.0244329461   0.0253321089
       -0.0400764717   0.0024960265   0.0070202794   0.0000461820  -0.0000050393
       -0.0000041750  -0.0000433556  -0.0000142113  -0.0000085737   0.0000090790
        0.0000037709  -0.0000001493   0.0001400127  -0.0002016028  -0.0001515248
       -0.0000444115   0.0000570290   0.0000940357   0.0008976321  -0.0127097737
       -0.0176169220   0.0532277401  -0.0157550989  -0.0153004609   0.0017114533
       -0.0009284488   0.0003868806
       -0.0000764846   0.0000554960   0.0000355172  -0.0000124533  -0.0002098289
        0.0001221755  -0.0009389271   0.0012538829   0.0002153861   0.0004133679
        0.0000184329  -0.0003569743   0.0154596608  -0.0160632491  -0.0134126459
        0.0042359094  -0.1145955562  -0.1060187376  -0.0000089595  -0.0000209726
       -0.0000018002   0.0000116942   0.0000377962   0.0000105717  -0.0000104114
       -0.0000027932   0.0000077747  -0.0000713094   0.0000755619   0.0001053529
        0.0000061232  -0.0000224874  -0.0000612123  -0.0021931585  -0.0147163716
       -0.0205361249  -0.0157550989   0.1352267870   0.1260564652  -0.0010599528
        0.0089633021   0.0138342517
       -0.0000769960   0.0000140144   0.0000016836  -0.0001556131   0.0000050810
       -0.0000311068  -0.0008837287  -0.0025025364   0.0007002583  -0.0007357724
        0.0014071657  -0.0003354955   0.0081718021  -0.0033672998   0.0022648694
        0.0101730341  -0.1065148485  -0.2004236859  -0.0000145405   0.0000012695
        0.0000004870   0.0000256922   0.0000238046   0.0000445428  -0.0000003113
        0.0000047353  -0.0000238421  -0.0000651835   0.0000840277   0.0000264806
       -0.0000193650   0.0000238091  -0.0000103561  -0.0010222763  -0.0016204342
       -0.0014236930  -0.0153004609   0.1260564652   0.2277061702  -0.0000962808
       -0.0136152535  -0.0284963124
        0.0000104789  -0.0000772976   0.0000662097  -0.0001442258   0.0000012975
        0.0008604706   0.0008439688   0.0039456941  -0.0015165840   0.0009777849
       -0.0012631071   0.0003663546  -0.0172625862   0.0245569801  -0.0253650915
       -0.0399120836   0.0015001340  -0.0054295308   0.0000453982  -0.0000066783
        0.0000044386   0.0000076461   0.0000033311  -0.0000009150  -0.0000437675
       -0.0000126023   0.0000092304  -0.0000293031   0.0000481981  -0.0001002427
        0.0001457611  -0.0001956826   0.0001527879   0.0007163091  -0.0128303118
        0.0175547665   0.0017114533  -0.0010599528  -0.0000962808   0.0529331659
       -0.0146100024   0.0134943866
       -0.0000747610   0.0000540102  -0.0000352512  -0.0000141034  -0.0002029793
       -0.0001177811  -0.0009367758   0.0012561482  -0.0002226904   0.0003983274
        0.0000212616   0.0003526782   0.0153711512  -0.0161988215   0.0134658617
        0.0032729868  -0.1159253388   0.1065867802  -0.0000086681  -0.0000205234
        0.0000020039  -0.0000104900  -0.0000016028  -0.0000077186   0.0000135504
        0.0000378305  -0.0000121953  -0.0000011444  -0.0000216855   0.0000660211
       -0.0000750242   0.0000717488  -0.0001094365  -0.0023965978  -0.0148454423
        0.0204202324  -0.0009284488   0.0089633021  -0.0136152535  -0.0146100024
        0.1368120922  -0.1267732509
        0.0000762350  -0.0000139491   0.0000043470   0.0001601885  -0.0000124373
       -0.0000250618   0.0008800484   0.0025538113   0.0007095356   0.0007423114
       -0.0014312167  -0.0003395124  -0.0082621655   0.0035024632   0.0020333832
       -0.0085830277   0.1070719784  -0.1992684152   0.0000150404  -0.0000022092
       -0.0000001055  -0.0000017468  -0.0000061561  -0.0000243531  -0.0000255842
       -0.0000222657   0.0000458243   0.0000218700  -0.0000247461  -0.0000135625
        0.0000672477  -0.0000826042   0.0000291665   0.0010283157   0.0014063306
       -0.0010979893   0.0003868806   0.0138342517  -0.0284963124   0.0134943866
       -0.1267732509   0.2264430556
