           1           2  0.98011131957684183     
           2           3   1.6904512094657056     
           2           4   1.2427304338331218     
           3           4  0.19766093826784303     
           4           5   1.0068371002383856     
           1           6  0.96832379981802241     
           1           7  0.98567251406242640     
           1           8  0.96925757969882187     
           4           9  0.94525413217681642     
           5          10  0.97788764956159069     
           5          11  0.97453522946719517     
           5          12  0.97788462628444595     
