$hessian                                                                        
        0.6718112111   0.0089714558  -0.0000200019  -0.3392994817   0.0404227345
        0.0000107561  -0.0380526850  -0.0851955268   0.0000012820  -0.0454612212
        0.0298210027   0.0000013476   0.0535621141   0.0249875291  -0.0000016587
       -0.1360616756   0.0468374201   0.0000031372  -0.0447720168   0.0393215271
        0.0000018610  -0.0001216893  -0.0004057372   0.0000000084  -0.1043737021
       -0.1076434503   0.0000024921  -0.0175499411   0.0024116103   0.0000005977
       -0.0001257444   0.0007641395   0.0000000994  -0.0012356749  -0.0029407225
        0.0000002310   0.0016805068   0.0026480176  -0.0000001520
        0.0089714558   0.6524456886   0.0000005486  -0.0366051892  -0.0930867518
        0.0000013454  -0.0240881746   0.0247658906   0.0000009056   0.0266986986
       -0.0131854424  -0.0000009588  -0.0250394242  -0.0604801215   0.0000008641
        0.1310954446  -0.2640913415  -0.0000050264   0.0075504379  -0.0038817882
       -0.0000003625  -0.0033650390  -0.0028599519   0.0000000009  -0.1069794304
       -0.2370534263   0.0000034656   0.0254810204  -0.0013165230  -0.0000009159
        0.0005253673   0.0004519557  -0.0000000061  -0.0026028923  -0.0043291917
        0.0000000542  -0.0016422747   0.0026210035   0.0000000851
       -0.0000200019   0.0000005486   0.1078815491   0.0000105482  -0.0000015344
       -0.0418617036   0.0000013990   0.0000030861   0.0021015497   0.0000013216
       -0.0000010701  -0.0028581387  -0.0000017449  -0.0000010755   0.0006083839
        0.0000030667  -0.0000018550  -0.0507242708   0.0000020126  -0.0000014443
        0.0062106017   0.0000001330  -0.0000000251   0.0043254260   0.0000024309
        0.0000034847  -0.0315994356   0.0000006715  -0.0000000847   0.0006436402
        0.0000000213  -0.0000000294  -0.0001376423   0.0000002683   0.0000000900
        0.0068167909  -0.0000001263  -0.0000000910  -0.0014067507
       -0.3392994817  -0.0366051892   0.0000105482   0.6590031761  -0.0184540167
       -0.0000198674  -0.1318773383  -0.0646715110   0.0000028185   0.0522206370
       -0.0267602552  -0.0000019852  -0.0451942903  -0.0272669307   0.0000012368
       -0.0337808460   0.0822975159   0.0000013034  -0.0023005752   0.0003916365
        0.0000006333  -0.0304391115  -0.0204180914   0.0000015492  -0.0183469727
       -0.0029557621   0.0000005992  -0.1086650855   0.1133864189   0.0000029520
       -0.0009165743   0.0026064734   0.0000001978  -0.0001759886  -0.0009582133
        0.0000000578  -0.0002275491  -0.0005920750  -0.0000000437
        0.0404227345  -0.0930867518  -0.0000015344  -0.0184540167   0.6691242453
        0.0000014802  -0.1305022673  -0.2771023412   0.0000040546   0.0267597467
       -0.0636162030  -0.0000013936  -0.0294866422  -0.0132902060   0.0000010282
        0.0243086717   0.0301831542  -0.0000007273   0.0036707866  -0.0057635036
        0.0000001114  -0.0066498996  -0.0002103780   0.0000004940  -0.0266313347
       -0.0017827831   0.0000009598   0.1145934841  -0.2400372670  -0.0000043442
        0.0024888299  -0.0043379064  -0.0000000654  -0.0004283310   0.0004467158
        0.0000000198  -0.0000917620  -0.0005267752  -0.0000000831
        0.0000107561   0.0000013454  -0.0418617036  -0.0000198674   0.0000014802
        0.1113860641   0.0000029896   0.0000016525  -0.0455070553  -0.0000018056
        0.0000011591   0.0001934061   0.0000011784   0.0000009555  -0.0026630317
        0.0000009846  -0.0000030440  -0.0022671861   0.0000006105   0.0000000002
        0.0065645874   0.0000013009   0.0000007719   0.0008942008   0.0000005967
        0.0000000851  -0.0001422336   0.0000028926  -0.0000043189  -0.0336222612
        0.0000002779  -0.0000001538   0.0068091818   0.0000000577   0.0000000462
       -0.0000049573   0.0000000280   0.0000000206   0.0002209884
       -0.0380526850  -0.0240881746   0.0000013990  -0.1318773383  -0.1305022673
        0.0000029896   0.4385557790   0.0026590624  -0.0000122508  -0.1300234533
        0.1280242536   0.0000033911  -0.0382945514   0.0237465116   0.0000014899
        0.0004253447   0.0000607958  -0.0000003131   0.0025315219  -0.0000523561
       -0.0000003704  -0.1055186081   0.0000085984   0.0000031619  -0.0049014279
        0.0000576540   0.0000004130   0.0061099815   0.0125549086  -0.0000002085
        0.0060360010  -0.0125185485  -0.0000002366  -0.0048448552  -0.0000427663
        0.0000004367  -0.0001457089   0.0000923285   0.0000000982
       -0.0851955268   0.0247658906   0.0000030861  -0.0646715110  -0.2771023412
        0.0000016525   0.0026590624   0.6350591917   0.0000008341   0.0617713294
       -0.2731024351  -0.0000024056   0.0849470047   0.0256562271  -0.0000030084
       -0.0004044342  -0.0676427668  -0.0000000942   0.0010515028   0.0017231559
        0.0000000146  -0.0000278485  -0.0206506160   0.0000000660   0.0004035838
        0.0014994911  -0.0000000547  -0.0121106301  -0.0262177110   0.0000003177
        0.0120311068  -0.0261518862  -0.0000004460  -0.0004001702   0.0014522662
        0.0000000338  -0.0000534690   0.0007115338   0.0000000040
        0.0000012820   0.0000009056   0.0021015497   0.0000028185   0.0000040546
       -0.0455070553  -0.0000122508   0.0000008341   0.0908164538   0.0000030568
       -0.0000047558  -0.0458682777   0.0000015015  -0.0000007963   0.0023592463
       -0.0000001723  -0.0000001304  -0.0058644662  -0.0000001551  -0.0000000088
       -0.0004170411   0.0000033893  -0.0000000049  -0.0147177456   0.0000004484
       -0.0000000033   0.0079367652  -0.0000002186  -0.0000004894   0.0004151405
       -0.0000001816   0.0000003952   0.0004315486   0.0000004589  -0.0000000197
        0.0081295970   0.0000000229   0.0000000192   0.0001842850
       -0.0454612212   0.0266986986   0.0000013216   0.0522206370   0.0267597467
       -0.0000018056  -0.1300234533   0.0617713294   0.0000030568   0.6637912383
        0.0219265629  -0.0000198918  -0.3476298360   0.0371252265   0.0000109134
       -0.0345040745  -0.0813991626   0.0000010306   0.0007123007  -0.0003920870
        0.0000004269  -0.0303324373   0.0202929662   0.0000013964  -0.0003007363
        0.0009156087   0.0000000738  -0.0009109680  -0.0026896978   0.0000002731
       -0.1089761482  -0.1138117534   0.0000026380  -0.0175762428   0.0026504362
        0.0000005773  -0.0010090583   0.0001521256  -0.0000000104
        0.0298210027  -0.0131854424  -0.0000010701  -0.0267602552  -0.0636162030
        0.0000011591   0.1280242536  -0.2731024351  -0.0000047558   0.0219265629
        0.6647603327   0.0000003572  -0.0393334424  -0.0932385360   0.0000013258
       -0.0249049110   0.0305968459   0.0000008625  -0.0021003134  -0.0062812949
       -0.0000002455   0.0065697321  -0.0001875184  -0.0000005423   0.0004820665
        0.0005213442  -0.0000000363  -0.0024772684  -0.0043280881   0.0000000291
       -0.1150318470  -0.2399845539   0.0000036801   0.0254156084  -0.0013437831
       -0.0000009033  -0.0016311888  -0.0006106677   0.0000001395
        0.0000013476  -0.0000009588  -0.0028581387  -0.0000019852  -0.0000013936
        0.0001934061   0.0000033911  -0.0000024056  -0.0458682777  -0.0000198918
        0.0000003572   0.1117883885   0.0000108167  -0.0000014992  -0.0413163591
        0.0000006930   0.0000031098  -0.0023715007   0.0000007068  -0.0000000457
        0.0051440827   0.0000013373  -0.0000007627   0.0009540426   0.0000000656
       -0.0000000450  -0.0000072077   0.0000002841   0.0000001227   0.0069823610
        0.0000025090   0.0000036343  -0.0338876285   0.0000006794  -0.0000000799
       -0.0000310420   0.0000000463  -0.0000000334   0.0012778735
        0.0535621141  -0.0250394242  -0.0000017449  -0.0451942903  -0.0294866422
        0.0000011784  -0.0382945514   0.0849470047   0.0000015015  -0.3476298360
       -0.0393334424   0.0000108167   0.6871213480  -0.0187086055  -0.0000204680
       -0.1341182212  -0.0483794232   0.0000028471  -0.0385691032  -0.0391493919
        0.0000015052  -0.0001491270   0.0005161606   0.0000002468  -0.0006937817
        0.0032604587   0.0000002315  -0.0000744228  -0.0007442889   0.0000000251
       -0.0176189247  -0.0024291990   0.0000005133  -0.1121507018   0.1157849993
        0.0000030854  -0.0061905021  -0.0012382061   0.0000002619
        0.0249875291  -0.0604801215  -0.0000010755  -0.0272669307  -0.0132902060
        0.0000009555   0.0237465116   0.0256562271  -0.0000007963   0.0371252265
       -0.0932385360  -0.0000014992  -0.0187086055   0.6523647954   0.0000016713
       -0.1247960390  -0.2620155305   0.0000040496  -0.0130685266  -0.0016270180
        0.0000005207   0.0036926568  -0.0029293781  -0.0000000955   0.0026893778
       -0.0045447153  -0.0000000916  -0.0004862794   0.0004217817   0.0000000301
       -0.0251159556  -0.0010707286   0.0000009025   0.1168522731  -0.2397899787
       -0.0000045248   0.0003487617   0.0005434084  -0.0000000469
       -0.0000016587   0.0000008641   0.0006083839   0.0000012368   0.0000010282
       -0.0026630317   0.0000014899  -0.0000030084   0.0023592463   0.0000109134
        0.0000013258  -0.0413163591  -0.0000204680   0.0000016713   0.1091867043
        0.0000025905   0.0000011917  -0.0520146707   0.0000015648   0.0000013895
        0.0038306480   0.0000001520  -0.0000000073   0.0041239563   0.0000002516
       -0.0000001411   0.0066936467   0.0000000137   0.0000000301  -0.0001937597
        0.0000005834   0.0000000788   0.0004835702   0.0000030367  -0.0000044744
       -0.0328807489   0.0000002939   0.0000000517   0.0017824144
       -0.1360616756   0.1310954446   0.0000030667  -0.0337808460   0.0243086717
        0.0000009846   0.0004253447  -0.0004044342  -0.0000001723  -0.0345040745
       -0.0249049110   0.0000006930  -0.1341182212  -0.1247960390   0.0000025905
        0.6526678081  -0.0000613209  -0.0000182694  -0.2964239304   0.0049491117
        0.0000098723   0.0029215016   0.0000149289   0.0000001805   0.0043178821
       -0.0138224511  -0.0000001163  -0.0049627201   0.0000187973   0.0000004938
       -0.0053549858  -0.0000906250   0.0000005052   0.0078297259   0.0140013642
       -0.0000002229  -0.0229558088  -0.0103085373   0.0000003944
        0.0468374201  -0.2640913415  -0.0000018550   0.0822975159   0.0301831542
       -0.0000030440   0.0000607958  -0.0676427668  -0.0000001304  -0.0813991626
        0.0305968459   0.0000031098  -0.0483794232  -0.2620155305   0.0000011917
       -0.0000613209   0.6632098291   0.0000009404   0.0387825069  -0.0815397385
       -0.0000014804  -0.0004441406   0.0004290963   0.0000000668   0.0103814921
       -0.0268263642  -0.0000004077  -0.0009584852   0.0013521023   0.0000000427
        0.0006680764   0.0012619242  -0.0000001085  -0.0110289015  -0.0270106763
        0.0000003361  -0.0367563731   0.0020934659   0.0000013386
        0.0000031372  -0.0000050264  -0.0507242708   0.0000013034  -0.0000007273
       -0.0022671861  -0.0000003131  -0.0000000942  -0.0058644662   0.0000010306
        0.0000008625  -0.0023715007   0.0000028471   0.0000040496  -0.0520146707
       -0.0000182694   0.0000009404   0.1299162725   0.0000090759  -0.0000002329
       -0.0362804336  -0.0000001212  -0.0000000001   0.0002075471  -0.0000001058
        0.0000004436   0.0012537010   0.0000004627  -0.0000000310   0.0084143277
        0.0000004917   0.0000000069   0.0087919683  -0.0000002351  -0.0000005471
        0.0020987027   0.0000006958   0.0000003561  -0.0011599912
       -0.0447720168   0.0075504379   0.0000020126  -0.0023005752   0.0036707866
        0.0000006105   0.0025315219   0.0010515028  -0.0000001551   0.0007123007
       -0.0021003134   0.0000007068  -0.0385691032  -0.0130685266   0.0000015648
       -0.2964239304   0.0387825069   0.0000090759   0.4601470467   0.0998004603
       -0.0000158688  -0.0027249479  -0.0000903282  -0.0000003320   0.0037028598
       -0.0016889654  -0.0000002300  -0.0015581576  -0.0000608720  -0.0000000085
       -0.0005536471   0.0001577722  -0.0000000247   0.0009650141   0.0005812925
       -0.0000001039  -0.0811563651  -0.1345857535   0.0000027523
        0.0393215271  -0.0038817882  -0.0000014443   0.0003916365  -0.0057635036
        0.0000000002  -0.0000523561   0.0017231559  -0.0000000088  -0.0003920870
       -0.0062812949  -0.0000000457  -0.0391493919  -0.0016270180   0.0000013895
        0.0049491117  -0.0815397385  -0.0000002329   0.0998004603   0.4811725166
       -0.0000025975   0.0001847211   0.0001952144   0.0000000037   0.0015122243
        0.0018744214  -0.0000000481   0.0015115141  -0.0001552838  -0.0000000564
       -0.0013544270  -0.0001069953   0.0000000571   0.0006367035   0.0019121043
       -0.0000000180  -0.1073596368  -0.3875217904   0.0000030012
        0.0000018610  -0.0000003625   0.0062106017   0.0000006333   0.0000001114
        0.0065645874  -0.0000003704   0.0000000146  -0.0004170411   0.0000004269
       -0.0000002455   0.0051440827   0.0000015052   0.0000005207   0.0038306480
        0.0000098723  -0.0000014804  -0.0362804336  -0.0000158688  -0.0000025975
        0.0272340951  -0.0000000821   0.0000000000  -0.0007545380  -0.0000002171
        0.0000000830  -0.0015319298   0.0000000096  -0.0000000340  -0.0002833969
       -0.0000000174   0.0000000323  -0.0000023522  -0.0000001758  -0.0000000292
       -0.0029762278   0.0000024231   0.0000039870  -0.0067380955
       -0.0001216893  -0.0033650390   0.0000001330  -0.0304391115  -0.0066498996
        0.0000013009  -0.1055186081  -0.0000278485   0.0000033893  -0.0303324373
        0.0065697321   0.0000013373  -0.0001491270   0.0036926568   0.0000001520
        0.0029215016  -0.0004441406  -0.0000001212  -0.0027249479   0.0001847211
       -0.0000000821   0.1664054791   0.0000578735  -0.0000059774  -0.0012617399
       -0.0000162099   0.0000000395   0.0009404790  -0.0001921086  -0.0000001179
        0.0009477398   0.0001745828  -0.0000001147  -0.0010532634  -0.0000770195
        0.0000000353   0.0003857249   0.0000926993   0.0000000258
       -0.0004057372  -0.0028599519  -0.0000000251  -0.0204180914  -0.0002103780
        0.0000007719   0.0000085984  -0.0206506160  -0.0000000049   0.0202929662
       -0.0001875184  -0.0000007627   0.0005161606  -0.0029293781  -0.0000000073
        0.0000149289   0.0004290963  -0.0000000001  -0.0000903282   0.0001952144
        0.0000000000   0.0000578735   0.0252361390   0.0000000141  -0.0008821913
       -0.0000366954   0.0000000368  -0.0010695260   0.0005216956   0.0000000429
        0.0010527725   0.0005038175  -0.0000000259   0.0008310672  -0.0000170384
       -0.0000000356   0.0000915070   0.0000056133  -0.0000000040
        0.0000000084   0.0000000009   0.0043254260   0.0000015492   0.0000004940
        0.0008942008   0.0000031619   0.0000000660  -0.0147177456   0.0000013964
       -0.0000005423   0.0009540426   0.0000002468  -0.0000000955   0.0041239563
        0.0000001805   0.0000000668   0.0002075471  -0.0000003320   0.0000000037
       -0.0007545380  -0.0000059774   0.0000000141   0.0081270138   0.0000000253
        0.0000000067   0.0001409277  -0.0000001263  -0.0000000356  -0.0016381847
       -0.0000001093   0.0000000412  -0.0015731930   0.0000000051  -0.0000000063
        0.0000961207  -0.0000000285  -0.0000000139  -0.0001855739
       -0.1043737021  -0.1069794304   0.0000024309  -0.0183469727  -0.0266313347
        0.0000005967  -0.0049014279   0.0004035838   0.0000004484  -0.0003007363
        0.0004820665   0.0000000656  -0.0006937817   0.0026893778   0.0000002516
        0.0043178821   0.0103814921  -0.0000001058   0.0037028598   0.0015122243
       -0.0000002171  -0.0012617399  -0.0008821913   0.0000000253   0.1212856140
        0.1202113492  -0.0000032958   0.0006841688  -0.0008139975  -0.0000001251
        0.0000167312   0.0000005541  -0.0000000643   0.0003097281   0.0006142259
       -0.0000000216  -0.0004386235  -0.0009879199   0.0000000111
       -0.1076434503  -0.2370534263   0.0000034847  -0.0029557621  -0.0017827831
        0.0000000851   0.0000576540   0.0014994911  -0.0000000033   0.0009156087
        0.0005213442  -0.0000000450   0.0032604587  -0.0045447153  -0.0000001411
       -0.0138224511  -0.0268263642   0.0000004436  -0.0016889654   0.0018744214
        0.0000000830  -0.0000162099  -0.0000366954   0.0000000067   0.1202113492
        0.2667176631  -0.0000038714   0.0007548127   0.0010561081  -0.0000000152
        0.0000628537   0.0000938305   0.0000000080  -0.0008017996  -0.0012893133
        0.0000000299   0.0016659013  -0.0002295608  -0.0000000650
        0.0000024921   0.0000034656  -0.0315994356   0.0000005992   0.0000009598
       -0.0001422336   0.0000004130  -0.0000000547   0.0079367652   0.0000000738
       -0.0000000363  -0.0000072077   0.0000002315  -0.0000000916   0.0066936467
       -0.0000001163  -0.0000004077   0.0012537010  -0.0000002300  -0.0000000481
       -0.0015319298   0.0000000395   0.0000000368   0.0001409277  -0.0000032958
       -0.0000038714   0.0226404313  -0.0000001207   0.0000000290  -0.0028335243
       -0.0000000616   0.0000000064  -0.0015552741  -0.0000000268  -0.0000000308
       -0.0004187239   0.0000000021   0.0000000429  -0.0005771431
       -0.0175499411   0.0254810204   0.0000006715  -0.1086650855   0.1145934841
        0.0000028926   0.0061099815  -0.0121106301  -0.0000002186  -0.0009109680
       -0.0024772684   0.0000002841  -0.0000744228  -0.0004862794   0.0000000137
       -0.0049627201  -0.0009584852   0.0000004627  -0.0015581576   0.0015115141
        0.0000000096   0.0009404790  -0.0010695260  -0.0000001263   0.0006841688
        0.0007548127  -0.0000001207   0.1254572203  -0.1245426836  -0.0000038040
        0.0003260317  -0.0007128908  -0.0000000117   0.0000294057  -0.0000708051
       -0.0000000587   0.0001740080   0.0000877372   0.0000000058
        0.0024116103  -0.0013165230  -0.0000000847   0.1133864189  -0.2400372670
       -0.0000043189   0.0125549086  -0.0262177110  -0.0000004894  -0.0026896978
       -0.0043280881   0.0000001227  -0.0007442889   0.0004217817   0.0000000301
        0.0000187973   0.0013521023  -0.0000000310  -0.0000608720  -0.0001552838
       -0.0000000340  -0.0001921086   0.0005216956  -0.0000000356  -0.0008139975
        0.0010561081   0.0000000290  -0.1245426836   0.2698402717   0.0000048344
        0.0007139477  -0.0012469799  -0.0000000358  -0.0000146713   0.0000995714
        0.0000000031  -0.0000273633   0.0000103220   0.0000000101
        0.0000005977  -0.0000009159   0.0006436402   0.0000029520  -0.0000043442
       -0.0336222612  -0.0000002085   0.0000003177   0.0004151405   0.0000002731
        0.0000000291   0.0069823610   0.0000000251   0.0000000301  -0.0001937597
        0.0000004938   0.0000000427   0.0084143277  -0.0000000085  -0.0000000564
       -0.0002833969  -0.0000001179   0.0000000429  -0.0016381847  -0.0000001251
       -0.0000000152  -0.0028335243  -0.0000038040   0.0000048344   0.0236555551
       -0.0000000107   0.0000000333  -0.0000141255  -0.0000000652   0.0000000028
       -0.0015716395  -0.0000000019  -0.0000000014   0.0000458673
       -0.0001257444   0.0005253673   0.0000000213  -0.0009165743   0.0024888299
        0.0000002779   0.0060360010   0.0120311068  -0.0000001816  -0.1089761482
       -0.1150318470   0.0000025090  -0.0176189247  -0.0251159556   0.0000005834
       -0.0053549858   0.0006680764   0.0000004917  -0.0005536471  -0.0013544270
       -0.0000000174   0.0009477398   0.0010527725  -0.0000001093   0.0000167312
        0.0000628537  -0.0000000616   0.0003260317   0.0007139477  -0.0000000107
        0.1259216907   0.1249850370  -0.0000033973   0.0007206231  -0.0007884407
       -0.0000001254  -0.0004227930  -0.0002373211   0.0000000198
        0.0007641395   0.0004519557  -0.0000000294   0.0026064734  -0.0043379064
       -0.0000001538  -0.0125185485  -0.0261518862   0.0000003952  -0.1138117534
       -0.2399845539   0.0000036343  -0.0024291990  -0.0010707286   0.0000000788
       -0.0000906250   0.0012619242   0.0000000069   0.0001577722  -0.0001069953
        0.0000000323   0.0001745828   0.0005038175   0.0000000412   0.0000005541
        0.0000938305   0.0000000064  -0.0007128908  -0.0012469799   0.0000000333
        0.1249850370   0.2695978647  -0.0000040133   0.0008007340   0.0009822707
       -0.0000000217   0.0000737236   0.0000073869  -0.0000000102
        0.0000000994  -0.0000000061  -0.0001376423   0.0000001978  -0.0000000654
        0.0068091818  -0.0000002366  -0.0000004460   0.0004315486   0.0000026380
        0.0000036801  -0.0338876285   0.0000005133   0.0000009025   0.0004835702
        0.0000005052  -0.0000001085   0.0087919683  -0.0000000247   0.0000000571
       -0.0000023522  -0.0000001147  -0.0000000259  -0.0015731930  -0.0000000643
        0.0000000080  -0.0015552741  -0.0000000117  -0.0000000358  -0.0000141255
       -0.0000033973  -0.0000040133   0.0238076863  -0.0000001251   0.0000000322
       -0.0028908826   0.0000000206   0.0000000212  -0.0002628571
       -0.0012356749  -0.0026028923   0.0000002683  -0.0001759886  -0.0004283310
        0.0000000577  -0.0048448552  -0.0004001702   0.0000004589  -0.0175762428
        0.0254156084   0.0000006794  -0.1121507018   0.1168522731   0.0000030367
        0.0078297259  -0.0110289015  -0.0000002351   0.0009650141   0.0006367035
       -0.0000001758  -0.0010532634   0.0008310672   0.0000000051   0.0003097281
       -0.0008017996  -0.0000000268   0.0000294057  -0.0000146713  -0.0000000652
        0.0007206231   0.0008007340  -0.0000001251   0.1271740271  -0.1292781029
       -0.0000038947   0.0000082027   0.0000184827   0.0000000165
       -0.0029407225  -0.0043291917   0.0000000900  -0.0009582133   0.0004467158
        0.0000000462  -0.0000427663   0.0014522662  -0.0000000197   0.0026504362
       -0.0013437831  -0.0000000799   0.1157849993  -0.2397899787  -0.0000044744
        0.0140013642  -0.0270106763  -0.0000005471   0.0005812925   0.0019121043
       -0.0000000292  -0.0000770195  -0.0000170384  -0.0000000063   0.0006142259
       -0.0012893133  -0.0000000308  -0.0000708051   0.0000995714   0.0000000028
       -0.0007884407   0.0009822707   0.0000000322  -0.1292781029   0.2681465901
        0.0000050261   0.0005237523   0.0007404630  -0.0000000099
        0.0000002310   0.0000000542   0.0068167909   0.0000000578   0.0000000198
       -0.0000049573   0.0000004367   0.0000000338   0.0081295970   0.0000005773
       -0.0000009033  -0.0000310420   0.0000030854  -0.0000045248  -0.0328807489
       -0.0000002229   0.0000003361   0.0020987027  -0.0000001039  -0.0000000180
       -0.0029762278   0.0000000353  -0.0000000356   0.0000961207  -0.0000000216
        0.0000000299  -0.0004187239  -0.0000000587   0.0000000031  -0.0015716395
       -0.0000001254  -0.0000000217  -0.0028908826  -0.0000038947   0.0000050261
        0.0235002993   0.0000000038   0.0000000004   0.0001327113
        0.0016805068  -0.0016422747  -0.0000001263  -0.0002275491  -0.0000917620
        0.0000000280  -0.0001457089  -0.0000534690   0.0000000229  -0.0010090583
       -0.0016311888   0.0000000463  -0.0061905021   0.0003487617   0.0000002939
       -0.0229558088  -0.0367563731   0.0000006958  -0.0811563651  -0.1073596368
        0.0000024231   0.0003857249   0.0000915070  -0.0000000285  -0.0004386235
        0.0016659013   0.0000000021   0.0001740080  -0.0000273633  -0.0000000019
       -0.0004227930   0.0000737236   0.0000000206   0.0000082027   0.0005237523
        0.0000000038   0.1102979664   0.1448584219  -0.0000033798
        0.0026480176   0.0026210035  -0.0000000910  -0.0005920750  -0.0005267752
        0.0000000206   0.0000923285   0.0007115338   0.0000000192   0.0001521256
       -0.0006106677  -0.0000000334  -0.0012382061   0.0005434084   0.0000000517
       -0.0103085373   0.0020934659   0.0000003561  -0.1345857535  -0.3875217904
        0.0000039870   0.0000926993   0.0000056133  -0.0000000139  -0.0009879199
       -0.0002295608   0.0000000429   0.0000877372   0.0000103220  -0.0000000014
       -0.0002373211   0.0000073869   0.0000000212   0.0000184827   0.0007404630
        0.0000000004   0.1448584219   0.3821555973  -0.0000043594
       -0.0000001520   0.0000000851  -0.0014067507  -0.0000000437  -0.0000000831
        0.0002209884   0.0000000982   0.0000000040   0.0001842850  -0.0000000104
        0.0000001395   0.0012778735   0.0000002619  -0.0000000469   0.0017824144
        0.0000003944   0.0000013386  -0.0011599912   0.0000027523   0.0000030012
       -0.0067380955   0.0000000258  -0.0000000040  -0.0001855739   0.0000000111
       -0.0000000650  -0.0005771431   0.0000000058   0.0000000101   0.0000458673
        0.0000000198  -0.0000000102  -0.0002628571   0.0000000165  -0.0000000099
        0.0001327113  -0.0000033798  -0.0000043594   0.0066862716
