           1           2   1.4445104474428447     
           2           3   1.4113882107902200     
           1           4  0.10279577290722812     
           3           4   1.3987922872078955     
           2           5  0.10647137811997613     
           4           5   1.4613702859088462     
           1           6   1.3700238595825274     
           5           6   1.3552304766038394     
           6           7   1.0845087715012687     
           3           8  0.97782019061193637     
           1           9  0.96498785726781211     
           2          10  0.96817506145104937     
           4          11  0.96763297305234353     
           5          12  0.96560076663327732     
           7          13  0.88596920504340992     
