$hessian                                                                        
        0.0000781191  -0.0000000936  -0.0000012125  -0.0000057036   0.0000000948
       -0.0000003930  -0.0000058799   0.0000000070   0.0000002844  -0.0000059746
        0.0000000021   0.0000005148  -0.0000059305  -0.0000000308   0.0000005581
       -0.0000060797   0.0000000138   0.0000011757  -0.0000070295  -0.0000002699
       -0.0000009996  -0.0000061853  -0.0000000813  -0.0000017704  -0.0000062604
       -0.0000000772  -0.0000014946  -0.0000057006   0.0000000590  -0.0000000104
       -0.0000050521   0.0000003462  -0.0000006441  -0.0000056545  -0.0000000170
        0.0000013667  -0.0000064667   0.0000000379   0.0000011557  -0.0000062017
        0.0000000090   0.0000014691
       -0.0000000936   0.0000715900  -0.0000003268  -0.0000011761  -0.0000076444
        0.0000009710   0.0000008370  -0.0000047608  -0.0000005457   0.0000040504
       -0.0000044804  -0.0000031273  -0.0000014377  -0.0000025093   0.0000013432
        0.0000001534   0.0000003867   0.0000001417  -0.0000009802  -0.0000145484
        0.0000003124  -0.0000013400  -0.0000149008   0.0000005828   0.0000028733
       -0.0000130340  -0.0000028573  -0.0000040677  -0.0000073585   0.0000035174
       -0.0000004315  -0.0000060612   0.0000004142   0.0000016617   0.0000033468
       -0.0000009524   0.0000020253  -0.0000016334  -0.0000014841  -0.0000020744
        0.0000016078   0.0000020109
       -0.0000012125  -0.0000003268   0.0000723545   0.0000015409   0.0000002826
       -0.0000086367   0.0000008150   0.0000001297  -0.0000054102   0.0000007145
        0.0000001026  -0.0000054865   0.0000002630   0.0000000570  -0.0000024304
       -0.0000004350   0.0000000259   0.0000007792  -0.0000042005  -0.0000009276
       -0.0000112291  -0.0000005085  -0.0000002317  -0.0000145816  -0.0000009267
       -0.0000002767  -0.0000130986   0.0000012502   0.0000002003  -0.0000073864
        0.0000045047   0.0000009496  -0.0000096377   0.0000020225   0.0000003969
        0.0000015401  -0.0000026459  -0.0000003169   0.0000002671  -0.0000011818
       -0.0000000649   0.0000029561
       -0.0000057036  -0.0000011761   0.0000015409   0.0000777578  -0.0000006995
        0.0000006392  -0.0000060741   0.0000000981  -0.0000001989  -0.0000053425
        0.0000001626  -0.0000002514  -0.0000064236   0.0000007239  -0.0000008718
       -0.0000058939   0.0000014558  -0.0000016881  -0.0000050714  -0.0000008711
        0.0000013037  -0.0000061612  -0.0000017471   0.0000021900  -0.0000051483
       -0.0000012560   0.0000018037  -0.0000072780  -0.0000005648   0.0000003022
       -0.0000073540  -0.0000010631   0.0000009103  -0.0000062024   0.0000016019
       -0.0000018989  -0.0000049268   0.0000014657  -0.0000015809  -0.0000061780
        0.0000018699  -0.0000022002
        0.0000000948  -0.0000076444   0.0000002826  -0.0000006995   0.0000753298
       -0.0000013322   0.0000003577  -0.0000066398   0.0000007617   0.0000019920
       -0.0000064715   0.0000042116  -0.0000007614  -0.0000045877  -0.0000017098
        0.0000000744  -0.0000021830  -0.0000000459  -0.0000000558  -0.0000041818
       -0.0000005348  -0.0000005809  -0.0000096275  -0.0000009915   0.0000014976
       -0.0000080126   0.0000035944  -0.0000021342  -0.0000085644  -0.0000046502
       -0.0000005937  -0.0000127005  -0.0000006316   0.0000006795  -0.0000043415
        0.0000014302   0.0000011090   0.0000001011   0.0000021020  -0.0000009795
       -0.0000004761  -0.0000024865
       -0.0000003930   0.0000009710  -0.0000086367   0.0000006392  -0.0000013322
        0.0000758555   0.0000003846  -0.0000006319  -0.0000053223   0.0000005005
       -0.0000005546  -0.0000027608   0.0000000069  -0.0000001312  -0.0000055535
       -0.0000002789   0.0000003903  -0.0000025920  -0.0000015064   0.0000034602
       -0.0000089460  -0.0000001338   0.0000003857  -0.0000107979  -0.0000003486
        0.0000007755  -0.0000061394   0.0000004220  -0.0000010298  -0.0000110670
        0.0000017959  -0.0000039220  -0.0000084503   0.0000009063  -0.0000015259
       -0.0000009936  -0.0000013373   0.0000021631  -0.0000011433  -0.0000006575
        0.0000009818  -0.0000034526
       -0.0000058799   0.0000008370   0.0000008150  -0.0000060741   0.0000003577
        0.0000003846   0.0000781967  -0.0000001083  -0.0000000478  -0.0000067339
       -0.0000001519   0.0000000154  -0.0000058469  -0.0000004708  -0.0000005229
       -0.0000059767  -0.0000009198  -0.0000009609  -0.0000054066   0.0000008125
        0.0000006904  -0.0000057874   0.0000011729   0.0000011358  -0.0000063007
        0.0000008776   0.0000009362  -0.0000056409   0.0000002888   0.0000002462
       -0.0000065319   0.0000004053   0.0000005214  -0.0000065190  -0.0000011301
       -0.0000010598  -0.0000059374  -0.0000008225  -0.0000008652  -0.0000055614
       -0.0000011484  -0.0000012883
        0.0000000070  -0.0000047608   0.0000001297   0.0000000981  -0.0000066398
       -0.0000006319  -0.0000001083   0.0000778419   0.0000005016  -0.0000004711
       -0.0000066974   0.0000024954   0.0000001659  -0.0000064838  -0.0000010140
        0.0000000100  -0.0000064190  -0.0000001188   0.0000001174  -0.0000032082
       -0.0000003040   0.0000001329  -0.0000048694  -0.0000005969  -0.0000002884
       -0.0000048150   0.0000018552   0.0000004182  -0.0000065696  -0.0000023311
       -0.0000000082  -0.0000081604  -0.0000002561  -0.0000002117  -0.0000080042
        0.0000006731  -0.0000001265  -0.0000050768   0.0000011022   0.0000002648
       -0.0000061375  -0.0000015043
        0.0000002844  -0.0000005457  -0.0000054102  -0.0000001989   0.0000007617
       -0.0000053223  -0.0000000478   0.0000005016   0.0000775164   0.0000001590
        0.0000004750  -0.0000094407  -0.0000001575   0.0000002182  -0.0000051512
       -0.0000000600  -0.0000003058  -0.0000063872   0.0000007974  -0.0000019951
       -0.0000051751   0.0000001566  -0.0000001415  -0.0000042421   0.0000001778
       -0.0000004487  -0.0000068432  -0.0000003005   0.0000006384  -0.0000040563
       -0.0000006437   0.0000020626  -0.0000054337  -0.0000001573   0.0000013403
       -0.0000073868   0.0000000466  -0.0000018022  -0.0000076914  -0.0000000563
       -0.0000007588  -0.0000049763
       -0.0000059746   0.0000040504   0.0000007145  -0.0000053425   0.0000019920
        0.0000005005  -0.0000067339  -0.0000004711   0.0000001590   0.0000753400
       -0.0000006929   0.0000005286  -0.0000049471  -0.0000023768  -0.0000006708
       -0.0000060039  -0.0000046582  -0.0000010796  -0.0000052772   0.0000035746
        0.0000006203  -0.0000051189   0.0000058010   0.0000009172  -0.0000079612
        0.0000042808   0.0000007445  -0.0000032594   0.0000016040   0.0000005284
       -0.0000059877   0.0000026377   0.0000005868  -0.0000073707  -0.0000055476
       -0.0000011224  -0.0000070283  -0.0000043215  -0.0000008687  -0.0000043347
       -0.0000058726  -0.0000015582
        0.0000000021  -0.0000044804   0.0000001026   0.0000001626  -0.0000064715
       -0.0000005546  -0.0000001519  -0.0000066974   0.0000004750  -0.0000006929
        0.0000775655   0.0000023535   0.0000002503  -0.0000065951  -0.0000009779
        0.0000000069  -0.0000067352  -0.0000001236   0.0000001374  -0.0000031063
       -0.0000003321   0.0000001991  -0.0000043890  -0.0000005820  -0.0000004380
       -0.0000044648   0.0000017052   0.0000006331  -0.0000065073  -0.0000021312
        0.0000000332  -0.0000077955  -0.0000001467  -0.0000002859  -0.0000083012
        0.0000005697  -0.0000002333  -0.0000054982   0.0000010636   0.0000003773
       -0.0000065235  -0.0000014214
        0.0000005148  -0.0000031273  -0.0000054865  -0.0000002514   0.0000042116
       -0.0000027608   0.0000000154   0.0000024954  -0.0000094407   0.0000005286
        0.0000023535   0.0000638168  -0.0000003570   0.0000008965  -0.0000009788
       -0.0000002201  -0.0000014495  -0.0000060255   0.0000013035  -0.0000110921
       -0.0000037185   0.0000003062  -0.0000010903  -0.0000010005   0.0000003094
       -0.0000025757  -0.0000136921  -0.0000005715   0.0000034458   0.0000050239
       -0.0000008723   0.0000118236  -0.0000040484  -0.0000000519   0.0000064313
       -0.0000105413  -0.0000003111  -0.0000086252  -0.0000123615  -0.0000003426
       -0.0000036977   0.0000012140
       -0.0000059305  -0.0000014377   0.0000002630  -0.0000064236  -0.0000007614
        0.0000000069  -0.0000058469   0.0000001659  -0.0000001575  -0.0000049471
        0.0000002503  -0.0000003570   0.0000779991   0.0000008720  -0.0000000197
       -0.0000060169   0.0000016915  -0.0000001415  -0.0000059041  -0.0000011949
        0.0000002103  -0.0000063084  -0.0000020821   0.0000004212  -0.0000052388
       -0.0000015284   0.0000003604  -0.0000071760  -0.0000006091  -0.0000001475
       -0.0000064576  -0.0000010888   0.0000000768  -0.0000057149   0.0000020150
       -0.0000002036  -0.0000054669   0.0000015704  -0.0000001980  -0.0000065674
        0.0000021374  -0.0000001137
       -0.0000000308  -0.0000025093   0.0000000570   0.0000007239  -0.0000045877
       -0.0000001312  -0.0000004708  -0.0000064838   0.0000002182  -0.0000023768
       -0.0000065951   0.0000008965   0.0000008720   0.0000764168  -0.0000003555
       -0.0000000626  -0.0000098713  -0.0000001302   0.0000003369  -0.0000024583
       -0.0000000329   0.0000007164  -0.0000011719  -0.0000001734  -0.0000016963
       -0.0000023767   0.0000005105   0.0000024191  -0.0000048183  -0.0000005526
        0.0000004145  -0.0000045370  -0.0000000816  -0.0000009239  -0.0000108859
        0.0000001399  -0.0000011405  -0.0000093064   0.0000002306   0.0000012191
       -0.0000108150  -0.0000005953
        0.0000005581   0.0000013432  -0.0000024304  -0.0000008718  -0.0000017098
       -0.0000055535  -0.0000005229  -0.0000010140  -0.0000051512  -0.0000006708
       -0.0000009779  -0.0000009788  -0.0000000197  -0.0000003555   0.0000742977
        0.0000003648   0.0000005257  -0.0000103456   0.0000021226   0.0000045915
       -0.0000036281   0.0000002000   0.0000005550  -0.0000025260   0.0000004626
        0.0000011261   0.0000011496  -0.0000005624  -0.0000014048  -0.0000091331
       -0.0000024885  -0.0000048549  -0.0000044513  -0.0000012525  -0.0000025990
       -0.0000091879   0.0000017935   0.0000033574  -0.0000076926   0.0000008869
        0.0000014172  -0.0000143689
       -0.0000060797   0.0000001534  -0.0000004350  -0.0000058939   0.0000000744
       -0.0000002789  -0.0000059767   0.0000000100  -0.0000000600  -0.0000060039
        0.0000000069  -0.0000002201  -0.0000060169  -0.0000000626   0.0000003648
        0.0000783612  -0.0000001907   0.0000006151  -0.0000062175   0.0000001329
       -0.0000003851  -0.0000060141   0.0000002310  -0.0000005749  -0.0000061647
        0.0000001583  -0.0000004503  -0.0000058660   0.0000000716  -0.0000002831
       -0.0000057373   0.0000000615  -0.0000003277  -0.0000059168  -0.0000001210
        0.0000006512  -0.0000063479  -0.0000002673   0.0000005204  -0.0000061257
       -0.0000002584   0.0000008635
        0.0000000138   0.0000003867   0.0000000259   0.0000014558  -0.0000021830
        0.0000003903  -0.0000009198  -0.0000064190  -0.0000003058  -0.0000046582
       -0.0000067352  -0.0000014495   0.0000016915  -0.0000098713   0.0000005257
       -0.0000001907   0.0000703824  -0.0000000302   0.0000008353  -0.0000013283
        0.0000002539   0.0000015002   0.0000035695   0.0000004815  -0.0000033868
        0.0000008035  -0.0000009271   0.0000047991  -0.0000028563   0.0000013198
        0.0000007866  -0.0000003366   0.0000001989  -0.0000018073  -0.0000143664
       -0.0000004940  -0.0000024648  -0.0000145776  -0.0000007174   0.0000023453
       -0.0000164682   0.0000007280
        0.0000011757   0.0000001417   0.0000007792  -0.0000016881  -0.0000000459
       -0.0000025920  -0.0000009609  -0.0000001188  -0.0000063872  -0.0000010796
       -0.0000001236  -0.0000060255  -0.0000001415  -0.0000001302  -0.0000103456
        0.0000006151  -0.0000000302   0.0000702546   0.0000042853   0.0000003101
       -0.0000000489   0.0000004506   0.0000001033   0.0000035359   0.0000009550
        0.0000001395   0.0000013005  -0.0000012185  -0.0000000568  -0.0000032671
       -0.0000048472  -0.0000001152  -0.0000016509  -0.0000023249  -0.0000004473
       -0.0000151443   0.0000032407   0.0000003340  -0.0000136323   0.0000015383
        0.0000000393  -0.0000167765
       -0.0000070295  -0.0000009802  -0.0000042005  -0.0000050714  -0.0000000558
       -0.0000015064  -0.0000054066   0.0000001174   0.0000007974  -0.0000052772
        0.0000001374   0.0000013035  -0.0000059041   0.0000003369   0.0000021226
       -0.0000062175   0.0000008353   0.0000042853   0.0000750895  -0.0000014411
       -0.0000035120  -0.0000066439  -0.0000012326  -0.0000060538  -0.0000064173
       -0.0000009695  -0.0000050761  -0.0000054807  -0.0000000945  -0.0000003344
       -0.0000028174   0.0000005780  -0.0000023121  -0.0000045079   0.0000009663
        0.0000048997  -0.0000073928   0.0000007853   0.0000041203  -0.0000069233
        0.0000010172   0.0000054664
       -0.0000002699  -0.0000145484  -0.0000009276  -0.0000008711  -0.0000041818
        0.0000034602   0.0000008125  -0.0000032082  -0.0000019951   0.0000035746
       -0.0000031063  -0.0000110921  -0.0000011949  -0.0000024583   0.0000045915
        0.0000001329  -0.0000013283   0.0000003101  -0.0000014411   0.0000622752
        0.0000012247  -0.0000012816  -0.0000148761   0.0000023617   0.0000024216
       -0.0000142317  -0.0000096855  -0.0000034112  -0.0000046078   0.0000122402
        0.0000001424   0.0000034608   0.0000016348   0.0000016629   0.0000064702
       -0.0000035986   0.0000016137  -0.0000078637  -0.0000053328  -0.0000018910
       -0.0000017955   0.0000068084
       -0.0000009996   0.0000003124  -0.0000112291   0.0000013037  -0.0000005348
       -0.0000089460   0.0000006904  -0.0000003040  -0.0000051751   0.0000006203
       -0.0000003321  -0.0000037185   0.0000002103  -0.0000000329  -0.0000036281
       -0.0000003851   0.0000002539  -0.0000000489  -0.0000035120   0.0000012247
        0.0000736146  -0.0000004005   0.0000000746  -0.0000139603  -0.0000007703
        0.0000002642  -0.0000105542   0.0000010264  -0.0000004677  -0.0000094008
        0.0000038091  -0.0000014199  -0.0000094770   0.0000017381  -0.0000006108
        0.0000012772  -0.0000023059   0.0000010259   0.0000004763  -0.0000010250
        0.0000005466   0.0000007701
       -0.0000061853  -0.0000013400  -0.0000005085  -0.0000061612  -0.0000005809
       -0.0000001338  -0.0000057874   0.0000001329   0.0000001566  -0.0000051189
        0.0000001991   0.0000003062  -0.0000063084   0.0000007164   0.0000002000
       -0.0000060141   0.0000015002   0.0000004506  -0.0000066439  -0.0000012816
       -0.0000004005   0.0000780642  -0.0000019003  -0.0000007571  -0.0000055027
       -0.0000014024  -0.0000006599  -0.0000067757  -0.0000004855   0.0000000676
       -0.0000057502  -0.0000006206  -0.0000002603  -0.0000055401   0.0000016847
        0.0000005391  -0.0000057288   0.0000014777   0.0000004529  -0.0000065476
        0.0000019003   0.0000005469
       -0.0000000813  -0.0000149008  -0.0000002317  -0.0000017471  -0.0000096275
        0.0000003857   0.0000011729  -0.0000048694  -0.0000001415   0.0000058010
       -0.0000043890  -0.0000010903  -0.0000020821  -0.0000011719   0.0000005550
        0.0000002310   0.0000035695   0.0000001033  -0.0000012326  -0.0000148761
        0.0000000746  -0.0000019003   0.0000660654   0.0000000682   0.0000041632
       -0.0000153162  -0.0000013091  -0.0000058950  -0.0000089409   0.0000014971
       -0.0000007936  -0.0000097992   0.0000000880   0.0000023107   0.0000057486
       -0.0000002839   0.0000029965   0.0000025768  -0.0000005546  -0.0000029433
        0.0000059307   0.0000008392
       -0.0000017704   0.0000005828  -0.0000145816   0.0000021900  -0.0000009915
       -0.0000107979   0.0000011358  -0.0000005969  -0.0000042421   0.0000009172
       -0.0000005820  -0.0000010005   0.0000004212  -0.0000001734  -0.0000025260
       -0.0000005749   0.0000004815   0.0000035359  -0.0000060538   0.0000023617
       -0.0000139603  -0.0000007571   0.0000000682   0.0000651047  -0.0000013467
        0.0000004663  -0.0000132359   0.0000018414  -0.0000008380  -0.0000116994
        0.0000064136  -0.0000026273  -0.0000117234   0.0000028233  -0.0000014236
        0.0000059955  -0.0000036435   0.0000022148   0.0000047720  -0.0000015960
        0.0000010575   0.0000043590
       -0.0000062604   0.0000028733  -0.0000009267  -0.0000051483   0.0000014976
       -0.0000003486  -0.0000063007  -0.0000002884   0.0000001778  -0.0000079612
       -0.0000004380   0.0000003094  -0.0000052388  -0.0000016963   0.0000004626
       -0.0000061647  -0.0000033868   0.0000009550  -0.0000064173   0.0000024216
       -0.0000007703  -0.0000055027   0.0000041632  -0.0000013467   0.0000767933
        0.0000030415  -0.0000011031  -0.0000037064   0.0000012171  -0.0000001141
       -0.0000049466   0.0000020527  -0.0000005293  -0.0000065177  -0.0000038805
        0.0000011017  -0.0000074526  -0.0000032716   0.0000009263  -0.0000051759
       -0.0000043055   0.0000012061
       -0.0000000772  -0.0000130340  -0.0000002767  -0.0000012560  -0.0000080126
        0.0000007755   0.0000008776  -0.0000048150  -0.0000004487   0.0000042808
       -0.0000044648  -0.0000025757  -0.0000015284  -0.0000023767   0.0000011261
        0.0000001583   0.0000008035   0.0000001395  -0.0000009695  -0.0000142317
        0.0000002642  -0.0000014024  -0.0000153162   0.0000004663   0.0000030415
        0.0000712056  -0.0000023545  -0.0000043093  -0.0000076243   0.0000028668
       -0.0000005075  -0.0000069239   0.0000002897   0.0000017333   0.0000034750
       -0.0000007364   0.0000021469  -0.0000008943  -0.0000012179  -0.0000021882
        0.0000022093   0.0000016818
       -0.0000014946  -0.0000028573  -0.0000130986   0.0000018037   0.0000035944
       -0.0000061394   0.0000009362   0.0000018552  -0.0000068432   0.0000007445
        0.0000017052  -0.0000136921   0.0000003604   0.0000005105   0.0000011496
       -0.0000004503  -0.0000009271   0.0000013005  -0.0000050761  -0.0000096855
       -0.0000105542  -0.0000006599  -0.0000013091  -0.0000132359  -0.0000011031
       -0.0000023545   0.0000637465   0.0000015194   0.0000028319   0.0000017809
        0.0000053219   0.0000105920  -0.0000085641   0.0000023277   0.0000046469
       -0.0000008281  -0.0000029335  -0.0000060274  -0.0000034470  -0.0000012962
       -0.0000025752   0.0000084252
       -0.0000057006  -0.0000040677   0.0000012502  -0.0000072780  -0.0000021342
        0.0000004220  -0.0000056409   0.0000004182  -0.0000003005  -0.0000032594
        0.0000006331  -0.0000005715  -0.0000071760   0.0000024191  -0.0000005624
       -0.0000058660   0.0000047991  -0.0000012185  -0.0000054807  -0.0000034112
        0.0000010264  -0.0000067757  -0.0000058950   0.0000018414  -0.0000037064
       -0.0000043093   0.0000015194   0.0000751190  -0.0000017302   0.0000000559
       -0.0000075515  -0.0000029578   0.0000006837  -0.0000053178   0.0000055400
       -0.0000014306  -0.0000040797   0.0000046006  -0.0000012122  -0.0000072864
        0.0000060953  -0.0000015033
        0.0000000590  -0.0000073585   0.0000002003  -0.0000005648  -0.0000085644
       -0.0000010298   0.0000002888  -0.0000065696   0.0000006384   0.0000016040
       -0.0000065073   0.0000034458  -0.0000006091  -0.0000048183  -0.0000014048
        0.0000000716  -0.0000028563  -0.0000000568  -0.0000000945  -0.0000046078
       -0.0000004677  -0.0000004855  -0.0000089409  -0.0000008380   0.0000012171
       -0.0000076243   0.0000028319  -0.0000017302   0.0000763088  -0.0000036574
       -0.0000004526  -0.0000113793  -0.0000004391   0.0000005563  -0.0000046082
        0.0000011005   0.0000009243  -0.0000010383   0.0000017054  -0.0000007842
       -0.0000014357  -0.0000020288
       -0.0000000104   0.0000035174  -0.0000073864   0.0000003022  -0.0000046502
       -0.0000110670   0.0000002462  -0.0000023311  -0.0000040563   0.0000005284
       -0.0000021312   0.0000050239  -0.0000001475  -0.0000005526  -0.0000091331
       -0.0000002831   0.0000013198  -0.0000032671  -0.0000003344   0.0000122402
       -0.0000094008   0.0000000676   0.0000014971  -0.0000116994  -0.0000001141
        0.0000028668   0.0000017809   0.0000000559  -0.0000036574   0.0000641786
        0.0000007305  -0.0000136264  -0.0000094206   0.0000005280  -0.0000056797
        0.0000011286  -0.0000010120   0.0000077427   0.0000023296  -0.0000005574
        0.0000034445  -0.0000090108
       -0.0000050521  -0.0000004315   0.0000045047  -0.0000073540  -0.0000005937
        0.0000017959  -0.0000065319  -0.0000000082  -0.0000006437  -0.0000059877
        0.0000000332  -0.0000008723  -0.0000064576   0.0000004145  -0.0000024885
       -0.0000057373   0.0000007866  -0.0000048472  -0.0000028174   0.0000001424
        0.0000038091  -0.0000057502  -0.0000007936   0.0000064136  -0.0000049466
       -0.0000005075   0.0000053219  -0.0000075515  -0.0000004526   0.0000007305
        0.0000749063  -0.0000013017   0.0000025984  -0.0000073146   0.0000007490
       -0.0000054637  -0.0000039293   0.0000009027  -0.0000045626  -0.0000054760
        0.0000010603  -0.0000062962
        0.0000003462  -0.0000060612   0.0000009496  -0.0000010631  -0.0000127005
       -0.0000039220   0.0000004053  -0.0000081604   0.0000020626   0.0000026377
       -0.0000077955   0.0000118236  -0.0000010888  -0.0000045370  -0.0000048549
        0.0000000615  -0.0000003366  -0.0000001152   0.0000005780   0.0000034608
       -0.0000014199  -0.0000006206  -0.0000097992  -0.0000026273   0.0000020527
       -0.0000069239   0.0000105920  -0.0000029578  -0.0000113793  -0.0000136264
       -0.0000013017   0.0000619881  -0.0000019020   0.0000007108  -0.0000072317
        0.0000041456   0.0000015038   0.0000063925   0.0000059850  -0.0000012639
        0.0000030840  -0.0000070908
       -0.0000006441   0.0000004142  -0.0000096377   0.0000009103  -0.0000006316
       -0.0000084503   0.0000005214  -0.0000002561  -0.0000054337   0.0000005868
       -0.0000001467  -0.0000040484   0.0000000768  -0.0000000816  -0.0000044513
       -0.0000003277   0.0000001989  -0.0000016509  -0.0000023121   0.0000016348
       -0.0000094770  -0.0000002603   0.0000000880  -0.0000117234  -0.0000005293
        0.0000002897  -0.0000085641   0.0000006837  -0.0000004391  -0.0000094206
        0.0000025984  -0.0000019020   0.0000757126   0.0000012280  -0.0000007205
       -0.0000004504  -0.0000017106   0.0000010877  -0.0000010564  -0.0000008215
        0.0000004643  -0.0000013484
       -0.0000056545   0.0000016617   0.0000020225  -0.0000062024   0.0000006795
        0.0000009063  -0.0000065190  -0.0000002117  -0.0000001573  -0.0000073707
       -0.0000002859  -0.0000000519  -0.0000057149  -0.0000009239  -0.0000012525
       -0.0000059168  -0.0000018073  -0.0000023249  -0.0000045079   0.0000016629
        0.0000017381  -0.0000055401   0.0000023107   0.0000028233  -0.0000065177
        0.0000017333   0.0000023277  -0.0000053178   0.0000005563   0.0000005280
       -0.0000073146   0.0000007108   0.0000012280   0.0000773348  -0.0000022240
       -0.0000025679  -0.0000056815  -0.0000016074  -0.0000021241  -0.0000050769
       -0.0000022551  -0.0000030953
       -0.0000000170   0.0000033468   0.0000003969   0.0000016019  -0.0000043415
       -0.0000015259  -0.0000011301  -0.0000080042   0.0000013403  -0.0000055476
       -0.0000083012   0.0000064313   0.0000020150  -0.0000108859  -0.0000025990
       -0.0000001210  -0.0000143664  -0.0000004473   0.0000009663   0.0000064702
       -0.0000006108   0.0000016847   0.0000057486  -0.0000014236  -0.0000038805
        0.0000034750   0.0000046469   0.0000055400  -0.0000046082  -0.0000056797
        0.0000007490  -0.0000072317  -0.0000007205  -0.0000022240   0.0000650945
        0.0000016227  -0.0000025197  -0.0000106773   0.0000025625   0.0000028828
       -0.0000157186  -0.0000039938
        0.0000013667  -0.0000009524   0.0000015401  -0.0000018989   0.0000014302
       -0.0000009936  -0.0000010598   0.0000006731  -0.0000073868  -0.0000011224
        0.0000005697  -0.0000105413  -0.0000002036   0.0000001399  -0.0000091879
        0.0000006512  -0.0000004940  -0.0000151443   0.0000048997  -0.0000035986
        0.0000012772   0.0000005391  -0.0000002839   0.0000059955   0.0000011017
       -0.0000007364  -0.0000008281  -0.0000014306   0.0000011005   0.0000011286
       -0.0000054637   0.0000041456  -0.0000004504  -0.0000025679   0.0000016227
        0.0000667799   0.0000035362  -0.0000024654  -0.0000165731   0.0000016524
       -0.0000011510  -0.0000156156
       -0.0000064667   0.0000020253  -0.0000026459  -0.0000049268   0.0000011090
       -0.0000013373  -0.0000059374  -0.0000001265   0.0000000466  -0.0000070283
       -0.0000002333  -0.0000003111  -0.0000054669  -0.0000011405   0.0000017935
       -0.0000063479  -0.0000024648   0.0000032407  -0.0000073928   0.0000016137
       -0.0000023059  -0.0000057288   0.0000029965  -0.0000036435  -0.0000074526
        0.0000021469  -0.0000029335  -0.0000040797   0.0000009243  -0.0000010120
       -0.0000039293   0.0000015038  -0.0000017106  -0.0000056815  -0.0000025197
        0.0000035362   0.0000763672  -0.0000026472   0.0000029059  -0.0000059287
       -0.0000031875   0.0000043768
        0.0000000379  -0.0000016334  -0.0000003169   0.0000014657   0.0000001011
        0.0000021631  -0.0000008225  -0.0000050768  -0.0000018022  -0.0000043215
       -0.0000054982  -0.0000086252   0.0000015704  -0.0000093064   0.0000033574
       -0.0000002673  -0.0000145776   0.0000003340   0.0000007853  -0.0000078637
        0.0000010259   0.0000014777   0.0000025768   0.0000022148  -0.0000032716
       -0.0000008943  -0.0000060274   0.0000046006  -0.0000010383   0.0000077427
        0.0000009027   0.0000063925   0.0000010877  -0.0000016074  -0.0000106773
       -0.0000024654  -0.0000026472   0.0000655855  -0.0000037046   0.0000020971
       -0.0000180898   0.0000050161
        0.0000011557  -0.0000014841   0.0000002671  -0.0000015809   0.0000021020
       -0.0000011433  -0.0000008652   0.0000011022  -0.0000076914  -0.0000008687
        0.0000010636  -0.0000123615  -0.0000001980   0.0000002306  -0.0000076926
        0.0000005204  -0.0000007174  -0.0000136323   0.0000041203  -0.0000053328
        0.0000004763   0.0000004529  -0.0000005546   0.0000047720   0.0000009263
       -0.0000012179  -0.0000034470  -0.0000012122   0.0000017054   0.0000023296
       -0.0000045626   0.0000059850  -0.0000010564  -0.0000021241   0.0000025625
       -0.0000165731   0.0000029059  -0.0000037046   0.0000684009   0.0000013302
       -0.0000017399  -0.0000126483
       -0.0000062017  -0.0000020744  -0.0000011818  -0.0000061780  -0.0000009795
       -0.0000006575  -0.0000055614   0.0000002648  -0.0000000563  -0.0000043347
        0.0000003773  -0.0000003426  -0.0000065674   0.0000012191   0.0000008869
       -0.0000061257   0.0000023453   0.0000015383  -0.0000069233  -0.0000018910
       -0.0000010250  -0.0000065476  -0.0000029433  -0.0000015960  -0.0000051759
       -0.0000021882  -0.0000012962  -0.0000072864  -0.0000007842  -0.0000005574
       -0.0000054760  -0.0000012639  -0.0000008215  -0.0000050769   0.0000028828
        0.0000016524  -0.0000059287   0.0000020971   0.0000013302   0.0000773836
        0.0000029381   0.0000021265
        0.0000000090   0.0000016078  -0.0000000649   0.0000018699  -0.0000004761
        0.0000009818  -0.0000011484  -0.0000061375  -0.0000007588  -0.0000058726
       -0.0000065235  -0.0000036977   0.0000021374  -0.0000108150   0.0000014172
       -0.0000002584  -0.0000164682   0.0000000393   0.0000010172  -0.0000017955
        0.0000005466   0.0000019003   0.0000059307   0.0000010575  -0.0000043055
        0.0000022093  -0.0000025752   0.0000060953  -0.0000014357   0.0000034445
        0.0000010603   0.0000030840   0.0000004643  -0.0000022551  -0.0000157186
       -0.0000011510  -0.0000031875  -0.0000180898  -0.0000017399   0.0000029381
        0.0000646280   0.0000020364
        0.0000014691   0.0000020109   0.0000029561  -0.0000022002  -0.0000024865
       -0.0000034526  -0.0000012883  -0.0000015043  -0.0000049763  -0.0000015582
       -0.0000014214   0.0000012140  -0.0000001137  -0.0000005953  -0.0000143689
        0.0000008635   0.0000007280  -0.0000167765   0.0000054664   0.0000068084
        0.0000007701   0.0000005469   0.0000008392   0.0000043590   0.0000012061
        0.0000016818   0.0000084252  -0.0000015033  -0.0000020288  -0.0000090108
       -0.0000062962  -0.0000070908  -0.0000013484  -0.0000030953  -0.0000039938
       -0.0000156156   0.0000043768   0.0000050161  -0.0000126483   0.0000021265
        0.0000020364   0.0000604729
