           1           2   1.0200192118279194     
           2           3  0.97185670113556599     
           3           4   1.7671953964269478     
           3           5   1.1179241968408573     
           4           5  0.16955155356888529     
           5           6  0.95834635993867290     
           1           7  0.98672623431050710     
           1           8  0.98692237952772277     
           1           9  0.98599243153921290     
           2          10  0.95812587183052944     
           2          11  0.95326961433486579     
           6          12  0.97758349980527526     
           6          13  0.97750699414406617     
           6          14  0.98197993521163396     
