           1           2   1.0266217334097711     
           2           3  0.98818179034430143     
           3           4   1.0123031789764276     
           1           5  0.98528923720232231     
           1           6  0.98649035424595288     
           1           7  0.98009363293564244     
           2           8  0.97313185451249418     
           2           9  0.97577858121560657     
           4          10  0.98160683631408907     
           4          11  0.98482966878394651     
           4          12  0.98444542293416382     
