$hessian                                                                        
        0.5130644203   0.0015018733   0.0293456679  -0.0979941796   0.0025619353
        0.0581653713  -0.0207679487  -0.0042551194   0.0224794698   0.0000382237
       -0.0004804440   0.0016103559  -0.0592013922   0.0549903051   0.0132398683
       -0.2118525919  -0.1098098637  -0.0226719381  -0.1223816494   0.0552610978
       -0.1001666265  -0.0048928144   0.0020932295   0.0092149472   0.0073793124
        0.0000006460  -0.0120403464   0.0010132861   0.0011578997   0.0000844751
       -0.0044046665  -0.0030215597   0.0007387555
        0.0015018733   0.5270829999  -0.0001232488   0.0024387827  -0.0677921769
       -0.0012977790  -0.0101735508  -0.0010861905   0.0132052241   0.0003598649
        0.0002533280   0.0001135193   0.0552233914  -0.2550521787  -0.0554036332
       -0.1097947428  -0.1168757702  -0.0143238491   0.0555750781  -0.0844624738
        0.0693946524   0.0142833546  -0.0021184403  -0.0250014996  -0.0054334762
        0.0003699275   0.0120174283  -0.0005174925   0.0008861476   0.0010757968
       -0.0034630827  -0.0012051727   0.0003433889
        0.0293456679  -0.0001232488   0.4782335028   0.0574933113  -0.0008370156
       -0.1707437240   0.0061354792   0.0026691944  -0.0005567137  -0.0005641043
       -0.0001081238   0.0003319232   0.0135169586  -0.0559951089  -0.0583709024
       -0.0220199619  -0.0137662276  -0.0449040169  -0.1007386959   0.0695165528
       -0.1686058411   0.0073337468  -0.0029453839  -0.0108650078   0.0109161185
        0.0020268388  -0.0259688126  -0.0009389735  -0.0001419895   0.0006032069
       -0.0004795467  -0.0002954880   0.0008463855
       -0.0979941796   0.0024387827   0.0574933113   0.4667405064  -0.0310930735
        0.0155327087  -0.1490796547  -0.0635326552  -0.0002509276  -0.0244365128
       -0.0005896570  -0.0133448478  -0.0055328068   0.0022760622   0.0094717896
       -0.0160791950  -0.0019029758   0.0232777351   0.0085268777  -0.0004307207
       -0.0127449114  -0.0542451144   0.0493223054   0.0118609222  -0.1140491685
        0.0547715530  -0.0923514094   0.0018018259  -0.0015729049  -0.0008975126
       -0.0156525781  -0.0096867161   0.0019531419
        0.0025619353  -0.0677921769  -0.0008370156  -0.0310930735   0.5260864238
       -0.0034505282  -0.0588858458  -0.1066704749  -0.0057914444   0.0085885567
        0.0059789179   0.0017486806   0.0150234548  -0.0023008551  -0.0262578137
       -0.0093897834  -0.0006826903   0.0139884782  -0.0057349640  -0.0000169060
        0.0117979405   0.0505892117  -0.2497895339  -0.0549869998   0.0549139614
       -0.0846406602   0.0671083221  -0.0236436137  -0.0193064194  -0.0035150134
       -0.0029298396  -0.0008656250   0.0001953937
        0.0581653713  -0.0012977790  -0.1707437240   0.0155327087  -0.0034505282
        0.4925214511  -0.0039470357  -0.0085304460  -0.0615347080  -0.0194801661
       -0.0030445703  -0.0067275048   0.0068780307  -0.0038157671  -0.0111176509
        0.0012403403   0.0007452957  -0.0000088678   0.0101328396   0.0022281670
       -0.0263028028   0.0115564079  -0.0556637210  -0.0588338244  -0.0930718134
        0.0665557963  -0.1564916148  -0.0083166933  -0.0076215297  -0.0003201662
        0.0213100101   0.0138950822  -0.0004405875
       -0.0207679487  -0.0101735508   0.0061354792  -0.1490796547  -0.0588858458
       -0.0039470357   0.3832718611   0.0237478105  -0.0857189223  -0.0593932936
        0.0274254820  -0.0344092586   0.0004812752  -0.0005281149  -0.0004989500
       -0.0019709917  -0.0002502880   0.0032840441   0.0006417219   0.0006017691
       -0.0014947961   0.0016714904  -0.0006394434  -0.0011977422  -0.0205604673
       -0.0090614375  -0.0059697233  -0.0455286921   0.0345947431   0.0196678265
       -0.0887653004  -0.0068311243   0.1041490784
       -0.0042551194  -0.0010861905   0.0026691944  -0.0635326552  -0.1066704749
       -0.0085304460   0.0237478105   0.4538344868   0.0550422118   0.0284722662
       -0.0487151156   0.0283379905   0.0012871205   0.0008888292  -0.0004384918
       -0.0000107920   0.0006358219   0.0003672414   0.0000741141  -0.0001463467
        0.0002371331  -0.0263502099  -0.0214185859  -0.0042182088   0.0077251587
        0.0049199150   0.0013439326   0.0374613507  -0.2390870292  -0.0798204366
       -0.0046190442  -0.0431553100   0.0050098794
        0.0224794698   0.0132052241  -0.0005567137  -0.0002509276  -0.0057914444
       -0.0615347080  -0.0857189223   0.0550422118   0.4339823971  -0.0343808703
        0.0273776863  -0.0654174629   0.0003156193   0.0005086795   0.0006787863
        0.0037057980   0.0006005622  -0.0045022692   0.0001550028   0.0007194926
        0.0001016915  -0.0072674672  -0.0051735195  -0.0006449166  -0.0186632611
       -0.0089991929  -0.0038182814   0.0198595586  -0.0835380660  -0.0727403128
        0.0997659998   0.0060483662  -0.2255482103
        0.0000382237   0.0003598649  -0.0005641043  -0.0244365128   0.0085885567
       -0.0194801661  -0.0593932936   0.0284722662  -0.0343808703   0.0943429975
       -0.0457908041   0.0676454424  -0.0002270679   0.0005408095  -0.0001707585
        0.0004804768   0.0001276907  -0.0003675765  -0.0008313093  -0.0006960474
        0.0011846783   0.0012309018  -0.0001163689   0.0002368544  -0.0049889627
       -0.0026896812  -0.0006824505  -0.0088843137   0.0105583075  -0.0090314102
        0.0026688601   0.0006454061  -0.0043896387
       -0.0004804440   0.0002533280  -0.0001081238  -0.0005896570   0.0059789179
       -0.0030445703   0.0274254820  -0.0487151156   0.0273776863  -0.0457908041
        0.0561892348  -0.0479486024  -0.0000586932  -0.0002207840   0.0001280115
       -0.0001646034  -0.0000357359  -0.0000589739  -0.0003357193   0.0003559852
       -0.0007287292  -0.0004378156   0.0013914442  -0.0004300824  -0.0020942472
        0.0001151420  -0.0005631279   0.0180552489  -0.0131972631   0.0176162103
        0.0044712530  -0.0021151534   0.0077603017
        0.0016103559   0.0001135193   0.0003319232  -0.0133448478   0.0017486806
       -0.0067275048  -0.0344092586   0.0283379905  -0.0654174629   0.0676454424
       -0.0479486024   0.0902706599  -0.0001497090   0.0003015416  -0.0000653535
        0.0004283615   0.0000689984   0.0000248761   0.0007213373  -0.0006364885
        0.0012176200   0.0006009406  -0.0003926044   0.0000649141  -0.0017717663
       -0.0011837423   0.0004072189  -0.0028702677   0.0045649264   0.0011985021
       -0.0184605882   0.0150257807  -0.0213053932
       -0.0592013922   0.0552233914   0.0135169586  -0.0055328068   0.0150234548
        0.0068780307   0.0004812752   0.0012871205   0.0003156193  -0.0002270679
       -0.0000586932  -0.0001497090   0.0656937806  -0.0644789690  -0.0192005807
        0.0051057103  -0.0267061182  -0.0066858732  -0.0054174279   0.0204879143
        0.0025772919  -0.0012231831   0.0002398397   0.0034000690   0.0004601048
       -0.0002957698  -0.0006503483  -0.0003635162  -0.0005891552   0.0001918132
        0.0002245234  -0.0001330155  -0.0001932714
        0.0549903051  -0.2550521787  -0.0559951089   0.0022760622  -0.0023008551
       -0.0038157671  -0.0005281149   0.0008888292   0.0005086795   0.0005408095
       -0.0002207840   0.0003015416  -0.0644789690   0.2933916183   0.0662288353
        0.0021597715  -0.0220288809  -0.0051655888   0.0053745667  -0.0166673045
       -0.0015171244   0.0000339388   0.0010444898  -0.0007465590  -0.0003549759
        0.0005225794   0.0001103993   0.0002523585   0.0003739542  -0.0000192908
       -0.0002657526   0.0000485323   0.0001099831
        0.0132398683  -0.0554036332  -0.0583709024   0.0094717896  -0.0262578137
       -0.0111176509  -0.0004989500  -0.0004384918   0.0006787863  -0.0001707585
        0.0001280115  -0.0000653535  -0.0192005807   0.0662288353   0.0686143471
        0.0000497665  -0.0054123650  -0.0004435987  -0.0062701974   0.0220456692
        0.0048973382   0.0035720086  -0.0005720821  -0.0051575871  -0.0001046771
       -0.0007297765   0.0006323753   0.0002715532   0.0004147828   0.0002135823
       -0.0003598225  -0.0000031365   0.0001186634
       -0.2118525919  -0.1097947428  -0.0220199619  -0.0160791950  -0.0093897834
        0.0012403403  -0.0019709917  -0.0000107920   0.0037057980   0.0004804768
       -0.0001646034   0.0004283615   0.0051057103   0.0021597715   0.0000497665
        0.2444928210   0.1283002459   0.0229692717  -0.0199718194  -0.0109613157
       -0.0057976543  -0.0000419696   0.0000541344  -0.0003375094   0.0005953685
       -0.0000573458  -0.0003357244   0.0001273719   0.0003981163   0.0000543172
       -0.0008851808  -0.0005336849   0.0000429948
       -0.1098098637  -0.1168757702  -0.0137662276  -0.0019029758  -0.0006826903
        0.0007452957  -0.0002502880   0.0006358219   0.0006005622   0.0001276907
       -0.0000357359   0.0000689984  -0.0267061182  -0.0220288809  -0.0054123650
        0.1283002459   0.1315600588   0.0161877464   0.0098467496   0.0066815295
        0.0016261235   0.0004741981   0.0005399689  -0.0001800254  -0.0000770038
       -0.0001695331   0.0000683046   0.0001864628   0.0002718742  -0.0000168482
       -0.0001890977   0.0001033570   0.0000784354
       -0.0226719381  -0.0143238491  -0.0449040169   0.0232777351   0.0139884782
       -0.0000088678   0.0032840441   0.0003672414  -0.0045022692  -0.0003675765
       -0.0000589739   0.0000248761  -0.0066858732  -0.0051655888  -0.0004435987
        0.0229692717   0.0161877464   0.0526665119  -0.0213551425  -0.0122342324
       -0.0038261333   0.0000228205   0.0003218111   0.0006468009   0.0002890918
        0.0002445446   0.0006258015  -0.0000561604  -0.0001203100  -0.0001772453
        0.0012937276   0.0007931324  -0.0001018591
       -0.1223816494   0.0555750781  -0.1007386959   0.0085268777  -0.0057349640
        0.0101328396   0.0006417219   0.0000741141   0.0001550028  -0.0008313093
       -0.0003357193   0.0007213373  -0.0054174279   0.0053745667  -0.0062701974
       -0.0199718194   0.0098467496  -0.0213551425   0.1400341184  -0.0641091055
        0.1143390142   0.0004016604  -0.0003159301  -0.0001262497  -0.0008128417
       -0.0005821710   0.0033280545  -0.0000613113   0.0000439697  -0.0000576982
       -0.0001280193   0.0001634118  -0.0001282649
        0.0552610978  -0.0844624738   0.0695165528  -0.0004307207  -0.0000169060
        0.0022281670   0.0006017691  -0.0001463467   0.0007194926  -0.0006960474
        0.0003559852  -0.0006364885   0.0204879143  -0.0166673045   0.0220456692
       -0.0109613157   0.0066815295  -0.0122342324  -0.0641091055   0.0931566061
       -0.0812071161  -0.0002182784   0.0004098614  -0.0006765547  -0.0001800405
        0.0009985242   0.0001604011   0.0001014986  -0.0002271131   0.0001947545
        0.0001432284  -0.0000823621  -0.0001106455
       -0.1001666265   0.0693946524  -0.1686058411  -0.0127449114   0.0117979405
       -0.0263028028  -0.0014947961   0.0002371331   0.0001016915   0.0011846783
       -0.0007287292   0.0012176200   0.0025772919  -0.0015171244   0.0048973382
       -0.0057976543   0.0016261235  -0.0038261333   0.1143390142  -0.0812071161
        0.1975725942  -0.0005990472   0.0002475583   0.0005291916   0.0031526325
        0.0001992664  -0.0056557684  -0.0000446873   0.0000922936  -0.0001568125
       -0.0004058941  -0.0001419980   0.0002289226
       -0.0048928144   0.0142833546   0.0073337468  -0.0542451144   0.0505892117
        0.0115564079   0.0016714904  -0.0263502099  -0.0072674672   0.0012309018
       -0.0004378156   0.0006009406  -0.0012231831   0.0000339388   0.0035720086
       -0.0000419696   0.0004741981   0.0000228205   0.0004016604  -0.0002182784
       -0.0005990472   0.0652807938  -0.0539898911  -0.0166404184  -0.0046621831
        0.0194868884   0.0023825041  -0.0040948193  -0.0037851367  -0.0005525365
        0.0005752375  -0.0000862599  -0.0004089592
        0.0020932295  -0.0021184403  -0.0029453839   0.0493223054  -0.2497895339
       -0.0556637210  -0.0006394434  -0.0214185859  -0.0051735195  -0.0001163689
        0.0013914442  -0.0003926044   0.0002398397   0.0010444898  -0.0005720821
        0.0000541344   0.0005399689   0.0003218111  -0.0003159301   0.0004098614
        0.0002475583  -0.0539898911   0.2887231916   0.0654210785   0.0062917132
       -0.0171064946  -0.0014122226  -0.0034255408  -0.0017527694   0.0000611492
        0.0004859522   0.0000768682   0.0001079364
        0.0092149472  -0.0250014996  -0.0108650078   0.0118609222  -0.0549869998
       -0.0588338244  -0.0011977422  -0.0042182088  -0.0006449166   0.0002368544
       -0.0004300824   0.0000649141   0.0034000690  -0.0007465590  -0.0051575871
       -0.0003375094  -0.0001800254   0.0006468009  -0.0001262497  -0.0006765547
        0.0005291916  -0.0166404184   0.0654210785   0.0688845168  -0.0061629095
        0.0212195845   0.0045241598  -0.0003734094  -0.0008945591   0.0006467636
        0.0001254458   0.0004938260   0.0002049891
        0.0073793124  -0.0054334762   0.0109161185  -0.1140491685   0.0549139614
       -0.0930718134  -0.0205604673   0.0077251587  -0.0186632611  -0.0049889627
       -0.0020942472  -0.0017717663   0.0004601048  -0.0003549759  -0.0001046771
        0.0005953685  -0.0000770038   0.0002890918  -0.0008128417  -0.0001800405
        0.0031526325  -0.0046621831   0.0062917132  -0.0061629095   0.1363817585
       -0.0614880560   0.1057369248   0.0003403227   0.0002026738  -0.0001048127
       -0.0000832436   0.0004942926  -0.0002155273
        0.0000006460   0.0003699275   0.0020268388   0.0547715530  -0.0846406602
        0.0665557963  -0.0090614375   0.0049199150  -0.0089991929  -0.0026896812
        0.0001151420  -0.0011837423  -0.0002957698   0.0005225794  -0.0007297765
       -0.0000573458  -0.0001695331   0.0002445446  -0.0005821710   0.0009985242
        0.0001992664   0.0194868884  -0.0171064946   0.0212195845  -0.0614880560
        0.0943757844  -0.0787544550  -0.0001716373   0.0001763188  -0.0002167455
        0.0000870113   0.0004384967  -0.0003621185
       -0.0120403464   0.0120174283  -0.0259688126  -0.0923514094   0.0671083221
       -0.1564916148  -0.0059697233   0.0013439326  -0.0038182814  -0.0006824505
       -0.0005631279   0.0004072189  -0.0006503483   0.0001103993   0.0006323753
       -0.0003357244   0.0000683046   0.0006258015   0.0033280545   0.0001604011
       -0.0056557684   0.0023825041  -0.0014122226   0.0045241598   0.1057369248
       -0.0787544550   0.1852133798   0.0001174497  -0.0001183084  -0.0000715495
        0.0004650692   0.0000393258   0.0006030914
        0.0010132861  -0.0005174925  -0.0009389735   0.0018018259  -0.0236436137
       -0.0083166933  -0.0455286921   0.0374613507   0.0198595586  -0.0088843137
        0.0180552489  -0.0028702677  -0.0003635162   0.0002523585   0.0002715532
        0.0001273719   0.0001864628  -0.0000561604  -0.0000613113   0.0001014986
       -0.0000446873  -0.0040948193  -0.0034255408  -0.0003734094   0.0003403227
       -0.0001716373   0.0001174497   0.0578542463  -0.0418334583  -0.0159250603
       -0.0022044003   0.0135348231   0.0082766905
        0.0011578997   0.0008861476  -0.0001419895  -0.0015729049  -0.0193064194
       -0.0076215297   0.0345947431  -0.2390870292  -0.0835380660   0.0105583075
       -0.0131972631   0.0045649264  -0.0005891552   0.0003739542   0.0004147828
        0.0003981163   0.0002718742  -0.0001203100   0.0000439697  -0.0002271131
        0.0000922936  -0.0037851367  -0.0017527694  -0.0008945591   0.0002026738
        0.0001763188  -0.0001183084  -0.0418334583   0.2728742545   0.0902599612
        0.0008249450  -0.0010119550  -0.0028972013
        0.0000844751   0.0010757968   0.0006032069  -0.0008975126  -0.0035150134
       -0.0003201662   0.0196678265  -0.0798204366  -0.0727403128  -0.0090314102
        0.0176162103   0.0011985021   0.0001918132  -0.0000192908   0.0002135823
        0.0000543172  -0.0000168482  -0.0001772453  -0.0000576982   0.0001947545
       -0.0001568125  -0.0005525365   0.0000611492   0.0006467636  -0.0001048127
       -0.0002167455  -0.0000715495  -0.0159250603   0.0902599612   0.0837452958
        0.0065705987  -0.0256195374  -0.0129412645
       -0.0044046665  -0.0034630827  -0.0004795467  -0.0156525781  -0.0029298396
        0.0213100101  -0.0887653004  -0.0046190442   0.0997659998   0.0026688601
        0.0044712530  -0.0184605882   0.0002245234  -0.0002657526  -0.0003598225
       -0.0008851808  -0.0001890977   0.0012937276  -0.0001280193   0.0001432284
       -0.0004058941   0.0005752375   0.0004859522   0.0001254458  -0.0000832436
        0.0000870113   0.0004650692  -0.0022044003   0.0008249450   0.0065705987
        0.1086547679   0.0054544268  -0.1098249997
       -0.0030215597  -0.0012051727  -0.0002954880  -0.0096867161  -0.0008656250
        0.0138950822  -0.0068311243  -0.0431553100   0.0060483662   0.0006454061
       -0.0021151534   0.0150257807  -0.0001330155   0.0000485323  -0.0000031365
       -0.0005336849   0.0001033570   0.0007931324   0.0001634118  -0.0000823621
       -0.0001419980  -0.0000862599   0.0000768682   0.0004938260   0.0004942926
        0.0004384967   0.0000393258   0.0135348231  -0.0010119550  -0.0256195374
        0.0054544268   0.0477683240  -0.0102353533
        0.0007387555   0.0003433889   0.0008463855   0.0019531419   0.0001953937
       -0.0004405875   0.1041490784   0.0050098794  -0.2255482103  -0.0043896387
        0.0077603017  -0.0213053932  -0.0001932714   0.0001099831   0.0001186634
        0.0000429948   0.0000784354  -0.0001018591  -0.0001282649  -0.0001106455
        0.0002289226  -0.0004089592   0.0001079364   0.0002049891  -0.0002155273
       -0.0003621185   0.0006030914   0.0082766905  -0.0028972013  -0.0129412645
       -0.1098249997  -0.0102353533   0.2583352626
