           1           2   1.0133638207943834     
           2           3   1.0134264495386744     
           3           4  0.99281939938897890     
           1           5  0.98535800601665213     
           1           6  0.98758620539544761     
           1           7  0.98757849804977482     
           2           8  0.97694895698427708     
           2           9  0.97745428179195404     
           3          10  0.97695360232598194     
           3          11  0.97348011795315348     
           4          12  0.96400416711932679     
