$hessian                                                                        
        0.4630997886  -0.0276791385  -0.0000080644  -0.1612540702  -0.0528924742
        0.0000024407  -0.0651621484   0.0039547771  -0.0000071919  -0.0933024882
        0.0365590343   0.0966604672  -0.0932346954   0.0364709403  -0.0966473045
       -0.0455264380   0.0109928725  -0.0000013410  -0.0046199485  -0.0074060115
        0.0000009938
       -0.0276791385   0.5340496183  -0.0000134459  -0.0588281151  -0.1005579463
        0.0000006741   0.0233217225   0.0154610047   0.0000037324   0.0393081859
       -0.0697434331  -0.0649431142   0.0392181427  -0.0696510014   0.0648682229
        0.0112152971  -0.2898157112   0.0000816361  -0.0265560946  -0.0197425310
        0.0000022945
       -0.0000080644  -0.0000134459   0.4776823794   0.0000065603   0.0000024519
       -0.0680262102  -0.0000094931   0.0000020258   0.0202841376   0.1027824659
       -0.0638773356  -0.1976683501  -0.1027745508   0.0637995488  -0.1978189310
       -0.0000017600   0.0000815511  -0.0459359265   0.0000048421   0.0000052040
        0.0114829007
       -0.1612540702  -0.0588281151   0.0000065603   0.8133532918  -0.2169075210
        0.0000754971  -0.5661567602   0.3074891461  -0.0000789747  -0.0194336795
       -0.0011613712   0.0034967287  -0.0194266238  -0.0011623880  -0.0035034925
        0.0004587992  -0.0055951518  -0.0000001710  -0.0475409574  -0.0238345990
        0.0000038520
       -0.0528924742  -0.1005579463   0.0000024519  -0.2169075210   0.5973629428
       -0.0000844563   0.3033340593  -0.2745342232   0.0000533035   0.0087113557
        0.0040890444  -0.0012769829   0.0086946720   0.0040848336   0.0012755825
       -0.0318703491  -0.0188862801   0.0000011020  -0.0190697426  -0.2115583713
        0.0000289994
        0.0000024407   0.0000006741  -0.0680262102   0.0000754971  -0.0000844563
        0.1750579575  -0.0000798025   0.0000544824  -0.0542571094   0.0240608333
        0.0089616546  -0.0014900829  -0.0240721760  -0.0089654341  -0.0014931295
        0.0000100729   0.0000050485   0.0010124440   0.0000031345   0.0000280307
       -0.0508038697
       -0.0651621484   0.0233217225  -0.0000094931  -0.5661567602   0.3033340593
       -0.0000798025   0.6471078615  -0.3555853158   0.0000951242  -0.0056289896
       -0.0025595210  -0.0005708415  -0.0056262167  -0.0025575628   0.0005715509
        0.0037045390   0.0018922254   0.0000004476  -0.0082382856   0.0321543925
       -0.0000069857
        0.0039547771   0.0154610047   0.0000020258   0.3074891461  -0.2745342232
        0.0000544824  -0.3555853158   0.2958430481  -0.0000665324  -0.0022380699
        0.0006458645   0.0009529744  -0.0022360781   0.0006447329  -0.0009542087
        0.0019248594   0.0025312953  -0.0000010275   0.0466906812  -0.0405917224
        0.0000122860
       -0.0000071919   0.0000037324   0.0202841376  -0.0000789747   0.0000533035
       -0.0542571094   0.0000951242  -0.0000665324   0.0186887682  -0.0032015421
       -0.0009642911  -0.0003027603   0.0032026287   0.0009627661  -0.0003026564
       -0.0000004646  -0.0000008646  -0.0014300537  -0.0000095797   0.0000118860
        0.0173196740
       -0.0933024882   0.0393081859   0.1027824659  -0.0194336795   0.0087113557
        0.0240608333  -0.0056289896  -0.0022380699  -0.0032015421   0.1100933528
       -0.0447026442  -0.1121951993   0.0083312973  -0.0035533391  -0.0119487993
       -0.0004901297   0.0022212110   0.0023575427   0.0004306369   0.0002533005
       -0.0018553011
        0.0365590343  -0.0697434331  -0.0638773356  -0.0011613712   0.0040890444
        0.0089616546  -0.0025595210   0.0006458645  -0.0009642911  -0.0447026442
        0.0743618279   0.0750082811  -0.0035478130   0.0039682404   0.0078690481
        0.0156091874  -0.0133292604  -0.0261673700  -0.0001968723   0.0000077163
       -0.0008299871
        0.0966604672  -0.0649431142  -0.1976683501   0.0034967287  -0.0012769829
       -0.0014900829  -0.0005708415   0.0009529744  -0.0003027603  -0.1121951993
        0.0750082811   0.2281510325   0.0119633460  -0.0078921030  -0.0280323958
        0.0008897517  -0.0019979552  -0.0011511480  -0.0002442527   0.0001488998
        0.0004937045
       -0.0932346954   0.0392181427  -0.1027745508  -0.0194266238   0.0086946720
       -0.0240721760  -0.0056262167  -0.0022360781   0.0032026287   0.0083312973
       -0.0035478130   0.0119633460   0.1100148915  -0.0446015521   0.1121839905
       -0.0004886448   0.0022193343  -0.0023590776   0.0004299919   0.0002532942
        0.0018558391
        0.0364709403  -0.0696510014   0.0637995488  -0.0011623880   0.0040848336
       -0.0089654341  -0.0025575628   0.0006447329   0.0009627661  -0.0035533391
        0.0039682404  -0.0078921030  -0.0446015521   0.0742570828  -0.0749173093
        0.0156003978  -0.0133110825   0.0261811941  -0.0001964961   0.0000071941
        0.0008313373
       -0.0966473045   0.0648682229  -0.1978189310  -0.0035034925   0.0012755825
       -0.0014931295   0.0005715509  -0.0009542087  -0.0003026564  -0.0119487993
        0.0078690481  -0.0280323958   0.1121839905  -0.0749173093   0.2283243418
       -0.0009002835   0.0020072874  -0.0011711720   0.0002443383  -0.0001486228
        0.0004939429
       -0.0455264380   0.0112152971  -0.0000017600   0.0004587992  -0.0318703491
        0.0000100729   0.0037045390   0.0019248594  -0.0000004646  -0.0004901297
        0.0156091874   0.0008897517  -0.0004886448   0.0156003978  -0.0009002835
        0.0477648219  -0.0089599715   0.0000030877  -0.0054229477  -0.0035194210
       -0.0000004042
        0.0109928725  -0.2898157112   0.0000815511  -0.0055951518  -0.0188862801
        0.0000050485   0.0018922254   0.0025312953  -0.0000008646   0.0022212110
       -0.0133292604  -0.0019979552   0.0022193343  -0.0133110825   0.0020072874
       -0.0089599715   0.3333145526  -0.0000954900  -0.0027705200  -0.0005035138
        0.0000004228
       -0.0000013410   0.0000816361  -0.0459359265  -0.0000001710   0.0000011020
        0.0010124440   0.0000004476  -0.0000010275  -0.0014300537   0.0023575427
       -0.0261673700  -0.0011511480  -0.0023590776   0.0261811941  -0.0011711720
        0.0000030877  -0.0000954900   0.0461301572  -0.0000004884  -0.0000000447
        0.0025456989
       -0.0046199485  -0.0265560946   0.0000048421  -0.0475409574  -0.0190697426
        0.0000031345  -0.0082382856   0.0466906812  -0.0000095797   0.0004306369
       -0.0001968723  -0.0002442527   0.0004299919  -0.0001964961   0.0002443383
       -0.0054229477  -0.0027705200  -0.0000004884   0.0649615103   0.0020990444
        0.0000020060
       -0.0074060115  -0.0197425310   0.0000052040  -0.0238345990  -0.2115583713
        0.0000280307   0.0321543925  -0.0405917224   0.0000118860   0.0002533005
        0.0000077163   0.0001488998   0.0002532942   0.0000071941  -0.0001486228
       -0.0035194210  -0.0005035138  -0.0000000447   0.0020990444   0.2723812281
       -0.0000453529
        0.0000009938   0.0000022945   0.0114829007   0.0000038520   0.0000289994
       -0.0508038697  -0.0000069857   0.0000122860   0.0173196740  -0.0018553011
       -0.0008299871   0.0004937045   0.0018558391   0.0008313373   0.0004939429
       -0.0000004042   0.0000004228   0.0025456989   0.0000020060  -0.0000453529
        0.0184679487
