$hessian                                                                        
        0.2991363793  -0.0000170459  -0.0204109489  -0.1001590592   0.0000050919
        0.0624343893  -0.0312780679  -0.0000017397   0.0046435696  -0.0000998619
       -0.0019551334   0.0027229381  -0.0001019412   0.0019572741   0.0027251688
       -0.0995398001  -0.0000103700  -0.0403563536  -0.0339806180   0.0121143147
       -0.0058883604  -0.0339770311  -0.0120923917  -0.0058704027
       -0.0000170459   0.5139189845  -0.0000126922   0.0000064688  -0.0540398422
       -0.0000044146  -0.0000030597   0.0020683092   0.0000005958  -0.0110510990
       -0.0096667845   0.0204654370   0.0110548427  -0.0096739361  -0.0204671938
       -0.0000111630  -0.0276463708  -0.0000056501   0.0171530042  -0.2074492890
        0.1096233847  -0.0171319481  -0.2075110711  -0.1095994667
       -0.0204109489  -0.0000126922   0.4256989377   0.0702970185  -0.0000037433
       -0.1184784064  -0.0064479489  -0.0000003674   0.0040581591   0.0096027936
        0.0128765608  -0.0176819402   0.0096015216  -0.0128773261  -0.0176731753
       -0.0450817752  -0.0000060248  -0.0488424939  -0.0087897691   0.1088804621
       -0.1135693511  -0.0087708915  -0.1088568691  -0.1135117299
       -0.1001590592   0.0000064688   0.0702970185   0.2567941404  -0.0000052683
       -0.0672419198  -0.0784282337  -0.0000078137  -0.0278843496  -0.0218608386
       -0.0070295576   0.0068376821  -0.0218609573   0.0070370532   0.0068396870
       -0.0327239008  -0.0000019290   0.0040745675  -0.0008794577  -0.0015641365
        0.0035376256  -0.0008816930   0.0015651831   0.0035396886
        0.0000050919  -0.0540398422  -0.0000037433  -0.0000052683   0.2034314412
        0.0000041073  -0.0000055951  -0.0196647984  -0.0000030691   0.0059834243
       -0.0634174605   0.0287218779  -0.0059785413  -0.0634349763  -0.0287170352
       -0.0000027947   0.0005062190   0.0000010577  -0.0150145893  -0.0016885793
        0.0183236739   0.0150182726  -0.0016920036  -0.0183268692
        0.0624343893  -0.0000044146  -0.1184784064  -0.0672419198   0.0000041073
        0.2692365689  -0.0119608243  -0.0000020929  -0.0288174036  -0.0029350347
        0.0383574408  -0.0486954060  -0.0029281068  -0.0383538410  -0.0486776173
       -0.0033962497   0.0000006122   0.0065858524   0.0130156120   0.0031148741
       -0.0155796052   0.0130121340  -0.0031166859  -0.0155739828
       -0.0312780679  -0.0000030597  -0.0064479489  -0.0784282337  -0.0000055951
       -0.0119608243   0.1341321062   0.0000142994   0.0535806367  -0.0094654789
        0.0197499153  -0.0188318450  -0.0094609105  -0.0197554386  -0.0188249483
       -0.0049065203  -0.0000000249   0.0020862295  -0.0002964049  -0.0003808679
        0.0001994149  -0.0002964902   0.0003807715   0.0001992854
       -0.0000017397   0.0020683092  -0.0000003674  -0.0000078137  -0.0196647984
       -0.0000020929   0.0000142994   0.0277767029   0.0000070237   0.0141744506
       -0.0054191859   0.0122944186  -0.0141792880  -0.0054310097  -0.0122993722
        0.0000000470   0.0005854340   0.0000001438  -0.0003914736   0.0000420860
       -0.0002078723   0.0003915179   0.0000424619   0.0002081187
        0.0046435696   0.0000005958   0.0040581591  -0.0278843496  -0.0000030691
       -0.0288174036   0.0535806367   0.0000070237   0.0535442807  -0.0164200720
        0.0159550834  -0.0149942067  -0.0164141687  -0.0159598633  -0.0149867551
        0.0014439408   0.0000000390  -0.0001979552   0.0005253211  -0.0004597297
        0.0006970240   0.0005251221   0.0004599202   0.0006968566
       -0.0000998619  -0.0110510990   0.0096027936  -0.0218608386   0.0059834243
       -0.0029350347  -0.0094654789   0.0141744506  -0.0164200720   0.0295101467
       -0.0076680573   0.0056021993   0.0032288000   0.0006478998   0.0005937227
        0.0003195583  -0.0013689791   0.0018028064  -0.0017559744  -0.0002402552
        0.0021028210   0.0001236488  -0.0004773841  -0.0003492362
       -0.0019551334  -0.0096667845   0.0128765608  -0.0070295576  -0.0634174605
        0.0383574408   0.0197499153  -0.0054191859   0.0159550834  -0.0076680573
        0.1197832522  -0.0652815068  -0.0006414142  -0.0424929032  -0.0028995936
       -0.0020346163   0.0000907688  -0.0010976036  -0.0007861363   0.0005948152
        0.0019013966   0.0003649999   0.0005274979   0.0001882224
        0.0027229381   0.0204654370  -0.0176819402   0.0068376821   0.0287218779
       -0.0486954060  -0.0188318450   0.0122944186  -0.0149942067   0.0056021993
       -0.0652815068   0.0745036215   0.0005933966   0.0029133879   0.0093524829
        0.0006949242  -0.0000162662   0.0008852486   0.0027454586   0.0003225737
       -0.0032629681  -0.0003647538   0.0005800779  -0.0001068320
       -0.0001019412   0.0110548427   0.0096015216  -0.0218609573  -0.0059785413
       -0.0029281068  -0.0094609105  -0.0141792880  -0.0164141687   0.0032288000
       -0.0006414142   0.0005933966   0.0295080499   0.0076571287   0.0055912222
        0.0003194814   0.0013695075   0.0018024475   0.0001236010   0.0004772259
       -0.0003493292  -0.0017561233   0.0002405389   0.0021030168
        0.0019572741  -0.0096739361  -0.0128773261   0.0070370532  -0.0634349763
       -0.0383538410  -0.0197554386  -0.0054310097  -0.0159598633   0.0006478998
       -0.0424929032   0.0029133879   0.0076571287   0.1198196611   0.0652702098
        0.0020347851   0.0000914597   0.0010979923  -0.0003651748   0.0005273268
       -0.0001884498   0.0007864724   0.0005943778  -0.0019021098
        0.0027251688  -0.0204671938  -0.0176731753   0.0068396870  -0.0287170352
       -0.0486776173  -0.0188249483  -0.0122993722  -0.0149867551   0.0005937227
       -0.0028995936   0.0093524829   0.0055912222   0.0652702098   0.0744691010
        0.0006945072   0.0000165024   0.0008849687  -0.0003645980  -0.0005803054
       -0.0001066445   0.0027452384  -0.0003232120  -0.0032623605
       -0.0995398001  -0.0000111630  -0.0450817752  -0.0327239008  -0.0000027947
       -0.0033962497  -0.0049065203   0.0000000470   0.0014439408   0.0003195583
       -0.0020346163   0.0006949242   0.0003194814   0.0020347851   0.0006945072
        0.1645506740   0.0000186071   0.0649390247  -0.0140112339   0.0041023648
       -0.0096482228  -0.0140082585  -0.0041072301  -0.0096461492
       -0.0000103700  -0.0276463708  -0.0000060248  -0.0000019290   0.0005062190
        0.0000006122  -0.0000000249   0.0005854340   0.0000000390  -0.0013689791
        0.0000907688  -0.0000162662   0.0013695075   0.0000914597   0.0000165024
        0.0000186071   0.0214799240   0.0000089842   0.0156013155   0.0024488075
        0.0078274777  -0.0156081270   0.0024437578  -0.0078313246
       -0.0403563536  -0.0000056501  -0.0488424939   0.0040745675   0.0000010577
        0.0065858524   0.0020862295   0.0000001438  -0.0001979552   0.0018028064
       -0.0010976036   0.0008852486   0.0018024475   0.0010979923   0.0008849687
        0.0649390247   0.0000089842   0.0552003500  -0.0171766064   0.0016534874
       -0.0072592236  -0.0171721156  -0.0016584117  -0.0072567471
       -0.0339806180   0.0171530042  -0.0087897691  -0.0008794577  -0.0150145893
        0.0130156120  -0.0002964049  -0.0003914736   0.0005253211  -0.0017559744
       -0.0007861363   0.0027454586   0.0001236010  -0.0003651748  -0.0003645980
       -0.0140112339   0.0156013155  -0.0171766064   0.0488955839  -0.0153546488
        0.0092074757   0.0019045039  -0.0008422968   0.0008371061
        0.0121143147  -0.2074492890   0.1088804621  -0.0015641365  -0.0016885793
        0.0031148741  -0.0003808679   0.0000420860  -0.0004597297  -0.0002402552
        0.0005948152   0.0003225737   0.0004772259   0.0005273268  -0.0005803054
        0.0041023648   0.0024488075   0.0016534874  -0.0153546488   0.2301316739
       -0.1251099359   0.0008460031  -0.0246068411   0.0121785737
       -0.0058883604   0.1096233847  -0.1135693511   0.0035376256   0.0183236739
       -0.0155796052   0.0001994149  -0.0002078723   0.0006970240   0.0021028210
        0.0019013966  -0.0032629681  -0.0003493292  -0.0001884498  -0.0001066445
       -0.0096482228   0.0078274777  -0.0072592236   0.0092074757  -0.1251099359
        0.1304044082   0.0008385751  -0.0121696749   0.0086763602
       -0.0339770311  -0.0171319481  -0.0087708915  -0.0008816930   0.0150182726
        0.0130121340  -0.0002964902   0.0003915179   0.0005251221   0.0001236488
        0.0003649999  -0.0003647538  -0.0017561233   0.0007864724   0.0027452384
       -0.0140082585  -0.0156081270  -0.0171721156   0.0019045039   0.0008460031
        0.0008385751   0.0488914434   0.0153328092   0.0091866912
       -0.0120923917  -0.2075110711  -0.1088568691   0.0015651831  -0.0016920036
       -0.0031166859   0.0003807715   0.0000424619   0.0004599202  -0.0004773841
        0.0005274979   0.0005800779   0.0002405389   0.0005943778  -0.0003232120
       -0.0041072301   0.0024437578  -0.0016584117  -0.0008422968  -0.0246068411
       -0.0121696749   0.0153328092   0.2302018203   0.1250848555
       -0.0058704027  -0.1095994667  -0.1135117299   0.0035396886  -0.0183268692
       -0.0155739828   0.0001992854   0.0002081187   0.0006968566  -0.0003492362
        0.0001882224  -0.0001068320   0.0021030168  -0.0019021098  -0.0032623605
       -0.0096461492  -0.0078313246  -0.0072567471   0.0008371061   0.0121785737
        0.0086763602   0.0091866912   0.1250848555   0.1303384356
