$hessian                                                                        
        0.4297750222   0.0438715282  -0.0276768654  -0.0751180743   0.0377760357
        0.0183477431  -0.0038268294   0.0087733076   0.0046841281   0.0075451014
       -0.0030880220  -0.0031869915   0.0002327491  -0.0005492441  -0.0001677934
        0.0037331563   0.0008736358  -0.0000424341  -0.0002522340  -0.0001119139
       -0.0001215232  -0.0368780330  -0.0185820588  -0.0029945985  -0.0033896053
       -0.0039480361   0.0005734158  -0.1602203189  -0.0006661400  -0.0683740036
       -0.0012351014   0.0006103085  -0.0023313265  -0.0011509312   0.0005779632
       -0.0000859085  -0.0006231113  -0.0076995779   0.0006378859  -0.0280326974
        0.0231796847  -0.0054244900  -0.0847689255  -0.0852180907   0.0426986951
       -0.0463910570   0.0034455451   0.0437469882   0.0003490614  -0.0003653145
       -0.0000531360   0.0004460995   0.0001939880   0.0001581040  -0.0003836615
        0.0004310688  -0.0002596270   0.0001893904   0.0004953325  -0.0001282623
        0.0438715282   0.4921343837  -0.0324405358   0.0411809362  -0.1431706696
       -0.0215594770   0.0042701224  -0.0062373259  -0.0038350453   0.0084467486
       -0.0290268109  -0.0022266584   0.0005150728   0.0008010392  -0.0006641928
       -0.0010123030   0.0018092244  -0.0004703036   0.0000028994  -0.0004005233
       -0.0004872483  -0.0259862250  -0.0039924448  -0.0161832977  -0.0041931269
       -0.0032407842   0.0011493251   0.0109371701  -0.0674224047   0.0234877381
        0.0002145025   0.0007872878  -0.0001164111   0.0008831314   0.0007205885
       -0.0002529252  -0.0023564567  -0.0063370390   0.0009540798   0.0027848221
       -0.0000414428   0.0002325226  -0.0807354425  -0.1915936059   0.0720105225
        0.0024122256  -0.0475236284  -0.0202100669  -0.0003602686  -0.0000874532
       -0.0001323530  -0.0000244670  -0.0001924935  -0.0000104185   0.0000107438
        0.0000314261   0.0001126409  -0.0008616132   0.0029826766   0.0006421046
       -0.0276768654  -0.0324405358   0.5047481096   0.0188546715  -0.0230198919
       -0.0712227090   0.0157422841  -0.0261995251  -0.0104672299  -0.0024549435
        0.0066580725   0.0021323002  -0.0001908452   0.0014410595   0.0001265001
        0.0000007791  -0.0002738988   0.0003965827  -0.0000378632  -0.0003140486
       -0.0003990483   0.0036782817  -0.0096478750   0.0088882870   0.0004698635
        0.0014737098   0.0011170296  -0.0792016098   0.0141959963  -0.1120496831
        0.0003120687   0.0009721400  -0.0003783848  -0.0000908874   0.0004356987
       -0.0006416395  -0.0001000178   0.0024539496   0.0002415981  -0.0157012413
        0.0141419689   0.0005905975   0.0395329898   0.0691405722  -0.0771460215
        0.0459913195  -0.0186581663  -0.2473788378   0.0006260610  -0.0003625524
        0.0002910233   0.0001456626  -0.0000459256   0.0001984574  -0.0000931762
        0.0001303670  -0.0000324042   0.0001934683  -0.0000811151   0.0009854724
       -0.0751180743   0.0411809362   0.0188546715   0.4593799649   0.0038558575
       -0.0078564545  -0.0493824902   0.0033465803   0.0476931584  -0.0893624021
       -0.0548916371   0.0254656242  -0.0035880228  -0.0052764907   0.0043122458
       -0.0195516867  -0.0176853126   0.0044757796   0.0004919695  -0.0001925077
        0.0004018631   0.0000102634   0.0000183034   0.0014183880   0.0005013923
        0.0000517171  -0.0001331520  -0.0318907911   0.0227983766  -0.0069283799
        0.0007577747  -0.0000261765  -0.0006122871  -0.0058353800  -0.0011703214
       -0.0019847517   0.0042218723   0.0162214787  -0.0020930711  -0.1723801815
       -0.0053448914  -0.0745994028   0.0061664036  -0.0100266023  -0.0018969044
       -0.0037771842   0.0069705049   0.0045711401  -0.0004020824  -0.0001231993
        0.0002753087   0.0000319519  -0.0002097666  -0.0000205923   0.0018788277
        0.0028440323  -0.0009899343  -0.0221521252  -0.0023408813  -0.0103532493
        0.0377760357  -0.1431706696  -0.0230198919   0.0038558575   0.4499790851
       -0.0001954195   0.0023416258  -0.0456138320  -0.0168767084  -0.0428312925
       -0.1145795872   0.0313471670  -0.0035724921  -0.0021556560   0.0040201768
       -0.0073583018  -0.0024713819  -0.0012712625   0.0005798863   0.0000785638
        0.0001969484  -0.0003123191   0.0037890305   0.0007413697  -0.0002134593
       -0.0004794519  -0.0000248816   0.0057393441   0.0013755656   0.0032568326
       -0.0000478989  -0.0007978091  -0.0003635733   0.0019028267   0.0018339139
       -0.0004199976  -0.0059649365  -0.0499701446   0.0050634540   0.0173201954
       -0.0668980946   0.0247120108   0.0116950982  -0.0263282095  -0.0043749635
        0.0048819099  -0.0060976570  -0.0045277361  -0.0002608348   0.0001127020
        0.0001959424   0.0001950659  -0.0003421724  -0.0000490908  -0.0004252172
        0.0002211776  -0.0007592963  -0.0253010936   0.0015146272  -0.0176510803
        0.0183477431  -0.0215594770  -0.0712227090  -0.0078564545  -0.0001954195
        0.5090860684   0.0461972028  -0.0164890478  -0.2334697261   0.0232024830
        0.0279893742  -0.0817510505   0.0196630269   0.0234657145  -0.0166441076
       -0.0057118914  -0.0081821769   0.0038334106  -0.0014365887  -0.0008315537
       -0.0004335173  -0.0000663360  -0.0000055192   0.0015428506  -0.0000719303
       -0.0000912949  -0.0000592760  -0.0156028412   0.0124341572   0.0006588745
        0.0000046170  -0.0000434551  -0.0006862851  -0.0043059395  -0.0016550187
       -0.0002653900  -0.0039132648  -0.0057357584   0.0037891648  -0.0849450249
        0.0101416900  -0.1108808457  -0.0045662714   0.0092658647   0.0022393867
        0.0162105657  -0.0260264603  -0.0108470077   0.0001872074   0.0000836388
        0.0000812276   0.0000606595   0.0000761140   0.0001513357  -0.0003189217
        0.0013428720   0.0016923692   0.0049219590  -0.0039842437   0.0031852268
       -0.0038268294   0.0042701224   0.0157422841  -0.0493824902   0.0023416258
        0.0461972028   0.0657127341  -0.0034917709  -0.0423807176  -0.0048076809
       -0.0006766340   0.0173632338  -0.0018595546  -0.0027956554   0.0014620536
        0.0003141792  -0.0001496306   0.0015914553  -0.0005109065  -0.0005234026
       -0.0004372080  -0.0003995011   0.0000253237   0.0008363392  -0.0000229224
        0.0000083099  -0.0000241371   0.0015621379  -0.0009907762  -0.0004855337
        0.0000052452  -0.0000139455  -0.0006414060   0.0002865167   0.0004016353
       -0.0006889782   0.0007385616   0.0008860836  -0.0012165298  -0.0074440361
       -0.0011952371  -0.0366678403   0.0005316825  -0.0007107120  -0.0001543235
       -0.0014365214   0.0028539727   0.0005830369   0.0001123075  -0.0000058274
        0.0000032559   0.0000650497   0.0000534326   0.0001182080  -0.0001833924
       -0.0000008613  -0.0000584411   0.0005454206  -0.0002860529  -0.0011419543
        0.0087733076  -0.0062373259  -0.0261995251   0.0033465803  -0.0456138320
       -0.0164890478  -0.0034917709   0.0528866792   0.0193418414  -0.0081711880
       -0.0007084731   0.0234978103  -0.0027966240  -0.0036195008   0.0019158171
        0.0005290427   0.0002224646   0.0008294920  -0.0003246070  -0.0000198408
       -0.0001817897  -0.0000313735  -0.0005270731  -0.0002594327  -0.0000041145
       -0.0000367623  -0.0000045973  -0.0009668053   0.0013051348   0.0009596199
       -0.0000050608   0.0000373126   0.0000635514   0.0001100792   0.0000946916
       -0.0003466069   0.0006432203   0.0023781040  -0.0008998061  -0.0005805360
        0.0033437095   0.0006553061  -0.0000936946   0.0008075772  -0.0007643794
        0.0031500364  -0.0043294462  -0.0015630790   0.0000910294   0.0000645916
        0.0000368730   0.0000214340   0.0000462757   0.0001112859  -0.0000421915
       -0.0003153836   0.0003443350  -0.0001567639   0.0002210971  -0.0010476681
        0.0046841281  -0.0038350453  -0.0104672299   0.0476931584  -0.0168767084
       -0.2334697261  -0.0423807176   0.0193418414   0.2839244600   0.0064345327
        0.0016087623  -0.0148081008   0.0012080981   0.0019199865  -0.0006571624
       -0.0004313562  -0.0002560094  -0.0001381857   0.0001574291   0.0001362858
        0.0005719593   0.0005458996  -0.0003380500  -0.0008991265  -0.0000521331
        0.0000001717   0.0000478481   0.0003100170   0.0007489736   0.0014107289
        0.0000911170   0.0000682894   0.0005335233  -0.0003343998  -0.0002158657
        0.0005029486  -0.0011652084  -0.0008333393   0.0017808523  -0.0165547364
       -0.0005602292  -0.0282563862  -0.0004246869   0.0003857143   0.0003820840
        0.0004892310  -0.0016595788   0.0000413882  -0.0001270052  -0.0000387118
       -0.0000546056   0.0000177101  -0.0000431268  -0.0001793655  -0.0000650722
        0.0002974632  -0.0007991336  -0.0000960053   0.0001491765   0.0005332297
        0.0075451014   0.0084467486  -0.0024549435  -0.0893624021  -0.0428312925
        0.0232024830  -0.0048076809  -0.0081711880   0.0064345327   0.4721116745
        0.0013628374  -0.0015113501  -0.0463132695  -0.0013362191   0.0249721363
       -0.1348915023  -0.0033765064  -0.0507257141  -0.0007055673   0.0004685764
       -0.0030023049  -0.0155810426   0.0120534609  -0.0053708766  -0.0006654811
        0.0012281985   0.0003650178  -0.0010917744  -0.0033323745   0.0004206769
        0.0006418936  -0.0008701549  -0.0014976290  -0.0357063024  -0.0152154001
       -0.0050256384  -0.0953348917   0.0423192239   0.0052100721  -0.0312202911
       -0.0260375298   0.0023480818  -0.0014110438   0.0031833777   0.0001434485
        0.0002979846   0.0008556469  -0.0003518024  -0.0006953963  -0.0002814049
        0.0003117836   0.0015009021   0.0005163519   0.0008754083  -0.0185224648
        0.0326904391   0.0080976687  -0.0057884460  -0.0016727912  -0.0024410509
       -0.0030880220  -0.0290268109   0.0066580725  -0.0548916371  -0.1145795872
        0.0279893742  -0.0006766340  -0.0007084731   0.0016087623   0.0013628374
        0.4526673461   0.0101058702  -0.0022859340  -0.0381667808  -0.0052893610
        0.0105633899  -0.0533025647  -0.0007215617  -0.0045760583   0.0012295548
       -0.0048819202   0.0228734351  -0.0041529402   0.0104695588   0.0025821817
       -0.0043978787  -0.0002908294  -0.0041927047   0.0022274642  -0.0011813800
       -0.0008432293   0.0003535919   0.0004928086  -0.0333956612  -0.0126348421
       -0.0039327605   0.0700583947  -0.1898855111  -0.0425341246  -0.0070983612
       -0.0061535811  -0.0012646047   0.0017565603  -0.0028280687  -0.0004693013
       -0.0006473279   0.0004880867   0.0005875270   0.0002855996   0.0001569067
       -0.0000466174  -0.0034284558   0.0001600387  -0.0005037569   0.0068997330
       -0.0012105243   0.0027766018  -0.0012581062  -0.0002354259   0.0004276422
       -0.0031869915  -0.0022266584   0.0021323002   0.0254656242   0.0313471670
       -0.0817510505   0.0173632338   0.0234978103  -0.0148081008  -0.0015113501
        0.0101058702   0.5091618214   0.0257413457  -0.0079058593  -0.2432700044
       -0.0483875045  -0.0034907275  -0.0986487849  -0.0271243440   0.0001630376
       -0.0227600260   0.0012558032   0.0034525955   0.0058148185   0.0006915321
       -0.0010330173   0.0004969260   0.0002710191  -0.0003621491  -0.0002352684
        0.0002903586  -0.0000568835  -0.0028869576   0.0115974050   0.0026536539
        0.0057019154   0.0159531492  -0.0487904822  -0.0684737928  -0.0122544729
       -0.0139378833   0.0042565608   0.0003442189  -0.0012586897   0.0003181815
       -0.0000989114  -0.0018762821   0.0002677830   0.0009070751  -0.0002593820
        0.0005561935  -0.0001416406  -0.0002667016   0.0019850242  -0.0032312453
        0.0109453888   0.0025369220  -0.0039443046  -0.0007008071  -0.0003944612
        0.0002327491   0.0005150728  -0.0001908452  -0.0035880228  -0.0035724921
        0.0196630269  -0.0018595546  -0.0027966240   0.0012080981  -0.0463132695
       -0.0022859340   0.0257413457   0.0568234181  -0.0056719936  -0.0354094418
        0.0001654682  -0.0006282520  -0.0268755556  -0.0046411644   0.0001036678
       -0.0032250837   0.0007264118  -0.0004237780  -0.0007066099   0.0001613199
       -0.0000871378   0.0003302839  -0.0002837566  -0.0001165050   0.0000591637
        0.0001605452   0.0001140374   0.0003388399   0.0024568361   0.0009014858
        0.0010321763  -0.0043694034   0.0124259417   0.0178245923   0.0014795309
        0.0006574746  -0.0004644440  -0.0000365020   0.0000897847  -0.0000919970
        0.0002765318   0.0000484014  -0.0000985383  -0.0010549955  -0.0000985694
       -0.0002416962  -0.0002649625  -0.0001002614  -0.0002230754  -0.0002711510
        0.0005553583   0.0012124286   0.0001999713   0.0003703227   0.0001173318
       -0.0005492441   0.0008010392   0.0014410595  -0.0052764907  -0.0021556560
        0.0234657145  -0.0027956554  -0.0036195008   0.0019199865  -0.0013362191
       -0.0381667808  -0.0079058593  -0.0056719936   0.0599772736   0.0170855972
       -0.0008565073   0.0010563943  -0.0009943538   0.0001121687   0.0001873704
        0.0001103332   0.0001511998   0.0003269772   0.0007347760  -0.0001269887
       -0.0000083854  -0.0001278130  -0.0000563004  -0.0002080180  -0.0002758991
       -0.0001472295  -0.0001097490  -0.0001471846   0.0005174209   0.0001809482
       -0.0002210496   0.0140474150  -0.0186093376  -0.0329672673   0.0013972853
        0.0007371890  -0.0007281252   0.0000791078   0.0002206847  -0.0002962581
       -0.0000035679  -0.0008042704  -0.0002131446   0.0002346836   0.0002197415
        0.0000347538  -0.0001294621  -0.0003976705  -0.0004245456   0.0002085078
        0.0002154970  -0.0006650342   0.0002018697   0.0001562535   0.0001743138
       -0.0001677934  -0.0006641928   0.0001265001   0.0043122458   0.0040201768
       -0.0166441076   0.0014620536   0.0019158171  -0.0006571624   0.0249721363
       -0.0052893610  -0.2432700044  -0.0354094418   0.0170855972   0.2878741215
       -0.0019749404   0.0002948661  -0.0205406191  -0.0028193289  -0.0000867207
       -0.0016776265   0.0002740489  -0.0003390776  -0.0015342070   0.0002988035
       -0.0001303850   0.0001611510  -0.0002929513   0.0002840390   0.0000728467
        0.0009659660  -0.0005115236   0.0013253300   0.0015298674   0.0003275313
        0.0022615612   0.0089288598  -0.0155201796  -0.0093802465  -0.0007034829
       -0.0003902462   0.0015540557  -0.0000604706  -0.0002556716   0.0002430148
       -0.0000587801   0.0004708857   0.0004341475  -0.0007297019   0.0000736205
       -0.0000254315  -0.0001760094  -0.0003840233  -0.0006668273  -0.0000923821
       -0.0003138637   0.0004231390  -0.0002586984  -0.0005872887  -0.0000796352
        0.0037331563  -0.0010123030   0.0000007791  -0.0195516867  -0.0073583018
       -0.0057118914   0.0003141792   0.0005290427  -0.0004313562  -0.1348915023
        0.0105633899  -0.0483875045   0.0001654682  -0.0008565073  -0.0019749404
        0.4542949468  -0.0032908523  -0.0206456828  -0.0436091296   0.0077200873
        0.0232851147  -0.0854705690   0.0425979310  -0.0016774564  -0.0163397193
        0.0244410477  -0.0009686411   0.0038169965  -0.0227407304   0.0004514397
       -0.0061048667   0.0097214018   0.0160126233  -0.1389382501  -0.0795016980
        0.0530064850  -0.0268655684   0.0094384412  -0.0081153391   0.0003001110
       -0.0020338061   0.0011575681  -0.0003347017   0.0002941155  -0.0000831073
       -0.0003106620  -0.0000785866  -0.0001285302   0.0004615262   0.0015427326
        0.0022079305   0.0128300028   0.0063794123  -0.0067002951  -0.0029070201
        0.0035946277  -0.0010066642  -0.0005927110   0.0000505559  -0.0002905318
        0.0008736358   0.0018092244  -0.0002738988  -0.0176853126  -0.0024713819
       -0.0081821769  -0.0001496306   0.0002224646  -0.0002560094  -0.0033765064
       -0.0533025647  -0.0034907275  -0.0006282520   0.0010563943   0.0002948661
       -0.0032908523   0.4622754663   0.0043274489   0.0074024990  -0.0464731289
       -0.0373953960   0.0478937378  -0.1204955276  -0.0172040240   0.0061904455
       -0.0056882048   0.0003283721  -0.0023749837  -0.0407434754   0.0041233177
        0.0075095617  -0.0099934143  -0.0118382030  -0.0522528016  -0.1410465654
        0.0420913463   0.0324780291  -0.0100271151   0.0119707598  -0.0029309781
       -0.0030970127   0.0011393915   0.0003765271   0.0004271914   0.0000738696
       -0.0000138900  -0.0002255336  -0.0000199223  -0.0013025493   0.0016599241
        0.0012382337  -0.0206758630  -0.0290032886   0.0136888969   0.0032606781
       -0.0046826372  -0.0001941310  -0.0013034944  -0.0002008150  -0.0004220138
       -0.0000424341  -0.0004703036   0.0003965827   0.0044757796  -0.0012712625
        0.0038334106   0.0015914553   0.0008294920  -0.0001381857  -0.0507257141
       -0.0007215617  -0.0986487849  -0.0268755556  -0.0009943538  -0.0205406191
       -0.0206456828   0.0043274489   0.5162480744   0.0248272288  -0.0357614257
       -0.2413427383  -0.0020070475  -0.0093100985  -0.0557179500  -0.0089921388
        0.0123693248   0.0016444455   0.0013246156   0.0124735567   0.0013263429
        0.0236171457  -0.0315392923  -0.0308736133   0.0448292074   0.0467852619
       -0.0791814304   0.0045216377   0.0021750463   0.0041911718   0.0021816850
        0.0017063200   0.0000145787   0.0001174400   0.0000750427  -0.0000476704
        0.0000496957  -0.0001813063  -0.0002712547   0.0016920730  -0.0023261846
       -0.0008375608  -0.0010234970   0.0030147427  -0.0012383526   0.0006521848
       -0.0013085514   0.0007327363   0.0004319213   0.0001281044   0.0004508173
       -0.0002522340   0.0000028994  -0.0000378632   0.0004919695   0.0005798863
       -0.0014365887  -0.0005109065  -0.0003246070   0.0001574291  -0.0007055673
       -0.0045760583  -0.0271243440  -0.0046411644   0.0001121687  -0.0028193289
       -0.0436091296   0.0074024990   0.0248272288   0.0595649588  -0.0010540230
       -0.0364886317  -0.0016692980   0.0035638893   0.0129039496  -0.0000126246
        0.0000403939   0.0006481415   0.0004143509  -0.0001575523  -0.0003822976
       -0.0016584973   0.0034449962   0.0027459843  -0.0098479191  -0.0077896959
        0.0256837274   0.0016619142  -0.0009428285   0.0012512084   0.0002326520
        0.0001060976   0.0005095064  -0.0000422103   0.0000108750  -0.0000129283
       -0.0001562687   0.0000962792   0.0000891796   0.0000732978  -0.0003586615
       -0.0001984587   0.0003954723   0.0000853420  -0.0001965484   0.0002707270
       -0.0001543074  -0.0001500137   0.0000004773  -0.0000875928   0.0000306481
       -0.0001119139  -0.0004005233  -0.0003140486  -0.0001925077   0.0000785638
       -0.0008315537  -0.0005234026  -0.0000198408   0.0001362858   0.0004685764
        0.0012295548   0.0001630376   0.0001036678   0.0001873704  -0.0000867207
        0.0077200873  -0.0464731289  -0.0357614257  -0.0010540230   0.0575734976
        0.0332566875   0.0040965042  -0.0045416439  -0.0230725715  -0.0002950303
        0.0007056956  -0.0004313018  -0.0003056419   0.0012752497   0.0005699365
        0.0038855959  -0.0058791183  -0.0044650724  -0.0132866697  -0.0043470605
        0.0282820716  -0.0003814074   0.0005005585   0.0002629531   0.0003023341
       -0.0000202542   0.0003986395   0.0000488957  -0.0000159244   0.0000266682
        0.0001396544   0.0000986070   0.0002104491  -0.0003132948  -0.0001572336
        0.0002294078  -0.0002750367   0.0002656793   0.0014867490  -0.0000483887
       -0.0000388503  -0.0000164002   0.0000220007  -0.0000211987  -0.0000437912
       -0.0001215232  -0.0004872483  -0.0003990483   0.0004018631   0.0001969484
       -0.0004335173  -0.0004372080  -0.0001817897   0.0005719593  -0.0030023049
       -0.0048819202  -0.0227600260  -0.0032250837   0.0001103332  -0.0016776265
        0.0232851147  -0.0373953960  -0.2413427383  -0.0364886317   0.0332566875
        0.2885094098   0.0017628475  -0.0023098909  -0.0087075162   0.0000057966
        0.0003840417   0.0004776893  -0.0006726339   0.0001503169   0.0009826427
        0.0014799091  -0.0019214136  -0.0001555431   0.0148840980   0.0120653957
       -0.0180527697   0.0007927168  -0.0000557914   0.0021904344   0.0003703505
        0.0001010393   0.0006806402   0.0000379930   0.0000601407   0.0000146770
        0.0000341865   0.0002168183   0.0001798365  -0.0002565702   0.0005139105
        0.0000599063   0.0004437100   0.0001788161   0.0000902089   0.0006850576
        0.0000590749  -0.0001572664   0.0000203121  -0.0000600732  -0.0000713526
       -0.0368780330  -0.0259862250   0.0036782817   0.0000102634  -0.0003123191
       -0.0000663360  -0.0003995011  -0.0000313735   0.0005458996  -0.0155810426
        0.0228734351   0.0012558032   0.0007264118   0.0001511998   0.0002740489
       -0.0854705690   0.0478937378  -0.0020070475  -0.0016692980   0.0040965042
        0.0017628475   0.4898675262   0.0083475633   0.0576833330  -0.1768591506
        0.0204437142  -0.0979457741  -0.1028357907  -0.0517626045   0.0026252612
       -0.0615488669  -0.0031081322   0.0171017034   0.0049490581  -0.0185828862
        0.0013653637  -0.0061190183  -0.0006351511  -0.0023672866   0.0021391590
       -0.0005840846   0.0009056795  -0.0058284986  -0.0011660199  -0.0027878458
        0.0020172581   0.0002248333   0.0011367492  -0.0035921807  -0.0016189697
        0.0158184894  -0.0013209222  -0.0022192709   0.0013941964  -0.0010744787
        0.0018660036  -0.0002852943  -0.0005323262   0.0001100452  -0.0000880724
       -0.0185820588  -0.0039924448  -0.0096478750   0.0000183034   0.0037890305
       -0.0000055192   0.0000253237  -0.0005270731  -0.0003380500   0.0120534609
       -0.0041529402   0.0034525955  -0.0004237780   0.0003269772  -0.0003390776
        0.0425979310  -0.1204955276  -0.0093100985   0.0035638893  -0.0045416439
       -0.0023098909   0.0083475633   0.4436622327  -0.0130158334   0.0162372738
       -0.0431749355   0.0109372600  -0.0650901217  -0.1643960115   0.0445038384
        0.0080731038  -0.0762342202  -0.0556208456   0.0037193908  -0.0304770672
        0.0015112320  -0.0027182080   0.0010637050  -0.0002330387   0.0008866186
       -0.0021879005   0.0001535677  -0.0012574621   0.0002314008  -0.0004970511
        0.0003814322   0.0005470840   0.0010205794  -0.0062334399   0.0040621017
        0.0297575414  -0.0011367554  -0.0042805292   0.0000571418   0.0002281841
        0.0005650824  -0.0001742193  -0.0006906507   0.0002126793   0.0000977431
       -0.0029945985  -0.0161832977   0.0088882870   0.0014183880   0.0007413697
        0.0015428506   0.0008363392  -0.0002594327  -0.0008991265  -0.0053708766
        0.0104695588   0.0058148185  -0.0007066099   0.0007347760  -0.0015342070
       -0.0016774564  -0.0172040240  -0.0557179500   0.0129039496  -0.0230725715
       -0.0087075162   0.0576833330  -0.0130158334   0.4609646336  -0.0947447526
        0.0111922915  -0.1000140622   0.0094867084   0.0494134709  -0.0800779673
        0.0292045691  -0.0211991883  -0.2075849569  -0.0013416748   0.0088635333
       -0.0039743642  -0.0034772999   0.0010253036  -0.0027660370  -0.0006889866
       -0.0000039405  -0.0014687480  -0.0035283937  -0.0002026786  -0.0013752257
       -0.0014906762  -0.0016606395  -0.0007257377   0.0036634337   0.0077366924
       -0.0138546936   0.0012544572   0.0019087857   0.0005907383  -0.0006608846
        0.0006779976   0.0005202579   0.0002310317   0.0000378267   0.0003790060
       -0.0033896053  -0.0041931269   0.0004698635   0.0005013923  -0.0002134593
       -0.0000719303  -0.0000229224  -0.0000041145  -0.0000521331  -0.0006654811
        0.0025821817   0.0006915321   0.0001613199  -0.0001269887   0.0002988035
       -0.0163397193   0.0061904455  -0.0089921388  -0.0000126246  -0.0002950303
        0.0000057966  -0.1768591506   0.0162372738  -0.0947447526   0.2151148892
       -0.0123398851   0.1115803099  -0.0274348132  -0.0071014489  -0.0104260143
        0.0092435825  -0.0005570005   0.0008725499   0.0007998400  -0.0003786003
        0.0004099995  -0.0009012305   0.0003614128  -0.0002327745   0.0001860828
        0.0000975220   0.0001052063  -0.0009048140   0.0000146141  -0.0005055660
        0.0002644092   0.0001184959   0.0005616373   0.0001072787  -0.0001553394
        0.0001349705   0.0000846378  -0.0002350963  -0.0001119592  -0.0000785756
        0.0000573844  -0.0000117787   0.0001455045  -0.0000592402   0.0000183785
       -0.0039480361  -0.0032407842   0.0014737098   0.0000517171  -0.0004794519
       -0.0000912949   0.0000083099  -0.0000367623   0.0000001717   0.0012281985
       -0.0043978787  -0.0010330173  -0.0000871378  -0.0000083854  -0.0001303850
        0.0244410477  -0.0056882048   0.0123693248   0.0000403939   0.0007056956
        0.0003840417   0.0204437142  -0.0431749355   0.0111922915  -0.0123398851
        0.0535366342  -0.0095085964  -0.0269428088  -0.0026622533  -0.0124458269
       -0.0026045348   0.0042487705  -0.0024041832  -0.0007441957   0.0012452956
       -0.0006112034   0.0016770195  -0.0002850135   0.0005620293  -0.0002394603
        0.0001910170  -0.0000073518  -0.0011281924  -0.0000934280  -0.0005546174
        0.0002359549  -0.0000158383   0.0002493289  -0.0003748322   0.0002711819
        0.0005109183  -0.0000732149   0.0002414863   0.0000211846   0.0002597453
       -0.0003493243   0.0000669674   0.0000961971  -0.0000078210  -0.0000434917
        0.0005734158   0.0011493251   0.0011170296  -0.0001331520  -0.0000248816
       -0.0000592760  -0.0000241371  -0.0000045973   0.0000478481   0.0003650178
       -0.0002908294   0.0004969260   0.0003302839  -0.0001278130   0.0001611510
       -0.0009686411   0.0003283721   0.0016444455   0.0006481415  -0.0004313018
        0.0004776893  -0.0979457741   0.0109372600  -0.1000140622   0.1115803099
       -0.0095085964   0.1394709840   0.0026278224  -0.0013923660   0.0037686257
       -0.0179978903  -0.0005266634  -0.0468022911   0.0003770390  -0.0000292117
        0.0003020574   0.0000075340   0.0000226998   0.0001652935   0.0000855973
        0.0000185476   0.0001112338   0.0003119532   0.0000628439   0.0001537797
        0.0005441660   0.0002031473   0.0001263242  -0.0005967925  -0.0000778667
       -0.0009372082   0.0001035622  -0.0002599255  -0.0001505885   0.0000875434
       -0.0000413096  -0.0000568638   0.0000240008  -0.0000068337  -0.0000230982
       -0.1602203189   0.0109371701  -0.0792016098  -0.0318907911   0.0057393441
       -0.0156028412   0.0015621379  -0.0009668053   0.0003100170  -0.0010917744
       -0.0041927047   0.0002710191  -0.0002837566  -0.0000563004  -0.0002929513
        0.0038169965  -0.0023749837   0.0013246156   0.0004143509  -0.0003056419
       -0.0006726339  -0.1028357907  -0.0650901217   0.0094867084  -0.0274348132
       -0.0269428088   0.0026278224   0.3703952548   0.0974949099   0.0823674700
       -0.0106529793  -0.0183778485   0.0249321976   0.0017030390   0.0009759004
       -0.0006634739   0.0013483131   0.0012368381  -0.0000327396  -0.0102987997
        0.0089322513  -0.0022512803  -0.0243545115  -0.0068464559  -0.0090761529
       -0.0088724623  -0.0013797156  -0.0168275561  -0.0024201508   0.0020925013
        0.0031066524  -0.0003502365  -0.0001009926  -0.0001805139   0.0000444388
       -0.0008748868   0.0002225286   0.0014218540   0.0001003504   0.0001527218
       -0.0006661400  -0.0674224047   0.0141959963   0.0227983766   0.0013755656
        0.0124341572  -0.0009907762   0.0013051348   0.0007489736  -0.0033323745
        0.0022274642  -0.0003621491  -0.0001165050  -0.0002080180   0.0002840390
       -0.0227407304  -0.0407434754   0.0124735567  -0.0001575523   0.0012752497
        0.0001503169  -0.0517626045  -0.1643960115   0.0494134709  -0.0071014489
       -0.0026622533  -0.0013923660   0.0974949099   0.2925311692  -0.0973895989
       -0.0120536927  -0.0063440144   0.0201933713   0.0040102045  -0.0118897114
        0.0001970963   0.0005130099   0.0012591801  -0.0003190279   0.0072671396
       -0.0048266352   0.0016400269  -0.0262481027  -0.0029052287  -0.0124452552
       -0.0035893202   0.0026213926  -0.0025434807  -0.0017730149   0.0013212777
        0.0021828567  -0.0015726942  -0.0019716466   0.0007566436  -0.0001923679
       -0.0000288455   0.0001408143   0.0002136838  -0.0005181892  -0.0003594417
       -0.0683740036   0.0234877381  -0.1120496831  -0.0069283799   0.0032568326
        0.0006588745  -0.0004855337   0.0009596199   0.0014107289   0.0004206769
       -0.0011813800  -0.0002352684   0.0000591637  -0.0002758991   0.0000728467
        0.0004514397   0.0041233177   0.0013263429  -0.0003822976   0.0005699365
        0.0009826427   0.0026252612   0.0445038384  -0.0800779673  -0.0104260143
       -0.0124458269   0.0037686257   0.0823674700  -0.0973895989   0.2310133097
        0.0288038896   0.0358051695  -0.0210864018  -0.0000427371   0.0002305999
        0.0016965772  -0.0000185135   0.0001727787   0.0004720685  -0.0015575054
        0.0013108768   0.0014261418   0.0069199225  -0.0008170603   0.0059234825
       -0.0383469211  -0.0015460407  -0.0261748554   0.0042878684  -0.0006434804
       -0.0081361393   0.0000412950   0.0001089666  -0.0002887157   0.0001617165
       -0.0001306129  -0.0001866736   0.0004232027  -0.0000997756  -0.0005159365
       -0.0012351014   0.0002145025   0.0003120687   0.0007577747  -0.0000478989
        0.0000046170   0.0000052452  -0.0000050608   0.0000911170   0.0006418936
       -0.0008432293   0.0002903586   0.0001605452  -0.0001472295   0.0009659660
       -0.0061048667   0.0075095617   0.0236171457  -0.0016584973   0.0038855959
        0.0014799091  -0.0615488669   0.0080731038   0.0292045691   0.0092435825
       -0.0026045348  -0.0179978903  -0.0106529793  -0.0120536927   0.0288038896
        0.1337927620   0.1429074032  -0.1064109085   0.0032180477  -0.0013147767
       -0.0005716814  -0.0001692137   0.0009876305   0.0004795970  -0.0004600641
        0.0001119784  -0.0000533972   0.0006273874   0.0002078137   0.0006406168
       -0.0007215855   0.0001950835   0.0010758054  -0.0660561586  -0.1458426806
        0.0385443837  -0.0003944666  -0.0007649255  -0.0004502799   0.0002678470
       -0.0003810763  -0.0000558255   0.0002867149  -0.0000875678   0.0000299393
        0.0006103085   0.0007872878   0.0009721400  -0.0000261765  -0.0007978091
       -0.0000434551  -0.0000139455   0.0000373126   0.0000682894  -0.0008701549
        0.0003535919  -0.0000568835   0.0001140374  -0.0001097490  -0.0005115236
        0.0097214018  -0.0099934143  -0.0315392923   0.0034449962  -0.0058791183
       -0.0019214136  -0.0031081322  -0.0762342202  -0.0211991883  -0.0005570005
        0.0042487705  -0.0005266634  -0.0183778485  -0.0063440144   0.0358051695
        0.1429074032   0.4409482809  -0.0402943228   0.0016768135  -0.0026519534
       -0.0040041295   0.0001862770   0.0002035909  -0.0002722164  -0.0000576060
        0.0004531198   0.0000991174   0.0004910064   0.0002315914  -0.0001402519
       -0.0002634164  -0.0002507170  -0.0003373496  -0.1360830858  -0.3458284651
        0.0647091853   0.0001034666   0.0007874456  -0.0008665785  -0.0000972101
        0.0000693265   0.0001675035   0.0001988657  -0.0000308569  -0.0001081366
       -0.0023313265  -0.0001164111  -0.0003783848  -0.0006122871  -0.0003635733
       -0.0006862851  -0.0006414060   0.0000635514   0.0005335233  -0.0014976290
        0.0004928086  -0.0028869576   0.0003388399  -0.0001471846   0.0013253300
        0.0160126233  -0.0118382030  -0.0308736133   0.0027459843  -0.0044650724
       -0.0001555431   0.0171017034  -0.0556208456  -0.2075849569   0.0008725499
       -0.0024041832  -0.0468022911   0.0249321976   0.0201933713  -0.0210864018
       -0.1064109085  -0.0402943228   0.3577938856  -0.0020314401   0.0027405387
        0.0046856910   0.0000704591  -0.0000464965   0.0016271360   0.0007396013
        0.0001228425   0.0011407756  -0.0004322549  -0.0003065242   0.0003217695
        0.0011804027   0.0003249039   0.0017112293   0.0499097875   0.0907201431
       -0.0574248699  -0.0000292089   0.0009472375  -0.0006478048   0.0002012031
        0.0000316325  -0.0002771228  -0.0001188913  -0.0000342129  -0.0003351090
       -0.0011509312   0.0008831314  -0.0000908874  -0.0058353800   0.0019028267
       -0.0043059395   0.0002865167   0.0001100792  -0.0003343998  -0.0357063024
       -0.0333956612   0.0115974050   0.0024568361   0.0005174209   0.0015298674
       -0.1389382501  -0.0522528016   0.0448292074  -0.0098479191  -0.0132866697
        0.0148840980   0.0049490581   0.0037193908  -0.0013416748   0.0007998400
       -0.0007441957   0.0003770390   0.0017030390   0.0040102045  -0.0000427371
        0.0032180477   0.0016768135  -0.0020314401   0.3410380705  -0.0798275885
       -0.0809535019   0.0010195935  -0.0000348904   0.0008051274  -0.0026382228
       -0.0026080274  -0.0001159709   0.0000636782   0.0000276270   0.0000645056
        0.0000158291   0.0000346093   0.0000482367  -0.0018906961  -0.0012695831
       -0.0008566425  -0.1597771133   0.1714995163   0.0158712483   0.0009055921
       -0.0006973420   0.0001246216  -0.0006712859  -0.0002648599  -0.0000581623
        0.0005779632   0.0007205885   0.0004356987  -0.0011703214   0.0018339139
       -0.0016550187   0.0004016353   0.0000946916  -0.0002158657  -0.0152154001
       -0.0126348421   0.0026536539   0.0009014858   0.0001809482   0.0003275313
       -0.0795016980  -0.1410465654   0.0467852619  -0.0077896959  -0.0043470605
        0.0120653957  -0.0185828862  -0.0304770672   0.0088635333  -0.0003786003
        0.0012452956  -0.0000292117   0.0009759004  -0.0118897114   0.0002305999
       -0.0013147767  -0.0026519534   0.0027405387  -0.0798275885   0.5046702770
       -0.0698069662   0.0023973196   0.0036221934   0.0003311842  -0.0016851713
       -0.0006964725  -0.0002438621   0.0000855147   0.0001746845   0.0000580789
        0.0000558318   0.0001169367   0.0000513050   0.0000208385   0.0014356250
       -0.0000242810   0.1995198975  -0.3098429807  -0.0027272435   0.0004957231
       -0.0003489016   0.0001591209   0.0000340285  -0.0001595996   0.0000005464
       -0.0000859085  -0.0002529252  -0.0006416395  -0.0019847517  -0.0004199976
       -0.0002653900  -0.0006889782  -0.0003466069   0.0005029486  -0.0050256384
       -0.0039327605   0.0057019154   0.0010321763  -0.0002210496   0.0022615612
        0.0530064850   0.0420913463  -0.0791814304   0.0256837274   0.0282820716
       -0.0180527697   0.0013653637   0.0015112320  -0.0039743642   0.0004099995
       -0.0006112034   0.0003020574  -0.0006634739   0.0001970963   0.0016965772
       -0.0005716814  -0.0040041295   0.0046856910  -0.0809535019  -0.0698069662
        0.0964713082  -0.0009785247  -0.0008554293   0.0019778191   0.0001253058
       -0.0001588638   0.0007524274  -0.0000263343  -0.0000756091   0.0000821245
        0.0000952164   0.0001992945   0.0002260749  -0.0015570999   0.0019448807
       -0.0003652931   0.0109448785   0.0063987145  -0.0113798506   0.0000293226
        0.0001924309  -0.0006233723  -0.0001565823  -0.0001315256  -0.0001763951
       -0.0006231113  -0.0023564567  -0.0001000178   0.0042218723  -0.0059649365
       -0.0039132648   0.0007385616   0.0006432203  -0.0011652084  -0.0953348917
        0.0700583947   0.0159531492  -0.0043694034   0.0140474150   0.0089288598
       -0.0268655684   0.0324780291   0.0045216377   0.0016619142  -0.0003814074
        0.0007927168  -0.0061190183  -0.0027182080  -0.0034772999  -0.0009012305
        0.0016770195   0.0000075340   0.0013483131   0.0005130099  -0.0000185135
       -0.0001692137   0.0001862770   0.0000704591   0.0010195935   0.0023973196
       -0.0009785247   0.5072216474  -0.0491717120   0.1163791107   0.0021006004
       -0.0034948031  -0.0000796884   0.0002048409  -0.0002920726  -0.0000969462
       -0.0000400952  -0.0004467854   0.0000114013   0.0004670794   0.0000209014
       -0.0001732276   0.0013450488  -0.0007955952   0.0004688042  -0.3858309842
       -0.0563908163  -0.1373956220  -0.0000759547  -0.0000087936   0.0002646405
       -0.0076995779  -0.0063370390   0.0024539496   0.0162214787  -0.0499701446
       -0.0057357584   0.0008860836   0.0023781040  -0.0008333393   0.0423192239
       -0.1898855111  -0.0487904822   0.0124259417  -0.0186093376  -0.0155201796
        0.0094384412  -0.0100271151   0.0021750463  -0.0009428285   0.0005005585
       -0.0000557914  -0.0006351511   0.0010637050   0.0010253036   0.0003614128
       -0.0002850135   0.0000226998   0.0012368381   0.0012591801   0.0001727787
        0.0009876305   0.0002035909  -0.0000464965  -0.0000348904   0.0036221934
       -0.0008554293  -0.0491717120   0.3071243478   0.0899175221   0.0001034777
        0.0028651459  -0.0010097526   0.0012556608  -0.0024511102  -0.0001853016
       -0.0003374982   0.0005084570   0.0005379732  -0.0004252783  -0.0004763962
       -0.0000322274   0.0018520676  -0.0003333727   0.0000246161  -0.0291527587
       -0.0414775717  -0.0235486646   0.0013114386   0.0003273294   0.0002835335
        0.0006378859   0.0009540798   0.0002415981  -0.0020930711   0.0050634540
        0.0037891648  -0.0012165298  -0.0008998061   0.0017808523   0.0052100721
       -0.0425341246  -0.0684737928   0.0178245923  -0.0329672673  -0.0093802465
       -0.0081153391   0.0119707598   0.0041911718   0.0012512084   0.0002629531
        0.0021904344  -0.0023672866  -0.0002330387  -0.0027660370  -0.0002327745
        0.0005620293   0.0001652935  -0.0000327396  -0.0003190279   0.0004720685
        0.0004795970  -0.0002722164   0.0016271360   0.0008051274   0.0003311842
        0.0019778191   0.1163791107   0.0899175221   0.1209233077  -0.0003031968
        0.0001599207   0.0019708304  -0.0001953534   0.0001004174   0.0002599077
       -0.0001807784   0.0006507233   0.0002831015  -0.0006731111   0.0001682756
       -0.0002339749  -0.0001989992  -0.0003688433  -0.0019013499  -0.1272550632
       -0.0323170639  -0.0566143703   0.0002766491  -0.0002299313  -0.0005029144
       -0.0280326974   0.0027848221  -0.0157012413  -0.1723801815   0.0173201954
       -0.0849450249  -0.0074440361  -0.0005805360  -0.0165547364  -0.0312202911
       -0.0070983612  -0.0122544729   0.0014795309   0.0013972853  -0.0007034829
        0.0003001110  -0.0029309781   0.0021816850   0.0002326520   0.0003023341
        0.0003703505   0.0021391590   0.0008866186  -0.0006889866   0.0001860828
       -0.0002394603   0.0000855973  -0.0102987997   0.0072671396  -0.0015575054
       -0.0004600641  -0.0000576060   0.0007396013  -0.0026382228  -0.0016851713
        0.0001253058   0.0021006004   0.0001034777  -0.0003031968   0.3743189209
        0.1702142709   0.0854626015   0.0015053593  -0.0006029632  -0.0000286159
        0.0015129214  -0.0013080573  -0.0001567985   0.0001446265  -0.0000330526
       -0.0003284622  -0.0000321822   0.0003603153  -0.0000490398  -0.0002429740
       -0.0010922917   0.0003417915  -0.1311705152  -0.1850079813   0.0439646305
        0.0231796847  -0.0000414428   0.0141419689  -0.0053448914  -0.0668980946
        0.0101416900  -0.0011952371   0.0033437095  -0.0005602292  -0.0260375298
       -0.0061535811  -0.0139378833   0.0006574746   0.0007371890  -0.0003902462
       -0.0020338061  -0.0030970127   0.0017063200   0.0001060976  -0.0000202542
        0.0001010393  -0.0005840846  -0.0021879005  -0.0000039405   0.0000975220
        0.0001910170   0.0000185476   0.0089322513  -0.0048266352   0.0013108768
        0.0001119784   0.0004531198   0.0001228425  -0.0026080274  -0.0006964725
       -0.0001588638  -0.0034948031   0.0028651459   0.0001599207   0.1702142709
        0.3846381902  -0.1169303739   0.0000980754   0.0013393854  -0.0001581974
       -0.0015157024   0.0014328262   0.0010175142   0.0001149913  -0.0000970185
       -0.0001053165   0.0002086221   0.0001952693  -0.0000021749   0.0015632190
        0.0012473668  -0.0000140936  -0.1624701053  -0.3124248070   0.1035405993
       -0.0054244900   0.0002325226   0.0005905975  -0.0745994028   0.0247120108
       -0.1108808457  -0.0366678403   0.0006553061  -0.0282563862   0.0023480818
       -0.0012646047   0.0042565608  -0.0004644440  -0.0007281252   0.0015540557
        0.0011575681   0.0011393915   0.0000145787   0.0005095064   0.0003986395
        0.0006806402   0.0009056795   0.0001535677  -0.0014687480   0.0001052063
       -0.0000073518   0.0001112338  -0.0022512803   0.0016400269   0.0014261418
       -0.0000533972   0.0000991174   0.0011407756  -0.0001159709  -0.0002438621
        0.0007524274  -0.0000796884  -0.0010097526   0.0019708304   0.0854626015
       -0.1169303739   0.1734140332   0.0006730702  -0.0003526121  -0.0002274216
       -0.0005636223   0.0008782572   0.0014404380  -0.0001310611  -0.0000832304
       -0.0002632861   0.0000822395   0.0000809751  -0.0002887744   0.0002034215
        0.0000920184  -0.0018639221   0.0289038225   0.0905380794  -0.0441029290
       -0.0847689255  -0.0807354425   0.0395329898   0.0061664036   0.0116950982
       -0.0045662714   0.0005316825  -0.0000936946  -0.0004246869  -0.0014110438
        0.0017565603   0.0003442189  -0.0000365020   0.0000791078  -0.0000604706
       -0.0003347017   0.0003765271   0.0001174400  -0.0000422103   0.0000488957
        0.0000379930  -0.0058284986  -0.0012574621  -0.0035283937  -0.0009048140
       -0.0011281924   0.0003119532  -0.0243545115  -0.0262481027   0.0069199225
        0.0006273874   0.0004910064  -0.0004322549   0.0000636782   0.0000855147
       -0.0000263343   0.0002048409   0.0012556608  -0.0001953534   0.0015053593
        0.0000980754   0.0006730702   0.1109976782   0.1004450442  -0.0434213446
       -0.0022460277  -0.0064778000   0.0049939402   0.0000861515   0.0000468982
       -0.0002201536   0.0000218941  -0.0000054412  -0.0000295325   0.0000795304
        0.0000116989   0.0000583537  -0.0003573709  -0.0004439523  -0.0000850858
       -0.0852180907  -0.1915936059   0.0691405722  -0.0100266023  -0.0263282095
        0.0092658647  -0.0007107120   0.0008075772   0.0003857143   0.0031833777
       -0.0028280687  -0.0012586897   0.0000897847   0.0002206847  -0.0002556716
        0.0002941155   0.0004271914   0.0000750427   0.0000108750  -0.0000159244
        0.0000601407  -0.0011660199   0.0002314008  -0.0002026786   0.0000146141
       -0.0000934280   0.0000628439  -0.0068464559  -0.0029052287  -0.0008170603
        0.0002078137   0.0002315914  -0.0003065242   0.0000276270   0.0001746845
       -0.0000756091  -0.0002920726  -0.0024511102   0.0001004174  -0.0006029632
        0.0013393854  -0.0003526121   0.1004450442   0.2217748420  -0.0772849643
       -0.0003772811   0.0007426646   0.0012816145   0.0001819150   0.0000366873
       -0.0001288518   0.0000981925   0.0001352637   0.0000212632  -0.0001940964
        0.0000704154  -0.0000124542   0.0008809346   0.0000231870   0.0003016421
        0.0426986951   0.0720105225  -0.0771460215  -0.0018969044  -0.0043749635
        0.0022393867  -0.0001543235  -0.0007643794   0.0003820840   0.0001434485
       -0.0004693013   0.0003181815  -0.0000919970  -0.0002962581   0.0002430148
       -0.0000831073   0.0000738696  -0.0000476704  -0.0000129283   0.0000266682
        0.0000146770  -0.0027878458  -0.0004970511  -0.0013752257  -0.0005055660
       -0.0005546174   0.0001537797  -0.0090761529  -0.0124452552   0.0059234825
        0.0006406168  -0.0001402519   0.0003217695   0.0000645056   0.0000580789
        0.0000821245  -0.0000969462  -0.0001853016   0.0002599077  -0.0000286159
       -0.0001581974  -0.0002274216  -0.0434213446  -0.0772849643   0.0832590553
        0.0152473547   0.0246159636  -0.0145705014  -0.0001992679   0.0000941568
        0.0000399759  -0.0000293414  -0.0000355424  -0.0000364587   0.0000639069
       -0.0000067825  -0.0000370730  -0.0004741864   0.0003336066   0.0002029333
       -0.0463910570   0.0024122256   0.0459913195  -0.0037771842   0.0048819099
        0.0162105657  -0.0014365214   0.0031500364   0.0004892310   0.0002979846
       -0.0006473279  -0.0000989114   0.0002765318  -0.0000035679  -0.0000587801
       -0.0003106620  -0.0000138900   0.0000496957  -0.0001562687   0.0001396544
        0.0000341865   0.0020172581   0.0003814322  -0.0014906762   0.0002644092
        0.0002359549   0.0005441660  -0.0088724623  -0.0035893202  -0.0383469211
       -0.0007215855  -0.0002634164   0.0011804027   0.0000158291   0.0000558318
        0.0000952164  -0.0000400952  -0.0003374982  -0.0001807784   0.0015129214
       -0.0015157024  -0.0005636223  -0.0022460277  -0.0003772811   0.0152473547
        0.0599274961  -0.0049780905  -0.0393963404   0.0001487101   0.0001769872
       -0.0002448035  -0.0000012496  -0.0000144551  -0.0000076464  -0.0000189387
        0.0000350636   0.0001128842  -0.0004890880   0.0002714536   0.0004334575
        0.0034455451  -0.0475236284  -0.0186581663   0.0069705049  -0.0060976570
       -0.0260264603   0.0028539727  -0.0043294462  -0.0016595788   0.0008556469
        0.0004880867  -0.0018762821   0.0000484014  -0.0008042704   0.0004708857
       -0.0000785866  -0.0002255336  -0.0001813063   0.0000962792   0.0000986070
        0.0002168183   0.0002248333   0.0005470840  -0.0016606395   0.0001184959
       -0.0000158383   0.0002031473  -0.0013797156   0.0026213926  -0.0015460407
        0.0001950835  -0.0002507170   0.0003249039   0.0000346093   0.0001169367
        0.0001992945  -0.0004467854   0.0005084570   0.0006507233  -0.0013080573
        0.0014328262   0.0008782572  -0.0064778000   0.0007426646   0.0246159636
       -0.0049780905   0.0528782839   0.0242842291  -0.0002161455  -0.0000792276
       -0.0001115928  -0.0000077508  -0.0000128915  -0.0000755080   0.0000295221
        0.0000691564  -0.0001271376   0.0000200373  -0.0001642849   0.0000784895
        0.0437469882  -0.0202100669  -0.2473788378   0.0045711401  -0.0045277361
       -0.0108470077   0.0005830369  -0.0015630790   0.0000413882  -0.0003518024
        0.0005875270   0.0002677830  -0.0000985383  -0.0002131446   0.0004341475
       -0.0001285302  -0.0000199223  -0.0002712547   0.0000891796   0.0002104491
        0.0001798365   0.0011367492   0.0010205794  -0.0007257377   0.0005616373
        0.0002493289   0.0001263242  -0.0168275561  -0.0025434807  -0.0261748554
        0.0010758054  -0.0003373496   0.0017112293   0.0000482367   0.0000513050
        0.0002260749   0.0000114013   0.0005379732   0.0002831015  -0.0001567985
        0.0010175142   0.0014404380   0.0049939402   0.0012816145  -0.0145705014
       -0.0393963404   0.0242842291   0.2958092993  -0.0002365884   0.0004066795
        0.0000683244  -0.0000181306   0.0000353787  -0.0000827558   0.0000055577
       -0.0000396603  -0.0001181094   0.0003906122  -0.0002281392  -0.0004188866
        0.0003490614  -0.0003602686   0.0006260610  -0.0004020824  -0.0002608348
        0.0001872074   0.0001123075   0.0000910294  -0.0001270052  -0.0006953963
        0.0002855996   0.0009070751  -0.0010549955   0.0002346836  -0.0007297019
        0.0004615262  -0.0013025493   0.0016920730   0.0000732978  -0.0003132948
       -0.0002565702  -0.0035921807  -0.0062334399   0.0036634337   0.0001072787
       -0.0003748322  -0.0005967925  -0.0024201508  -0.0017730149   0.0042878684
       -0.0660561586  -0.1360830858   0.0499097875  -0.0018906961   0.0000208385
       -0.0015570999   0.0004670794  -0.0004252783  -0.0006731111   0.0001446265
        0.0001149913  -0.0001310611   0.0000861515   0.0001819150  -0.0001992679
        0.0001487101  -0.0002161455  -0.0002365884   0.0737916921   0.1458025209
       -0.0573846326   0.0004979921   0.0004472208   0.0004594086  -0.0001313196
        0.0001079145   0.0001429827   0.0000032567   0.0000560305   0.0000159334
       -0.0003653145  -0.0000874532  -0.0003625524  -0.0001231993   0.0001127020
        0.0000836388  -0.0000058274   0.0000645916  -0.0000387118  -0.0002814049
        0.0001569067  -0.0002593820  -0.0000985694   0.0002197415   0.0000736205
        0.0015427326   0.0016599241  -0.0023261846  -0.0003586615  -0.0001572336
        0.0005139105  -0.0016189697   0.0040621017   0.0077366924  -0.0001553394
        0.0002711819  -0.0000778667   0.0020925013   0.0013212777  -0.0006434804
       -0.1458426806  -0.3458284651   0.0907201431  -0.0012695831   0.0014356250
        0.0019448807   0.0000209014  -0.0004763962   0.0001682756  -0.0000330526
       -0.0000970185  -0.0000832304   0.0000468982   0.0000366873   0.0000941568
        0.0001769872  -0.0000792276   0.0004066795   0.1458025209   0.3375287281
       -0.0985614570   0.0004578008  -0.0001416569   0.0006515286   0.0000523488
       -0.0000065414  -0.0000915198  -0.0000400888   0.0000045248   0.0000508586
       -0.0000531360  -0.0001323530   0.0002910233   0.0002753087   0.0001959424
        0.0000812276   0.0000032559   0.0000368730  -0.0000546056   0.0003117836
       -0.0000466174   0.0005561935  -0.0002416962   0.0000347538  -0.0000254315
        0.0022079305   0.0012382337  -0.0008375608  -0.0001984587   0.0002294078
        0.0000599063   0.0158184894   0.0297575414  -0.0138546936   0.0001349705
        0.0005109183  -0.0009372082   0.0031066524   0.0021828567  -0.0081361393
        0.0385443837   0.0647091853  -0.0574248699  -0.0008566425  -0.0000242810
       -0.0003652931  -0.0001732276  -0.0000322274  -0.0002339749  -0.0003284622
       -0.0001053165  -0.0002632861  -0.0002201536  -0.0001288518   0.0000399759
       -0.0002448035  -0.0001115928   0.0000683244  -0.0573846326  -0.0985614570
        0.0803209567  -0.0005697872   0.0002648558   0.0006028317  -0.0000867707
       -0.0000093722   0.0000456509  -0.0000450041  -0.0000084992   0.0000669727
        0.0004460995  -0.0000244670   0.0001456626   0.0000319519   0.0001950659
        0.0000606595   0.0000650497   0.0000214340   0.0000177101   0.0015009021
       -0.0034284558  -0.0001416406  -0.0002649625  -0.0001294621  -0.0001760094
        0.0128300028  -0.0206758630  -0.0010234970   0.0003954723  -0.0002750367
        0.0004437100  -0.0013209222  -0.0011367554   0.0012544572   0.0000846378
       -0.0000732149   0.0001035622  -0.0003502365  -0.0015726942   0.0000412950
       -0.0003944666   0.0001034666  -0.0000292089  -0.1597771133   0.1995198975
        0.0109448785   0.0013450488   0.0018520676  -0.0001989992  -0.0000321822
        0.0002086221   0.0000822395   0.0000218941   0.0000981925  -0.0000293414
       -0.0000012496  -0.0000077508  -0.0000181306   0.0004979921   0.0004578008
       -0.0005697872   0.1445645503  -0.1753005993  -0.0110060071   0.0003221341
        0.0001419608   0.0001730695   0.0000353975   0.0000257912  -0.0000746227
        0.0001939880  -0.0001924935  -0.0000459256  -0.0002097666  -0.0003421724
        0.0000761140   0.0000534326   0.0000462757  -0.0000431268   0.0005163519
        0.0001600387  -0.0002667016  -0.0001002614  -0.0003976705  -0.0003840233
        0.0063794123  -0.0290032886   0.0030147427   0.0000853420   0.0002656793
        0.0001788161  -0.0022192709  -0.0042805292   0.0019087857  -0.0002350963
        0.0002414863  -0.0002599255  -0.0001009926  -0.0019716466   0.0001089666
       -0.0007649255   0.0007874456   0.0009472375   0.1714995163  -0.3098429807
        0.0063987145  -0.0007955952  -0.0003333727  -0.0003688433   0.0003603153
        0.0001952693   0.0000809751  -0.0000054412   0.0001352637  -0.0000355424
       -0.0000144551  -0.0000128915   0.0000353787   0.0004472208  -0.0001416569
        0.0002648558  -0.1753005993   0.3441151232  -0.0119898268   0.0001540781
        0.0005029236   0.0004000771   0.0000567468   0.0000691973  -0.0000207484
        0.0001581040  -0.0000104185   0.0001984574  -0.0000205923  -0.0000490908
        0.0001513357   0.0001182080   0.0001112859  -0.0001793655   0.0008754083
       -0.0005037569   0.0019850242  -0.0002230754  -0.0004245456  -0.0006668273
       -0.0067002951   0.0136888969  -0.0012383526  -0.0001965484   0.0014867490
        0.0000902089   0.0013941964   0.0000571418   0.0005907383  -0.0001119592
        0.0000211846  -0.0001505885  -0.0001805139   0.0007566436  -0.0002887157
       -0.0004502799  -0.0008665785  -0.0006478048   0.0158712483  -0.0027272435
       -0.0113798506   0.0004688042   0.0000246161  -0.0019013499  -0.0000490398
       -0.0000021749  -0.0002887744  -0.0000295325   0.0000212632  -0.0000364587
       -0.0000076464  -0.0000755080  -0.0000827558   0.0004594086   0.0006515286
        0.0006028317  -0.0110060071  -0.0119898268   0.0128296486  -0.0003592988
       -0.0001965345   0.0003510865  -0.0000105887   0.0000263686   0.0000615125
       -0.0003836615   0.0000107438  -0.0000931762   0.0018788277  -0.0004252172
       -0.0003189217  -0.0001833924  -0.0000421915  -0.0000650722  -0.0185224648
        0.0068997330  -0.0032312453  -0.0002711510   0.0002085078  -0.0000923821
       -0.0029070201   0.0032606781   0.0006521848   0.0002707270  -0.0000483887
        0.0006850576  -0.0010744787   0.0002281841  -0.0006608846  -0.0000785756
        0.0002597453   0.0000875434   0.0000444388  -0.0001923679   0.0001617165
        0.0002678470  -0.0000972101   0.0002012031   0.0009055921   0.0004957231
        0.0000293226  -0.3858309842  -0.0291527587  -0.1272550632  -0.0002429740
        0.0015632190   0.0002034215   0.0000795304  -0.0001940964   0.0000639069
       -0.0000189387   0.0000295221   0.0000055577  -0.0001313196   0.0000523488
       -0.0000867707   0.0003221341   0.0001540781  -0.0003592988   0.4057345824
        0.0172595797   0.1297433140   0.0001412810  -0.0002698321   0.0003295866
        0.0004310688   0.0000314261   0.0001303670   0.0028440323   0.0002211776
        0.0013428720  -0.0000008613  -0.0003153836   0.0002974632   0.0326904391
       -0.0012105243   0.0109453888   0.0005553583   0.0002154970  -0.0003138637
        0.0035946277  -0.0046826372  -0.0013085514  -0.0001543074  -0.0000388503
        0.0000590749   0.0018660036   0.0005650824   0.0006779976   0.0000573844
       -0.0003493243  -0.0000413096  -0.0008748868  -0.0000288455  -0.0001306129
       -0.0003810763   0.0000693265   0.0000316325  -0.0006973420  -0.0003489016
        0.0001924309  -0.0563908163  -0.0414775717  -0.0323170639  -0.0010922917
        0.0012473668   0.0000920184   0.0000116989   0.0000704154  -0.0000067825
        0.0000350636   0.0000691564  -0.0000396603   0.0001079145  -0.0000065414
       -0.0000093722   0.0001419608   0.0005029236  -0.0001965345   0.0172595797
        0.0448272552   0.0210253220  -0.0000035499   0.0006389531  -0.0004308164
       -0.0002596270   0.0001126409  -0.0000324042  -0.0009899343  -0.0007592963
        0.0016923692  -0.0000584411   0.0003443350  -0.0007991336   0.0080976687
        0.0027766018   0.0025369220   0.0012124286  -0.0006650342   0.0004231390
       -0.0010066642  -0.0001941310   0.0007327363  -0.0001500137  -0.0000164002
       -0.0001572664  -0.0002852943  -0.0001742193   0.0005202579  -0.0000117787
        0.0000669674  -0.0000568638   0.0002225286   0.0001408143  -0.0001866736
       -0.0000558255   0.0001675035  -0.0002771228   0.0001246216   0.0001591209
       -0.0006233723  -0.1373956220  -0.0235486646  -0.0566143703   0.0003417915
       -0.0000140936  -0.0018639221   0.0000583537  -0.0000124542  -0.0000370730
        0.0001128842  -0.0001271376  -0.0001181094   0.0001429827  -0.0000915198
        0.0000456509   0.0001730695   0.0004000771   0.0003510865   0.1297433140
        0.0210253220   0.0540400351  -0.0000164424   0.0004095680   0.0004241148
        0.0001893904  -0.0008616132   0.0001934683  -0.0221521252  -0.0253010936
        0.0049219590   0.0005454206  -0.0001567639  -0.0000960053  -0.0057884460
       -0.0012581062  -0.0039443046   0.0001999713   0.0002018697  -0.0002586984
       -0.0005927110  -0.0013034944   0.0004319213   0.0000004773   0.0000220007
        0.0000203121  -0.0005323262  -0.0006906507   0.0002310317   0.0001455045
        0.0000961971   0.0000240008   0.0014218540   0.0002136838   0.0004232027
        0.0002867149   0.0001988657  -0.0001188913  -0.0006712859   0.0000340285
       -0.0001565823  -0.0000759547   0.0013114386   0.0002766491  -0.1311705152
       -0.1624701053   0.0289038225  -0.0003573709   0.0008809346  -0.0004741864
       -0.0004890880   0.0000200373   0.0003906122   0.0000032567  -0.0000400888
       -0.0000450041   0.0000353975   0.0000567468  -0.0000105887   0.0001412810
       -0.0000035499  -0.0000164424   0.1588605550   0.1890496633  -0.0306962763
        0.0004953325   0.0029826766  -0.0000811151  -0.0023408813   0.0015146272
       -0.0039842437  -0.0002860529   0.0002210971   0.0001491765  -0.0016727912
       -0.0002354259  -0.0007008071   0.0003703227   0.0001562535  -0.0005872887
        0.0000505559  -0.0002008150   0.0001281044  -0.0000875928  -0.0000211987
       -0.0000600732   0.0001100452   0.0002126793   0.0000378267  -0.0000592402
       -0.0000078210  -0.0000068337   0.0001003504  -0.0005181892  -0.0000997756
       -0.0000875678  -0.0000308569  -0.0000342129  -0.0002648599  -0.0001595996
       -0.0001315256  -0.0000087936   0.0003273294  -0.0002299313  -0.1850079813
       -0.3124248070   0.0905380794  -0.0004439523   0.0000231870   0.0003336066
        0.0002714536  -0.0001642849  -0.0002281392   0.0000560305   0.0000045248
       -0.0000084992   0.0000257912   0.0000691973   0.0000263686  -0.0002698321
        0.0006389531   0.0004095680   0.1890496633   0.3076124727  -0.0854702848
       -0.0001282623   0.0006421046   0.0009854724  -0.0103532493  -0.0176510803
        0.0031852268  -0.0011419543  -0.0010476681   0.0005332297  -0.0024410509
        0.0004276422  -0.0003944612   0.0001173318   0.0001743138  -0.0000796352
       -0.0002905318  -0.0004220138   0.0004508173   0.0000306481  -0.0000437912
       -0.0000713526  -0.0000880724   0.0000977431   0.0003790060   0.0000183785
       -0.0000434917  -0.0000230982   0.0001527218  -0.0003594417  -0.0005159365
        0.0000299393  -0.0001081366  -0.0003351090  -0.0000581623   0.0000005464
       -0.0001763951   0.0002646405   0.0002835335  -0.0005029144   0.0439646305
        0.1035405993  -0.0441029290  -0.0000850858   0.0003016421   0.0002029333
        0.0004334575   0.0000784895  -0.0004188866   0.0000159334   0.0000508586
        0.0000669727  -0.0000746227  -0.0000207484   0.0000615125   0.0003295866
       -0.0004308164   0.0004241148  -0.0306962763  -0.0854702848   0.0403314322
