           1           2  0.97472636840992277     
           2           3  0.95892763275678783     
           2           4  0.97174014709160461     
           4           5  0.95462568388263525     
           4           6  0.97260870580348946     
           6           7  0.95844914293682115     
           6           8  0.95156589142145032     
           8           9  0.94735451352365729     
           1          10  0.97698974757035018     
           8          10  0.99572238608217056     
           8          11  0.99582534320925920     
           6          12  0.99909262931812037     
           4          13  0.99461005638735556     
           2          14  0.99072142392139828     
           1          15  0.96919353791327478     
           1          16  0.96614369162765468     
          11          17  0.87003097410599717     
          12          18  0.87920248376400723     
          13          19  0.88350204642643859     
          14          20  0.89482864302811604     
