$hessian                                                                        
        0.4307436570   0.0551738625   0.0154327590  -0.0754503507   0.0323722954
       -0.0271463329  -0.0146657192   0.0197844968  -0.0088390693   0.0085031338
       -0.0061175852   0.0068035989  -0.0012623428  -0.0045963495  -0.0003790927
        0.0020025290   0.0009535510   0.0007014629  -0.0001794053   0.0002263505
       -0.0001732353  -0.0338710201  -0.0136094598   0.0065550107   0.0014737119
        0.0011616891   0.0006520707  -0.1782183836   0.0147524646   0.0619354162
       -0.0051506045  -0.0029181276  -0.0001155837  -0.0013348662   0.0011734919
       -0.0007273573  -0.0004983227  -0.0005839058  -0.0010429723  -0.0027819930
        0.0032540634  -0.0059374365  -0.0433967586  -0.0058960070  -0.0284088764
       -0.0880539982  -0.0952737682  -0.0216858044  -0.0006850314  -0.0006832273
        0.0003143398   0.0011640751  -0.0004369375   0.0002737543  -0.0001887280
        0.0004466691   0.0002817366   0.0018504178   0.0008164336   0.0015056115
        0.0551738625   0.5050869941   0.0343315630   0.0336100074  -0.1322114692
        0.0432169943   0.0020950589  -0.0020925781   0.0008521634   0.0049324521
       -0.0329387414   0.0098257539  -0.0026120536  -0.0046872892  -0.0006210054
        0.0017574767   0.0017385017   0.0004170751   0.0001392757   0.0001249146
       -0.0000479953  -0.0201311524   0.0051292752   0.0119534873  -0.0014966735
        0.0000655966   0.0009741038   0.0305083383  -0.0761703208  -0.0318030039
       -0.0078465311  -0.0039614799   0.0005243388   0.0003034156  -0.0002502848
       -0.0003052068   0.0010711636   0.0004398416   0.0018574926   0.0007652552
        0.0015667795   0.0010553963  -0.0061220683  -0.0508322895  -0.0334004117
       -0.0923395429  -0.2128219427  -0.0375576777  -0.0003950292   0.0001543051
        0.0001245747  -0.0003039475   0.0000048055   0.0004990790  -0.0000582732
       -0.0004427790  -0.0002473576   0.0009489657   0.0020981605  -0.0016493638
        0.0154327590   0.0343315630   0.4998214511  -0.0200878966   0.0337561604
       -0.0754933850   0.0041150409  -0.0055935602   0.0040188671   0.0014898756
        0.0001813214   0.0041165307  -0.0006422114  -0.0008425534  -0.0001075589
       -0.0001365717   0.0000503764   0.0005248770  -0.0000501016  -0.0000591004
        0.0000920479  -0.0004570276   0.0072482271   0.0007913657  -0.0037318920
       -0.0015251148   0.0022854691   0.0731441890  -0.0213471365  -0.0917359190
       -0.0037921048  -0.0009884464   0.0015597064   0.0005086101  -0.0005821214
        0.0003765372   0.0004614459   0.0002767505  -0.0019309939  -0.0148755690
        0.0248419143  -0.0442958016  -0.0275812400  -0.0359900934  -0.2451202143
       -0.0198397924  -0.0355169845  -0.0519173089   0.0003990379   0.0001767794
       -0.0003619383  -0.0009185347   0.0001648243  -0.0007744731  -0.0000436481
       -0.0005749049   0.0003601830  -0.0033943685   0.0019920990  -0.0022094424
       -0.0754503507   0.0336100074  -0.0200878966   0.5202491302  -0.0311367318
       -0.0289774424  -0.2349570784   0.0169930144   0.0601808107  -0.0917477728
       -0.0404246400  -0.0042098756   0.0052561325   0.0076669689   0.0006251577
       -0.0241630829  -0.0227403047  -0.0028000095  -0.0054792557  -0.0001407931
        0.0015061766   0.0019129579   0.0009054176  -0.0003977662  -0.0001981718
       -0.0001563200  -0.0001959755  -0.0448803066   0.0310839100  -0.0012263424
        0.0012035972  -0.0008018486  -0.0002794264   0.0006928320   0.0000946020
       -0.0016666828   0.0014141467  -0.0014749187  -0.0007638109  -0.0627931037
        0.0095020042  -0.0240678744  -0.0008189909   0.0030662470  -0.0038348355
        0.0059018563  -0.0094470318   0.0045247166  -0.0001654698   0.0001731778
       -0.0000568760   0.0007019476   0.0001673921   0.0013771200   0.0018815162
        0.0017602473   0.0002095287   0.0014394666   0.0012996001   0.0201413038
        0.0323722954  -0.1322114692   0.0337561604  -0.0311367318   0.4348318275
        0.0080314350   0.0194414557  -0.0441354215  -0.0057135242  -0.0376913255
       -0.1276898261  -0.0018804909  -0.0124867067  -0.0283459362  -0.0009522394
       -0.0080684250   0.0023950528   0.0022744334   0.0014628268   0.0005639372
       -0.0000951166   0.0000219961   0.0011508921  -0.0003501437   0.0000947281
       -0.0001009774  -0.0001167847   0.0203759060  -0.0058081441  -0.0021954187
        0.0000449987  -0.0006337796   0.0000481776  -0.0002790769  -0.0011012762
       -0.0018291209  -0.0041690632  -0.0062792453  -0.0116465428   0.0114317289
       -0.0676515371  -0.0042995336  -0.0021557130   0.0029284923  -0.0005258190
        0.0107796122  -0.0268263279   0.0127844184  -0.0001527425   0.0003391994
        0.0000769324   0.0016267158   0.0015948629   0.0008430287   0.0004485557
        0.0006599587  -0.0004462323  -0.0019610350  -0.0036802821  -0.0277636193
       -0.0271463329   0.0432169943  -0.0754933850  -0.0289774424   0.0080314350
        0.4524159681   0.0599821710  -0.0054729481  -0.0556827604  -0.0021653835
       -0.0035501691  -0.0510825811   0.0057688067   0.0130108526   0.0026220435
        0.0023073118   0.0049749982   0.0059936292   0.0022485769  -0.0005260602
       -0.0002801991  -0.0009879443   0.0010363699   0.0015047454  -0.0000365454
        0.0002034117  -0.0009065447   0.0071763287  -0.0081733754   0.0006081293
        0.0006097456  -0.0004052881  -0.0008088025  -0.0023669859  -0.0022047115
       -0.0034806935  -0.0156391752  -0.0284895874  -0.0240226808  -0.0016257794
       -0.0308495364  -0.2198285609  -0.0125665280   0.0194308487  -0.0173852049
        0.0011865712  -0.0026586743   0.0013306890   0.0003829487   0.0001534030
        0.0004235615   0.0049386720   0.0031660833  -0.0016156163  -0.0003989495
       -0.0012236833  -0.0002559432   0.0073099338  -0.0096703629  -0.0140557937
       -0.0146657192   0.0020950589   0.0041150409  -0.2349570784   0.0194414557
        0.0599821710   0.2709820619  -0.0218575383  -0.0767364703  -0.0212235595
       -0.0026513132   0.0054890504   0.0004661993   0.0005380254   0.0001741359
       -0.0014771070  -0.0038610999  -0.0012914313  -0.0010028554   0.0003028876
        0.0001573349   0.0003817397  -0.0001467929   0.0002269674   0.0000335907
        0.0000132100   0.0000922617  -0.0033147218   0.0040086384  -0.0011888007
        0.0001576812  -0.0000318291  -0.0001088113   0.0003485037   0.0000296656
        0.0003594585   0.0014622278   0.0011960798  -0.0004173550   0.0040728665
        0.0036041754   0.0094228835  -0.0001866908  -0.0000247400  -0.0002838613
        0.0003996370  -0.0002493380   0.0003294436   0.0002164859  -0.0000455901
       -0.0001000129  -0.0002508477   0.0000538339  -0.0002022909  -0.0001810457
       -0.0009045307  -0.0006447475  -0.0012613682  -0.0015102584   0.0006250335
        0.0197844968  -0.0020925781  -0.0055935602   0.0169930144  -0.0441354215
       -0.0054729481  -0.0218575383   0.0527355624   0.0114870972  -0.0256247567
       -0.0003502980   0.0061160709  -0.0003123585   0.0006632674   0.0001241153
       -0.0026715340  -0.0040263326  -0.0020472974  -0.0014362238   0.0000560483
        0.0003128524  -0.0002276036  -0.0010737070  -0.0000926067  -0.0000209436
       -0.0000206549   0.0000352536   0.0064101735  -0.0044231420   0.0010504068
        0.0001867219   0.0003021428   0.0000721705   0.0004155243   0.0004384122
        0.0002230873   0.0005080115   0.0007635121   0.0012411671   0.0068945982
        0.0012802617  -0.0046361806  -0.0000362378   0.0001226497   0.0000041365
        0.0004242874   0.0004501735  -0.0004322735  -0.0000524944  -0.0001497655
       -0.0000318205  -0.0003436993  -0.0004121429  -0.0000219712   0.0002604823
       -0.0000546996  -0.0005466582   0.0007060797  -0.0000732882  -0.0017910414
       -0.0088390693   0.0008521634   0.0040188671   0.0601808107  -0.0057135242
       -0.0556827604  -0.0767364703   0.0114870972   0.0812503560  -0.0015185338
        0.0000762461   0.0015243487   0.0001485017   0.0002842737  -0.0000153636
       -0.0005465226  -0.0005647448   0.0001698721  -0.0000357316   0.0000848092
        0.0000995690   0.0001539693   0.0001443960  -0.0000772821   0.0000260323
        0.0000060529   0.0000918348  -0.0030379513   0.0024991036   0.0000838772
       -0.0000268679  -0.0000395636   0.0000115676   0.0001295270   0.0002493153
       -0.0001579162  -0.0005037994   0.0004354834   0.0014055271   0.0273502102
       -0.0105848402  -0.0285183810  -0.0001620052   0.0000308332   0.0001853910
        0.0001158402  -0.0004026686   0.0001923259  -0.0000249506   0.0000017115
       -0.0000134552  -0.0001916825  -0.0003840053  -0.0000523273   0.0002990636
       -0.0002630748  -0.0000922934   0.0032196297   0.0018009360  -0.0044237575
        0.0085031338   0.0049324521   0.0014898756  -0.0917477728  -0.0376913255
       -0.0021653835  -0.0212235595  -0.0256247567  -0.0015185338   0.4600109370
       -0.0346464123   0.0074258172  -0.0748731619   0.0623200724  -0.0383908035
       -0.1670169571   0.0095718858   0.0188811331  -0.0226662925  -0.0012048969
        0.0029240292  -0.0148817030   0.0109647407   0.0021905123   0.0000077302
       -0.0002044587  -0.0002868578  -0.0021740079  -0.0038147788   0.0004457049
       -0.0020170839   0.0026337352  -0.0006248519  -0.0040355083   0.0027668012
        0.0075125186  -0.0745875262   0.0017439147  -0.0272683192   0.0035221666
        0.0002519723  -0.0057362618   0.0004656805   0.0000536691   0.0001099680
       -0.0006948322   0.0030074554  -0.0009716137  -0.0000243815   0.0000598008
        0.0001073274   0.0024804278  -0.0014751914  -0.0003044312   0.0009823796
        0.0062534599   0.0352026976  -0.0000296689   0.0001018609   0.0009774726
       -0.0061175852  -0.0329387414   0.0001813214  -0.0404246400  -0.1276898261
       -0.0035501691  -0.0026513132  -0.0003502980   0.0000762461  -0.0346464123
        0.4657883745  -0.0279818177   0.0625895465  -0.1678978086   0.0800348469
        0.0143124624  -0.0687670219  -0.0010206785  -0.0227768114   0.0017337231
        0.0037537902   0.0225235211  -0.0015135009  -0.0043534823   0.0000713683
        0.0000411573  -0.0000622462  -0.0051955747   0.0034044635  -0.0002755739
        0.0057567919  -0.0064892505   0.0003813018  -0.0005241876   0.0011585806
        0.0010253400   0.0080752308  -0.0556286680  -0.0308016409  -0.0028755546
       -0.0036807994  -0.0075922583  -0.0005852198   0.0003284707  -0.0004892497
        0.0020984048  -0.0040009715   0.0017581534   0.0000532459   0.0002892100
       -0.0000120434   0.0008781227   0.0017792369  -0.0007771798  -0.0005789890
       -0.0044232219  -0.0092925270   0.0000175937  -0.0011431084  -0.0010021331
        0.0068035989   0.0098257539   0.0041165307  -0.0042098756  -0.0018804909
       -0.0510825811   0.0054890504   0.0061160709   0.0015243487   0.0074258172
       -0.0279818177   0.4860537272  -0.0389306103   0.0790982710  -0.0868411953
        0.0170233738  -0.0003705009  -0.0580630063  -0.0083220319   0.0005089068
        0.0028097064  -0.0049426219  -0.0016193933   0.0052356777  -0.0005918633
        0.0004752310  -0.0007078795  -0.0000075868  -0.0011212223  -0.0007001340
       -0.0031444816   0.0031842241  -0.0001619767   0.0327595997  -0.0033268793
       -0.0301133591   0.0003752499  -0.0352206699  -0.2288487395  -0.0139079448
       -0.0273733791  -0.0221700961   0.0002094708   0.0010759319  -0.0011082370
       -0.0019106285   0.0031844681  -0.0013886314   0.0003452659  -0.0000274347
       -0.0006289623   0.0016591165  -0.0006025581  -0.0002846564   0.0048684495
       -0.0020088996  -0.0155982879  -0.0009913478  -0.0019356118  -0.0020422482
       -0.0012623428  -0.0026120536  -0.0006422114   0.0052561325  -0.0124867067
        0.0057688067   0.0004661993  -0.0003123585   0.0001485017  -0.0748731619
        0.0625895465  -0.0389306103   0.0878173738  -0.0718357973   0.0468544746
       -0.0184590717   0.0257935685  -0.0126554689   0.0004777513   0.0003033657
       -0.0003520941  -0.0042831417  -0.0020316769   0.0017246804   0.0001154453
       -0.0000489168   0.0001547300   0.0006981720   0.0000011552   0.0000926338
       -0.0023074477   0.0021686252   0.0002977936   0.0026140643  -0.0012558403
       -0.0012145141   0.0026725231   0.0006023572  -0.0034992458  -0.0000721757
        0.0005357632   0.0005846590  -0.0001435934   0.0000003337  -0.0000355044
        0.0003317123  -0.0007119944   0.0003166566   0.0000453825   0.0000008312
       -0.0003012419  -0.0001653811   0.0007065140   0.0005056365   0.0011744860
       -0.0015914206   0.0011955022  -0.0001029264   0.0001847046  -0.0000131842
       -0.0045963495  -0.0046872892  -0.0008425534   0.0076669689  -0.0283459362
        0.0130108526   0.0005380254   0.0006632674   0.0002842737   0.0623200724
       -0.1678978086   0.0790982710  -0.0718357973   0.1934793241  -0.0935597130
        0.0063028744  -0.0052802017   0.0030283437  -0.0003169098   0.0003350595
        0.0000804882   0.0008473131   0.0009848882  -0.0001422119  -0.0001339226
       -0.0000038374  -0.0000986173   0.0000325213   0.0010687834  -0.0004022663
        0.0006487500  -0.0002999657  -0.0002445249  -0.0010888935   0.0008560671
       -0.0001858884  -0.0022165474   0.0074261500   0.0004267715   0.0012711726
        0.0023076488  -0.0001933884  -0.0001526507   0.0002872638  -0.0004275253
        0.0007740581  -0.0013851977   0.0006056261   0.0000033710  -0.0001607575
        0.0001566281   0.0004582830  -0.0009446990  -0.0006692917  -0.0000690814
        0.0015057746  -0.0001768151  -0.0004532578   0.0000914660   0.0002515408
       -0.0003790927  -0.0006210054  -0.0001075589   0.0006251577  -0.0009522394
        0.0026220435   0.0001741359   0.0001241153  -0.0000153636  -0.0383908035
        0.0800348469  -0.0868411953   0.0468544746  -0.0935597130   0.1214593728
        0.0025693719  -0.0037410180   0.0029090258  -0.0003455563  -0.0000741308
       -0.0000749072   0.0008226990   0.0001727226  -0.0004982838   0.0001077343
       -0.0001265687   0.0000324083   0.0000040488   0.0000547788   0.0001785341
        0.0004479691  -0.0004411018   0.0000222905   0.0001680758  -0.0004223239
        0.0012078884  -0.0129330130   0.0198047006  -0.0419790893   0.0002196100
        0.0001357712   0.0008792383   0.0000123724  -0.0002191989   0.0000008770
        0.0001332464  -0.0002585877   0.0001117974   0.0000012686  -0.0000405045
        0.0000953408   0.0002946404  -0.0003106824  -0.0001804789  -0.0003341227
        0.0003215189   0.0001925897  -0.0000522166   0.0001186201  -0.0000145295
        0.0020025290   0.0017574767  -0.0001365717  -0.0241630829  -0.0080684250
        0.0023073118  -0.0014771070  -0.0026715340  -0.0005465226  -0.1670169571
        0.0143124624   0.0170233738  -0.0184590717   0.0063028744   0.0025693719
        0.4888748810   0.0510583597   0.0153249831  -0.1128460269  -0.0938156570
       -0.0441637785  -0.0608524837   0.0236514323  -0.0108204451   0.0000277587
        0.0030908825  -0.0026043091   0.0011429420  -0.0224875450   0.0028471910
       -0.0368960974   0.0353107167   0.0010419712  -0.0733770719  -0.0158544487
        0.0370576772  -0.0014493239   0.0011218791   0.0067804617   0.0006271519
        0.0015551534   0.0017121289  -0.0001631310  -0.0000709759   0.0001292597
       -0.0004081940   0.0003545633  -0.0000216459  -0.0002285718   0.0008901416
       -0.0010268520   0.0044014980   0.0041133782  -0.0270395253   0.0000562310
       -0.0001531749  -0.0004093199   0.0002041277  -0.0003975598  -0.0000247602
        0.0009535510   0.0017385017   0.0000503764  -0.0227403047   0.0023950528
        0.0049749982  -0.0038610999  -0.0040263326  -0.0005647448   0.0095718858
       -0.0687670219  -0.0003705009   0.0257935685  -0.0052802017  -0.0037410180
        0.0510583597   0.4720159082   0.0381045857  -0.0939556522  -0.1689114465
       -0.0596364233   0.0264770214  -0.1185924471   0.0178815116   0.0007716267
       -0.0009450323   0.0022417955  -0.0042104105  -0.0438931782   0.0037734393
        0.0149332263  -0.0105278265   0.0006933483  -0.0163901962  -0.0565163595
        0.0185334745   0.0069156537  -0.0004842721  -0.0054790555   0.0011486120
        0.0008664164   0.0007653477  -0.0000363035  -0.0002376060   0.0001450411
        0.0002601134   0.0004895011  -0.0000648445   0.0011000739   0.0004390007
        0.0011857054   0.0027725355  -0.0003020633  -0.0172282712  -0.0001744777
        0.0008147784  -0.0013436437  -0.0003877833  -0.0002753718   0.0000788781
        0.0007014629   0.0004170751   0.0005248770  -0.0028000095   0.0022744334
        0.0059936292  -0.0012914313  -0.0020472974   0.0001698721   0.0188811331
       -0.0010206785  -0.0580630063  -0.0126554689   0.0030283437   0.0029090258
        0.0153249831   0.0381045857   0.4662809960  -0.0457819462  -0.0611218025
       -0.0660730057  -0.0154534669   0.0314719651  -0.0613927310  -0.0101065708
        0.0206208550  -0.0144269344  -0.0020849761  -0.0126561519   0.0026557675
        0.0118730469  -0.0097313780   0.0008553809   0.0102625761   0.0062648459
       -0.2283096747   0.0303239363  -0.0071275649  -0.0192048391   0.0041978043
        0.0023726069  -0.0042523612  -0.0002131713   0.0001752184  -0.0007241969
       -0.0002300948  -0.0001065882   0.0000131046   0.0026610351  -0.0026323669
        0.0006183212  -0.0050080014  -0.0055596149  -0.0232211833   0.0022490911
       -0.0010312097  -0.0051296545  -0.0008499318  -0.0016952762   0.0007766127
       -0.0001794053   0.0001392757  -0.0000501016  -0.0054792557   0.0014628268
        0.0022485769  -0.0010028554  -0.0014362238  -0.0000357316  -0.0226662925
       -0.0227768114  -0.0083220319   0.0004777513  -0.0003169098  -0.0003455563
       -0.1128460269  -0.0939556522  -0.0457819462   0.1296675916   0.1073804668
        0.0556121939   0.0041969348   0.0051001892   0.0016554959   0.0003681483
        0.0000510759   0.0003119362   0.0005436193   0.0029493985   0.0000604019
        0.0004398543  -0.0002851685  -0.0000779911   0.0023266882   0.0010714072
       -0.0038065170   0.0019558673   0.0007263531  -0.0009546662   0.0006517883
        0.0005188806  -0.0001368923  -0.0000329652  -0.0000413098  -0.0000121940
        0.0000587842   0.0001608778  -0.0000116823  -0.0000650773   0.0001377371
        0.0000494861   0.0013113226  -0.0004644360  -0.0002419570   0.0003812318
       -0.0004326920  -0.0002673934  -0.0001077035   0.0000107147   0.0001065701
        0.0002263505   0.0001249146  -0.0000591004  -0.0001407931   0.0005639372
       -0.0005260602   0.0003028876   0.0000560483   0.0000848092  -0.0012048969
        0.0017337231   0.0005089068   0.0003033657   0.0003350595  -0.0000741308
       -0.0938156570  -0.1689114465  -0.0611218025   0.1073804668   0.1940009798
        0.0724765578  -0.0140333832  -0.0238176874  -0.0071240999  -0.0005601648
        0.0002668595  -0.0002494399   0.0007500112  -0.0090296840   0.0014579254
       -0.0003562776   0.0021342996   0.0002206164  -0.0001814541   0.0029648752
       -0.0058852315   0.0001468413   0.0002505575   0.0005758840   0.0000716037
        0.0000368692   0.0001173254   0.0000055866  -0.0000470971  -0.0000601481
        0.0000571733   0.0001777112   0.0000156840  -0.0000358861  -0.0005712646
       -0.0004976626   0.0006448447  -0.0001633597   0.0000536506   0.0003954937
       -0.0001235817  -0.0000305648   0.0000438875   0.0000182865   0.0001168811
       -0.0001732353  -0.0000479953   0.0000920479   0.0015061766  -0.0000951166
       -0.0002801991   0.0001573349   0.0003128524   0.0000995690   0.0029240292
        0.0037537902   0.0028097064  -0.0003520941   0.0000804882  -0.0000749072
       -0.0441637785  -0.0596364233  -0.0660730057   0.0556121939   0.0724765578
        0.0937559133   0.0023816453   0.0041738866   0.0029739469   0.0003880287
        0.0009780039   0.0001938065   0.0002164456   0.0029075902   0.0003015291
        0.0002242428   0.0000444193  -0.0001319719  -0.0202737327  -0.0217389048
       -0.0278633303   0.0000862051   0.0000921049   0.0006939866  -0.0005765897
       -0.0004716620   0.0001092019  -0.0000045643   0.0000129327   0.0000647490
        0.0000332966  -0.0000080727  -0.0000421870  -0.0000060324  -0.0003994013
       -0.0004697643   0.0019827931  -0.0027268649  -0.0058852819   0.0000381893
        0.0001024466  -0.0000985955  -0.0000005541   0.0001893682  -0.0001752137
       -0.0338710201  -0.0201311524  -0.0004570276   0.0019129579   0.0000219961
       -0.0009879443   0.0003817397  -0.0002276036   0.0001539693  -0.0148817030
        0.0225235211  -0.0049426219  -0.0042831417   0.0008473131   0.0008226990
       -0.0608524837   0.0264770214  -0.0154534669   0.0041969348  -0.0140333832
        0.0023816453   0.4356085475  -0.0323137272  -0.0301978043  -0.0406683956
        0.0030108499  -0.0233419847  -0.0667187426  -0.0250090357  -0.0080379203
       -0.2146615293   0.0401669960   0.0697229073  -0.0042191466   0.0046433597
       -0.0014390780  -0.0005041798  -0.0015530162  -0.0011506451   0.0002303274
       -0.0013595988   0.0016608035   0.0014742166  -0.0001490847  -0.0004954886
       -0.0032348910  -0.0001558469   0.0009223261   0.0001628957  -0.0044228593
        0.0144393827   0.0008862650   0.0006876926  -0.0018783189  -0.0000407842
        0.0007764805   0.0005885816  -0.0009178670   0.0002000775  -0.0023100142
       -0.0136094598   0.0051292752   0.0072482271   0.0009054176   0.0011508921
        0.0010363699  -0.0001467929  -0.0010737070   0.0001443960   0.0109647407
       -0.0015135009  -0.0016193933  -0.0020316769   0.0009848882   0.0001727226
        0.0236514323  -0.1185924471   0.0314719651   0.0051001892  -0.0238176874
        0.0041738866  -0.0323137272   0.3939570170   0.0099630602   0.0020582727
       -0.0403478856   0.0007593188  -0.0489398861  -0.1480987827  -0.0415890445
        0.0584722145  -0.0664905447  -0.0191343520   0.0025834648  -0.0047718167
        0.0096602611  -0.0013750429  -0.0015825723   0.0003593323  -0.0000327969
       -0.0028728066  -0.0001642514   0.0022258433   0.0009351060  -0.0007509745
        0.0005673744   0.0002514495  -0.0003731785  -0.0075630476   0.0028640253
       -0.0006696071   0.0011429242   0.0021494744   0.0005316963   0.0000716783
        0.0005501596  -0.0000337198  -0.0017311218   0.0011894637  -0.0011867150
        0.0065550107   0.0119534873   0.0007913657  -0.0003977662  -0.0003501437
        0.0015047454   0.0002269674  -0.0000926067  -0.0000772821   0.0021905123
       -0.0043534823   0.0052356777   0.0017246804  -0.0001422119  -0.0004982838
       -0.0108204451   0.0178815116  -0.0613927310   0.0016554959  -0.0071240999
        0.0029739469  -0.0301978043   0.0099630602   0.5513249662  -0.0286619217
       -0.0004117576  -0.2454811664  -0.0256875241  -0.0513269718  -0.0785321689
        0.0465501536  -0.0048738268  -0.1107948577  -0.0077125857   0.0300329905
       -0.0417565059  -0.0004561953   0.0005756380  -0.0022755944   0.0004734144
       -0.0000258513  -0.0007618478   0.0043312083   0.0028054959   0.0016604469
        0.0037417752   0.0002387184  -0.0003297268   0.0385226573  -0.0063358984
       -0.0203299404  -0.0010077362   0.0023305417  -0.0012064393  -0.0001756982
       -0.0000630399   0.0002361824  -0.0008541988  -0.0006815536  -0.0002907865
        0.0014737119  -0.0014966735  -0.0037318920  -0.0001981718   0.0000947281
       -0.0000365454   0.0000335907  -0.0000209436   0.0000260323   0.0000077302
        0.0000713683  -0.0005918633   0.0001154453  -0.0001339226   0.0001077343
        0.0000277587   0.0007716267  -0.0101065708   0.0003681483  -0.0005601648
        0.0003880287  -0.0406683956   0.0020582727  -0.0286619217   0.0594351913
        0.0057916783   0.0253335304  -0.0109111159  -0.0122543939  -0.0200612161
       -0.0059047409  -0.0005880788   0.0340782976  -0.0002444911   0.0025142825
       -0.0028993541  -0.0002754698  -0.0001582253   0.0003657915   0.0000204086
        0.0000623568   0.0004764385  -0.0001301487   0.0001474513   0.0011955145
        0.0002058809   0.0002579418   0.0001997862  -0.0036335185   0.0032287656
        0.0037516121   0.0000842003   0.0001565240   0.0000145825   0.0000909919
        0.0001432690   0.0000094809   0.0001029942  -0.0000858628   0.0001425340
        0.0011616891   0.0000655966  -0.0015251148  -0.0001563200  -0.0001009774
        0.0002034117   0.0000132100  -0.0000206549   0.0000060529  -0.0002044587
        0.0000411573   0.0004752310  -0.0000489168  -0.0000038374  -0.0001265687
        0.0030908825  -0.0009450323   0.0206208550   0.0000510759   0.0002668595
        0.0009780039   0.0030108499  -0.0403478856  -0.0004117576   0.0057916783
        0.0550083292   0.0099689920  -0.0162398208  -0.0124201235  -0.0301329695
        0.0004846834   0.0019025542  -0.0067367037   0.0017698077  -0.0043918729
        0.0054610984   0.0000975337   0.0000418968  -0.0003735853   0.0000427676
        0.0002167144  -0.0001005442   0.0000278100   0.0004481597   0.0008690796
        0.0003306506   0.0001691375   0.0000623220   0.0009056669   0.0007561491
        0.0003321305  -0.0001716077  -0.0004179108   0.0001921048  -0.0001289336
       -0.0000556741  -0.0000232047   0.0001717520  -0.0002125854   0.0002611667
        0.0006520707   0.0009741038   0.0022854691  -0.0001959755  -0.0001167847
       -0.0009065447   0.0000922617   0.0000352536   0.0000918348  -0.0002868578
       -0.0000622462  -0.0007078795   0.0001547300  -0.0000986173   0.0000324083
       -0.0026043091   0.0022417955  -0.0144269344   0.0003119362  -0.0002494399
        0.0001938065  -0.0233419847   0.0007593188  -0.2454811664   0.0253335304
        0.0099689920   0.2969778806  -0.0111553852  -0.0146930828  -0.0155321180
        0.0095014641   0.0007644335  -0.0201250344  -0.0006959611   0.0030195894
       -0.0019402728   0.0002631142  -0.0002757909   0.0008222289  -0.0001662988
        0.0001505125   0.0004091108  -0.0012727455  -0.0001032536   0.0001381828
        0.0004839545   0.0002760450   0.0001436684   0.0020907468  -0.0024752753
       -0.0021617884   0.0001904240  -0.0000531067   0.0000731366   0.0002722895
       -0.0000412358  -0.0000603945   0.0003729957  -0.0000212108   0.0001744064
       -0.1782183836   0.0305083383   0.0731441890  -0.0448803066   0.0203759060
        0.0071763287  -0.0033147218   0.0064101735  -0.0030379513  -0.0021740079
       -0.0051955747  -0.0000075868   0.0006981720   0.0000325213   0.0000040488
        0.0011429420  -0.0042104105  -0.0020849761   0.0005436193   0.0007500112
        0.0002164456  -0.0667187426  -0.0489398861  -0.0256875241  -0.0109111159
       -0.0162398208  -0.0111553852   0.3937857706   0.0408709919  -0.0811203650
       -0.0553974184  -0.0236706209   0.0081153872   0.0022042644  -0.0001018583
        0.0034947477   0.0013280696   0.0017413302   0.0010067736   0.0003341219
        0.0026435166   0.0034955185  -0.0114581386   0.0031792287   0.0170616629
       -0.0276682206  -0.0045564805   0.0095321545  -0.0002197518   0.0007911045
       -0.0010747229  -0.0015873558  -0.0007991265   0.0003202265   0.0001289860
       -0.0009044779  -0.0004477865   0.0023822178  -0.0026848660   0.0010488151
        0.0147524646  -0.0761703208  -0.0213471365   0.0310839100  -0.0058081441
       -0.0081733754   0.0040086384  -0.0044231420   0.0024991036  -0.0038147788
        0.0034044635  -0.0011212223   0.0000011552   0.0010687834   0.0000547788
       -0.0224875450  -0.0438931782  -0.0126561519   0.0029493985  -0.0090296840
        0.0029075902  -0.0250090357  -0.1480987827  -0.0513269718  -0.0122543939
       -0.0124201235  -0.0146930828   0.0408709919   0.2768154960   0.0912114213
       -0.0103960986   0.0110702831   0.0075518145   0.0004157985   0.0034152626
        0.0029700146   0.0005793367   0.0009976357  -0.0003119494   0.0009526538
        0.0026669471  -0.0030641342   0.0048982947   0.0010144801  -0.0054804318
       -0.0265475402   0.0024951941   0.0113736129   0.0005363356  -0.0004190304
       -0.0004452384  -0.0007059882  -0.0004733565  -0.0006833761   0.0000101358
       -0.0004694206   0.0002730395   0.0001562667  -0.0017433628   0.0004616951
        0.0619354162  -0.0318030039  -0.0917359190  -0.0012263424  -0.0021954187
        0.0006081293  -0.0011888007   0.0010504068   0.0000838772   0.0004457049
       -0.0002755739  -0.0007001340   0.0000926338  -0.0004022663   0.0001785341
        0.0028471910   0.0037734393   0.0026557675   0.0000604019   0.0014579254
        0.0003015291  -0.0080379203  -0.0415890445  -0.0785321689  -0.0200612161
       -0.0301329695  -0.0155321180  -0.0811203650   0.0912114213   0.1840607300
        0.0152870155   0.0121100244   0.0079678917   0.0001875940   0.0008537623
        0.0035011318   0.0001333437  -0.0006715424   0.0012475110  -0.0062192831
        0.0036867756   0.0046901191   0.0358919784  -0.0072292404  -0.0236655397
       -0.0026649619   0.0016832341   0.0025428836  -0.0003854904   0.0002617152
        0.0003760364   0.0004222083  -0.0015614346   0.0007141410  -0.0001152073
        0.0002604304  -0.0001523972   0.0037160994  -0.0004886406   0.0013899948
       -0.0051506045  -0.0078465311  -0.0037921048   0.0012035972   0.0000449987
        0.0006097456   0.0001576812   0.0001867219  -0.0000268679  -0.0020170839
        0.0057567919  -0.0031444816  -0.0023074477   0.0006487500   0.0004479691
       -0.0368960974   0.0149332263   0.0118730469   0.0004398543  -0.0003562776
        0.0002242428  -0.2146615293   0.0584722145   0.0465501536  -0.0059047409
        0.0004846834   0.0095014641  -0.0553974184  -0.0103960986   0.0152870155
        0.3634105544  -0.0769876430  -0.0604465072   0.0034867757  -0.0025769287
        0.0009767058   0.0006547300   0.0006030787   0.0006071793  -0.0002307833
        0.0002548957  -0.0009643930   0.0007537514   0.0000509842  -0.0005837492
       -0.0024870695   0.0001309215   0.0009883531  -0.0448066817   0.0172731837
       -0.0197729677  -0.0002993802  -0.0001499543   0.0010453005  -0.0001686892
       -0.0005090152  -0.0003519647   0.0002205818  -0.0000180022   0.0009718599
       -0.0029181276  -0.0039614799  -0.0009884464  -0.0008018486  -0.0006337796
       -0.0004052881  -0.0000318291   0.0003021428  -0.0000395636   0.0026337352
       -0.0064892505   0.0031842241   0.0021686252  -0.0002999657  -0.0004411018
        0.0353107167  -0.0105278265  -0.0097313780  -0.0002851685   0.0021342996
        0.0000444193   0.0401669960  -0.0664905447  -0.0048738268  -0.0005880788
        0.0019025542   0.0007644335  -0.0236706209   0.0110702831   0.0121100244
       -0.0769876430   0.1144851732  -0.1024049751   0.0031661068   0.0005190117
       -0.0002903480   0.0000105800   0.0006235759  -0.0002810880   0.0003679636
        0.0009658482   0.0002562968  -0.0001536112  -0.0002321420   0.0000563442
       -0.0010894047   0.0001615408   0.0003682426   0.0223681576  -0.0419845334
        0.1029611208  -0.0001356473  -0.0009482696  -0.0004862950   0.0000756091
       -0.0001251627   0.0001100798   0.0003934898  -0.0004714749   0.0000871253
       -0.0001155837   0.0005243388   0.0015597064  -0.0002794264   0.0000481776
       -0.0008088025  -0.0001088113   0.0000721705   0.0000115676  -0.0006248519
        0.0003813018  -0.0001619767   0.0002977936  -0.0002445249   0.0000222905
        0.0010419712   0.0006933483   0.0008553809  -0.0000779911   0.0002206164
       -0.0001319719   0.0697229073  -0.0191343520  -0.1107948577   0.0340782976
       -0.0067367037  -0.0201250344   0.0081153872   0.0075518145   0.0079678917
       -0.0604465072  -0.1024049751   0.4897107110  -0.0081942278   0.0059512771
        0.0015483884  -0.0000512768  -0.0003309474   0.0006096452  -0.0004209944
       -0.0002463845   0.0010524425  -0.0004934759  -0.0001350247   0.0005372690
        0.0003443942   0.0000943442   0.0000764804  -0.0438469938   0.1129440203
       -0.3713277538   0.0006710364   0.0003570685  -0.0002802635   0.0000878444
        0.0001796617   0.0000849247   0.0003005083   0.0002147725  -0.0004060377
       -0.0013348662   0.0003034156   0.0005086101   0.0006928320  -0.0002790769
       -0.0023669859   0.0003485037   0.0004155243   0.0001295270  -0.0040355083
       -0.0005241876   0.0327595997   0.0026140643  -0.0010888935   0.0001680758
       -0.0733770719  -0.0163901962   0.0102625761   0.0023266882  -0.0001814541
       -0.0202737327  -0.0042191466   0.0025834648  -0.0077125857  -0.0002444911
        0.0017698077  -0.0006959611   0.0022042644   0.0004157985   0.0001875940
        0.0034867757   0.0031661068  -0.0081942278   0.3744089669   0.1610665352
        0.0823799796  -0.0072796858   0.0011036046   0.0050078938  -0.0108099100
       -0.0077279625   0.0033083790   0.0000643088   0.0000139729  -0.0001237279
        0.0001577446   0.0000693174  -0.0001270984   0.0015809474  -0.0033707859
        0.0028872202  -0.2853894287  -0.1423353258  -0.0998670073  -0.0004434420
        0.0001646028   0.0015193693  -0.0007515456   0.0008257319   0.0002425025
        0.0011734919  -0.0002502848  -0.0005821214   0.0000946020  -0.0011012762
       -0.0022047115   0.0000296656   0.0004384122   0.0002493153   0.0027668012
        0.0011585806  -0.0033268793  -0.0012558403   0.0008560671  -0.0004223239
       -0.0158544487  -0.0565163595   0.0062648459   0.0010714072   0.0029648752
       -0.0217389048   0.0046433597  -0.0047718167   0.0300329905   0.0025142825
       -0.0043918729   0.0030195894  -0.0001018583   0.0034152626   0.0008537623
       -0.0025769287   0.0005190117   0.0059512771   0.1610665352   0.1344017727
        0.0337162727   0.0013541247   0.0013185622  -0.0015421920  -0.0068593095
       -0.0015947259   0.0021320528   0.0000935549   0.0000824755   0.0001967271
       -0.0001257137   0.0001937828  -0.0000993624  -0.0037268467   0.0007477429
       -0.0016099701  -0.1452465692  -0.0779171454  -0.0507881635   0.0000479563
       -0.0003258768  -0.0001390103   0.0008917338   0.0007728125   0.0000368062
       -0.0007273573  -0.0003052068   0.0003765372  -0.0016666828  -0.0018291209
       -0.0034806935   0.0003594585   0.0002230873  -0.0001579162   0.0075125186
        0.0010253400  -0.0301133591  -0.0012145141  -0.0001858884   0.0012078884
        0.0370576772   0.0185334745  -0.2283096747  -0.0038065170  -0.0058852315
       -0.0278633303  -0.0014390780   0.0096602611  -0.0417565059  -0.0028993541
        0.0054610984  -0.0019402728   0.0034947477   0.0029700146   0.0035011318
        0.0009767058  -0.0002903480   0.0015483884   0.0823799796   0.0337162727
        0.4167305283   0.0071312579  -0.0010260597  -0.0017790157  -0.0028256505
       -0.0015347200   0.0055823628  -0.0001891079  -0.0003030711   0.0003329989
        0.0000306458   0.0001044534   0.0000627677  -0.0000329044  -0.0011583594
        0.0002835123  -0.1251848308  -0.0604770850  -0.0914924557   0.0007276792
        0.0000812921  -0.0018025071   0.0003153266   0.0012197966  -0.0009303847
       -0.0004983227   0.0010711636   0.0004614459   0.0014141467  -0.0041690632
       -0.0156391752   0.0014622278   0.0005080115  -0.0005037994  -0.0745875262
        0.0080752308   0.0003752499   0.0026725231  -0.0022165474  -0.0129330130
       -0.0014493239   0.0069156537   0.0303239363   0.0019558673   0.0001468413
        0.0000862051  -0.0005041798  -0.0013750429  -0.0004561953  -0.0002754698
        0.0000975337   0.0002631142   0.0013280696   0.0005793367   0.0001333437
        0.0006547300   0.0000105800  -0.0000512768  -0.0072796858   0.0013541247
        0.0071312579   0.4702945100  -0.1054465818  -0.0719803063  -0.0008781452
       -0.0045625990  -0.0038236334  -0.0000109595   0.0002350812  -0.0002859735
       -0.0000748783   0.0000993751  -0.0001491489   0.0000410911  -0.0002082345
       -0.0000880697  -0.0009322710  -0.0002624793  -0.0002061845  -0.3928197644
        0.0994894189   0.0676848942  -0.0005126389  -0.0003418031  -0.0003426714
       -0.0005839058   0.0004398416   0.0002767505  -0.0014749187  -0.0062792453
       -0.0284895874   0.0011960798   0.0007635121   0.0004354834   0.0017439147
       -0.0556286680  -0.0352206699   0.0006023572   0.0074261500   0.0198047006
        0.0011218791  -0.0004842721  -0.0071275649   0.0007263531   0.0002505575
        0.0000921049  -0.0015530162  -0.0015825723   0.0005756380  -0.0001582253
        0.0000418968  -0.0002757909   0.0017413302   0.0009976357  -0.0006715424
        0.0006030787   0.0006235759  -0.0003309474   0.0011036046   0.0013185622
       -0.0010260597  -0.1054465818   0.0893458631   0.0867819897  -0.0026993605
       -0.0060861733  -0.0070115056  -0.0002138330  -0.0000951239  -0.0010776500
       -0.0002411148   0.0007515745  -0.0005123318  -0.0001575853  -0.0003103175
        0.0000382230  -0.0003601631  -0.0008144385   0.0002655742   0.1046857368
       -0.0304714361  -0.0262759747  -0.0006356298  -0.0002069224  -0.0002508398
       -0.0010429723   0.0018574926  -0.0019309939  -0.0007638109  -0.0116465428
       -0.0240226808  -0.0004173550   0.0012411671   0.0014055271  -0.0272683192
       -0.0308016409  -0.2288487395  -0.0034992458   0.0004267715  -0.0419790893
        0.0067804617  -0.0054790555  -0.0192048391  -0.0009546662   0.0005758840
        0.0006939866  -0.0011506451   0.0003593323  -0.0022755944   0.0003657915
       -0.0003735853   0.0008222289   0.0010067736  -0.0003119494   0.0012475110
        0.0006071793  -0.0002810880   0.0006096452   0.0050078938  -0.0015421920
       -0.0017790157  -0.0719803063   0.0867819897   0.3783381096  -0.0026870260
       -0.0069164169  -0.0058019941   0.0001977307  -0.0003184220   0.0012886686
        0.0001798633   0.0000361354   0.0003192674  -0.0005322372   0.0002880743
       -0.0000234675  -0.0005532092   0.0005401829   0.0007569870   0.0976673855
       -0.0344789273  -0.0591649020  -0.0009632862   0.0000427902  -0.0004506152
       -0.0027819930   0.0007652552  -0.0148755690  -0.0627931037   0.0114317289
       -0.0016257794   0.0040728665   0.0068945982   0.0273502102   0.0035221666
       -0.0028755546  -0.0139079448  -0.0000721757   0.0012711726   0.0002196100
        0.0006271519   0.0011486120   0.0041978043   0.0006517883   0.0000716037
       -0.0005765897   0.0002303274  -0.0000327969   0.0004734144   0.0000204086
        0.0000427676  -0.0001662988   0.0003341219   0.0009526538  -0.0062192831
       -0.0002307833   0.0003679636  -0.0004209944  -0.0108099100  -0.0068593095
       -0.0028256505  -0.0008781452  -0.0026993605  -0.0026870260   0.2003004237
       -0.2086482611  -0.0049926718  -0.0008702696   0.0021470192  -0.0019410519
        0.0001949623  -0.0001201018   0.0002044067   0.0008436332  -0.0004064589
        0.0001821472   0.0037285064   0.0030796082  -0.0016061592  -0.0000115266
       -0.0002934862  -0.0000759910  -0.1360784498   0.1937623465   0.0192934168
        0.0032540634   0.0015667795   0.0248419143   0.0095020042  -0.0676515371
       -0.0308495364   0.0036041754   0.0012802617  -0.0105848402   0.0002519723
       -0.0036807994  -0.0273733791   0.0005357632   0.0023076488   0.0001357712
        0.0015551534   0.0008664164   0.0023726069   0.0005188806   0.0000368692
       -0.0004716620  -0.0013595988  -0.0028728066  -0.0000258513   0.0000623568
        0.0002167144   0.0001505125   0.0026435166   0.0026669471   0.0036867756
        0.0002548957   0.0009658482  -0.0002463845  -0.0077279625  -0.0015947259
       -0.0015347200  -0.0045625990  -0.0060861733  -0.0069164169  -0.2086482611
        0.3493874432   0.0786168284   0.0029463882  -0.0035833859   0.0028677202
       -0.0000027177   0.0020412244   0.0001321299   0.0003029485  -0.0006955501
        0.0001640916   0.0031563199  -0.0009513409  -0.0003345845  -0.0002515480
       -0.0001812851   0.0004664163   0.1939642488  -0.2740385486  -0.0350973919
       -0.0059374365   0.0010553963  -0.0442958016  -0.0240678744  -0.0042995336
       -0.2198285609   0.0094228835  -0.0046361806  -0.0285183810  -0.0057362618
       -0.0075922583  -0.0221700961   0.0005846590  -0.0001933884   0.0008792383
        0.0017121289   0.0007653477  -0.0042523612  -0.0001368923   0.0001173254
        0.0001092019   0.0016608035  -0.0001642514  -0.0007618478   0.0004764385
       -0.0001005442   0.0004091108   0.0034955185  -0.0030641342   0.0046901191
       -0.0009643930   0.0002562968   0.0010524425   0.0033083790   0.0021320528
        0.0055823628  -0.0038236334  -0.0070115056  -0.0058019941  -0.0049926718
        0.0786168284   0.3643225156  -0.0038237769   0.0060157456  -0.0034533296
        0.0008500842  -0.0019165032   0.0015346738  -0.0003843366   0.0000396119
       -0.0004847656  -0.0049212998  -0.0028032427  -0.0013001666  -0.0002763463
        0.0009940687   0.0007036738   0.0335540278  -0.0582111313  -0.0484160341
       -0.0433967586  -0.0061220683  -0.0275812400  -0.0008189909  -0.0021557130
       -0.0125665280  -0.0001866908  -0.0000362378  -0.0001620052   0.0004656805
       -0.0005852198   0.0002094708  -0.0001435934  -0.0001526507   0.0000123724
       -0.0001631310  -0.0000363035  -0.0002131713  -0.0000329652   0.0000055866
       -0.0000045643   0.0014742166   0.0022258433   0.0043312083  -0.0001301487
        0.0000278100  -0.0012727455  -0.0114581386   0.0048982947   0.0358919784
        0.0007537514  -0.0001536112  -0.0004934759   0.0000643088   0.0000935549
       -0.0001891079  -0.0000109595  -0.0002138330   0.0001977307  -0.0008702696
        0.0029463882  -0.0038237769   0.0564484304   0.0024465040   0.0201106810
       -0.0012165092  -0.0039011877  -0.0142807652   0.0000250721   0.0000327139
       -0.0002456593  -0.0002331342  -0.0000518823  -0.0000307690  -0.0002243159
        0.0003733400  -0.0000871942  -0.0003458541   0.0003586716   0.0001975611
       -0.0058960070  -0.0508322895  -0.0359900934   0.0030662470   0.0029284923
        0.0194308487  -0.0000247400   0.0001226497   0.0000308332   0.0000536691
        0.0003284707   0.0010759319   0.0000003337   0.0002872638  -0.0002191989
       -0.0000709759  -0.0002376060   0.0001752184  -0.0000413098  -0.0000470971
        0.0000129327  -0.0001490847   0.0009351060   0.0028054959   0.0001474513
        0.0004481597  -0.0001032536   0.0031792287   0.0010144801  -0.0072292404
        0.0000509842  -0.0002321420  -0.0001350247   0.0000139729   0.0000824755
       -0.0003030711   0.0002350812  -0.0000951239  -0.0003184220   0.0021470192
       -0.0035833859   0.0060157456   0.0024465040   0.0558333584   0.0413252042
       -0.0053893420  -0.0062716137  -0.0266293019  -0.0000894342  -0.0000601712
        0.0000129494   0.0001696303   0.0000024477   0.0000516773   0.0001880783
       -0.0005480535   0.0000392563  -0.0000373063  -0.0000754211  -0.0000484875
       -0.0284088764  -0.0334004117  -0.2451202143  -0.0038348355  -0.0005258190
       -0.0173852049  -0.0002838613   0.0000041365   0.0001853910   0.0001099680
       -0.0004892497  -0.0011082370  -0.0000355044  -0.0004275253   0.0000008770
        0.0001292597   0.0001450411  -0.0007241969  -0.0000121940  -0.0000601481
        0.0000647490  -0.0004954886  -0.0007509745   0.0016604469   0.0011955145
        0.0008690796   0.0001381828   0.0170616629  -0.0054804318  -0.0236655397
       -0.0005837492   0.0000563442   0.0005372690  -0.0001237279   0.0001967271
        0.0003329989  -0.0002859735  -0.0010776500   0.0012886686  -0.0019410519
        0.0028677202  -0.0034533296   0.0201106810   0.0413252042   0.2949401832
       -0.0026337227  -0.0036439722  -0.0080619378  -0.0003184421  -0.0001987689
        0.0001385394   0.0000102533  -0.0002239634   0.0000456609   0.0000984915
        0.0004202435   0.0000162769   0.0002415966   0.0003944181   0.0001694167
       -0.0880539982  -0.0923395429  -0.0198397924   0.0059018563   0.0107796122
        0.0011865712   0.0003996370   0.0004242874   0.0001158402  -0.0006948322
        0.0020984048  -0.0019106285   0.0003317123   0.0007740581   0.0001332464
       -0.0004081940   0.0002601134  -0.0002300948   0.0000587842   0.0000571733
        0.0000332966  -0.0032348910   0.0005673744   0.0037417752   0.0002058809
        0.0003306506   0.0004839545  -0.0276682206  -0.0265475402  -0.0026649619
       -0.0024870695  -0.0010894047   0.0003443942   0.0001577446  -0.0001257137
        0.0000306458  -0.0000748783  -0.0002411148   0.0001798633   0.0001949623
       -0.0000027177   0.0008500842  -0.0012165092  -0.0053893420  -0.0026337227
        0.1166769846   0.1111712057   0.0197409053  -0.0000049803  -0.0000573742
       -0.0001588863  -0.0001458812   0.0000263326  -0.0000344622   0.0000466033
       -0.0000145555  -0.0000191701   0.0000152891  -0.0006819069   0.0006511421
       -0.0952737682  -0.2128219427  -0.0355169845  -0.0094470318  -0.0268263279
       -0.0026586743  -0.0002493380   0.0004501735  -0.0004026686   0.0030074554
       -0.0040009715   0.0031844681  -0.0007119944  -0.0013851977  -0.0002585877
        0.0003545633   0.0004895011  -0.0001065882   0.0001608778   0.0001777112
       -0.0000080727  -0.0001558469   0.0002514495   0.0002387184   0.0002579418
        0.0001691375   0.0002760450  -0.0045564805   0.0024951941   0.0016832341
        0.0001309215   0.0001615408   0.0000943442   0.0000693174   0.0001937828
        0.0001044534   0.0000993751   0.0007515745   0.0000361354  -0.0001201018
        0.0020412244  -0.0019165032  -0.0039011877  -0.0062716137  -0.0036439722
        0.1111712057   0.2446478383   0.0380349521   0.0000357212  -0.0001222248
       -0.0000681910  -0.0001939556  -0.0002479346  -0.0001260211  -0.0000632242
       -0.0000601698   0.0001199785  -0.0006144500  -0.0000927450   0.0009339343
       -0.0216858044  -0.0375576777  -0.0519173089   0.0045247166   0.0127844184
        0.0013306890   0.0003294436  -0.0004322735   0.0001923259  -0.0009716137
        0.0017581534  -0.0013886314   0.0003166566   0.0006056261   0.0001117974
       -0.0000216459  -0.0000648445   0.0000131046  -0.0000116823   0.0000156840
       -0.0000421870   0.0009223261  -0.0003731785  -0.0003297268   0.0001997862
        0.0000623220   0.0001436684   0.0095321545   0.0113736129   0.0025428836
        0.0009883531   0.0003682426   0.0000764804  -0.0001270984  -0.0000993624
        0.0000627677  -0.0001491489  -0.0005123318   0.0003192674   0.0002044067
        0.0001321299   0.0015346738  -0.0142807652  -0.0266293019  -0.0080619378
        0.0197409053   0.0380349521   0.0562147784  -0.0000119209  -0.0000167197
        0.0000854040   0.0001239642   0.0001293481  -0.0000188723   0.0000377991
        0.0001085869   0.0000214840   0.0003391679   0.0003126134  -0.0008906604
       -0.0006850314  -0.0003950292   0.0003990379  -0.0001654698  -0.0001527425
        0.0003829487   0.0002164859  -0.0000524944  -0.0000249506  -0.0000243815
        0.0000532459   0.0003452659   0.0000453825   0.0000033710   0.0000012686
       -0.0002285718   0.0011000739   0.0026610351  -0.0000650773  -0.0000358861
       -0.0000060324   0.0001628957  -0.0075630476   0.0385226573  -0.0036335185
        0.0009056669   0.0020907468  -0.0002197518   0.0005363356  -0.0003854904
       -0.0448066817   0.0223681576  -0.0438469938   0.0015809474  -0.0037268467
       -0.0000329044   0.0000410911  -0.0001575853  -0.0005322372   0.0008436332
        0.0003029485  -0.0003843366   0.0000250721  -0.0000894342  -0.0003184421
       -0.0000049803   0.0000357212  -0.0000119209   0.0486143547  -0.0131256417
        0.0017248357  -0.0012327683   0.0003543404  -0.0005779253   0.0000609873
        0.0000429119   0.0000518878  -0.0005246176  -0.0004040652  -0.0000584502
       -0.0006832273   0.0001543051   0.0001767794   0.0001731778   0.0003391994
        0.0001534030  -0.0000455901  -0.0001497655   0.0000017115   0.0000598008
        0.0002892100  -0.0000274347   0.0000008312  -0.0001607575  -0.0000405045
        0.0008901416   0.0004390007  -0.0026323669   0.0001377371  -0.0005712646
       -0.0003994013  -0.0044228593   0.0028640253  -0.0063358984   0.0032287656
        0.0007561491  -0.0024752753   0.0007911045  -0.0004190304   0.0002617152
        0.0172731837  -0.0419845334   0.1129440203  -0.0033707859   0.0007477429
       -0.0011583594  -0.0002082345  -0.0003103175   0.0002880743  -0.0004064589
       -0.0006955501   0.0000396119   0.0000327139  -0.0000601712  -0.0001987689
       -0.0000573742  -0.0001222248  -0.0000167197  -0.0131256417   0.0373757481
       -0.1007715863   0.0000977097   0.0010435794   0.0002583968  -0.0000421266
        0.0001215226  -0.0000130870  -0.0003228676   0.0003431324  -0.0000543101
        0.0003143398   0.0001245747  -0.0003619383  -0.0000568760   0.0000769324
        0.0004235615  -0.0001000129  -0.0000318205  -0.0000134552   0.0001073274
       -0.0000120434  -0.0006289623  -0.0003012419   0.0001566281   0.0000953408
       -0.0010268520   0.0011857054   0.0006183212   0.0000494861  -0.0004976626
       -0.0004697643   0.0144393827  -0.0006696071  -0.0203299404   0.0037516121
        0.0003321305  -0.0021617884  -0.0010747229  -0.0004452384   0.0003760364
       -0.0197729677   0.1029611208  -0.3713277538   0.0028872202  -0.0016099701
        0.0002835123  -0.0000880697   0.0000382230  -0.0000234675   0.0001821472
        0.0001640916  -0.0004847656  -0.0002456593   0.0000129494   0.0001385394
       -0.0001588863  -0.0000681910   0.0000854040   0.0017248357  -0.1007715863
        0.3931103706  -0.0006981655  -0.0007649520   0.0003736502   0.0000610433
       -0.0000339825   0.0000182912   0.0000060599  -0.0001473022   0.0002788082
        0.0011640751  -0.0003039475  -0.0009185347   0.0007019476   0.0016267158
        0.0049386720  -0.0002508477  -0.0003436993  -0.0001916825   0.0024804278
        0.0008781227   0.0016591165  -0.0001653811   0.0004582830   0.0002946404
        0.0044014980   0.0027725355  -0.0050080014   0.0013113226   0.0006448447
        0.0019827931   0.0008862650   0.0011429242  -0.0010077362   0.0000842003
       -0.0001716077   0.0001904240  -0.0015873558  -0.0007059882   0.0004222083
       -0.0002993802  -0.0001356473   0.0006710364  -0.2853894287  -0.1452465692
       -0.1251848308  -0.0009322710  -0.0003601631  -0.0005532092   0.0037285064
        0.0031563199  -0.0049212998  -0.0002331342   0.0001696303   0.0000102533
       -0.0001458812  -0.0001939556   0.0001239642  -0.0012327683   0.0000977097
       -0.0006981655   0.2752171437   0.1389765957   0.1276694584  -0.0000688482
        0.0001216915   0.0003632888   0.0003299099  -0.0025837949   0.0001576048
       -0.0004369375   0.0000048055   0.0001648243   0.0001673921   0.0015948629
        0.0031660833   0.0000538339  -0.0004121429  -0.0003840053  -0.0014751914
        0.0017792369  -0.0006025581   0.0007065140  -0.0009446990  -0.0003106824
        0.0041133782  -0.0003020633  -0.0055596149  -0.0004644360  -0.0001633597
       -0.0027268649   0.0006876926   0.0021494744   0.0023305417   0.0001565240
       -0.0004179108  -0.0000531067  -0.0007991265  -0.0004733565  -0.0015614346
       -0.0001499543  -0.0009482696   0.0003570685  -0.1423353258  -0.0779171454
       -0.0604770850  -0.0002624793  -0.0008144385   0.0005401829   0.0030796082
       -0.0009513409  -0.0028032427  -0.0000518823   0.0000024477  -0.0002239634
        0.0000263326  -0.0002479346   0.0001293481   0.0003543404   0.0010435794
       -0.0007649520   0.1389765957   0.0806321922   0.0678222282   0.0000654404
        0.0002685554  -0.0000162676  -0.0024123189  -0.0038824934   0.0009735007
        0.0002737543   0.0004990790  -0.0007744731   0.0013771200   0.0008430287
       -0.0016156163  -0.0002022909  -0.0000219712  -0.0000523273  -0.0003044312
       -0.0007771798  -0.0002846564   0.0005056365  -0.0006692917  -0.0001804789
       -0.0270395253  -0.0172282712  -0.0232211833  -0.0002419570   0.0000536506
       -0.0058852819  -0.0018783189   0.0005316963  -0.0012064393   0.0000145825
        0.0001921048   0.0000731366   0.0003202265  -0.0006833761   0.0007141410
        0.0010453005  -0.0004862950  -0.0002802635  -0.0998670073  -0.0507881635
       -0.0914924557  -0.0002061845   0.0002655742   0.0007569870  -0.0016061592
       -0.0003345845  -0.0013001666  -0.0000307690   0.0000516773   0.0000456609
       -0.0000344622  -0.0001260211  -0.0000188723  -0.0005779253   0.0002583968
        0.0003736502   0.1276694584   0.0678222282   0.1229172722  -0.0001361980
       -0.0000906166  -0.0000444708   0.0009191501   0.0006883349   0.0014758375
       -0.0001887280  -0.0000582732  -0.0000436481   0.0018815162   0.0004485557
       -0.0003989495  -0.0001810457   0.0002604823   0.0002990636   0.0009823796
       -0.0005789890   0.0048684495   0.0011744860  -0.0000690814  -0.0003341227
        0.0000562310  -0.0001744777   0.0022490911   0.0003812318   0.0003954937
        0.0000381893  -0.0000407842   0.0000716783  -0.0001756982   0.0000909919
       -0.0001289336   0.0002722895   0.0001289860   0.0000101358  -0.0001152073
       -0.0001686892   0.0000756091   0.0000878444  -0.0004434420   0.0000479563
        0.0007276792  -0.3928197644   0.1046857368   0.0976673855  -0.0000115266
       -0.0002515480  -0.0002763463  -0.0002243159   0.0001880783   0.0000984915
        0.0000466033  -0.0000632242   0.0000377991   0.0000609873  -0.0000421266
        0.0000610433  -0.0000688482   0.0000654404  -0.0001361980   0.3894279983
       -0.1047961780  -0.1048048189  -0.0000842674  -0.0000863350  -0.0001223369
        0.0004466691  -0.0004427790  -0.0005749049   0.0017602473   0.0006599587
       -0.0012236833  -0.0009045307  -0.0000546996  -0.0002630748   0.0062534599
       -0.0044232219  -0.0020088996  -0.0015914206   0.0015057746   0.0003215189
       -0.0001531749   0.0008147784  -0.0010312097  -0.0004326920  -0.0001235817
        0.0001024466   0.0007764805   0.0005501596  -0.0000630399   0.0001432690
       -0.0000556741  -0.0000412358  -0.0009044779  -0.0004694206   0.0002604304
       -0.0005090152  -0.0001251627   0.0001796617   0.0001646028  -0.0003258768
        0.0000812921   0.0994894189  -0.0304714361  -0.0344789273  -0.0002934862
       -0.0001812851   0.0009940687   0.0003733400  -0.0005480535   0.0004202435
       -0.0000145555  -0.0000601698   0.0001085869   0.0000429119   0.0001215226
       -0.0000339825   0.0001216915   0.0002685554  -0.0000906166  -0.1047961780
        0.0333320165   0.0375312048   0.0000274400   0.0000285950  -0.0001898794
        0.0002817366  -0.0002473576   0.0003601830   0.0002095287  -0.0004462323
       -0.0002559432  -0.0006447475  -0.0005466582  -0.0000922934   0.0352026976
       -0.0092925270  -0.0155982879   0.0011955022  -0.0001768151   0.0001925897
       -0.0004093199  -0.0013436437  -0.0051296545  -0.0002673934  -0.0000305648
       -0.0000985955   0.0005885816  -0.0000337198   0.0002361824   0.0000094809
       -0.0000232047  -0.0000603945  -0.0004477865   0.0002730395  -0.0001523972
       -0.0003519647   0.0001100798   0.0000849247   0.0015193693  -0.0001390103
       -0.0018025071   0.0676848942  -0.0262759747  -0.0591649020  -0.0000759910
        0.0004664163   0.0007036738  -0.0000871942   0.0000392563   0.0000162769
       -0.0000191701   0.0001199785   0.0000214840   0.0000518878  -0.0000130870
        0.0000182912   0.0003632888  -0.0000162676  -0.0000444708  -0.1048048189
        0.0375312048   0.0808405495   0.0000014187   0.0000450873  -0.0000747091
        0.0018504178   0.0009489657  -0.0033943685   0.0014394666  -0.0019610350
        0.0073099338  -0.0012613682   0.0007060797   0.0032196297  -0.0000296689
        0.0000175937  -0.0009913478  -0.0001029264  -0.0004532578  -0.0000522166
        0.0002041277  -0.0003877833  -0.0008499318  -0.0001077035   0.0000438875
       -0.0000005541  -0.0009178670  -0.0017311218  -0.0008541988   0.0001029942
        0.0001717520   0.0003729957   0.0023822178   0.0001562667   0.0037160994
        0.0002205818   0.0003934898   0.0003005083  -0.0007515456   0.0008917338
        0.0003153266  -0.0005126389  -0.0006356298  -0.0009632862  -0.1360784498
        0.1939642488   0.0335540278  -0.0003458541  -0.0000373063   0.0002415966
        0.0000152891  -0.0006144500   0.0003391679  -0.0005246176  -0.0003228676
        0.0000060599   0.0003299099  -0.0024123189   0.0009191501  -0.0000842674
        0.0000274400   0.0000014187   0.1341719024  -0.1887656870  -0.0431900106
        0.0008164336   0.0020981605   0.0019920990   0.0012996001  -0.0036802821
       -0.0096703629  -0.0015102584  -0.0000732882   0.0018009360   0.0001018609
       -0.0011431084  -0.0019356118   0.0001847046   0.0000914660   0.0001186201
       -0.0003975598  -0.0002753718  -0.0016952762   0.0000107147   0.0000182865
        0.0001893682   0.0002000775   0.0011894637  -0.0006815536  -0.0000858628
       -0.0002125854  -0.0000212108  -0.0026848660  -0.0017433628  -0.0004886406
       -0.0000180022  -0.0004714749   0.0002147725   0.0008257319   0.0007728125
        0.0012197966  -0.0003418031  -0.0002069224   0.0000427902   0.1937623465
       -0.2740385486  -0.0582111313   0.0003586716  -0.0000754211   0.0003944181
       -0.0006819069  -0.0000927450   0.0003126134  -0.0004040652   0.0003431324
       -0.0001473022  -0.0025837949  -0.0038824934   0.0006883349  -0.0000863350
        0.0000285950   0.0000450873  -0.1887656870   0.2813536874   0.0658322531
        0.0015056115  -0.0016493638  -0.0022094424   0.0201413038  -0.0277636193
       -0.0140557937   0.0006250335  -0.0017910414  -0.0044237575   0.0009774726
       -0.0010021331  -0.0020422482  -0.0000131842   0.0002515408  -0.0000145295
       -0.0000247602   0.0000788781   0.0007766127   0.0001065701   0.0001168811
       -0.0001752137  -0.0023100142  -0.0011867150  -0.0002907865   0.0001425340
        0.0002611667   0.0001744064   0.0010488151   0.0004616951   0.0013899948
        0.0009718599   0.0000871253  -0.0004060377   0.0002425025   0.0000368062
       -0.0009303847  -0.0003426714  -0.0002508398  -0.0004506152   0.0192934168
       -0.0350973919  -0.0484160341   0.0001975611  -0.0000484875   0.0001694167
        0.0006511421   0.0009339343  -0.0008906604  -0.0000584502  -0.0000543101
        0.0002788082   0.0001576048   0.0009735007   0.0014758375  -0.0001223369
       -0.0001898794  -0.0000747091  -0.0431900106   0.0658322531   0.0701151363
