$hessian                                                                        
        0.4992487076   0.0093387692   0.0306781784  -0.1100737816   0.0189409596
        0.0613485510  -0.0220709596   0.0026376706   0.0216519879   0.0005149301
       -0.0000309097  -0.0001410213  -0.2395498816  -0.0859614870  -0.0350420588
       -0.0459164797   0.0199926297   0.0003213121  -0.0788607372   0.0348978737
       -0.0790294455   0.0058214677  -0.0024625865  -0.0070045112  -0.0037953102
        0.0036428221   0.0059285253   0.0010478864   0.0011567224   0.0001017578
       -0.0053724296  -0.0021911872   0.0005265587   0.0000394480   0.0000871453
        0.0002544812  -0.0008430296  -0.0000932154   0.0003384397  -0.0001898307
        0.0000447931   0.0000672448
        0.0093387692   0.5212891011  -0.0123671526   0.0187217215  -0.0745822660
       -0.0234783546  -0.0068349141   0.0023118555   0.0085520887  -0.0000669485
        0.0000829786   0.0000462089  -0.0861576344  -0.0827218068  -0.0140589873
        0.0202698021  -0.2789292502  -0.0204451821   0.0349367117  -0.0804827612
        0.0774566210  -0.0047482490   0.0028319464   0.0078567224   0.0184762615
       -0.0103314047  -0.0250997824  -0.0009342599   0.0008492107   0.0009822259
       -0.0030806950  -0.0005244190   0.0004130397  -0.0000709790   0.0000531928
        0.0000676833   0.0002445116   0.0001837771   0.0001292239  -0.0000940977
       -0.0000301543  -0.0000543548
        0.0306781784  -0.0123671526   0.4891372780   0.0596465710  -0.0235574626
       -0.1504855031   0.0050148603   0.0016612060   0.0002929014   0.0001478607
       -0.0000680003   0.0001602909  -0.0350220797  -0.0140022654  -0.0483275464
        0.0003356364  -0.0201841655  -0.0460630594  -0.0789244666   0.0777329002
       -0.2135547918   0.0156602629  -0.0051683592  -0.0281360554   0.0041801497
       -0.0036351263  -0.0044410740  -0.0006720200  -0.0000797001   0.0004016953
       -0.0003108213  -0.0001856395   0.0009649316  -0.0001335831   0.0000736947
        0.0000026851  -0.0005763405  -0.0002899715   0.0000125258  -0.0000242079
        0.0000700421   0.0000357219
       -0.1100737816   0.0187217215   0.0596465710   0.4667098041  -0.0191891359
        0.0177787359  -0.1651666521  -0.0503509232  -0.0060905826  -0.0207774956
       -0.0052294947  -0.0071572977  -0.0211468104   0.0049802216   0.0230338095
       -0.0033961215   0.0038714969   0.0046867900   0.0068695386  -0.0025376154
       -0.0066004944  -0.0860364488   0.0338511998  -0.0851834254  -0.0458428688
        0.0272549273  -0.0004007487  -0.0006743299  -0.0031244760  -0.0004570233
       -0.0198740524  -0.0085757293   0.0023369017  -0.0017796279   0.0011033919
       -0.0028440243   0.0004907318  -0.0000984332   0.0006452156   0.0006981145
       -0.0006771514   0.0006055727
        0.0189409596  -0.0745822660  -0.0235574626  -0.0191891359   0.5243582823
       -0.0143646254  -0.0501097950  -0.0931532896  -0.0037045661   0.0070170974
        0.0041961263  -0.0005185937  -0.0074569913   0.0025401914   0.0086359461
        0.0188755147  -0.0107585395  -0.0252020254  -0.0062671367   0.0026715528
        0.0083851059   0.0337969102  -0.0710652867   0.0619826753   0.0268609479
       -0.2677512063  -0.0112428178  -0.0282599202  -0.0192034971  -0.0024671486
        0.0023840932   0.0019544931  -0.0000443037   0.0020063215  -0.0001749161
        0.0019071736  -0.0000658552   0.0002030389  -0.0002212503   0.0014669895
        0.0007653165   0.0004118928
        0.0613485510  -0.0234783546  -0.1504855031   0.0177787359  -0.0143646254
        0.4995580048  -0.0085958452  -0.0041932682  -0.0658897159  -0.0216237026
       -0.0079077771  -0.0028940482   0.0006562394   0.0007956299   0.0009732427
        0.0040002759  -0.0047059306  -0.0045287354   0.0150030896  -0.0046445857
       -0.0268295919  -0.0853134121   0.0618348332  -0.2011368480  -0.0002014876
       -0.0116847468  -0.0454359728  -0.0035190644  -0.0028129725   0.0003701980
        0.0237298930   0.0108848797  -0.0011985583  -0.0034542992   0.0013415775
       -0.0033525331  -0.0000370376  -0.0004742076   0.0002373284   0.0002280639
       -0.0005904519   0.0006127329
       -0.0220709596  -0.0068349141   0.0050148603  -0.1651666521  -0.0501097950
       -0.0085958452   0.4686055435  -0.0158848845  -0.0228697623  -0.1047506474
        0.0285306566  -0.0530474283  -0.0020876659   0.0005549437   0.0030801343
        0.0007320866  -0.0005743342  -0.0007226784   0.0005190582   0.0000190020
       -0.0006416770  -0.0186088433  -0.0073808422  -0.0046950478  -0.0007091649
       -0.0031815615  -0.0002400126  -0.0461204257   0.0270975807   0.0058003173
       -0.0944715662   0.0179656112   0.0958419890  -0.0199974202   0.0095463203
       -0.0225168510   0.0072264611  -0.0042998790   0.0075114788  -0.0030998040
        0.0045520960  -0.0039194772
        0.0026376706   0.0023118555   0.0016612060  -0.0503509232  -0.0931532896
       -0.0041932682  -0.0158848845   0.5179624296   0.0174456993   0.0290781115
       -0.0869470424   0.0380664837   0.0013455727   0.0003220807  -0.0011150621
        0.0015012899   0.0007196830  -0.0003188215  -0.0000826406   0.0000636534
        0.0001871807   0.0070792876   0.0039225495   0.0014240418  -0.0283843887
       -0.0193140282  -0.0028509411   0.0267746462  -0.2637313480  -0.0315763119
        0.0178937241  -0.0523026266  -0.0315587370  -0.0066954293   0.0042930357
       -0.0081811789  -0.0030724208   0.0022788057  -0.0026900875   0.0181603844
       -0.0164257583   0.0236997966
        0.0216519879   0.0085520887   0.0002929014  -0.0060905826  -0.0037045661
       -0.0658897159  -0.0228697623   0.0174456993   0.5040647602  -0.0546701522
        0.0379634557  -0.1434464612   0.0038605566  -0.0005933744  -0.0035420022
        0.0000723138   0.0005832380   0.0006236981   0.0000326149   0.0004414592
        0.0003431982  -0.0235485237  -0.0100981107  -0.0044477458  -0.0022041157
       -0.0013275514   0.0005161676   0.0055247730  -0.0311134417  -0.0491711693
        0.0959594099  -0.0314125763  -0.2114603241  -0.0030075174   0.0003316596
       -0.0019328127  -0.0143458165   0.0103901265  -0.0267889309  -0.0003651857
        0.0025418939   0.0008384366
        0.0005149301  -0.0000669485   0.0001478607  -0.0207774956   0.0070170974
       -0.0216237026  -0.1047506474   0.0290781115  -0.0546701522   0.5019483719
        0.0144491695  -0.0278398268   0.0000441036   0.0001376523  -0.0002284887
       -0.0001865961   0.0000609856  -0.0000661541  -0.0008536250  -0.0000352681
       -0.0003929201  -0.0053238305  -0.0020103977  -0.0012377067   0.0010191341
        0.0011427818   0.0001592217  -0.0034271106   0.0046188277  -0.0051857728
        0.0061825057  -0.0043310342   0.0079255215  -0.2415026401  -0.0907015992
        0.0082332284  -0.0868095600   0.0208038965   0.0912012376  -0.0460775401
        0.0198367255   0.0035776542
       -0.0000309097   0.0000829786  -0.0000680003  -0.0052294947   0.0041961263
       -0.0079077771   0.0285306566  -0.0869470424   0.0379634557   0.0144491695
        0.5150386613   0.0184342898  -0.0000923450   0.0000790676  -0.0000556082
       -0.0001000966  -0.0000183576   0.0000387413   0.0001332560   0.0001437304
       -0.0000926235  -0.0030259628  -0.0004017160  -0.0008340012  -0.0010052217
        0.0010109415  -0.0009085168   0.0178082287  -0.0157738207   0.0237000157
       -0.0014926354   0.0021779059  -0.0018400474  -0.0908761926  -0.0860071397
        0.0020146961   0.0208281576  -0.0557348225  -0.0450177652   0.0201033900
       -0.2778465128  -0.0254268587
       -0.0001410213   0.0000462089   0.0001602909  -0.0071572977  -0.0005185937
       -0.0028940482  -0.0530474283   0.0380664837  -0.1434464612  -0.0278398268
        0.0184342898   0.4926266078   0.0001199118  -0.0000503664  -0.0000258021
       -0.0000047605  -0.0000767487   0.0000241832   0.0005731111   0.0003086617
        0.0000601200  -0.0005909668  -0.0001840247   0.0007913130   0.0005106981
        0.0002525554   0.0002738540  -0.0006378724   0.0015875378   0.0006382313
       -0.0146867106   0.0111594321  -0.0278307923   0.0081782106   0.0019679077
       -0.0430481852   0.0911040580  -0.0452996949  -0.2303602152   0.0036198947
       -0.0256936485  -0.0469690959
       -0.2395498816  -0.0861576344  -0.0350220797  -0.0211468104  -0.0074569913
        0.0006562394  -0.0020876659   0.0013455727   0.0038605566   0.0000441036
       -0.0000923450   0.0001199118   0.2782160734   0.1001814483   0.0376396025
        0.0001954748  -0.0018012561  -0.0006470387  -0.0159669850  -0.0058571050
       -0.0062227900   0.0008076474  -0.0002864547  -0.0003635655   0.0001094131
        0.0001143827  -0.0004281929   0.0002425870   0.0004201711   0.0000178225
       -0.0011445440  -0.0004100223   0.0001277605   0.0001210709   0.0000139704
        0.0000513744   0.0001661984   0.0000116532   0.0001651520  -0.0000066817
       -0.0000253897   0.0000452470
       -0.0859614870  -0.0827218068  -0.0140022654   0.0049802216   0.0025401914
        0.0007956299   0.0005549437   0.0003220807  -0.0005933744   0.0001376523
        0.0000790676  -0.0000503664   0.1001814483   0.0920807711   0.0172894217
       -0.0312794059  -0.0180140350  -0.0065643750   0.0108926755   0.0049544939
        0.0027696886  -0.0001868706   0.0000247532   0.0003032663   0.0004406419
        0.0003384087   0.0000144374   0.0001509525   0.0001974799  -0.0000692469
        0.0001504498   0.0002687771   0.0000241948   0.0000244210  -0.0000074980
       -0.0000196939  -0.0000558342  -0.0001192120   0.0000884738  -0.0000298090
        0.0000565281   0.0000142094
       -0.0350420588  -0.0140589873  -0.0483275464   0.0230338095   0.0086359461
        0.0009732427   0.0030801343  -0.0011150621  -0.0035420022  -0.0002284887
       -0.0000556082  -0.0000258021   0.0376396025   0.0172894217   0.0567102830
       -0.0028402051  -0.0014738531   0.0001020155  -0.0272679413  -0.0103671838
       -0.0070687978   0.0005820997   0.0003708870   0.0007169407  -0.0001621954
        0.0002918632   0.0004187486  -0.0001234856  -0.0000975884  -0.0001416799
        0.0012476895   0.0005165303  -0.0001302130  -0.0000496336  -0.0000133688
        0.0001589072   0.0001361182   0.0000955276   0.0001710235  -0.0000054451
       -0.0000185242  -0.0000151198
       -0.0459164797   0.0202698021   0.0003356364  -0.0033961215   0.0188755147
        0.0040002759   0.0007320866   0.0015012899   0.0000723138  -0.0001865961
       -0.0001000966  -0.0000047605   0.0001954748  -0.0312794059  -0.0028402051
        0.0513365105  -0.0244109597  -0.0037601300  -0.0010242683   0.0147252923
       -0.0007156832   0.0003278175  -0.0002865531  -0.0005833610  -0.0019511526
        0.0014420076   0.0036139308  -0.0003809998  -0.0005455365   0.0002476304
        0.0002013786  -0.0001304145  -0.0001869145  -0.0000042251  -0.0000298109
       -0.0000004290  -0.0000665481   0.0001683602  -0.0001654015   0.0001331232
       -0.0001994896  -0.0000129025
        0.0199926297  -0.2789292502  -0.0201841655   0.0038714969  -0.0107585395
       -0.0047059306  -0.0005743342   0.0007196830   0.0005832380   0.0000609856
       -0.0000183576  -0.0000767487  -0.0018012561  -0.0180140350  -0.0014738531
       -0.0244109597   0.3228455629   0.0258259161   0.0020231281  -0.0173204624
        0.0017089675  -0.0003677464   0.0004349899   0.0001708908   0.0011662226
        0.0003550352  -0.0022710453   0.0003753545   0.0006210043   0.0000023116
       -0.0003193211   0.0000763241   0.0001670417  -0.0000169880   0.0000536128
        0.0000320772   0.0001998744  -0.0001925109   0.0001973965  -0.0001990862
        0.0001269433   0.0000239037
        0.0003213121  -0.0204451821  -0.0460630594   0.0046867900  -0.0252020254
       -0.0045287354  -0.0007226784  -0.0003188215   0.0006236981  -0.0000661541
        0.0000387413   0.0000241832  -0.0006470387  -0.0065643750   0.0001020155
       -0.0037601300   0.0258259161   0.0525918978  -0.0029820092   0.0286436161
        0.0005097343  -0.0001722308  -0.0005870543   0.0005289597   0.0035164097
       -0.0019659258  -0.0039300913   0.0002814327   0.0003799672   0.0001577272
       -0.0003270455  -0.0000104189   0.0001006674  -0.0000478592  -0.0000009572
       -0.0000137461  -0.0000676897   0.0001819364   0.0000619723  -0.0000131090
        0.0000245832  -0.0001652231
       -0.0788607372   0.0349367117  -0.0789244666   0.0068695386  -0.0062671367
        0.0150030896   0.0005190582  -0.0000826406   0.0000326149  -0.0008536250
        0.0001332560   0.0005731111  -0.0159669850   0.0108926755  -0.0272679413
       -0.0010242683   0.0020231281  -0.0029820092   0.0918080216  -0.0413518855
        0.0906237353  -0.0013293678   0.0004905862   0.0037858450   0.0005457752
       -0.0004691070  -0.0002082372  -0.0000403612  -0.0000211736  -0.0000169895
       -0.0000119029   0.0000802951  -0.0002179947   0.0001805795  -0.0000230675
       -0.0001416728  -0.0017573586  -0.0005340811  -0.0003596669  -0.0000783671
        0.0001924394   0.0001005822
        0.0348978737  -0.0804827612   0.0777329002  -0.0025376154   0.0026715528
       -0.0046445857   0.0000190020   0.0000636534   0.0004414592  -0.0000352681
        0.0001437304   0.0003086617  -0.0058571050   0.0049544939  -0.0103671838
        0.0147252923  -0.0173204624   0.0286436161  -0.0413518855   0.0887025398
       -0.0890999026   0.0007002408   0.0007465770  -0.0015963741  -0.0003103554
        0.0005631182  -0.0007688249   0.0001022958  -0.0001743028   0.0001100441
        0.0000283911  -0.0000710515  -0.0000921227   0.0000487502  -0.0000703823
       -0.0001420011  -0.0005708137   0.0003825605  -0.0003163773   0.0001411970
       -0.0001092660  -0.0002093091
       -0.0790294455   0.0774566210  -0.2135547918  -0.0066004944   0.0083851059
       -0.0268295919  -0.0006416770   0.0001871807   0.0003431982  -0.0003929201
       -0.0000926235   0.0000601200  -0.0062227900   0.0027696886  -0.0070687978
       -0.0007156832   0.0017089675   0.0005097343   0.0906237353  -0.0890999026
        0.2493772947   0.0037554700  -0.0013930155  -0.0048260261  -0.0006015954
        0.0002773435   0.0007110895  -0.0000331343   0.0000123889  -0.0001240981
       -0.0002940241  -0.0000065652   0.0002714095  -0.0001585347  -0.0001400560
        0.0001120447   0.0001189646   0.0001608379   0.0010307033   0.0001921287
       -0.0002259712  -0.0000122886
        0.0058214677  -0.0047482490   0.0156602629  -0.0860364488   0.0337969102
       -0.0853134121  -0.0186088433   0.0070792876  -0.0235485237  -0.0053238305
       -0.0030259628  -0.0005909668   0.0008076474  -0.0001868706   0.0005820997
        0.0003278175  -0.0003677464  -0.0001722308  -0.0013293678   0.0007002408
        0.0037554700   0.1062667591  -0.0376256140   0.0958002185  -0.0016384108
        0.0035578327  -0.0049172739   0.0005468494   0.0002577287  -0.0000539172
        0.0001007816   0.0005648519  -0.0005093959  -0.0010787747   0.0003968168
       -0.0012340073  -0.0000354272  -0.0000292191   0.0002797572   0.0001797803
       -0.0003700068   0.0002619194
       -0.0024625865   0.0028319464  -0.0051683592   0.0338511998  -0.0710652867
        0.0618348332  -0.0073808422   0.0039225495  -0.0100981107  -0.0020103977
       -0.0004017160  -0.0001840247  -0.0002864547   0.0000247532   0.0003708870
       -0.0002865531   0.0004349899  -0.0005870543   0.0004905862   0.0007465770
       -0.0013930155  -0.0376256140   0.0782507999  -0.0717567828   0.0158841632
       -0.0157864407   0.0280863278  -0.0001579608   0.0003100992  -0.0003657364
        0.0004644650   0.0003351648  -0.0002490330  -0.0003505324   0.0003566615
       -0.0004293172   0.0000391980  -0.0000789620  -0.0000646840  -0.0001686705
        0.0001188639   0.0000040699
       -0.0070045112   0.0078567224  -0.0281360554  -0.0851834254   0.0619826753
       -0.2011368480  -0.0046950478   0.0014240418  -0.0044477458  -0.0012377067
       -0.0008340012   0.0007913130  -0.0003635655   0.0003032663   0.0007169407
       -0.0005833610   0.0001708908   0.0005289597   0.0037858450  -0.0015963741
       -0.0048260261   0.0958002185  -0.0717567828   0.2364073881  -0.0013796011
        0.0025413884  -0.0008819547   0.0001598285  -0.0001639828  -0.0001246048
        0.0005697962   0.0001391478   0.0010052821  -0.0002461729   0.0000944441
       -0.0002854123   0.0002153988   0.0000206653   0.0003003612   0.0001623046
       -0.0001821011   0.0000884023
       -0.0037953102   0.0184762615   0.0041801497  -0.0458428688   0.0268609479
       -0.0002014876  -0.0007091649  -0.0283843887  -0.0022041157   0.0010191341
       -0.0010052217   0.0005106981   0.0001094131   0.0004406419  -0.0001621954
       -0.0019511526   0.0011662226   0.0035164097   0.0005457752  -0.0003103554
       -0.0006015954  -0.0016384108   0.0158841632  -0.0013796011   0.0568822427
       -0.0300296812  -0.0029407839  -0.0050058327  -0.0035929628  -0.0005559376
        0.0005500515  -0.0001436268  -0.0001621692   0.0002338471   0.0001161483
        0.0001672453  -0.0000426726   0.0000990652   0.0000570377  -0.0003550509
        0.0004227861  -0.0002236546
        0.0036428221  -0.0103314047  -0.0036351263   0.0272549273  -0.2677512063
       -0.0116847468  -0.0031815615  -0.0193140282  -0.0013275514   0.0011427818
        0.0010109415   0.0002525554   0.0001143827   0.0003384087   0.0002918632
        0.0014420076   0.0003550352  -0.0019659258  -0.0004691070   0.0005631182
        0.0002773435   0.0035578327  -0.0157864407   0.0025413884  -0.0300296812
        0.3114175015   0.0150864311  -0.0036232909  -0.0013558790   0.0000686411
        0.0002307045   0.0001793506   0.0002356826   0.0004074237   0.0001522862
        0.0001730408  -0.0000235394  -0.0001547320  -0.0000208766  -0.0004657024
        0.0006770491  -0.0002927192
        0.0059285253  -0.0250997824  -0.0044410740  -0.0004007487  -0.0112428178
       -0.0454359728  -0.0002400126  -0.0028509411   0.0005161676   0.0001592217
       -0.0009085168   0.0002738540  -0.0004281929   0.0000144374   0.0004187486
        0.0036139308  -0.0022710453  -0.0039300913  -0.0002082372  -0.0007688249
        0.0007110895  -0.0049172739   0.0280863278  -0.0008819547  -0.0029407839
        0.0150864311   0.0523965069  -0.0004244306  -0.0006173254   0.0005359940
        0.0001304380   0.0004226221  -0.0000065457   0.0000815442   0.0001341559
       -0.0000850576   0.0000181333  -0.0001113556  -0.0001484067  -0.0003721134
        0.0001266348   0.0000767422
        0.0010478864  -0.0009342599  -0.0006720200  -0.0006743299  -0.0282599202
       -0.0035190644  -0.0461204257   0.0267746462   0.0055247730  -0.0034271106
        0.0178082287  -0.0006378724   0.0002425870   0.0001509525  -0.0001234856
       -0.0003809998   0.0003753545   0.0002814327  -0.0000403612   0.0001022958
       -0.0000331343   0.0005468494  -0.0001579608   0.0001598285  -0.0050058327
       -0.0036232909  -0.0004244306   0.0568817371  -0.0305113474  -0.0028803623
       -0.0020233785   0.0166214391   0.0047227375   0.0000802605   0.0004014490
        0.0002327288   0.0005114757  -0.0004534462   0.0005143660  -0.0016383577
        0.0017058596  -0.0031454967
        0.0011567224   0.0008492107  -0.0000797001  -0.0031244760  -0.0192034971
       -0.0028129725   0.0270975807  -0.2637313480  -0.0311134417   0.0046188277
       -0.0157738207   0.0015875378   0.0004201711   0.0001974799  -0.0000975884
       -0.0005455365   0.0006210043   0.0003799672  -0.0000211736  -0.0001743028
        0.0000123889   0.0002577287   0.0003100992  -0.0001639828  -0.0035929628
       -0.0013558790  -0.0006173254  -0.0305113474   0.3073981493   0.0349486459
        0.0026744468  -0.0093582343  -0.0041388377   0.0000427047   0.0004024935
       -0.0002973578  -0.0004844228   0.0004700993  -0.0003524935   0.0020117369
       -0.0006514543   0.0027451602
        0.0001017578   0.0009822259   0.0004016953  -0.0004570233  -0.0024671486
        0.0003701980   0.0058003173  -0.0315763119  -0.0491711693  -0.0051857728
        0.0237000157   0.0006382313   0.0000178225  -0.0000692469  -0.0001416799
        0.0002476304   0.0000023116   0.0001577272  -0.0000169895   0.0001100441
       -0.0001240981  -0.0000539172  -0.0003657364  -0.0001246048  -0.0005559376
        0.0000686411   0.0005359940  -0.0028803623   0.0349486459   0.0564105143
        0.0056352055  -0.0290681727  -0.0069357003   0.0004310059   0.0000012717
        0.0003863936   0.0001001137   0.0006971588   0.0008315182  -0.0031838504
        0.0030363019  -0.0032350194
       -0.0053724296  -0.0030806950  -0.0003108213  -0.0198740524   0.0023840932
        0.0237298930  -0.0944715662   0.0178937241   0.0959594099   0.0061825057
       -0.0014926354  -0.0146867106  -0.0011445440   0.0001504498   0.0012476895
        0.0002013786  -0.0003193211  -0.0003270455  -0.0000119029   0.0000283911
       -0.0002940241   0.0001007816   0.0004644650   0.0005697962   0.0005500515
        0.0002307045   0.0001304380  -0.0020233785   0.0026744468   0.0056352055
        0.1157423349  -0.0198131883  -0.1077496309   0.0008183185  -0.0000501570
       -0.0005971137  -0.0009946960   0.0013126383  -0.0033913486   0.0002971986
       -0.0003829160   0.0000842628
       -0.0021911872  -0.0005244190  -0.0001856395  -0.0085757293   0.0019544931
        0.0108848797   0.0179656112  -0.0523026266  -0.0314125763  -0.0043310342
        0.0021779059   0.0111594321  -0.0004100223   0.0002687771   0.0005165303
       -0.0001304145   0.0000763241  -0.0000104189   0.0000802951  -0.0000710515
       -0.0000065652   0.0005648519   0.0003351648   0.0001391478  -0.0001436268
        0.0001793506   0.0004226221   0.0166214391  -0.0093582343  -0.0290681727
       -0.0198131883   0.0567897421   0.0350915795  -0.0003386254   0.0001803094
       -0.0004925715   0.0011229359  -0.0000592193   0.0024306504  -0.0004213052
        0.0003534834   0.0005311023
        0.0005265587   0.0004130397   0.0009649316   0.0023369017  -0.0000443037
       -0.0011985583   0.0958419890  -0.0315587370  -0.2114603241   0.0079255215
       -0.0018400474  -0.0278307923   0.0001277605   0.0000241948  -0.0001302130
       -0.0001869145   0.0001670417   0.0001006674  -0.0002179947  -0.0000921227
        0.0002714095  -0.0005093959  -0.0002490330   0.0010052821  -0.0001621692
        0.0002356826  -0.0000065457   0.0047227375  -0.0041388377  -0.0069357003
       -0.1077496309   0.0350915795   0.2483923980   0.0003082948  -0.0004200761
        0.0005435153  -0.0034629353   0.0026428242  -0.0043510081   0.0004992768
       -0.0002312050   0.0006349381
        0.0000394480  -0.0000709790  -0.0001335831  -0.0017796279   0.0020063215
       -0.0034542992  -0.0199974202  -0.0066954293  -0.0030075174  -0.2415026401
       -0.0908761926   0.0081782106   0.0001210709   0.0000244210  -0.0000496336
       -0.0000042251  -0.0000169880  -0.0000478592   0.0001805795   0.0000487502
       -0.0001585347  -0.0010787747  -0.0003505324  -0.0002461729   0.0002338471
        0.0004074237   0.0000815442   0.0000802605   0.0000427047   0.0004310059
        0.0008183185  -0.0003386254   0.0003082948   0.2802063722   0.1051386839
       -0.0065184396  -0.0175133954  -0.0074541325   0.0043621290   0.0001961867
       -0.0018654259   0.0002548553
        0.0000871453   0.0000531928   0.0000736947   0.0011033919  -0.0001749161
        0.0013415775   0.0095463203   0.0042930357   0.0003316596  -0.0907015992
       -0.0860071397   0.0019679077   0.0000139704  -0.0000074980  -0.0000133688
       -0.0000298109   0.0000536128  -0.0000009572  -0.0000230675  -0.0000703823
       -0.0001400560   0.0003968168   0.0003566615   0.0000944441   0.0001161483
        0.0001522862   0.0001341559   0.0004014490   0.0004024935   0.0000012717
       -0.0000501570   0.0001803094  -0.0004200761   0.1051386839   0.0964723875
       -0.0041419920   0.0053975848   0.0030120845  -0.0005128369  -0.0313968760
       -0.0187161279   0.0012845758
        0.0002544812   0.0000676833   0.0000026851  -0.0028440243   0.0019071736
       -0.0033525331  -0.0225168510  -0.0081811789  -0.0019328127   0.0082332284
        0.0020146961  -0.0430481852   0.0000513744  -0.0000196939   0.0001589072
       -0.0000004290   0.0000320772  -0.0000137461  -0.0001416728  -0.0001420011
        0.0001120447  -0.0012340073  -0.0004293172  -0.0002854123   0.0001672453
        0.0001730408  -0.0000850576   0.0002327288  -0.0002973578   0.0003863936
       -0.0005971137  -0.0004925715   0.0005435153  -0.0065184396  -0.0041419920
        0.0502943008   0.0283640618   0.0119422857  -0.0035849003  -0.0034505822
       -0.0024328442   0.0008048005
       -0.0008430296   0.0002445116  -0.0005763405   0.0004907318  -0.0000658552
       -0.0000370376   0.0072264611  -0.0030724208  -0.0143458165  -0.0868095600
        0.0208281576   0.0911040580   0.0001661984  -0.0000558342   0.0001361182
       -0.0000665481   0.0001998744  -0.0000676897  -0.0017573586  -0.0005708137
        0.0001189646  -0.0000354272   0.0000391980   0.0002153988  -0.0000426726
       -0.0000235394   0.0000181333   0.0005114757  -0.0004844228   0.0001001137
       -0.0009946960   0.0011229359  -0.0034629353  -0.0175133954   0.0053975848
        0.0283640618   0.1009463922  -0.0250960601  -0.1049789206  -0.0012785717
        0.0015366837   0.0034118918
       -0.0000932154   0.0001837771  -0.0002899715  -0.0000984332   0.0002030389
       -0.0004742076  -0.0042998790   0.0022788057   0.0103901265   0.0208038965
       -0.0557348225  -0.0452996949   0.0000116532  -0.0001192120   0.0000955276
        0.0001683602  -0.0001925109   0.0001819364  -0.0005340811   0.0003825605
        0.0001608379  -0.0000292191  -0.0000789620   0.0000206653   0.0000990652
       -0.0001547320  -0.0001113556  -0.0004534462   0.0004700993   0.0006971588
        0.0013126383  -0.0000592193   0.0026428242  -0.0074541325   0.0030120845
        0.0119422857  -0.0250960601   0.0606288699   0.0502857076   0.0156628533
       -0.0108197773  -0.0302418404
        0.0003384397   0.0001292239   0.0000125258   0.0006452156  -0.0002212503
        0.0002373284   0.0075114788  -0.0026900875  -0.0267889309   0.0912012376
       -0.0450177652  -0.2303602152   0.0001651520   0.0000884738   0.0001710235
       -0.0001654015   0.0001973965   0.0000619723  -0.0003596669  -0.0003163773
        0.0010307033   0.0002797572  -0.0000646840   0.0003003612   0.0000570377
       -0.0000208766  -0.0001484067   0.0005143660  -0.0003524935   0.0008315182
       -0.0033913486   0.0024306504  -0.0043510081   0.0043621290  -0.0005128369
       -0.0035849003  -0.1049789206   0.0502857076   0.2683434829   0.0038205241
       -0.0039350810  -0.0057554543
       -0.0001898307  -0.0000940977  -0.0000242079   0.0006981145   0.0014669895
        0.0002280639  -0.0030998040   0.0181603844  -0.0003651857  -0.0460775401
        0.0201033900   0.0036198947  -0.0000066817  -0.0000298090  -0.0000054451
        0.0001331232  -0.0001990862  -0.0000131090  -0.0000783671   0.0001411970
        0.0001921287   0.0001797803  -0.0001686705   0.0001623046  -0.0003550509
       -0.0004657024  -0.0003721134  -0.0016383577   0.0020117369  -0.0031838504
        0.0002971986  -0.0004213052   0.0004992768   0.0001961867  -0.0313968760
       -0.0034505822  -0.0012785717   0.0156628533   0.0038205241   0.0512198005
       -0.0247710041  -0.0011076992
        0.0000447931  -0.0000301543   0.0000700421  -0.0006771514   0.0007653165
       -0.0005904519   0.0045520960  -0.0164257583   0.0025418939   0.0198367255
       -0.2778465128  -0.0256936485  -0.0000253897   0.0000565281  -0.0000185242
       -0.0001994896   0.0001269433   0.0000245832   0.0001924394  -0.0001092660
       -0.0002259712  -0.0003700068   0.0001188639  -0.0001821011   0.0004227861
        0.0006770491   0.0001266348   0.0017058596  -0.0006514543   0.0030363019
       -0.0003829160   0.0003534834  -0.0002312050  -0.0018654259  -0.0187161279
       -0.0024328442   0.0015366837  -0.0108197773  -0.0039350810  -0.0247710041
        0.3225008666   0.0275103714
        0.0000672448  -0.0000543548   0.0000357219   0.0006055727   0.0004118928
        0.0006127329  -0.0039194772   0.0236997966   0.0008384366   0.0035776542
       -0.0254268587  -0.0469690959   0.0000452470   0.0000142094  -0.0000151198
       -0.0000129025   0.0000239037  -0.0001652231   0.0001005822  -0.0002093091
       -0.0000122886   0.0002619194   0.0000040699   0.0000884023  -0.0002236546
       -0.0002927192   0.0000767422  -0.0031454967   0.0027451602  -0.0032350194
        0.0000842628   0.0005311023   0.0006349381   0.0002548553   0.0012845758
        0.0008048005   0.0034118918  -0.0302418404  -0.0057554543  -0.0011076992
        0.0275103714   0.0530604265
