$hessian                                                                        
        0.0002453645  -0.0000003473  -0.0000048688  -0.0000168860  -0.0000002844
       -0.0000019686  -0.0000170838   0.0000000642   0.0000019857  -0.0000204999
        0.0000005127   0.0000048427  -0.0000194973  -0.0000006434  -0.0000077411
       -0.0000226967  -0.0000001147  -0.0000034983  -0.0000221904  -0.0000003188
       -0.0000055660  -0.0000140177  -0.0000005774  -0.0000035325  -0.0000167710
       -0.0000002253  -0.0000011685  -0.0000175375   0.0000000275   0.0000011971
       -0.0000141363   0.0000000431   0.0000035981  -0.0000205651   0.0000007606
        0.0000076182  -0.0000234901   0.0000005440   0.0000033518  -0.0000199927
        0.0000005591   0.0000057503
       -0.0000003473   0.0002261932   0.0000005288   0.0000039953  -0.0000219213
       -0.0000023633  -0.0000042566  -0.0000073182   0.0000023725   0.0000005352
       -0.0000049453  -0.0000005340  -0.0000053321  -0.0000472586   0.0000036494
       -0.0000082615  -0.0000386539   0.0000052831   0.0000091186  -0.0000467647
       -0.0000050535   0.0000018324  -0.0000211229  -0.0000010799   0.0000157465
       -0.0000200012  -0.0000094745  -0.0000160311  -0.0000097921   0.0000094676
       -0.0000022845   0.0000045671   0.0000010054  -0.0000056068   0.0000054653
        0.0000030109  -0.0000012800  -0.0000165276   0.0000007405   0.0000121719
       -0.0000019198  -0.0000075531
       -0.0000048688   0.0000005288   0.0002312681   0.0000064354  -0.0000006916
       -0.0000250791   0.0000064212  -0.0000006845  -0.0000127989  -0.0000048803
        0.0000005156  -0.0000034632  -0.0000011669   0.0000001206  -0.0000440987
       -0.0000111870   0.0000012095  -0.0000306724  -0.0000108842   0.0000011767
       -0.0000364251   0.0000157976  -0.0000016959  -0.0000301785   0.0000059091
       -0.0000006278  -0.0000218954   0.0000058729  -0.0000006296  -0.0000158044
        0.0000156807  -0.0000016781  -0.0000075278  -0.0000046258   0.0000004837
        0.0000050908  -0.0000142972   0.0000015277  -0.0000083575  -0.0000042065
        0.0000004449  -0.0000000578
       -0.0000168860   0.0000039953   0.0000064354   0.0002432768   0.0000018690
        0.0000025811  -0.0000206569  -0.0000015883  -0.0000026299  -0.0000170860
       -0.0000042017  -0.0000063909  -0.0000172511   0.0000064668   0.0000102544
       -0.0000123859   0.0000025897   0.0000046655  -0.0000166238   0.0000045618
        0.0000073479  -0.0000260038   0.0000033900   0.0000046464  -0.0000251765
        0.0000013132   0.0000014769  -0.0000176469  -0.0000010976  -0.0000016098
       -0.0000249741  -0.0000027039  -0.0000047643  -0.0000157383  -0.0000066109
       -0.0000100238  -0.0000127388  -0.0000031881  -0.0000044079  -0.0000201088
       -0.0000047951  -0.0000075810
       -0.0000002844  -0.0000219213  -0.0000006916   0.0000018690   0.0002380691
        0.0000031645  -0.0000016020  -0.0000216762  -0.0000031866   0.0000000769
       -0.0000073443   0.0000007023  -0.0000022639  -0.0000294739  -0.0000048541
       -0.0000037927  -0.0000140126  -0.0000070489   0.0000035223  -0.0000177696
        0.0000067853   0.0000012415  -0.0000385426   0.0000014498   0.0000067923
       -0.0000263864   0.0000126702  -0.0000065635  -0.0000220786  -0.0000126969
       -0.0000005061  -0.0000276283  -0.0000013619  -0.0000024984  -0.0000032813
       -0.0000040424  -0.0000009604  -0.0000010784  -0.0000009951   0.0000049693
       -0.0000068759   0.0000101054
       -0.0000019686  -0.0000023633  -0.0000250791   0.0000025811   0.0000031645
        0.0002424785   0.0000026019   0.0000031237  -0.0000145317  -0.0000019600
       -0.0000024061  -0.0000129477  -0.0000004761  -0.0000005167  -0.0000265353
       -0.0000044997  -0.0000054707  -0.0000196359  -0.0000044265  -0.0000053089
       -0.0000302665   0.0000063481   0.0000077554  -0.0000245191   0.0000023383
        0.0000028902  -0.0000277596   0.0000024075   0.0000028671  -0.0000101607
        0.0000063360   0.0000076471  -0.0000134245  -0.0000018392  -0.0000022921
       -0.0000065536  -0.0000057536  -0.0000070092  -0.0000139664  -0.0000016892
       -0.0000020809  -0.0000170985
       -0.0000170838  -0.0000042566   0.0000064212  -0.0000206569  -0.0000016020
        0.0000026019   0.0002432585   0.0000018968  -0.0000026275  -0.0000168812
        0.0000040270  -0.0000063856  -0.0000197749  -0.0000065952   0.0000102031
       -0.0000163992  -0.0000031172   0.0000046032  -0.0000123541  -0.0000050989
        0.0000073574  -0.0000249817  -0.0000027202   0.0000046609  -0.0000176271
       -0.0000010607   0.0000015634  -0.0000252292   0.0000013739  -0.0000016118
       -0.0000259442   0.0000034411  -0.0000047507  -0.0000184584   0.0000064733
       -0.0000100539  -0.0000134735   0.0000025798  -0.0000044214  -0.0000143942
        0.0000046590  -0.0000075602
        0.0000000642  -0.0000073182  -0.0000006845  -0.0000015883  -0.0000216762
        0.0000031237   0.0000018968   0.0002380615  -0.0000031731  -0.0000002923
       -0.0000219190   0.0000007057   0.0000022115  -0.0000063667  -0.0000047959
        0.0000032998  -0.0000039154  -0.0000069591  -0.0000040298  -0.0000006763
        0.0000067361  -0.0000005440  -0.0000277135   0.0000014187  -0.0000065531
       -0.0000221731   0.0000125203   0.0000068506  -0.0000264485  -0.0000126464
        0.0000012148  -0.0000384797  -0.0000013640   0.0000023045  -0.0000264514
       -0.0000039735   0.0000003255  -0.0000113074  -0.0000009673  -0.0000051604
       -0.0000236161   0.0000100592
        0.0000019857   0.0000023725  -0.0000127989  -0.0000026299  -0.0000031866
       -0.0000145317  -0.0000026275  -0.0000031731   0.0002423580   0.0000020020
        0.0000024492  -0.0000251266   0.0000004594   0.0000005477  -0.0000112740
        0.0000045595   0.0000054939  -0.0000182608   0.0000044473   0.0000053433
       -0.0000075471  -0.0000064685  -0.0000078203  -0.0000134080  -0.0000024055
       -0.0000029278  -0.0000102005  -0.0000024168  -0.0000028932  -0.0000280030
       -0.0000064070  -0.0000077451  -0.0000246692   0.0000018947   0.0000023398
       -0.0000315675   0.0000058493   0.0000070940  -0.0000240678   0.0000017575
        0.0000021058  -0.0000209028
       -0.0000204999   0.0000005352  -0.0000048803  -0.0000170860   0.0000000769
       -0.0000019600  -0.0000168812  -0.0000002923   0.0000020020   0.0002453614
       -0.0000003705   0.0000048446  -0.0000192153   0.0000007215  -0.0000077734
       -0.0000222675   0.0000005088  -0.0000035333  -0.0000226147   0.0000007143
       -0.0000055848  -0.0000141067   0.0000000608  -0.0000035229  -0.0000175489
        0.0000000316  -0.0000011316  -0.0000167515  -0.0000002337   0.0000012504
       -0.0000140449  -0.0000005924   0.0000036180  -0.0000202965  -0.0000006405
        0.0000076028  -0.0000234220  -0.0000000761   0.0000033414  -0.0000206263
       -0.0000004437   0.0000057272
        0.0000005127  -0.0000049453   0.0000005156  -0.0000042017  -0.0000073443
       -0.0000024061   0.0000040270  -0.0000219190   0.0000024492  -0.0000003705
        0.0002262704  -0.0000005340   0.0000053616   0.0000076058   0.0000036690
        0.0000086205  -0.0000145584   0.0000053427  -0.0000087218  -0.0000060694
       -0.0000051974  -0.0000023589   0.0000045537  -0.0000010970  -0.0000159032
       -0.0000099766  -0.0000096298   0.0000157886  -0.0000201931   0.0000097443
        0.0000017453  -0.0000212081   0.0000010609   0.0000057459  -0.0000496585
        0.0000030686   0.0000017592  -0.0000408456   0.0000007484  -0.0000120047
       -0.0000417116  -0.0000077345
        0.0000048427  -0.0000005340  -0.0000034632  -0.0000063909   0.0000007023
       -0.0000129477  -0.0000063856   0.0000007057  -0.0000251266   0.0000048446
       -0.0000005340   0.0002314677   0.0000011687  -0.0000001327   0.0000059496
        0.0000111192  -0.0000012221  -0.0000073869   0.0000108326  -0.0000011936
       -0.0000017014  -0.0000156880   0.0000017264  -0.0000078747  -0.0000058597
        0.0000006442  -0.0000161214  -0.0000058458   0.0000006414  -0.0000220876
       -0.0000155905   0.0000017213  -0.0000303676   0.0000045860  -0.0000005037
       -0.0000429227   0.0000142032  -0.0000015652  -0.0000295645   0.0000041634
       -0.0000004559  -0.0000378531
       -0.0000194973  -0.0000053321  -0.0000011669  -0.0000172511  -0.0000022639
       -0.0000004761  -0.0000197749   0.0000022115   0.0000004594  -0.0000192153
        0.0000053616   0.0000011687   0.0002451536  -0.0000084213  -0.0000018517
       -0.0000224368  -0.0000036744  -0.0000008294  -0.0000170900  -0.0000062244
       -0.0000013148  -0.0000171694  -0.0000040074  -0.0000008584  -0.0000136910
       -0.0000015713  -0.0000002879  -0.0000234273   0.0000015766   0.0000002184
       -0.0000184182   0.0000038917   0.0000008496  -0.0000210763   0.0000085088
        0.0000018437  -0.0000205334   0.0000038044   0.0000008157  -0.0000155726
        0.0000061402   0.0000014296
       -0.0000006434  -0.0000472586   0.0000001206   0.0000064668  -0.0000294739
       -0.0000005167  -0.0000065952  -0.0000063667   0.0000005477   0.0000007215
        0.0000076058  -0.0000001327  -0.0000084213   0.0002032839   0.0000008146
       -0.0000132916  -0.0000398503   0.0000011614   0.0000142121  -0.0000529405
       -0.0000011486   0.0000032776  -0.0000367199  -0.0000002199   0.0000250422
       -0.0000259322  -0.0000020955  -0.0000252222  -0.0000097965   0.0000022009
       -0.0000032843   0.0000039945   0.0000002372  -0.0000089921   0.0000238056
        0.0000006396  -0.0000023534  -0.0000021282   0.0000001453   0.0000190834
        0.0000117771  -0.0000017539
       -0.0000077411   0.0000036494  -0.0000440987   0.0000102544  -0.0000048541
       -0.0000265353   0.0000102031  -0.0000047959  -0.0000112740  -0.0000077734
        0.0000036690   0.0000059496  -0.0000018517   0.0000008146   0.0002041399
       -0.0000178126   0.0000084230  -0.0000420002  -0.0000172773   0.0000081742
       -0.0000421029   0.0000251589  -0.0000118947  -0.0000356859   0.0000094508
       -0.0000044342  -0.0000153363   0.0000093025  -0.0000044134  -0.0000221413
        0.0000249356  -0.0000117414  -0.0000017776  -0.0000073884   0.0000034859
        0.0000163515  -0.0000227606   0.0000107408  -0.0000028769  -0.0000067001
        0.0000031767   0.0000173880
       -0.0000226967  -0.0000082615  -0.0000111870  -0.0000123859  -0.0000037927
       -0.0000044997  -0.0000163992   0.0000032998   0.0000045595  -0.0000222675
        0.0000086205   0.0000111192  -0.0000224368  -0.0000132916  -0.0000178126
        0.0002347679  -0.0000054257  -0.0000080845  -0.0000224706  -0.0000094715
       -0.0000127666  -0.0000066510  -0.0000068529  -0.0000080951  -0.0000070633
       -0.0000026657  -0.0000026052  -0.0000225088   0.0000022993   0.0000027451
       -0.0000087232   0.0000056575   0.0000082705  -0.0000250640   0.0000135819
        0.0000174577  -0.0000299806   0.0000064665   0.0000076807  -0.0000161204
        0.0000098361   0.0000132179
       -0.0000001147  -0.0000386539   0.0000012095   0.0000025897  -0.0000140126
       -0.0000054707  -0.0000031172  -0.0000039154   0.0000054939   0.0000005088
       -0.0000145584  -0.0000012221  -0.0000036744  -0.0000398503   0.0000084230
       -0.0000054257   0.0002210738   0.0000122081   0.0000065921  -0.0000501096
       -0.0000117081   0.0000008306  -0.0000032709  -0.0000025048   0.0000107367
       -0.0000132640  -0.0000219189  -0.0000112556  -0.0000062090   0.0000219123
       -0.0000019963   0.0000144030   0.0000023351  -0.0000037471  -0.0000070639
        0.0000069842  -0.0000004957  -0.0000328409   0.0000017212   0.0000085687
       -0.0000117278  -0.0000174626
       -0.0000034983   0.0000052831  -0.0000306724   0.0000046655  -0.0000070489
       -0.0000196359   0.0000046032  -0.0000069591  -0.0000182608  -0.0000035333
        0.0000053427  -0.0000073869  -0.0000008294   0.0000011614  -0.0000420002
       -0.0000080845   0.0000122081   0.0002307444  -0.0000077704   0.0000118500
       -0.0000234845   0.0000114297  -0.0000172759  -0.0000251212   0.0000043461
       -0.0000064322  -0.0000066307   0.0000041569  -0.0000063917  -0.0000310430
        0.0000112757  -0.0000170413  -0.0000125244  -0.0000033856   0.0000050786
       -0.0000068252  -0.0000103274   0.0000156046  -0.0000127319  -0.0000030482
        0.0000046206   0.0000055728
       -0.0000221904   0.0000091186  -0.0000108842  -0.0000166238   0.0000035223
       -0.0000044265  -0.0000123541  -0.0000040298   0.0000044473  -0.0000226147
       -0.0000087218   0.0000108326  -0.0000170900   0.0000142121  -0.0000172773
       -0.0000224706   0.0000065921  -0.0000077704   0.0002346352   0.0000108728
       -0.0000124747  -0.0000090766   0.0000060300  -0.0000079186  -0.0000230636
        0.0000023447  -0.0000027009  -0.0000066543  -0.0000029019   0.0000027018
       -0.0000069671  -0.0000072648   0.0000080442  -0.0000192576  -0.0000139896
        0.0000170782  -0.0000281805  -0.0000057007   0.0000075129  -0.0000280919
       -0.0000100842   0.0000128356
       -0.0000003188  -0.0000467647   0.0000011767   0.0000045618  -0.0000177696
       -0.0000053089  -0.0000050989  -0.0000006763   0.0000053433   0.0000007143
       -0.0000060694  -0.0000011936  -0.0000062244  -0.0000529405   0.0000081742
       -0.0000094715  -0.0000501096   0.0000118500   0.0000108728   0.0002064977
       -0.0000113734   0.0000018599  -0.0000100678  -0.0000024260   0.0000183314
       -0.0000159069  -0.0000212732  -0.0000188770  -0.0000039668   0.0000213072
       -0.0000029559   0.0000199401   0.0000022749  -0.0000064821   0.0000063085
        0.0000067665  -0.0000012416  -0.0000264433   0.0000016621   0.0000143299
       -0.0000020314  -0.0000169798
       -0.0000055660  -0.0000050535  -0.0000364251   0.0000073479   0.0000067853
       -0.0000302665   0.0000073574   0.0000067361  -0.0000075471  -0.0000055848
       -0.0000051974  -0.0000017014  -0.0000013148  -0.0000011486  -0.0000421029
       -0.0000127666  -0.0000117081  -0.0000234845  -0.0000124747  -0.0000113734
        0.0002175658   0.0000180643   0.0000166410  -0.0000340021   0.0000067095
        0.0000062284  -0.0000389551   0.0000067712   0.0000061622   0.0000013985
        0.0000179393   0.0000164550  -0.0000037513  -0.0000052754  -0.0000049666
        0.0000145275  -0.0000163485  -0.0000150780  -0.0000052270  -0.0000048589
       -0.0000044822  -0.0000100288
       -0.0000140177   0.0000018324   0.0000157976  -0.0000260038   0.0000012415
        0.0000063481  -0.0000249817  -0.0000005440  -0.0000064685  -0.0000141067
       -0.0000023589  -0.0000156880  -0.0000171694   0.0000032776   0.0000251589
       -0.0000066510   0.0000008306   0.0000114297  -0.0000090766   0.0000018599
        0.0000180643   0.0002306564   0.0000024286   0.0000114121  -0.0000269015
        0.0000009252   0.0000036702  -0.0000229952  -0.0000003074  -0.0000039989
       -0.0000346046  -0.0000007163  -0.0000117019  -0.0000136154  -0.0000035810
       -0.0000246238  -0.0000043410  -0.0000022489  -0.0000108254  -0.0000161919
       -0.0000026395  -0.0000185743
       -0.0000005774  -0.0000211229  -0.0000016959   0.0000033900  -0.0000385426
        0.0000077554  -0.0000027202  -0.0000277135  -0.0000078203   0.0000000608
        0.0000045537   0.0000017264  -0.0000040074  -0.0000367199  -0.0000118947
       -0.0000068529  -0.0000032709  -0.0000172759   0.0000060300  -0.0000100678
        0.0000166410   0.0000024286   0.0002026569   0.0000035494   0.0000120502
       -0.0000356813   0.0000310535  -0.0000114649  -0.0000280787  -0.0000311559
       -0.0000006457  -0.0000439539  -0.0000033463  -0.0000044690   0.0000115477
       -0.0000098989  -0.0000019121   0.0000214422  -0.0000024324   0.0000086899
        0.0000049510   0.0000247946
       -0.0000035325  -0.0000010799  -0.0000301785   0.0000046464   0.0000014498
       -0.0000245191   0.0000046609   0.0000014187  -0.0000134080  -0.0000035229
       -0.0000010970  -0.0000078747  -0.0000008584  -0.0000002199  -0.0000356859
       -0.0000080951  -0.0000025048  -0.0000251212  -0.0000079186  -0.0000024260
       -0.0000340021   0.0000114121   0.0000035494   0.0002382198   0.0000042399
        0.0000013166  -0.0000254197   0.0000042853   0.0000013070  -0.0000124505
        0.0000113677   0.0000034826  -0.0000101707  -0.0000033227  -0.0000010443
       -0.0000000030  -0.0000103386  -0.0000031995  -0.0000108687  -0.0000030235
       -0.0000009528  -0.0000085177
       -0.0000167710   0.0000157465   0.0000059091  -0.0000251765   0.0000067923
        0.0000023383  -0.0000176271  -0.0000065531  -0.0000024055  -0.0000175489
       -0.0000159032  -0.0000058597  -0.0000136910   0.0000250422   0.0000094508
       -0.0000070633   0.0000107367   0.0000043461  -0.0000230636   0.0000183314
        0.0000067095  -0.0000269015   0.0000120502   0.0000042399   0.0002301873
        0.0000046840   0.0000012471  -0.0000066696  -0.0000046258  -0.0000014492
       -0.0000230581  -0.0000114692  -0.0000043751  -0.0000120334  -0.0000252223
       -0.0000091445  -0.0000121913  -0.0000113706  -0.0000040222  -0.0000283919
       -0.0000182392  -0.0000069846
       -0.0000002253  -0.0000200012  -0.0000006278   0.0000013132  -0.0000263864
        0.0000028902  -0.0000010607  -0.0000221731  -0.0000029278   0.0000000316
       -0.0000099766   0.0000006442  -0.0000015713  -0.0000259322  -0.0000044342
       -0.0000026657  -0.0000132640  -0.0000064322   0.0000023447  -0.0000159069
        0.0000062284   0.0000009252  -0.0000356813   0.0000013166   0.0000046840
        0.0002405881   0.0000115823  -0.0000044660  -0.0000223364  -0.0000116727
       -0.0000002553  -0.0000281767  -0.0000012566  -0.0000017302  -0.0000072315
       -0.0000036887  -0.0000007313  -0.0000037260  -0.0000009029   0.0000034072
       -0.0000097958   0.0000092813
       -0.0000011685  -0.0000094745  -0.0000218954   0.0000014769   0.0000126702
       -0.0000277596   0.0000015634   0.0000125203  -0.0000102005  -0.0000011316
       -0.0000096298  -0.0000161214  -0.0000002879  -0.0000020955  -0.0000153363
       -0.0000026052  -0.0000219189  -0.0000066307  -0.0000027009  -0.0000212732
       -0.0000389551   0.0000036702   0.0000310535  -0.0000254197   0.0000012471
        0.0000115823   0.0002179239   0.0000015282   0.0000114951   0.0000099231
        0.0000037538   0.0000306410  -0.0000127455  -0.0000010100  -0.0000091723
       -0.0000031314  -0.0000033476  -0.0000280701  -0.0000137304  -0.0000009878
       -0.0000083280  -0.0000359208
       -0.0000175375  -0.0000160311   0.0000058729  -0.0000176469  -0.0000065635
        0.0000024075  -0.0000252292   0.0000068506  -0.0000024168  -0.0000167515
        0.0000157886  -0.0000058458  -0.0000234273  -0.0000252222   0.0000093025
       -0.0000225088  -0.0000112556   0.0000041569  -0.0000066543  -0.0000188770
        0.0000067712  -0.0000229952  -0.0000114649   0.0000042853  -0.0000066696
       -0.0000044660   0.0000015282   0.0002300531   0.0000048925  -0.0000015199
       -0.0000267788   0.0000121727  -0.0000043502  -0.0000224850   0.0000251676
       -0.0000092447  -0.0000150080   0.0000108449  -0.0000040629  -0.0000063609
        0.0000181634  -0.0000068844
        0.0000000275  -0.0000097921  -0.0000006296  -0.0000010976  -0.0000220786
        0.0000028671   0.0000013739  -0.0000264485  -0.0000028932  -0.0000002337
       -0.0000201931   0.0000006414   0.0000015766  -0.0000097965  -0.0000044134
        0.0000022993  -0.0000062090  -0.0000063917  -0.0000029019  -0.0000039668
        0.0000061622  -0.0000003074  -0.0000280787   0.0000013070  -0.0000046258
       -0.0000223364   0.0000114951   0.0000048925   0.0002405126  -0.0000115449
        0.0000009268  -0.0000357109  -0.0000012344   0.0000016103  -0.0000234622
       -0.0000036592   0.0000001644  -0.0000109241  -0.0000008980  -0.0000037049
       -0.0000215157   0.0000091917
        0.0000011971   0.0000094676  -0.0000158044  -0.0000016098  -0.0000126969
       -0.0000101607  -0.0000016118  -0.0000126464  -0.0000280030   0.0000012504
        0.0000097443  -0.0000220876   0.0000002184   0.0000022009  -0.0000221413
        0.0000027451   0.0000219123  -0.0000310430   0.0000027018   0.0000213072
        0.0000013985  -0.0000039989  -0.0000311559  -0.0000124505  -0.0000014492
       -0.0000116727   0.0000099231  -0.0000015199  -0.0000115449   0.0002174903
       -0.0000039044  -0.0000308652  -0.0000255376   0.0000011786   0.0000093080
       -0.0000351387   0.0000035970   0.0000282569  -0.0000243502   0.0000012055
        0.0000083846  -0.0000020948
       -0.0000141363  -0.0000022845   0.0000156807  -0.0000249741  -0.0000005061
        0.0000063360  -0.0000259442   0.0000012148  -0.0000064070  -0.0000140449
        0.0000017453  -0.0000155905  -0.0000184182  -0.0000032843   0.0000249356
       -0.0000087232  -0.0000019963   0.0000112757  -0.0000069671  -0.0000029559
        0.0000179393  -0.0000346046  -0.0000006457   0.0000113677  -0.0000230581
       -0.0000002553   0.0000037538  -0.0000267788   0.0000009268  -0.0000039044
        0.0002308783   0.0000023740  -0.0000115978  -0.0000150292   0.0000029478
       -0.0000245202  -0.0000048053   0.0000006299  -0.0000107850  -0.0000133942
        0.0000020895  -0.0000184837
        0.0000000431   0.0000045671  -0.0000016781  -0.0000027039  -0.0000276283
        0.0000076471   0.0000034411  -0.0000384797  -0.0000077451  -0.0000005924
       -0.0000212081   0.0000017213   0.0000038917   0.0000039945  -0.0000117414
        0.0000056575   0.0000144030  -0.0000170413  -0.0000072648   0.0000199401
        0.0000164550  -0.0000007163  -0.0000439539   0.0000034826  -0.0000114692
       -0.0000281767   0.0000306410   0.0000121727  -0.0000357109  -0.0000308652
        0.0000023740   0.0002030085  -0.0000033219   0.0000039910  -0.0000293671
       -0.0000097364   0.0000003572   0.0000032271  -0.0000023781  -0.0000091817
       -0.0000246156   0.0000245605
        0.0000035981   0.0000010054  -0.0000075278  -0.0000047643  -0.0000013619
       -0.0000134245  -0.0000047507  -0.0000013640  -0.0000246692   0.0000036180
        0.0000010609  -0.0000303676   0.0000008496   0.0000002372  -0.0000017776
        0.0000082705   0.0000023351  -0.0000125244   0.0000080442   0.0000022749
       -0.0000037513  -0.0000117019  -0.0000033463  -0.0000101707  -0.0000043751
       -0.0000012566  -0.0000127455  -0.0000043502  -0.0000012344  -0.0000255376
       -0.0000115978  -0.0000033219   0.0002378734   0.0000034315   0.0000010180
       -0.0000382827   0.0000105851   0.0000030464  -0.0000272510   0.0000031429
        0.0000009072  -0.0000298435
       -0.0000205651  -0.0000056068  -0.0000046258  -0.0000157383  -0.0000024984
       -0.0000018392  -0.0000184584   0.0000023045   0.0000018947  -0.0000202965
        0.0000057459   0.0000045860  -0.0000210763  -0.0000089921  -0.0000073884
       -0.0000250640  -0.0000037471  -0.0000033856  -0.0000192576  -0.0000064821
       -0.0000052754  -0.0000136154  -0.0000044690  -0.0000033227  -0.0000120334
       -0.0000017302  -0.0000010100  -0.0000224850   0.0000016103   0.0000011786
       -0.0000150292   0.0000039910   0.0000034315   0.0002436510   0.0000090878
        0.0000071701  -0.0000237268   0.0000042014   0.0000031511  -0.0000163050
        0.0000065848   0.0000054351
        0.0000007606   0.0000054653   0.0000004837  -0.0000066109  -0.0000032813
       -0.0000022921   0.0000064733  -0.0000264514   0.0000023398  -0.0000006405
       -0.0000496585  -0.0000005037   0.0000085088   0.0000238056   0.0000034859
        0.0000135819  -0.0000070639   0.0000050786  -0.0000139896   0.0000063085
       -0.0000049666  -0.0000035810   0.0000115477  -0.0000010443  -0.0000252223
       -0.0000072315  -0.0000091723   0.0000251676  -0.0000234622   0.0000093080
        0.0000029478  -0.0000293671   0.0000010180   0.0000090878   0.0002001639
        0.0000029284   0.0000026423  -0.0000474916   0.0000007139  -0.0000191259
       -0.0000532835  -0.0000073774
        0.0000076182   0.0000030109   0.0000050908  -0.0000100238  -0.0000040424
       -0.0000065536  -0.0000100539  -0.0000039735  -0.0000315675   0.0000076028
        0.0000030686  -0.0000429227   0.0000018437   0.0000006396   0.0000163515
        0.0000174577   0.0000069842  -0.0000068252   0.0000170782   0.0000067665
        0.0000145275  -0.0000246238  -0.0000098989  -0.0000000030  -0.0000091445
       -0.0000036887  -0.0000031314  -0.0000092447  -0.0000036592  -0.0000351387
       -0.0000245202  -0.0000097364  -0.0000382827   0.0000071701   0.0000029284
        0.0002052166   0.0000223050   0.0000089373  -0.0000367092   0.0000065353
        0.0000026635  -0.0000400523
       -0.0000234901  -0.0000012800  -0.0000142972  -0.0000127388  -0.0000009604
       -0.0000057536  -0.0000134735   0.0000003255   0.0000058493  -0.0000234220
        0.0000017592   0.0000142032  -0.0000205334  -0.0000023534  -0.0000227606
       -0.0000299806  -0.0000004957  -0.0000103274  -0.0000281805  -0.0000012416
       -0.0000163485  -0.0000043410  -0.0000019121  -0.0000103386  -0.0000121913
       -0.0000007313  -0.0000033476  -0.0000150080   0.0000001644   0.0000035970
       -0.0000048053   0.0000003572   0.0000105851  -0.0000237268   0.0000026423
        0.0000223050   0.0002336724   0.0000017727   0.0000098076  -0.0000217812
        0.0000019531   0.0000168263
        0.0000005440  -0.0000165276   0.0000015277  -0.0000031881  -0.0000010784
       -0.0000070092   0.0000025798  -0.0000113074   0.0000070940  -0.0000000761
       -0.0000408456  -0.0000015652   0.0000038044  -0.0000021282   0.0000107408
        0.0000064665  -0.0000328409   0.0000156046  -0.0000057007  -0.0000264433
       -0.0000150780  -0.0000022489   0.0000214422  -0.0000031995  -0.0000113706
       -0.0000037260  -0.0000280701   0.0000108449  -0.0000109241   0.0000282569
        0.0000006299   0.0000032271   0.0000030464   0.0000042014  -0.0000474916
        0.0000089373   0.0000017727   0.0002099182   0.0000021878  -0.0000082592
       -0.0000412742  -0.0000224733
        0.0000033518   0.0000007405  -0.0000083575  -0.0000044079  -0.0000009951
       -0.0000139664  -0.0000044214  -0.0000009673  -0.0000240678   0.0000033414
        0.0000007484  -0.0000295645   0.0000008157   0.0000001453  -0.0000028769
        0.0000076807   0.0000017212  -0.0000127319   0.0000075129   0.0000016621
       -0.0000052270  -0.0000108254  -0.0000024324  -0.0000108687  -0.0000040222
       -0.0000009029  -0.0000137304  -0.0000040629  -0.0000008980  -0.0000243502
       -0.0000107850  -0.0000023781  -0.0000272510   0.0000031511   0.0000007139
       -0.0000367092   0.0000098076   0.0000021878   0.0002392726   0.0000028635
        0.0000006547  -0.0000295710
       -0.0000199927   0.0000121719  -0.0000042065  -0.0000201088   0.0000049693
       -0.0000016892  -0.0000143942  -0.0000051604   0.0000017575  -0.0000206263
       -0.0000120047   0.0000041634  -0.0000155726   0.0000190834  -0.0000067001
       -0.0000161204   0.0000085687  -0.0000030482  -0.0000280919   0.0000143299
       -0.0000048589  -0.0000161919   0.0000086899  -0.0000030235  -0.0000283919
        0.0000034072  -0.0000009878  -0.0000063609  -0.0000037049   0.0000012055
       -0.0000133942  -0.0000091817   0.0000031429  -0.0000163050  -0.0000191259
        0.0000065353  -0.0000217812  -0.0000082592   0.0000028635   0.0002373320
       -0.0000137835   0.0000048462
        0.0000005591  -0.0000019198   0.0000004449  -0.0000047951  -0.0000068759
       -0.0000020809   0.0000046590  -0.0000236161   0.0000021058  -0.0000004437
       -0.0000417116  -0.0000004559   0.0000061402   0.0000117771   0.0000031767
        0.0000098361  -0.0000117278   0.0000046206  -0.0000100842  -0.0000020314
       -0.0000044822  -0.0000026395   0.0000049510  -0.0000009528  -0.0000182392
       -0.0000097958  -0.0000083280   0.0000181634  -0.0000215157   0.0000083846
        0.0000020895  -0.0000246156   0.0000009072   0.0000065848  -0.0000532835
        0.0000026635   0.0000019531  -0.0000412742   0.0000006547  -0.0000137835
        0.0002216393  -0.0000066582
        0.0000057503  -0.0000075531  -0.0000000578  -0.0000075810   0.0000101054
       -0.0000170985  -0.0000075602   0.0000100592  -0.0000209028   0.0000057272
       -0.0000077345  -0.0000378531   0.0000014296  -0.0000017539   0.0000173880
        0.0000132179  -0.0000174626   0.0000055728   0.0000128356  -0.0000169798
       -0.0000100288  -0.0000185743   0.0000247946  -0.0000085177  -0.0000069846
        0.0000092813  -0.0000359208  -0.0000068844   0.0000091917  -0.0000020948
       -0.0000184837   0.0000245605  -0.0000298435   0.0000054351  -0.0000073774
       -0.0000400523   0.0000168263  -0.0000224733  -0.0000295710   0.0000048462
       -0.0000066582   0.0002089804
