           1           2   1.0201185689155863     
           2           3   1.0078597159129785     
           3           4   1.0201193264108306     
           1           5  0.98770963968554171     
           1           6  0.98778212712801261     
           1           7  0.98632117874090153     
           2           8  0.97903448212271460     
           2           9  0.97831466091629649     
           3          10  0.97831421255228490     
           3          11  0.97903447035221058     
           4          12  0.98770964237519621     
           4          13  0.98632000955906285     
           4          14  0.98778323100621990     
