           1           2   1.0266024701167957     
           2           3  0.98825251874878728     
           3           4   1.0122182546955600     
           1           5  0.98009030751858139     
           1           6  0.98647713412616778     
           1           7  0.98532579062556014     
           2           8  0.97577737101238937     
           2           9  0.97305183812510010     
           4          10  0.98454157329743364     
           4          11  0.98476915491940109     
           4          12  0.98162787562671472     
