$hessian                                                                        
        0.6545687593  -0.0273443583   0.0000066995  -0.3137959464  -0.0634588256
       -0.0000051634  -0.0511270037   0.0589181645  -0.0000009169  -0.0330368513
       -0.0331319320  -0.0000001857   0.0450820636  -0.0033684074   0.0000005995
       -0.0962731375  -0.0242151660  -0.0000010480  -0.0269323714  -0.0297420873
        0.0000002271   0.0002800238   0.0012704047  -0.0000000016  -0.0145542301
       -0.0185687274  -0.0000003523  -0.1600503626   0.1338072446   0.0000002196
       -0.0019305486   0.0028434509   0.0000000564  -0.0022303951   0.0029902393
       -0.0000001341
       -0.0273443583   0.6610746080   0.0000044495   0.0016602126  -0.0858493067
       -0.0000007352   0.0080709337   0.0384837086   0.0000000743  -0.0331307755
       -0.0251597662  -0.0000003556   0.0474746129  -0.0577331540   0.0000008514
       -0.0893259629  -0.3033796429  -0.0000033059  -0.0170903222  -0.0088012476
        0.0000000967   0.0012736865  -0.0000275075   0.0000001295  -0.0312210354
       -0.0211957291  -0.0000006265   0.1337922380  -0.1918579221  -0.0000005017
        0.0029532710  -0.0029297964   0.0000002530   0.0028874996  -0.0026242442
       -0.0000003294
        0.0000066995   0.0000044495   0.1054306283  -0.0000044258  -0.0000013208
       -0.0456851727  -0.0000008743   0.0000008602   0.0011456896  -0.0000004683
       -0.0000001786  -0.0028963823   0.0000005590  -0.0000000173   0.0011456915
       -0.0000009107  -0.0000031822  -0.0456852070  -0.0000001673   0.0000000342
        0.0025843959  -0.0000000138  -0.0000000063  -0.0000935809  -0.0000002434
       -0.0000003392   0.0025843732   0.0000000462  -0.0000004756  -0.0317801502
        0.0000000193   0.0000000583   0.0066248595  -0.0000002204   0.0000001179
        0.0066248551
       -0.3137959464   0.0016602126  -0.0000044258   0.6136241356  -0.0463628030
        0.0000084422  -0.2024367543   0.0855358389  -0.0000016014   0.0532782781
        0.0575507560   0.0000000461  -0.0558120892   0.0199753564  -0.0000006307
       -0.0146436679  -0.0967592100  -0.0000005766   0.0022440844   0.0012319270
       -0.0000000752   0.0004780270  -0.0046197846  -0.0000000317  -0.0389698070
       -0.0373601495   0.0000001329  -0.0216728068  -0.0018874956  -0.0000006539
       -0.0218693445   0.0208056843  -0.0000004154  -0.0004241088   0.0002296675
       -0.0000002107
       -0.0634588256  -0.0858493067  -0.0000013208  -0.0463628030   0.4894386090
       -0.0000018521   0.1505893822  -0.1972232201   0.0000023468  -0.0059169155
       -0.0670730684  -0.0000000503   0.0199855185  -0.0023759774   0.0000001768
       -0.0332943298   0.0008201260  -0.0000001750  -0.0022056941  -0.0040376994
       -0.0000002158  -0.0011979601  -0.0022345054   0.0000001309  -0.0373098932
       -0.1387191551   0.0000004813   0.0211519067   0.0033982519   0.0000004223
       -0.0022303077   0.0036553116   0.0000000099   0.0002499216   0.0002006342
        0.0000000461
       -0.0000051634  -0.0000007352  -0.0456851727   0.0000084422  -0.0000018521
        0.1028274432  -0.0000023395   0.0000022166  -0.0456851537   0.0000002049
        0.0000008593   0.0008647128  -0.0000004603   0.0000001932  -0.0028963731
       -0.0000005479  -0.0000011705   0.0008647591   0.0000002314   0.0000001524
        0.0051381115   0.0000000294  -0.0000002230   0.0051380569   0.0000000032
        0.0000003822  -0.0210869161  -0.0000001976   0.0000000510   0.0002559611
       -0.0000002149   0.0000001147   0.0002560405   0.0000000124   0.0000000116
        0.0000085305
       -0.0511270037   0.0080709337  -0.0000008743  -0.2024367543   0.1505893822
       -0.0000023395   0.6831406387   0.0108585226   0.0000025556  -0.1160863627
       -0.1157690919   0.0000001366  -0.0129268711  -0.0301268528  -0.0000002530
        0.0015647837   0.0131501912   0.0000001466  -0.0010491271  -0.0005019303
       -0.0000000964   0.0020271495   0.0216287374   0.0000002801   0.0069381641
       -0.0024653905   0.0000001010  -0.0050570340  -0.0012482711  -0.0000000300
       -0.2998046394  -0.0531206104   0.0000003768  -0.0051829438  -0.0010656201
       -0.0000000035
        0.0589181645   0.0384837086   0.0000008602   0.0855358389  -0.1972232201
        0.0000022166   0.0108585226   0.6324877545  -0.0000031637  -0.0507132542
       -0.2835833072   0.0000008672  -0.0809679911   0.0002878509  -0.0000012425
        0.0131629830  -0.0597483675   0.0000001551  -0.0005029160   0.0013204548
       -0.0000000669   0.0089877576  -0.0377562455  -0.0000004831   0.0101580128
       -0.0426705829   0.0000006619  -0.0013692286   0.0002013770  -0.0000003230
       -0.0531171295  -0.0521278747   0.0000001571  -0.0009507600   0.0003284521
        0.0000003612
       -0.0000009169   0.0000000743   0.0011456896  -0.0000016014   0.0000023468
       -0.0456851537   0.0000025556  -0.0000031637   0.1054306125   0.0000005797
        0.0000007996  -0.0456851778  -0.0000001515  -0.0000004240   0.0011457001
       -0.0000002438   0.0000001391  -0.0028963722  -0.0000000053   0.0000000065
       -0.0000936097  -0.0000000505  -0.0000001524   0.0025843836  -0.0000000272
        0.0000002605   0.0025843710  -0.0000001036  -0.0000001040   0.0066248609
        0.0000002072   0.0000001828  -0.0317801636  -0.0000002423   0.0000000344
        0.0066248594
       -0.0330368513  -0.0331307755  -0.0000004683   0.0532782781  -0.0059169155
        0.0000002049  -0.1160863627  -0.0507132542   0.0000005797   0.5607038898
        0.0768821577   0.0000061273  -0.3007679035  -0.0938192668  -0.0000061044
       -0.0593500513   0.0709374598  -0.0000012192   0.0009379049   0.0009149259
       -0.0000001304  -0.0815172955   0.0618943458   0.0000017951  -0.0020790104
        0.0047055899  -0.0000002126  -0.0001489956  -0.0003761293  -0.0000001634
       -0.0111697991  -0.0271854536   0.0000002729  -0.0107638035  -0.0041926843
       -0.0000006818
       -0.0331319320  -0.0251597662  -0.0000001786   0.0575507560  -0.0670730684
        0.0000008593  -0.1157690919  -0.2835833072   0.0000007996   0.0768821577
        0.5423941142   0.0000021613  -0.0287493968  -0.0988977441  -0.0000010678
        0.0074762456   0.0455403437  -0.0000000682   0.0043543381  -0.0027362102
        0.0000003269   0.0618874000  -0.0962237263  -0.0000020563   0.0012863477
        0.0002707962  -0.0000000389  -0.0004097778  -0.0000600672  -0.0000000239
       -0.0041405559  -0.0070272117   0.0000002163  -0.0272364907  -0.0074441527
       -0.0000009298
       -0.0000001857  -0.0000003556  -0.0028963823   0.0000000461  -0.0000000503
        0.0008647128   0.0000001366   0.0000008672  -0.0456851778   0.0000061273
        0.0000021613   0.1028274411  -0.0000064961  -0.0000016890  -0.0456851532
       -0.0000010666   0.0000010427   0.0008647038   0.0000003410   0.0000000057
        0.0051380817   0.0000013505  -0.0000016416  -0.0210869974  -0.0000001038
       -0.0000000165   0.0051381089   0.0000000466  -0.0000000450   0.0000085075
       -0.0000001077  -0.0000001852   0.0002560676  -0.0000000882  -0.0000000937
        0.0002560872
        0.0450820636   0.0474746129   0.0000005590  -0.0558120892   0.0199855185
       -0.0000004603  -0.0129268711  -0.0809679911  -0.0000001515  -0.3007679035
       -0.0287493968  -0.0000064961   0.6357413942   0.0164891278   0.0000112915
       -0.1696124607   0.0816225645  -0.0000039009  -0.0410769983   0.0158636288
       -0.0000001992  -0.0336114528   0.0132311582  -0.0000002923   0.0011564797
       -0.0007670061   0.0000001195  -0.0001383837  -0.0019359498  -0.0000000551
        0.0000082096  -0.0015676192  -0.0000000986  -0.0680419877  -0.0806786479
       -0.0000003160
       -0.0033684074  -0.0577331540  -0.0000000173   0.0199753564  -0.0023759774
        0.0000001932  -0.0301268528   0.0002878509  -0.0000004240  -0.0938192668
       -0.0988977441  -0.0000016890   0.0164891278   0.6798901636  -0.0000027301
        0.1466981611  -0.2300505892   0.0000046223   0.0032456691   0.0053494789
       -0.0000000033   0.0258712160  -0.0021238161   0.0000002490  -0.0007601054
       -0.0009035828  -0.0000000557  -0.0018424241  -0.0046889377   0.0000002537
       -0.0016840138  -0.0048667819  -0.0000002297  -0.0806784601  -0.2838869103
       -0.0000001690
        0.0000005995   0.0000008514   0.0011456915  -0.0000006307   0.0000001768
       -0.0028963731  -0.0000002530  -0.0000012425   0.0011457001  -0.0000061044
       -0.0000010678  -0.0456851532   0.0000112915  -0.0000027301   0.1054306171
       -0.0000037434   0.0000039965  -0.0456852074  -0.0000003398  -0.0000000595
        0.0025843961  -0.0000002559   0.0000002644   0.0025843743  -0.0000000190
        0.0000000123  -0.0000936001  -0.0000000928  -0.0000001765   0.0066248667
        0.0000000335   0.0000001095   0.0066248542  -0.0000004856  -0.0000001345
       -0.0317801664
       -0.0962731375  -0.0893259629  -0.0000009107  -0.0146436679  -0.0332943298
       -0.0000005479   0.0015647837   0.0131629830  -0.0000002438  -0.0593500513
        0.0074762456  -0.0000010666  -0.1696124607   0.1466981611  -0.0000037434
        0.4802709162  -0.0305198712   0.0000039797  -0.1460584771  -0.0245717707
        0.0000029626  -0.0028737066  -0.0008001451  -0.0000003017  -0.0040520773
       -0.0014437549  -0.0000002567   0.0053055241   0.0179347220   0.0000002619
        0.0002449871   0.0001671196  -0.0000001217   0.0054773674  -0.0054833965
       -0.0000000118
       -0.0242151660  -0.3033796429  -0.0000031822  -0.0967592100   0.0008201260
       -0.0000011705   0.0131501912  -0.0597483675   0.0000001391   0.0709374598
        0.0455403437   0.0000010427   0.0816225645  -0.2300505892   0.0000039965
       -0.0305198712   0.6227508800  -0.0000018160  -0.0246005719  -0.0316119986
        0.0000006118  -0.0042084100   0.0011119803  -0.0000002494   0.0019746583
        0.0022689391   0.0000001444  -0.0050823972  -0.0235373579  -0.0000006839
        0.0001493666  -0.0004638600   0.0000000527   0.0175513857  -0.0237004528
        0.0000011148
       -0.0000010480  -0.0000033059  -0.0456852070  -0.0000005766  -0.0000001750
        0.0008647591   0.0000001466   0.0000001551  -0.0028963722  -0.0000012192
       -0.0000000682   0.0008647038  -0.0000039009   0.0000046223  -0.0456852074
        0.0000039797  -0.0000018160   0.1028274628   0.0000022448   0.0000004990
       -0.0210868808   0.0000002160  -0.0000002289   0.0051380665  -0.0000000092
        0.0000001708   0.0051381255   0.0000000310   0.0000001337   0.0002559499
        0.0000000766   0.0000000129   0.0000085433   0.0000000593   0.0000000001
        0.0002560566
       -0.0269323714  -0.0170903222  -0.0000001673   0.0022440844  -0.0022056941
        0.0000002314  -0.0010491271  -0.0005029160  -0.0000000053   0.0009379049
        0.0043543381   0.0000003410  -0.0410769983   0.0032456691  -0.0000003398
       -0.1460584771  -0.0246005719   0.0000022448   0.2108361151   0.0368128963
       -0.0000026933  -0.0008340397  -0.0001985165   0.0000000359  -0.0004594101
        0.0000014674   0.0000000800   0.0011251530  -0.0000142121   0.0000001501
        0.0004170591   0.0000650170  -0.0000000987   0.0008501072   0.0001328448
        0.0000002212
       -0.0297420873  -0.0088012476   0.0000000342   0.0012319270  -0.0040376994
        0.0000001524  -0.0005019303   0.0013204548   0.0000000065   0.0009149259
       -0.0027362102   0.0000000057   0.0158636288   0.0053494789  -0.0000000595
       -0.0245717707  -0.0316119986   0.0000004990   0.0368128963   0.0393642552
       -0.0000006791   0.0008259529  -0.0000217232   0.0000000003  -0.0010047655
       -0.0003555019   0.0000000367  -0.0006068534   0.0005835719   0.0000001209
        0.0000781342   0.0000785287  -0.0000000521   0.0006999420   0.0008680913
       -0.0000000650
        0.0000002271   0.0000000967   0.0025843959  -0.0000000752  -0.0000002158
        0.0051381115  -0.0000000964  -0.0000000669  -0.0000936097  -0.0000001304
        0.0000003269   0.0051380817  -0.0000001992  -0.0000000033   0.0025843961
        0.0000029626   0.0000006118  -0.0210868808  -0.0000026933  -0.0000006791
        0.0108799922   0.0000000059  -0.0000000008  -0.0001689339  -0.0000000285
       -0.0000000458  -0.0001690258  -0.0000000333  -0.0000000178  -0.0018525314
        0.0000000512  -0.0000000111  -0.0011013659   0.0000000094   0.0000000052
       -0.0018526299
        0.0002800238   0.0012736865  -0.0000000138   0.0004780270  -0.0011979601
        0.0000000294   0.0020271495   0.0089877576  -0.0000000505  -0.0815172955
        0.0618874000   0.0000013505  -0.0336114528   0.0258712160  -0.0000002559
       -0.0028737066  -0.0042084100   0.0000002160  -0.0008340397   0.0008259529
        0.0000000059   0.1140856705  -0.0926525590  -0.0000015468   0.0000442283
       -0.0003012556   0.0000000410   0.0002129220  -0.0001890844  -0.0000000176
        0.0012358349  -0.0004821275   0.0000000361   0.0004726386   0.0001853835
        0.0000002060
        0.0012704047  -0.0000275075  -0.0000000063  -0.0046197846  -0.0022345054
       -0.0000002230   0.0216287374  -0.0377562455  -0.0000001524   0.0618943458
       -0.0962237263  -0.0000016416   0.0132311582  -0.0021238161   0.0000002644
       -0.0008001451   0.0011119803  -0.0000002289  -0.0001985165  -0.0000217232
       -0.0000000008  -0.0926525590   0.1361231222   0.0000021583   0.0007217228
       -0.0008928854  -0.0000000782  -0.0001673779   0.0002684177   0.0000001097
        0.0000889976   0.0005029042  -0.0000001283  -0.0003969834   0.0012739849
       -0.0000000729
       -0.0000000016   0.0000001295  -0.0000935809  -0.0000000317   0.0000001309
        0.0051380569   0.0000002801  -0.0000004831   0.0025843836   0.0000017951
       -0.0000020563  -0.0210869974  -0.0000002923   0.0000002490   0.0025843743
       -0.0000003017  -0.0000002494   0.0051380665   0.0000000359   0.0000000003
       -0.0001689339  -0.0000015468   0.0000021583   0.0108801776   0.0000000081
        0.0000000804  -0.0001689509   0.0000000576  -0.0000000000  -0.0011013126
       -0.0000000239   0.0000000558  -0.0018526331   0.0000000213  -0.0000000154
       -0.0018526501
       -0.0145542301  -0.0312210354  -0.0000002434  -0.0389698070  -0.0373098932
        0.0000000032   0.0069381641   0.0101580128  -0.0000000272  -0.0020790104
        0.0012863477  -0.0000001038   0.0011564797  -0.0007601054  -0.0000000190
       -0.0040520773   0.0019746583  -0.0000000092  -0.0004594101  -0.0010047655
       -0.0000000285   0.0000442283   0.0007217228   0.0000000081   0.0503681787
        0.0558783029   0.0000002530   0.0005531021  -0.0005273671   0.0000000772
        0.0009574255   0.0006873298   0.0000000102   0.0000969563   0.0001167924
        0.0000000793
       -0.0185687274  -0.0211957291  -0.0000003392  -0.0373601495  -0.1387191551
        0.0000003822  -0.0024653905  -0.0426705829   0.0000002605   0.0047055899
        0.0002707962  -0.0000000165  -0.0007670061  -0.0009035828   0.0000000123
       -0.0014437549   0.0022689391   0.0000001708   0.0000014674  -0.0003555019
       -0.0000000458  -0.0003012556  -0.0008928854   0.0000000804   0.0558783029
        0.1998187981  -0.0000005048   0.0001062486   0.0012290520   0.0000000683
        0.0001147682   0.0007579974  -0.0000000194   0.0000999071   0.0003918543
       -0.0000000488
       -0.0000003523  -0.0000006265   0.0025843732   0.0000001329   0.0000004813
       -0.0210869161   0.0000001010   0.0000006619   0.0025843710  -0.0000002126
       -0.0000000389   0.0051381089   0.0000001195  -0.0000000557  -0.0000936001
       -0.0000002567   0.0000001444   0.0051381255   0.0000000800   0.0000000367
       -0.0001690258   0.0000000410  -0.0000000782  -0.0001689509   0.0000002530
       -0.0000005048   0.0108800266   0.0000000351   0.0000000567  -0.0018525350
       -0.0000000046  -0.0000000667  -0.0018526190   0.0000000638  -0.0000000102
       -0.0011013583
       -0.1600503626   0.1337922380   0.0000000462  -0.0216728068   0.0211519067
       -0.0000001976  -0.0050570340  -0.0013692286  -0.0000001036  -0.0001489956
       -0.0004097778   0.0000000466  -0.0001383837  -0.0018424241  -0.0000000928
        0.0053055241  -0.0050823972   0.0000000310   0.0011251530  -0.0006068534
       -0.0000000333   0.0002129220  -0.0001673779   0.0000000576   0.0005531021
        0.0001062486   0.0000000351   0.1805640231  -0.1462428913   0.0000002563
       -0.0009271878   0.0011182672  -0.0000000437   0.0002340462  -0.0004477101
       -0.0000000018
        0.1338072446  -0.1918579221  -0.0000004756  -0.0018874956   0.0033982519
        0.0000000510  -0.0012482711   0.0002013770  -0.0000001040  -0.0003761293
       -0.0000600672  -0.0000000450  -0.0019359498  -0.0046889377  -0.0000001765
        0.0179347220  -0.0235373579   0.0000001337  -0.0000142121   0.0005835719
       -0.0000000178  -0.0001890844   0.0002684177  -0.0000000000  -0.0005273671
        0.0012290520   0.0000000567  -0.1462428913   0.2153191168   0.0000005393
       -0.0003015544   0.0001504815  -0.0000000186   0.0009809886  -0.0010059840
        0.0000000568
        0.0000002196  -0.0000005017  -0.0317801502  -0.0000006539   0.0000004223
        0.0002559611  -0.0000000300  -0.0000003230   0.0066248609  -0.0000001634
       -0.0000000239   0.0000085075  -0.0000000551   0.0000002537   0.0066248667
        0.0000002619  -0.0000006839   0.0002559499   0.0000001501   0.0000001209
       -0.0018525314  -0.0000000176   0.0000001097  -0.0011013126   0.0000000772
        0.0000000683  -0.0018525350   0.0000002563   0.0000005393   0.0225916603
       -0.0000000402   0.0000000483   0.0001123658  -0.0000000050  -0.0000000299
        0.0001123571
       -0.0019305486   0.0029532710   0.0000000193  -0.0218693445  -0.0022303077
       -0.0000002149  -0.2998046394  -0.0531171295   0.0000002072  -0.0111697991
       -0.0041405559  -0.0000001077   0.0000082096  -0.0016840138   0.0000000335
        0.0002449871   0.0001493666   0.0000000766   0.0004170591   0.0000781342
        0.0000000512   0.0012358349   0.0000889976  -0.0000000239   0.0009574255
        0.0001147682  -0.0000000046  -0.0009271878  -0.0003015544  -0.0000000402
        0.3333118505   0.0580582821   0.0000000363  -0.0004738474   0.0000307415
       -0.0000000329
        0.0028434509  -0.0029297964   0.0000000583   0.0208056843   0.0036553116
        0.0000001147  -0.0531206104  -0.0521278747   0.0000001828  -0.0271854536
       -0.0070272117  -0.0000001852  -0.0015676192  -0.0048667819   0.0000001095
        0.0001671196  -0.0004638600   0.0000000129   0.0000650170   0.0000785287
       -0.0000000111  -0.0004821275   0.0005029042   0.0000000558   0.0006873298
        0.0007579974  -0.0000000667   0.0011182672   0.0001504815   0.0000000483
        0.0580582821   0.0625878221  -0.0000002592  -0.0013893402  -0.0003175208
       -0.0000000602
        0.0000000564   0.0000002530   0.0066248595  -0.0000004154   0.0000000099
        0.0002560405   0.0000003768   0.0000001571  -0.0317801636   0.0000002729
        0.0000002163   0.0002560676  -0.0000000986  -0.0000002297   0.0066248542
       -0.0000001217   0.0000000527   0.0000085433  -0.0000000987  -0.0000000521
       -0.0011013659   0.0000000361  -0.0000001283  -0.0018526331   0.0000000102
       -0.0000000194  -0.0018526190  -0.0000000437  -0.0000000186   0.0001123658
        0.0000000363  -0.0000002592   0.0225916834  -0.0000000107   0.0000000183
        0.0001123673
       -0.0022303951   0.0028874996  -0.0000002204  -0.0004241088   0.0002499216
        0.0000000124  -0.0051829438  -0.0009507600  -0.0000002423  -0.0107638035
       -0.0272364907  -0.0000000882  -0.0680419877  -0.0806784601  -0.0000004856
        0.0054773674   0.0175513857   0.0000000593   0.0008501072   0.0006999420
        0.0000000094   0.0004726386  -0.0003969834   0.0000000213   0.0000969563
        0.0000999071   0.0000000638   0.0002340462   0.0009809886  -0.0000000050
       -0.0004738474  -0.0013893402  -0.0000000107   0.0799859706   0.0881823897
        0.0000008861
        0.0029902393  -0.0026242442   0.0000001179   0.0002296675   0.0002006342
        0.0000000116  -0.0010656201   0.0003284521   0.0000000344  -0.0041926843
       -0.0074441527  -0.0000000937  -0.0806786479  -0.2838869103  -0.0000001345
       -0.0054833965  -0.0237004528   0.0000000001   0.0001328448   0.0008680913
        0.0000000052   0.0001853835   0.0012739849  -0.0000000154   0.0001167924
        0.0003918543  -0.0000000102  -0.0004477101  -0.0010059840  -0.0000000299
        0.0000307415  -0.0003175208   0.0000000183   0.0881823897   0.3159162480
        0.0000000963
       -0.0000001341  -0.0000003294   0.0066248551  -0.0000002107   0.0000000461
        0.0000085305  -0.0000000035   0.0000003612   0.0066248594  -0.0000006818
       -0.0000009298   0.0002560872  -0.0000003160  -0.0000001690  -0.0317801664
       -0.0000000118   0.0000011148   0.0002560566   0.0000002212  -0.0000000650
       -0.0018526299   0.0000002060  -0.0000000729  -0.0018526501   0.0000000793
       -0.0000000488  -0.0011013583  -0.0000000018   0.0000000568   0.0001123571
       -0.0000000329  -0.0000000602   0.0001123673   0.0000008861   0.0000000963
        0.0225916914
