           1           2   1.3977955501433219     
           2           3   1.3977958145182963     
           3           4   1.3977954778632207     
           4           5   1.3977958062072637     
           1           6   1.3977957177568794     
           5           6   1.3977955342570423     
           6           7  0.99861801663000849     
           4           8  0.99861800259942335     
           2           9  0.99861798899648058     
           1          10  0.96208452625243601     
           3          11  0.96208452434344827     
           5          12  0.96208451815292939     
