$hessian                                                                        
        0.0005175853   0.0000008367   0.0000024827  -0.0000846111  -0.0000011486
       -0.0000036340  -0.0000822595  -0.0000034632  -0.0000081105  -0.0000859718
       -0.0000000823  -0.0000037977  -0.0000824403   0.0000022826   0.0000040180
       -0.0000881883   0.0000019708   0.0000059597  -0.0000941141  -0.0000003961
        0.0000030817
        0.0000008367   0.0005051662  -0.0000009060  -0.0000002132  -0.0000637854
        0.0000016066   0.0000195546  -0.0000508261   0.0000059949  -0.0000210797
       -0.0000525865  -0.0000011362  -0.0000321134  -0.0001116820  -0.0000068347
        0.0000355916  -0.0001136305   0.0000035908  -0.0000025767  -0.0001126557
       -0.0000023154
        0.0000024827  -0.0000009060   0.0005044939  -0.0000037553   0.0000014747
       -0.0000627112  -0.0000180752   0.0000018003  -0.0000521189   0.0000063498
        0.0000027012  -0.0000479717  -0.0000236543  -0.0000028686  -0.0001156759
       -0.0000082373  -0.0000024752  -0.0001187362   0.0000448896   0.0000002737
       -0.0001072801
       -0.0000846111  -0.0000002132  -0.0000037553   0.0005166400   0.0000000810
        0.0000056299  -0.0000938035   0.0000023007   0.0000116646  -0.0000855344
       -0.0000020307   0.0000064680  -0.0000906891  -0.0000009386  -0.0000065933
       -0.0000873078  -0.0000006051  -0.0000085801  -0.0000746942   0.0000014058
       -0.0000048338
       -0.0000011486  -0.0000637854   0.0000014747   0.0000000810   0.0004819940
       -0.0000026741  -0.0000323881  -0.0001440892  -0.0000089730   0.0000342968
       -0.0001426452   0.0000010178   0.0000527684  -0.0000450892   0.0000108029
       -0.0000579742  -0.0000421126  -0.0000053435   0.0000043646  -0.0000442725
        0.0000036952
       -0.0000036340   0.0000016066  -0.0000627112   0.0000056299  -0.0000026741
        0.0004800500   0.0000289652  -0.0000041794  -0.0001441958  -0.0000108937
       -0.0000040261  -0.0001481734   0.0000390210   0.0000019523  -0.0000349936
        0.0000142505   0.0000025832  -0.0000382530  -0.0000733388   0.0000047376
       -0.0000517230
       -0.0000822595   0.0000195546  -0.0000180752  -0.0000938035  -0.0000323881
        0.0000289652   0.0004590936  -0.0000424234   0.0000503646  -0.0000456675
       -0.0000565961   0.0000398423  -0.0000660546   0.0000428582  -0.0000397800
       -0.0001504576   0.0000427827  -0.0000351604  -0.0000208509   0.0000262121
       -0.0000261564
       -0.0000034632  -0.0000508261   0.0000018003   0.0000023007  -0.0001440892
       -0.0000041794  -0.0000424234   0.0004085817  -0.0000459721   0.0000500235
       -0.0001528479   0.0000336450   0.0000740175  -0.0000540012   0.0000566560
       -0.0000849085  -0.0000362047  -0.0000553296   0.0000044534   0.0000293874
        0.0000133798
       -0.0000081105   0.0000059949  -0.0000521189   0.0000116646  -0.0000089730
       -0.0001441958   0.0000503646  -0.0000459721   0.0003821376  -0.0000163761
        0.0000179336  -0.0001254846   0.0000519307  -0.0000410343   0.0000535882
        0.0000209799  -0.0000199540  -0.0000902106  -0.0001104531   0.0000920049
       -0.0000237160
       -0.0000859718  -0.0000210797   0.0000063498  -0.0000855344   0.0000342968
       -0.0000108937  -0.0000456675   0.0000500235  -0.0000163761   0.0004808063
        0.0000548967  -0.0000164902  -0.0001238102  -0.0000471155   0.0000179808
       -0.0000240886  -0.0000463407   0.0000089613  -0.0001157339  -0.0000246811
        0.0000104682
       -0.0000000823  -0.0000525865   0.0000027012  -0.0000020307  -0.0001426452
       -0.0000040261  -0.0000565961  -0.0001528479   0.0000179336   0.0000548967
        0.0004139915  -0.0000300065   0.0000875448   0.0000071578  -0.0000227312
       -0.0000926895  -0.0000011630   0.0000379337   0.0000089572  -0.0000719067
       -0.0000018048
       -0.0000037977  -0.0000011362  -0.0000479717   0.0000064680   0.0000010178
       -0.0001481734   0.0000398423   0.0000336450  -0.0001254846  -0.0000164902
       -0.0000300065   0.0003688375   0.0000670314   0.0000497877  -0.0000727551
        0.0000213136   0.0000293962   0.0000692038  -0.0001143675  -0.0000827041
       -0.0000436565
       -0.0000824403  -0.0000321134  -0.0000236543  -0.0000906891   0.0000527684
        0.0000390210  -0.0000660546   0.0000740175   0.0000519307  -0.0001238102
        0.0000875448   0.0000670314   0.0004087751  -0.0000694743  -0.0000467362
       -0.0000189758  -0.0000694667  -0.0000535870  -0.0000268051  -0.0000432764
       -0.0000340055
        0.0000022826  -0.0001116820  -0.0000028686  -0.0000009386  -0.0000450892
        0.0000019523   0.0000428582  -0.0000540012  -0.0000410343  -0.0000471155
        0.0000071578   0.0000497877  -0.0000694743   0.0004115002   0.0000654995
        0.0000798143  -0.0001726002  -0.0000841798  -0.0000074267  -0.0000352855
        0.0000108431
        0.0000040180  -0.0000068347  -0.0001156759  -0.0000065933   0.0000108029
       -0.0000349936  -0.0000397800   0.0000566560   0.0000535882   0.0000179808
       -0.0000227312  -0.0000727551  -0.0000467362   0.0000654995   0.0003546610
       -0.0000248544   0.0000334552  -0.0000348218   0.0000959651  -0.0001368478
       -0.0001500028
       -0.0000881883   0.0000355916  -0.0000082373  -0.0000873078  -0.0000579742
        0.0000142505  -0.0001504576  -0.0000849085   0.0000209799  -0.0000240886
       -0.0000926895   0.0000213136  -0.0000189758   0.0000798143  -0.0000248544
        0.0004145807   0.0000783768  -0.0000096516  -0.0000455627   0.0000417895
       -0.0000138007
        0.0000019708  -0.0001136305  -0.0000024752  -0.0000006051  -0.0000421126
        0.0000025832   0.0000427827  -0.0000362047  -0.0000199540  -0.0000463407
       -0.0000011630   0.0000293962  -0.0000694667  -0.0001726002   0.0000334552
        0.0000783768   0.0004440415  -0.0000473198  -0.0000067179  -0.0000783305
        0.0000043145
        0.0000059597   0.0000035908  -0.0001187362  -0.0000085801  -0.0000053435
       -0.0000382530  -0.0000351604  -0.0000553296  -0.0000902106   0.0000089613
        0.0000379337   0.0000692038  -0.0000535870  -0.0000841798  -0.0000348218
       -0.0000096516  -0.0000473198   0.0003211326   0.0000920581   0.0001506482
       -0.0001083148
       -0.0000941141  -0.0000025767   0.0000448896  -0.0000746942   0.0000043646
       -0.0000733388  -0.0000208509   0.0000044534  -0.0001104531  -0.0001157339
        0.0000089572  -0.0001143675  -0.0000268051  -0.0000074267   0.0000959651
       -0.0000455627  -0.0000067179   0.0000920581   0.0003777609  -0.0000010539
        0.0000652466
       -0.0000003961  -0.0001126557   0.0000002737   0.0000014058  -0.0000442725
        0.0000047376   0.0000262121   0.0000293874   0.0000920049  -0.0000246811
       -0.0000719067  -0.0000827041  -0.0000432764  -0.0000352855  -0.0001368478
        0.0000417895  -0.0000783305   0.0001506482  -0.0000010539   0.0003130635
       -0.0000281124
        0.0000030817  -0.0000023154  -0.0001072801  -0.0000048338   0.0000036952
       -0.0000517230  -0.0000261564   0.0000133798  -0.0000237160   0.0000104682
       -0.0000018048  -0.0000436565  -0.0000340055   0.0000108431  -0.0001500028
       -0.0000138007   0.0000043145  -0.0001083148   0.0000652466  -0.0000281124
        0.0004846932
