$hessian                                                                        
        0.4332359345  -0.0101585116   0.0000043148  -0.2384164579  -0.0062300150
        0.0000077151  -0.0560904778  -0.0291795309   0.0513994738  -0.0616747292
        0.0715436614  -0.0000189598  -0.0560967153  -0.0292127800  -0.0513919948
       -0.0209575543   0.0032371762  -0.0000005491
       -0.0101585116   0.5260685352  -0.0000108645  -0.0348852638  -0.0791030405
        0.0000094207  -0.0278010994  -0.0944823100   0.0837219138   0.0649008673
       -0.2618093416   0.0000566921  -0.0278341351  -0.0945736904  -0.0837742138
        0.0357781426   0.0038998474  -0.0000029484
        0.0000043148  -0.0000108645   0.4819165733   0.0000145847   0.0000084899
       -0.0462875695   0.0515821536   0.0842492782  -0.1933956630  -0.0000171513
        0.0000564672  -0.0456637801  -0.0515752693  -0.0843014819  -0.1932988129
       -0.0000086325  -0.0000018890  -0.0032707478
       -0.2384164579  -0.0348852638   0.0000145847   0.4174269885  -0.0977632625
        0.0000128535  -0.0362183314  -0.0076830319   0.0110742959  -0.0225870180
        0.0072863248  -0.0000012452  -0.0362205625  -0.0076888372  -0.0110677270
       -0.0839846188   0.1407340706  -0.0000327619
       -0.0062300150  -0.0791030405   0.0000084899  -0.0977632625   0.4794173846
       -0.0001070679  -0.0186544478   0.0013107145   0.0007709770   0.0343055617
        0.0000865320  -0.0000007609  -0.0186698657   0.0013089621  -0.0007689631
        0.1070120294  -0.4030205527   0.0000973250
        0.0000077151   0.0000094207  -0.0462875695   0.0000128535  -0.0001070679
        0.0424504564   0.0284469306   0.0023522019   0.0030613589  -0.0000083788
       -0.0000000009   0.0011826141  -0.0284346132  -0.0023509776   0.0030651247
       -0.0000245072   0.0000964237  -0.0034719847
       -0.0560904778  -0.0278010994   0.0515821536  -0.0362183314  -0.0186544478
        0.0284469306   0.0841635288   0.0397760725  -0.0681469114   0.0036610093
        0.0036873565  -0.0068563757   0.0039802268   0.0034078869  -0.0056908002
        0.0005040442  -0.0004157686   0.0006650031
       -0.0291795309  -0.0944823100   0.0842492782  -0.0076830319   0.0013107145
        0.0023522019   0.0397760725   0.1044868715  -0.0995967393  -0.0071384268
       -0.0189720443   0.0276561271   0.0034102241   0.0063190048  -0.0128554563
        0.0008146930   0.0013377635  -0.0018054118
        0.0513994738   0.0837219138  -0.1933956630   0.0110742959   0.0007709770
        0.0030613589  -0.0681469114  -0.0995967393   0.2214302720   0.0000717206
        0.0022879403  -0.0018573934   0.0056869485   0.0128355144  -0.0300507928
       -0.0000855274  -0.0000196062   0.0008122182
       -0.0616747292   0.0649008673  -0.0000171513  -0.0225870180   0.0343055617
       -0.0000083788   0.0036610093  -0.0071384268   0.0000717206   0.0846073708
       -0.0862169533   0.0000221989   0.0036614077  -0.0071401277  -0.0000681636
       -0.0076680407   0.0012890788  -0.0000002258
        0.0715436614  -0.2618093416   0.0000564672   0.0072863248   0.0000865320
       -0.0000000009   0.0036873565  -0.0189720443   0.0022879403  -0.0862169533
        0.2978964650  -0.0000654822   0.0036909438  -0.0189882364  -0.0022788233
        0.0000086667   0.0017866253  -0.0000001011
       -0.0000189598   0.0000566921  -0.0456637801  -0.0000012452  -0.0000007609
        0.0011826141  -0.0068563757   0.0276561271  -0.0018573934   0.0000221989
       -0.0000654822   0.0470666189   0.0068540844  -0.0276463419  -0.0018414846
        0.0000002975  -0.0000002343   0.0011134250
       -0.0560967153  -0.0278341351  -0.0515752693  -0.0362205625  -0.0186698657
       -0.0284346132   0.0039802268   0.0034102241   0.0056869485   0.0036614077
        0.0036909438   0.0068540844   0.0841716083   0.0398190064   0.0681335465
        0.0005040350  -0.0004161736  -0.0006646970
       -0.0292127800  -0.0945736904  -0.0843014819  -0.0076888372   0.0013089621
       -0.0023509776   0.0034078869   0.0063190048   0.0128355144  -0.0071401277
       -0.0189882364  -0.0276463419   0.0398190064   0.1045951568   0.0996580753
        0.0008148516   0.0013388031   0.0018052117
       -0.0513919948  -0.0837742138  -0.1932988129  -0.0110677270  -0.0007689631
        0.0030651247  -0.0056908002  -0.0128554563  -0.0300507928  -0.0000681636
       -0.0022788233  -0.0018414846   0.0681335465   0.0996580753   0.2213145228
        0.0000851390   0.0000193811   0.0008114427
       -0.0209575543   0.0357781426  -0.0000086325  -0.0839846188   0.1070120294
       -0.0000245072   0.0005040442   0.0008146930  -0.0000855274  -0.0076680407
        0.0000086667   0.0000002975   0.0005040350   0.0008148516   0.0000851390
        0.1116021346  -0.1444283833   0.0000332307
        0.0032371762   0.0038998474  -0.0000018890   0.1407340706  -0.4030205527
        0.0000964237  -0.0004157686   0.0013377635  -0.0000196062   0.0012890788
        0.0017866253  -0.0000002343  -0.0004161736   0.0013388031   0.0000193811
       -0.1444283833   0.3946575134  -0.0000940754
       -0.0000005491  -0.0000029484  -0.0032707478  -0.0000327619   0.0000973250
       -0.0034719847   0.0006650031  -0.0018054118   0.0008122182  -0.0000002258
       -0.0000001011   0.0011134250  -0.0006646970   0.0018052117   0.0008114427
        0.0000332307  -0.0000940754   0.0040056466
