$hessian                                                                        
        0.5164248695   0.0429796162   0.0014801347  -0.0961030024   0.0529222235
        0.0044534020   0.0105349318  -0.0147717446  -0.0004145671  -0.0321106441
        0.0304551241   0.0028731226  -0.0003600058   0.0016582061   0.0002578992
        0.0001169954   0.0005063407  -0.0001657690  -0.0015363441   0.0010914027
        0.0002383776  -0.0042021887  -0.0021108561   0.0006167199  -0.2784348122
       -0.0524291876   0.0165744309  -0.0638303536  -0.0377125290  -0.0586860441
       -0.0483535945  -0.0234784327   0.0326698874  -0.0003708107   0.0003724021
        0.0002649969  -0.0008954323   0.0004030182  -0.0000822577  -0.0001213337
       -0.0000182563  -0.0000171387  -0.0000696209   0.0000801649  -0.0000176730
       -0.0000024922   0.0000043110   0.0000594731  -0.0004954856  -0.0000759379
       -0.0001709450   0.0001471555  -0.0003183849   0.0000841179  -0.0003378315
        0.0004425197  -0.0000181678
        0.0429796162   0.4663271292  -0.0024114545   0.0431201785  -0.1347686206
       -0.0056167323   0.0074142085  -0.0613915878  -0.0048785445   0.0180940505
       -0.0033910670  -0.0014484020  -0.0016131362  -0.0028615900  -0.0001128743
        0.0002242727  -0.0000979896   0.0001378786   0.0000610549  -0.0000728723
       -0.0000651529  -0.0007718253   0.0012656364  -0.0003467766  -0.0511014314
       -0.0547571933   0.0033348328  -0.0352343770  -0.0981068327  -0.0975845287
       -0.0212955477  -0.1134850411   0.1091793563  -0.0007768673   0.0005720565
        0.0006412588  -0.0008753156   0.0005954270  -0.0006791974   0.0000876549
        0.0001004817   0.0000291022  -0.0000983583   0.0000299763   0.0000155474
        0.0000261660   0.0000339777  -0.0000051940   0.0000256171   0.0000715324
        0.0000002856  -0.0003740843   0.0001898567  -0.0001739093   0.0001081239
       -0.0002532796  -0.0000154950
        0.0014801347  -0.0024114545   0.4908172597   0.0041147309  -0.0070522076
       -0.0697088014   0.0006446379  -0.0040217557   0.0167150988   0.0023901914
       -0.0020186397   0.0037486954  -0.0001347213   0.0000351396  -0.0015881818
       -0.0000684435  -0.0000426417  -0.0000508229   0.0004465219  -0.0005798166
        0.0000241062   0.0004941669  -0.0001090299   0.0061325192   0.0167179828
        0.0034852794  -0.0460805203  -0.0569514542  -0.1028835642  -0.2008037044
        0.0306780306   0.1150442784  -0.1997941543  -0.0007463727  -0.0000265948
        0.0002387726   0.0010079980  -0.0000769625   0.0002629972  -0.0000016709
       -0.0000021003   0.0000062318  -0.0000644841  -0.0000001148   0.0000269699
        0.0000728262   0.0000202893   0.0000355663   0.0001217656   0.0000466098
        0.0000365824   0.0006806718  -0.0004430809  -0.0000664191  -0.0008825120
        0.0010363668   0.0000478045
       -0.0961030024   0.0431201785   0.0041147309   0.6480537493   0.1619430573
       -0.0099219222  -0.1862821073  -0.2189250228  -0.0078774213  -0.3203404378
       -0.0056642361   0.0100131954  -0.0131484445  -0.0110959666  -0.0004253832
       -0.0001794361   0.0003092191   0.0007512612  -0.0015054049   0.0004303681
       -0.0003656487  -0.0258212140   0.0109323950   0.0022452364  -0.0218294505
        0.0258770058   0.0027560226   0.0059784084  -0.0063454827  -0.0018614260
        0.0041857954  -0.0027317540   0.0004301910   0.0015956488   0.0036421779
        0.0029680936   0.0013170157   0.0030025917  -0.0017324625   0.0004069311
        0.0004963416   0.0005196535  -0.0006762130  -0.0002826359  -0.0001246087
       -0.0006819166   0.0003208265   0.0000524863   0.0001059583  -0.0005133406
       -0.0005363806   0.0025730829  -0.0022158508   0.0013355003   0.0023510372
       -0.0022998720  -0.0023411179
        0.0529222235  -0.1347686206  -0.0070522076   0.1619430573   0.7999648914
        0.0293284317  -0.2273923742  -0.5397210142  -0.0183755391  -0.0106417895
       -0.0821821721  -0.0025511815  -0.0199560783   0.0005104316   0.0023296838
       -0.0035117882  -0.0033453396  -0.0004020209   0.0049383156  -0.0043872451
       -0.0002668003   0.0245720477   0.0006226598  -0.0015976906  -0.0001730743
        0.0051902483   0.0005157833   0.0040182884  -0.0164668282  -0.0053693305
        0.0060695276  -0.0187574676   0.0033168421   0.0000034557  -0.0006344676
       -0.0006409888   0.0000634079  -0.0013614302   0.0006228522  -0.0010073327
        0.0000608343   0.0002831151  -0.0000841284  -0.0002296931  -0.0000712620
       -0.0003659099   0.0000271127  -0.0000397584   0.0015034347   0.0001106991
        0.0002855554   0.0035432823  -0.0021554997   0.0018085772   0.0035554347
       -0.0024770993  -0.0021240609
        0.0044534020  -0.0056167323  -0.0697088014  -0.0099219222   0.0293284317
        0.1795785769  -0.0084475748  -0.0193856431  -0.0619584547   0.0142568564
       -0.0012505672  -0.0348122026  -0.0013581501   0.0010342608  -0.0089365806
        0.0001818217   0.0006519187   0.0005304349  -0.0018510922   0.0006689034
        0.0006613695   0.0016609374  -0.0007395526  -0.0031869729   0.0017509313
       -0.0019719135   0.0003155967   0.0119248597  -0.0226144007  -0.0030993102
       -0.0126002697   0.0222148394   0.0008897189  -0.0015415174  -0.0026364903
       -0.0002628810   0.0009208933   0.0015831605   0.0005832921   0.0000255850
       -0.0001149171  -0.0000754179   0.0003485156   0.0000691820  -0.0003625919
       -0.0003868055   0.0000464422  -0.0005290117  -0.0002675691  -0.0001024191
       -0.0001504963  -0.0007418984   0.0010108579   0.0010490846   0.0015929972
       -0.0021753605  -0.0005253526
        0.0105349318   0.0074142085   0.0006446379  -0.1862821073  -0.2273923742
       -0.0084475748   0.2417114331   0.2873639622   0.0085034122  -0.0571587883
       -0.0647426458   0.0001629868  -0.0082962644   0.0009290392   0.0006535980
       -0.0022991050  -0.0021080882  -0.0006267152   0.0011759701  -0.0012072999
        0.0005728110   0.0006880337  -0.0027405357  -0.0006921627   0.0022943246
       -0.0006856735  -0.0003268033  -0.0003282277   0.0024717737   0.0010157555
       -0.0004560895   0.0021938234  -0.0007242603  -0.0006285646  -0.0008840877
       -0.0006465777  -0.0004816017  -0.0005543858   0.0003782057  -0.0009170746
       -0.0001118053   0.0000102955   0.0001688476   0.0000746780  -0.0000660676
        0.0002021936  -0.0001166217   0.0000783237   0.0000657707   0.0001576147
        0.0001726415  -0.0005772770  -0.0001170356  -0.0005916968   0.0005835949
        0.0000554534  -0.0000708095
       -0.0147717446  -0.0613915878  -0.0040217557  -0.2189250228  -0.5397210142
       -0.0193856431   0.2873639622   0.6334387163   0.0235190052  -0.0488920142
       -0.0264842343   0.0008816782  -0.0042360155   0.0003769592  -0.0004475798
       -0.0007478107  -0.0010866263  -0.0002781496  -0.0001807409   0.0006682428
       -0.0000136120   0.0025290730   0.0002521399   0.0006369224  -0.0020787951
        0.0028225375   0.0002394201   0.0028723778  -0.0059950447   0.0003738494
        0.0022221657  -0.0049484556  -0.0012492607  -0.0007423210  -0.0008659016
       -0.0004899004  -0.0004991929  -0.0000438282   0.0001692993  -0.0003127788
        0.0001838752  -0.0000874461   0.0001236345   0.0001610600   0.0000019613
        0.0003471460  -0.0001331141   0.0000211193  -0.0002837946   0.0002712050
        0.0001344750  -0.0018574364   0.0014492804  -0.0016790535  -0.0019306916
        0.0010457905   0.0016746707
       -0.0004145671  -0.0048785445   0.0167150988  -0.0078774213  -0.0183755391
       -0.0619584547   0.0085034122   0.0235190052   0.0283071792  -0.0000666235
        0.0009838036   0.0132047249   0.0002075494  -0.0005086390   0.0068036942
       -0.0000162114  -0.0003743542  -0.0000172190   0.0001838499   0.0001736000
       -0.0001454432  -0.0003988294   0.0003154579  -0.0023515152  -0.0003592292
        0.0003287114  -0.0007969800  -0.0006755647   0.0019558178   0.0002599622
        0.0009514403  -0.0030046765  -0.0001174589   0.0008983762   0.0012793516
        0.0001791009  -0.0007089914  -0.0009839322  -0.0000519935   0.0000185480
        0.0000213229   0.0000199453  -0.0001482154  -0.0000244122   0.0001436261
        0.0001707651  -0.0000081710   0.0001916633  -0.0000344916   0.0000153379
        0.0000484113   0.0002391494  -0.0003469484  -0.0007885304  -0.0004729456
       -0.0000871914   0.0003541889
       -0.0321106441   0.0180940505   0.0023901914  -0.3203404378  -0.0106417895
        0.0142568564  -0.0571587883  -0.0488920142  -0.0000666235   0.7188701781
        0.0355969941  -0.0132388737  -0.1067822005  -0.0503466855  -0.0062516784
       -0.0345715192  -0.0197052525  -0.0032952995  -0.0370756339   0.0191897385
        0.0001940842  -0.1129134378   0.0530244256   0.0043070974  -0.0021038259
        0.0035753238   0.0003108659  -0.0013062015  -0.0004465989   0.0007649655
       -0.0015045474  -0.0003049061  -0.0005998583  -0.0013005814  -0.0107893081
       -0.0085583597   0.0036165333  -0.0012124276   0.0049235208  -0.0064790572
        0.0019456012   0.0011382171   0.0000038224  -0.0000511703   0.0003721812
        0.0004885564   0.0001214646  -0.0002409176  -0.0067023712  -0.0022854412
       -0.0020698662   0.0041840104  -0.0011464186  -0.0037966722  -0.0068138543
        0.0142744142   0.0094601691
        0.0304551241  -0.0033910670  -0.0020186397  -0.0056642361  -0.0821821721
       -0.0012505672  -0.0647426458  -0.0264842343   0.0009838036   0.0355969941
        0.5617594169   0.0353257314  -0.0601931340  -0.1729639941  -0.0136222259
       -0.0120240512   0.0018999075   0.0002657047   0.0097874304   0.0012086529
        0.0021606707   0.0610331325  -0.1639687026  -0.0071250729   0.0036992211
       -0.0053986786  -0.0005065974  -0.0001134541  -0.0003249798  -0.0004055512
       -0.0002708392  -0.0004722995   0.0001825252  -0.0145517711  -0.0259589376
       -0.0126329059  -0.0141809467  -0.0301744816   0.0045521214  -0.0000673346
       -0.0010484722   0.0008805079   0.0005748100  -0.0002962039   0.0000178516
       -0.0004367142  -0.0000714262  -0.0000701793  -0.0002082778  -0.0009161118
        0.0008243279   0.0150788854  -0.0302218066   0.0033502106   0.0162278070
       -0.0209944096  -0.0109117155
        0.0028731226  -0.0014484020   0.0037486954   0.0100131954  -0.0025511815
       -0.0348122026   0.0001629868   0.0008816782   0.0132047249  -0.0132388737
        0.0353257314   0.0893962767  -0.0046904187  -0.0109368579  -0.0457361155
        0.0025493500   0.0037549185   0.0022484982  -0.0063650120   0.0060142912
        0.0024440483   0.0066190590  -0.0090919635  -0.0490488266   0.0002829821
       -0.0004522186   0.0009841928  -0.0002225844   0.0007452637   0.0007275425
        0.0005094342  -0.0010113851   0.0007645558  -0.0136110940  -0.0229548051
        0.0021017797   0.0094175449   0.0136360676   0.0054315866   0.0004184427
        0.0001712360   0.0004812100  -0.0004889128  -0.0003226089   0.0005122794
        0.0005081742  -0.0001364420   0.0008317768  -0.0012124626  -0.0002064813
        0.0002789097  -0.0096069703   0.0119344962   0.0038862424   0.0160820366
       -0.0233513368   0.0025548256
       -0.0003600058  -0.0016131362  -0.0001347213  -0.0131484445  -0.0199560783
       -0.0013581501  -0.0082962644  -0.0042360155   0.0002075494  -0.1067822005
       -0.0601931340  -0.0046904187   0.4353142253  -0.0471384202   0.0090315831
       -0.1676817238   0.0393501362   0.0220070272  -0.0103185623   0.0163016195
       -0.0022664100   0.0068269056   0.0043070593   0.0008706021  -0.0002483130
       -0.0004700761  -0.0000226561  -0.0004203531  -0.0002052772  -0.0000991043
       -0.0005977625  -0.0002045447   0.0001742463  -0.0414753977   0.0131585842
        0.0213935196  -0.0597345264   0.0461575653  -0.0502251794  -0.0197466158
        0.0060590194   0.0020942824  -0.0101382337   0.0049997615   0.0042933106
        0.0002748423  -0.0000838784  -0.0000957181  -0.0005834158   0.0013035299
       -0.0011693099  -0.0017593962   0.0013276979  -0.0002629731  -0.0011247577
        0.0011355874   0.0002525203
        0.0016582061  -0.0028615900   0.0000351396  -0.0110959666   0.0005104316
        0.0010342608   0.0009290392   0.0003769592  -0.0005086390  -0.0503466855
       -0.1729639941  -0.0109368579  -0.0471384202   0.5053062791  -0.0103809220
        0.0363942228  -0.0737077807  -0.0074635645   0.0217502751  -0.0203291769
       -0.0026789061  -0.0027553324  -0.0296708081   0.0001186873   0.0000597979
       -0.0002455364  -0.0000127458   0.0013102017   0.0003126666   0.0001128194
        0.0016781653   0.0004226181  -0.0000911214   0.0108159285  -0.0693839164
       -0.0695133315   0.0455782113  -0.1315762700   0.0997610873  -0.0147592788
        0.0051358802   0.0013777220   0.0038513665  -0.0008255148  -0.0019272787
        0.0001505350   0.0003359457  -0.0002057736  -0.0000197699  -0.0056539503
        0.0018866081   0.0018613108  -0.0038160469  -0.0008923881   0.0000781933
       -0.0013661958   0.0002852042
        0.0002578992  -0.0001128743  -0.0015881818  -0.0004253832   0.0023296838
       -0.0089365806   0.0006535980  -0.0004475798   0.0068036942  -0.0062516784
       -0.0136222259  -0.0457361155   0.0090315831  -0.0103809220   0.5036875138
        0.0196755938  -0.0076421049  -0.0721114052  -0.0090780110   0.0063063407
        0.0037514750  -0.0014144256  -0.0003911462  -0.0013673682   0.0001024703
        0.0000218010   0.0000414714   0.0013724864  -0.0003022969   0.0002472793
       -0.0008488906   0.0003751949   0.0000295268   0.0185112173  -0.0727957722
       -0.2234009354  -0.0483635474   0.0996917238  -0.1540587170  -0.0119829081
        0.0034793137   0.0015318355   0.0286398291  -0.0100492416  -0.0072713978
       -0.0004226948   0.0003915929   0.0000352113  -0.0002013108   0.0021382188
       -0.0000337205  -0.0008856657   0.0027820522  -0.0006188359   0.0016298382
       -0.0017717581  -0.0010047494
        0.0001169954   0.0002242727  -0.0000684435  -0.0001794361  -0.0035117882
        0.0001818217  -0.0022991050  -0.0007478107  -0.0000162114  -0.0345715192
       -0.0120240512   0.0025493500  -0.1676817238   0.0363942228   0.0196755938
        0.4957049428   0.0684417928   0.0036201357  -0.0597334615   0.0000600119
        0.0012154166  -0.0106899980  -0.0209091069   0.0070098151   0.0001244921
       -0.0000556253  -0.0000061054  -0.0000996911  -0.0000315593  -0.0000495587
       -0.0000851398  -0.0000256967   0.0000667124  -0.0081275451   0.0026960055
        0.0046099067  -0.0114543822   0.0050203959   0.0011641105  -0.1462293566
       -0.0938055084  -0.0762577493  -0.0517622577  -0.0021642418   0.0429758289
        0.0005245260  -0.0000352065   0.0004943875   0.0008597396   0.0209932813
       -0.0065585352  -0.0045488803  -0.0006879415  -0.0011219795   0.0001318006
        0.0001685534   0.0005155039
        0.0005063407  -0.0000979896  -0.0000426417   0.0003092191  -0.0033453396
        0.0006519187  -0.0021080882  -0.0010866263  -0.0003743542  -0.0197052525
        0.0018999075   0.0037549185   0.0393501362  -0.0737077807  -0.0076421049
        0.0684417928   0.4668247383   0.0254222720  -0.0009768111  -0.1737346137
        0.0434098815  -0.0167913505  -0.0226376818   0.0044081270   0.0000985518
        0.0001021031  -0.0000174682   0.0000560631   0.0000525495   0.0001781601
       -0.0000276684   0.0000668651  -0.0001899060   0.0103115139  -0.0024260497
       -0.0028332212   0.0189979909  -0.0049828115  -0.0019890942  -0.0927171076
       -0.1215343775  -0.0682656512  -0.0022728277  -0.0420636761  -0.0055229656
       -0.0009431593  -0.0040113975   0.0042849174   0.0005386328  -0.0181221744
        0.0058616467  -0.0028320676  -0.0014404768  -0.0013023854  -0.0002359084
        0.0002448317   0.0002079508
       -0.0001657690   0.0001378786  -0.0000508229   0.0007512612  -0.0004020209
        0.0005304349  -0.0006267152  -0.0002781496  -0.0000172190  -0.0032952995
        0.0002657047   0.0022484982   0.0220070272  -0.0074635645  -0.0721114052
        0.0036201357   0.0254222720   0.5350970166   0.0007727507   0.0433818304
       -0.0858171914   0.0001699265  -0.0058336786   0.0051108953  -0.0000107601
        0.0000160101   0.0001000434  -0.0001181425   0.0000267542   0.0000108508
        0.0000092783   0.0000073673   0.0000368950   0.0266413361  -0.0094397811
       -0.0069722003  -0.0171994333   0.0054806580   0.0025338916  -0.0744521621
       -0.0671726974  -0.0990494639   0.0422769605  -0.0050374555  -0.2704374624
        0.0016428003   0.0300981058  -0.0148411485  -0.0005076486  -0.0087409527
        0.0031161807  -0.0011129142  -0.0001945971   0.0001943438  -0.0004026318
       -0.0002736837   0.0003178634
       -0.0015363441   0.0000610549   0.0004465219  -0.0015054049   0.0049383156
       -0.0018510922   0.0011759701  -0.0001807409   0.0001838499  -0.0370756339
        0.0097874304  -0.0063650120  -0.0103185623   0.0217502751  -0.0090780110
       -0.0597334615  -0.0009768111   0.0007727507   0.5093690337  -0.0705824590
       -0.0093678938  -0.1618599273  -0.0398579659  -0.0347738565  -0.0002333020
        0.0003031330   0.0000821672  -0.0000466342  -0.0000100745  -0.0000991785
        0.0000473068  -0.0001197952   0.0001258982   0.0000445338  -0.0002373458
       -0.0004425070  -0.0049869251   0.0008389233   0.0003791940   0.0008351374
       -0.0186804194   0.0059458685   0.0007513617  -0.0040361405   0.0014964091
       -0.0444293323   0.0028365646  -0.0095851799  -0.1755204024   0.1005492753
        0.0694930553  -0.0112006373  -0.0048419106  -0.0032580168  -0.0037767762
       -0.0015413092  -0.0041049672
        0.0010914027  -0.0000728723  -0.0005798166   0.0004303681  -0.0043872451
        0.0006689034  -0.0012072999   0.0006682428   0.0001736000   0.0191897385
        0.0012086529   0.0060142912   0.0163016195  -0.0203291769   0.0063063407
        0.0000600119  -0.1737346137   0.0433818304  -0.0705824590   0.4597497550
        0.0150271760  -0.0441506951  -0.0757749856  -0.0151266151   0.0001691470
       -0.0002064689  -0.0000575667   0.0000735699  -0.0000349881   0.0000267166
       -0.0000263730   0.0000942306  -0.0000428712   0.0003930922   0.0002690118
        0.0001457918   0.0025691133  -0.0014240890  -0.0007488114  -0.0006799805
       -0.0190199079   0.0060829162   0.0005432579  -0.0040307378   0.0045805287
        0.0030470402  -0.0420902667  -0.0046619262   0.0999792185  -0.1131909207
       -0.0519503729  -0.0186394063  -0.0054590940  -0.0054546464  -0.0085613660
       -0.0022345264  -0.0037854686
        0.0002383776  -0.0000651529   0.0000241062  -0.0003656487  -0.0002668003
        0.0006613695   0.0005728110  -0.0000136120  -0.0001454432   0.0001940842
        0.0021606707   0.0024440483  -0.0022664100  -0.0026789061   0.0037514750
        0.0012154166   0.0434098815  -0.0858171914  -0.0093678938   0.0150271760
        0.5346206006  -0.0364736142  -0.0143981914  -0.0806505929   0.0000440602
       -0.0000182451  -0.0000193124  -0.0000297131  -0.0000147134   0.0000086218
       -0.0000027926   0.0000072022  -0.0000272007   0.0004134373  -0.0001597358
        0.0002069204   0.0004193777  -0.0000393301   0.0003826893   0.0005953999
       -0.0115450248   0.0042651889  -0.0006980400   0.0297228175  -0.0151072321
       -0.0092926125  -0.0045721886  -0.2775996817   0.0676126707  -0.0505851087
       -0.0793202837   0.0137875930   0.0043251583   0.0045715870  -0.0265965033
       -0.0102958970  -0.0122496690
       -0.0042021887  -0.0007718253   0.0004941669  -0.0258212140   0.0245720477
        0.0016609374   0.0006880337   0.0025290730  -0.0003988294  -0.1129134378
        0.0610331325   0.0066190590   0.0068269056  -0.0027553324  -0.0014144256
       -0.0106899980  -0.0167913505   0.0001699265  -0.1618599273  -0.0441506951
       -0.0364736142   0.4520313725   0.0575408861  -0.0214266655  -0.0007053237
        0.0015075274   0.0001052529  -0.0002034055   0.0000507355  -0.0000785128
       -0.0002079574  -0.0000262229   0.0001226537  -0.0012356170  -0.0015106117
       -0.0004312199  -0.0012595810  -0.0013247915   0.0001974027  -0.0006871107
       -0.0014591550   0.0009268422   0.0002693527   0.0000456562   0.0000436986
       -0.0050943879  -0.0034250775  -0.0042951624  -0.0205761856  -0.0073357948
       -0.0052215292  -0.0749650418  -0.0637126613   0.0563759565  -0.0393942879
       -0.0040155404   0.0030240626
       -0.0021108561   0.0012656364  -0.0001090299   0.0109323950   0.0006226598
       -0.0007395526  -0.0027405357   0.0002521399   0.0003154579   0.0530244256
       -0.1639687026  -0.0090919635   0.0043070593  -0.0296708081  -0.0003911462
       -0.0209091069  -0.0226376818  -0.0058336786  -0.0398579659  -0.0757749856
       -0.0143981914   0.0575408861   0.5105588696  -0.0062595831  -0.0002807451
       -0.0000597062   0.0000300741   0.0002760178  -0.0001951784   0.0000195425
        0.0002483295  -0.0000953759  -0.0000390327  -0.0002757582  -0.0017985411
        0.0003345900  -0.0015926254  -0.0033560646  -0.0009198525  -0.0001064753
       -0.0058989914   0.0018318517  -0.0001543730   0.0004218771  -0.0003160456
       -0.0035491464  -0.0010604113  -0.0026853282   0.0132211831   0.0053765762
        0.0032691232  -0.0652024510  -0.1517818287   0.0972272736  -0.0027702575
       -0.0621994834  -0.0622445089
        0.0006167199  -0.0003467766   0.0061325192   0.0022452364  -0.0015976906
       -0.0031869729  -0.0006921627   0.0006369224  -0.0023515152   0.0043070974
       -0.0071250729  -0.0490488266   0.0008706021   0.0001186873  -0.0013673682
        0.0070098151   0.0044081270   0.0051108953  -0.0347738565  -0.0151266151
       -0.0806505929  -0.0214266655  -0.0062595831   0.5044313030   0.0000237552
       -0.0000419721   0.0002922284  -0.0005283348   0.0006255194  -0.0000570500
        0.0006771486  -0.0006846147  -0.0001491517  -0.0014634060  -0.0021976303
       -0.0014015727   0.0010515535   0.0031584032  -0.0008958590   0.0000591131
        0.0020783373   0.0001346191   0.0004576056   0.0004846850   0.0002272514
       -0.0280366478  -0.0119584187  -0.0120988177   0.0086620004   0.0031162015
        0.0025103772   0.0556339786   0.0953842259  -0.1289596965   0.0053064474
       -0.0646727349  -0.2386717704
       -0.2784348122  -0.0511014314   0.0167179828  -0.0218294505  -0.0001730743
        0.0017509313   0.0022943246  -0.0020787951  -0.0003592292  -0.0021038259
        0.0036992211   0.0002829821  -0.0002483130   0.0000597979   0.0001024703
        0.0001244921   0.0000985518  -0.0000107601  -0.0002333020   0.0001691470
        0.0000440602  -0.0007053237  -0.0002807451   0.0000237552   0.3215750421
        0.0572740347  -0.0196754433  -0.0125366939  -0.0044966313  -0.0014193908
       -0.0080189191  -0.0035936159   0.0025730634   0.0001125018   0.0001776483
        0.0002441645  -0.0000002098   0.0002510730  -0.0002252481   0.0000338956
        0.0000112168  -0.0000054974   0.0000174510   0.0000185943  -0.0000182685
        0.0000290170  -0.0000088590   0.0000184078  -0.0000687248   0.0000146203
       -0.0000226970   0.0000071363  -0.0000440667  -0.0000035027  -0.0000142856
        0.0000033137  -0.0000177804
       -0.0524291876  -0.0547571933   0.0034852794   0.0258770058   0.0051902483
       -0.0019719135  -0.0006856735   0.0028225375   0.0003287114   0.0035753238
       -0.0053986786  -0.0004522186  -0.0004700761  -0.0002455364   0.0000218010
       -0.0000556253   0.0001021031   0.0000160101   0.0003031330  -0.0002064689
       -0.0000182451   0.0015075274  -0.0000597062  -0.0000419721   0.0572740347
        0.0602894611  -0.0040575629  -0.0165018459  -0.0036478075  -0.0003549397
       -0.0183687075  -0.0042716258   0.0030663408   0.0000147004  -0.0000571223
        0.0001418564  -0.0000207433   0.0000310725  -0.0001918333  -0.0000014401
        0.0000134921   0.0000225929  -0.0000367249  -0.0000058130   0.0000074235
       -0.0000147006  -0.0000030967  -0.0000158029   0.0000820695   0.0000488563
        0.0000171609  -0.0000426433   0.0001574166  -0.0000361653  -0.0000064264
       -0.0000021388   0.0000334772
        0.0165744309   0.0033348328  -0.0460805203   0.0027560226   0.0005157833
        0.0003155967  -0.0003268033   0.0002394201  -0.0007969800   0.0003108659
       -0.0005065974   0.0009841928  -0.0000226561  -0.0000127458   0.0000414714
       -0.0000061054  -0.0000174682   0.0001000434   0.0000821672  -0.0000575667
       -0.0000193124   0.0001052529   0.0000300741   0.0002922284  -0.0196754433
       -0.0040575629   0.0483841131  -0.0263625135  -0.0068537879   0.0003323315
        0.0266104890   0.0074127238  -0.0036502299   0.0001493009  -0.0000284871
        0.0000751119  -0.0001720633  -0.0000562997  -0.0000263522   0.0000142910
        0.0000007229   0.0000041438  -0.0000357394   0.0000228274   0.0000207293
        0.0000025801  -0.0000128868   0.0000089579   0.0000215419  -0.0000030361
        0.0000064861   0.0000110524  -0.0000239258   0.0000024544  -0.0000366704
        0.0000739802   0.0000055342
       -0.0638303536  -0.0352343770  -0.0569514542   0.0059784084   0.0040182884
        0.0119248597  -0.0003282277   0.0028723778  -0.0006755647  -0.0013062015
       -0.0001134541  -0.0002225844  -0.0004203531   0.0013102017   0.0013724864
       -0.0000996911   0.0000560631  -0.0001181425  -0.0000466342   0.0000735699
       -0.0000297131  -0.0002034055   0.0002760178  -0.0005283348  -0.0125366939
       -0.0165018459  -0.0263625135   0.0714574306   0.0420791813   0.0684213134
        0.0021882761   0.0017850848   0.0037407170  -0.0008639035  -0.0002142909
       -0.0006803975  -0.0001658998  -0.0001492554   0.0002133172  -0.0000004221
       -0.0000350636  -0.0000228911   0.0001221121  -0.0000590155  -0.0000472243
       -0.0000203440   0.0000135838  -0.0000205731   0.0000238920  -0.0000440601
       -0.0000110196  -0.0000111374  -0.0000347070   0.0000198947   0.0000631482
       -0.0000982991  -0.0000221752
       -0.0377125290  -0.0981068327  -0.1028835642  -0.0063454827  -0.0164668282
       -0.0226144007   0.0024717737  -0.0059950447   0.0019558178  -0.0004465989
       -0.0003249798   0.0007452637  -0.0002052772   0.0003126666  -0.0003022969
       -0.0000315593   0.0000525495   0.0000267542  -0.0000100745  -0.0000349881
       -0.0000147134   0.0000507355  -0.0001951784   0.0006255194  -0.0044966313
       -0.0036478075  -0.0068537879   0.0420791813   0.1148303693   0.1145636293
        0.0043922275   0.0088945197   0.0143131477   0.0003235384   0.0003479241
        0.0001975128   0.0001259509   0.0001827184   0.0000796820  -0.0000266770
        0.0000404196   0.0000135909  -0.0000689588  -0.0000041501   0.0000394250
        0.0000642430  -0.0000091637   0.0000688830  -0.0000460232   0.0000160008
        0.0000226793   0.0000418412  -0.0000205780  -0.0000548481  -0.0001596796
        0.0001283832   0.0000717058
       -0.0586860441  -0.0975845287  -0.2008037044  -0.0018614260  -0.0053693305
       -0.0030993102   0.0010157555   0.0003738494   0.0002599622   0.0007649655
       -0.0004055512   0.0007275425  -0.0000991043   0.0001128194   0.0002472793
       -0.0000495587   0.0001781601   0.0000108508  -0.0000991785   0.0000267166
        0.0000086218  -0.0000785128   0.0000195425  -0.0000570500  -0.0014193908
       -0.0003549397   0.0003323315   0.0684213134   0.1145636293   0.2304627644
       -0.0084441569  -0.0120692853  -0.0278487896   0.0005057310   0.0001170866
        0.0005351125   0.0002195689   0.0001586038  -0.0008663724  -0.0000084993
        0.0000462935   0.0000284904  -0.0000938902   0.0000229397   0.0000059396
        0.0000193230   0.0000083294   0.0000487709  -0.0000267449   0.0000426091
       -0.0000080710  -0.0000159587   0.0000522888   0.0000043663  -0.0000641921
        0.0000607672   0.0000112655
       -0.0483535945  -0.0212955477   0.0306780306   0.0041857954   0.0060695276
       -0.0126002697  -0.0004560895   0.0022221657   0.0009514403  -0.0015045474
       -0.0002708392   0.0005094342  -0.0005977625   0.0016781653  -0.0008488906
       -0.0000851398  -0.0000276684   0.0000092783   0.0000473068  -0.0000263730
       -0.0000027926  -0.0002079574   0.0002483295   0.0006771486  -0.0080189191
       -0.0183687075   0.0266104890   0.0021882761   0.0043922275  -0.0084441569
        0.0536765798   0.0262446283  -0.0381399889   0.0001915150  -0.0002723827
        0.0000621647  -0.0011575986  -0.0004993383   0.0004282527   0.0000282530
       -0.0000221204   0.0000001289   0.0000086854   0.0000001800   0.0000248837
        0.0000228121  -0.0000188240   0.0000280988   0.0000318202  -0.0000380220
        0.0000161531   0.0000653530  -0.0001235833   0.0000223364  -0.0000647879
        0.0001081826   0.0000182595
       -0.0234784327  -0.1134850411   0.1150442784  -0.0027317540  -0.0187574676
        0.0222148394   0.0021938234  -0.0049484556  -0.0030046765  -0.0003049061
       -0.0004722995  -0.0010113851  -0.0002045447   0.0004226181   0.0003751949
       -0.0000256967   0.0000668651   0.0000073673  -0.0001197952   0.0000942306
        0.0000072022  -0.0000262229  -0.0000953759  -0.0006846147  -0.0035936159
       -0.0042716258   0.0074127238   0.0017850848   0.0088945197  -0.0120692853
        0.0262446283   0.1320434450  -0.1280381356   0.0002111969   0.0000506589
        0.0000197604   0.0001917968   0.0004573839  -0.0000946145  -0.0000465609
        0.0000197560  -0.0000160215   0.0000266914   0.0000135833  -0.0000439858
       -0.0000448442   0.0000011191  -0.0000268953  -0.0000464318  -0.0000011580
       -0.0000181503  -0.0001461487   0.0001064426  -0.0000351492   0.0001157322
       -0.0001391988  -0.0000384524
        0.0326698874   0.1091793563  -0.1997941543   0.0004301910   0.0033168421
        0.0008897189  -0.0007242603  -0.0012492607  -0.0001174589  -0.0005998583
        0.0001825252   0.0007645558   0.0001742463  -0.0000911214   0.0000295268
        0.0000667124  -0.0001899060   0.0000368950   0.0001258982  -0.0000428712
       -0.0000272007   0.0001226537  -0.0000390327  -0.0001491517   0.0025730634
        0.0030663408  -0.0036502299   0.0037407170   0.0143131477  -0.0278487896
       -0.0381399889  -0.1280381356   0.2297634010   0.0000080525   0.0000347164
       -0.0005116204  -0.0005916447  -0.0002184911   0.0005946052   0.0000116898
       -0.0000302698  -0.0000182245   0.0000552634  -0.0000358742   0.0000282780
        0.0000182605  -0.0000087122  -0.0000096742   0.0000178116  -0.0000374349
        0.0000145995   0.0000197079  -0.0000669063  -0.0000218199   0.0000215973
       -0.0000449125   0.0000267439
       -0.0003708107  -0.0007768673  -0.0007463727   0.0015956488   0.0000034557
       -0.0015415174  -0.0006285646  -0.0007423210   0.0008983762  -0.0013005814
       -0.0145517711  -0.0136110940  -0.0414753977   0.0108159285   0.0185112173
       -0.0081275451   0.0103115139   0.0266413361   0.0000445338   0.0003930922
        0.0004134373  -0.0012356170  -0.0002757582  -0.0014634060   0.0001125018
        0.0000147004   0.0001493009  -0.0008639035   0.0003235384   0.0005057310
        0.0001915150   0.0002111969   0.0000080525   0.0543730952  -0.0066600293
       -0.0216454835   0.0022518225  -0.0018374151  -0.0101308627   0.0006231569
        0.0001520256   0.0010112504  -0.0052953471   0.0027891686   0.0016554011
       -0.0000342797   0.0001061910  -0.0001781896  -0.0000672807  -0.0000034992
       -0.0002422613  -0.0001230600   0.0001760303  -0.0001224792   0.0003301135
       -0.0004491802  -0.0001124363
        0.0003724021   0.0005720565  -0.0000265948   0.0036421779  -0.0006344676
       -0.0026364903  -0.0008840877  -0.0008659016   0.0012793516  -0.0107893081
       -0.0259589376  -0.0229548051   0.0131585842  -0.0693839164  -0.0727957722
        0.0026960055  -0.0024260497  -0.0094397811  -0.0002373458   0.0002690118
       -0.0001597358  -0.0015106117  -0.0017985411  -0.0021976303   0.0001776483
       -0.0000571223  -0.0000284871  -0.0002142909   0.0003479241   0.0001170866
       -0.0002723827   0.0000506589   0.0000347164  -0.0066600293   0.0932004668
        0.0905314266  -0.0006573755   0.0067771857   0.0178988047  -0.0007661233
        0.0007038674   0.0002972540   0.0013625349  -0.0001774251  -0.0001270197
        0.0002260551  -0.0002475937   0.0002504089  -0.0001925480   0.0000869297
        0.0001873278  -0.0000257450   0.0002859272  -0.0002312723   0.0005744399
       -0.0007440731   0.0000012123
        0.0002649969   0.0006412588   0.0002387726   0.0029680936  -0.0006409888
       -0.0002628810  -0.0006465777  -0.0004899004   0.0001791009  -0.0085583597
       -0.0126329059   0.0021017797   0.0213935196  -0.0695133315  -0.2234009354
        0.0046099067  -0.0028332212  -0.0069722003  -0.0004425070   0.0001457918
        0.0002069204  -0.0004312199   0.0003345900  -0.0014015727   0.0002441645
        0.0001418564   0.0000751119  -0.0006803975   0.0001975128   0.0005351125
        0.0000621647   0.0000197604  -0.0005116204  -0.0216454835   0.0905314266
        0.2568147711   0.0012352961  -0.0055850098  -0.0293453102  -0.0002858638
        0.0003515827   0.0009201458   0.0018633187  -0.0008471194   0.0005598147
        0.0000563787  -0.0001060277   0.0001954916  -0.0001144849   0.0001131882
        0.0000720259  -0.0000214503   0.0001955463  -0.0000785906   0.0001285049
       -0.0000240094   0.0000740634
       -0.0008954323  -0.0008753156   0.0010079980   0.0013170157   0.0000634079
        0.0009208933  -0.0004816017  -0.0004991929  -0.0007089914   0.0036165333
       -0.0141809467   0.0094175449  -0.0597345264   0.0455782113  -0.0483635474
       -0.0114543822   0.0189979909  -0.0171994333  -0.0049869251   0.0025691133
        0.0004193777  -0.0012595810  -0.0015926254   0.0010515535  -0.0000002098
       -0.0000207433  -0.0001720633  -0.0001658998   0.0001259509   0.0002195689
       -0.0011575986   0.0001917968  -0.0005916447   0.0022518225  -0.0006573755
        0.0012352961   0.0731830897  -0.0507483140   0.0535138210  -0.0013786828
        0.0003803252  -0.0000356758   0.0010032365   0.0002136494  -0.0006261167
       -0.0000070974  -0.0001017458   0.0001540731   0.0000634796   0.0011553680
       -0.0003034315   0.0002985407  -0.0007664888   0.0000502991  -0.0002117808
        0.0001669342   0.0000104787
        0.0004030182   0.0005954270  -0.0000769625   0.0030025917  -0.0013614302
        0.0015831605  -0.0005543858  -0.0000438282  -0.0009839322  -0.0012124276
       -0.0301744816   0.0136360676   0.0461575653  -0.1315762700   0.0996917238
        0.0050203959  -0.0049828115   0.0054806580   0.0008389233  -0.0014240890
       -0.0000393301  -0.0013247915  -0.0033560646   0.0031584032   0.0002510730
        0.0000310725  -0.0000562997  -0.0001492554   0.0001827184   0.0001586038
       -0.0004993383   0.0004573839  -0.0002184911  -0.0018374151   0.0067771857
       -0.0055850098  -0.0507483140   0.1661718595  -0.1169987838   0.0004036898
       -0.0003857003   0.0000960641  -0.0000975566   0.0002400856   0.0001555009
       -0.0000563651   0.0000124624  -0.0001050810  -0.0001628760  -0.0002569246
        0.0001101731   0.0008481754  -0.0012770115  -0.0001438330  -0.0002827070
        0.0003704164   0.0001373683
       -0.0000822577  -0.0006791974   0.0002629972  -0.0017324625   0.0006228522
        0.0005832921   0.0003782057   0.0001692993  -0.0000519935   0.0049235208
        0.0045521214   0.0054315866  -0.0502251794   0.0997610873  -0.1540587170
        0.0011641105  -0.0019890942   0.0025338916   0.0003791940  -0.0007488114
        0.0003826893   0.0001974027  -0.0009198525  -0.0008958590  -0.0002252481
       -0.0001918333  -0.0000263522   0.0002133172   0.0000796820  -0.0008663724
        0.0004282527  -0.0000946145   0.0005946052  -0.0101308627   0.0178988047
       -0.0293453102   0.0535138210  -0.1169987838   0.1738657179   0.0000212377
        0.0000356238  -0.0000393382   0.0009197738  -0.0007752205   0.0013098682
        0.0001015363  -0.0002952670   0.0002472521   0.0000976950  -0.0001078203
        0.0001200552  -0.0000754515  -0.0001231901   0.0000009035   0.0001333945
       -0.0001957855  -0.0000489163
       -0.0001213337   0.0000876549  -0.0000016709   0.0004069311  -0.0010073327
        0.0000255850  -0.0009170746  -0.0003127788   0.0000185480  -0.0064790572
       -0.0000673346   0.0004184427  -0.0197466158  -0.0147592788  -0.0119829081
       -0.1462293566  -0.0927171076  -0.0744521621   0.0008351374  -0.0006799805
        0.0005953999  -0.0006871107  -0.0001064753   0.0000591131   0.0000338956
       -0.0000014401   0.0000142910  -0.0000004221  -0.0000266770  -0.0000084993
        0.0000282530  -0.0000465609   0.0000116898   0.0006231569  -0.0007661233
       -0.0002858638  -0.0013786828   0.0004036898   0.0000212377   0.1702183321
        0.1081908057   0.0846275596   0.0033408532   0.0015895978   0.0007862114
        0.0002296251  -0.0000638828   0.0001813086  -0.0001307706  -0.0000026234
       -0.0000342216   0.0000517705   0.0001403274  -0.0000970394  -0.0000775307
        0.0001455202   0.0001029783
       -0.0000182563   0.0001004817  -0.0000021003   0.0004963416   0.0000608343
       -0.0001149171  -0.0001118053   0.0001838752   0.0000213229   0.0019456012
       -0.0010484722   0.0001712360   0.0060590194   0.0051358802   0.0034793137
       -0.0938055084  -0.1215343775  -0.0671726974  -0.0186804194  -0.0190199079
       -0.0115450248  -0.0014591550  -0.0058989914   0.0020783373   0.0000112168
        0.0000134921   0.0000007229  -0.0000350636   0.0000404196   0.0000462935
       -0.0000221204   0.0000197560  -0.0000302698   0.0001520256   0.0007038674
        0.0003515827   0.0003803252  -0.0003857003   0.0000356238   0.1081908057
        0.1419048591   0.0761372769  -0.0018715263  -0.0005097659  -0.0028719147
       -0.0001941578   0.0011212927  -0.0004495797   0.0000025550  -0.0007491475
        0.0000169806  -0.0010963976  -0.0002577930  -0.0003180954   0.0000565197
        0.0001193974   0.0001659089
       -0.0000171387   0.0000291022   0.0000062318   0.0005196535   0.0002831151
       -0.0000754179   0.0000102955  -0.0000874461   0.0000199453   0.0011382171
        0.0008805079   0.0004812100   0.0020942824   0.0013777220   0.0015318355
       -0.0762577493  -0.0682656512  -0.0990494639   0.0059458685   0.0060829162
        0.0042651889   0.0009268422   0.0018318517   0.0001346191  -0.0000054974
        0.0000225929   0.0000041438  -0.0000228911   0.0000135909   0.0000284904
        0.0000001289  -0.0000160215  -0.0000182245   0.0010112504   0.0002972540
        0.0009201458  -0.0000356758   0.0000960641  -0.0000393382   0.0846275596
        0.0761372769   0.1112536480  -0.0210094766  -0.0197207918  -0.0205521468
        0.0005532096   0.0006589621   0.0009109579   0.0000277489   0.0000221492
       -0.0001166131   0.0002946519   0.0001409595   0.0001659216   0.0001987203
        0.0002158461   0.0001288665
       -0.0000696209  -0.0000983583  -0.0000644841  -0.0006762130  -0.0000841284
        0.0003485156   0.0001688476   0.0001236345  -0.0001482154   0.0000038224
        0.0005748100  -0.0004889128  -0.0101382337   0.0038513665   0.0286398291
       -0.0517622577  -0.0022728277   0.0422769605   0.0007513617   0.0005432579
       -0.0006980400   0.0002693527  -0.0001543730   0.0004576056   0.0000174510
       -0.0000367249  -0.0000357394   0.0001221121  -0.0000689588  -0.0000938902
        0.0000086854   0.0000266914   0.0000552634  -0.0052953471   0.0013625349
        0.0018633187   0.0010032365  -0.0000975566   0.0009197738   0.0033408532
       -0.0018715263  -0.0210094766   0.0613584747  -0.0024195649  -0.0507865636
        0.0006176671   0.0005635389  -0.0003321600   0.0003312920   0.0002716582
       -0.0006851048   0.0000001683   0.0000762000  -0.0001222129  -0.0000516522
       -0.0002896735  -0.0000964669
        0.0000801649   0.0000299763  -0.0000001148  -0.0002826359  -0.0002296931
        0.0000691820   0.0000746780   0.0001610600  -0.0000244122  -0.0000511703
       -0.0002962039  -0.0003226089   0.0049997615  -0.0008255148  -0.0100492416
       -0.0021642418  -0.0420636761  -0.0050374555  -0.0040361405  -0.0040307378
        0.0297228175   0.0000456562   0.0004218771   0.0004846850   0.0000185943
       -0.0000058130   0.0000228274  -0.0000590155  -0.0000041501   0.0000229397
        0.0000001800   0.0000135833  -0.0000358742   0.0027891686  -0.0001774251
       -0.0008471194   0.0002136494   0.0002400856  -0.0007752205   0.0015895978
       -0.0005097659  -0.0197207918  -0.0024195649   0.0519143674   0.0031134058
       -0.0007768808  -0.0054584027   0.0031092432  -0.0000510536   0.0010839709
        0.0006862910   0.0001465630   0.0000111280  -0.0002562455  -0.0001173106
       -0.0002746662  -0.0001623070
       -0.0000176730   0.0000155474   0.0000269699  -0.0001246087  -0.0000712620
       -0.0003625919  -0.0000660676   0.0000019613   0.0001436261   0.0003721812
        0.0000178516   0.0005122794   0.0042933106  -0.0019272787  -0.0072713978
        0.0429758289  -0.0055229656  -0.2704374624   0.0014964091   0.0045805287
       -0.0151072321   0.0000436986  -0.0003160456   0.0002272514  -0.0000182685
        0.0000074235   0.0000207293  -0.0000472243   0.0000394250   0.0000059396
        0.0000248837  -0.0000439858   0.0000282780   0.0016554011  -0.0001270197
        0.0005598147  -0.0006261167   0.0001555009   0.0013098682   0.0007862114
       -0.0028719147  -0.0205521468  -0.0507865636   0.0031134058   0.3102034372
        0.0003149269   0.0032569171  -0.0005401787  -0.0002433666  -0.0004239987
        0.0008016887  -0.0001869122  -0.0001006961   0.0001896288   0.0001539496
        0.0002166056   0.0002414983
       -0.0000024922   0.0000261660   0.0000728262  -0.0006819166  -0.0003659099
       -0.0003868055   0.0002021936   0.0003471460   0.0001707651   0.0004885564
       -0.0004367142   0.0005081742   0.0002748423   0.0001505350  -0.0004226948
        0.0005245260  -0.0009431593   0.0016428003  -0.0444293323   0.0030470402
       -0.0092926125  -0.0050943879  -0.0035491464  -0.0280366478   0.0000290170
       -0.0000147006   0.0000025801  -0.0000203440   0.0000642430   0.0000193230
        0.0000228121  -0.0000448442   0.0000182605  -0.0000342797   0.0002260551
        0.0000563787  -0.0000070974  -0.0000563651   0.0001015363   0.0002296251
       -0.0001941578   0.0005532096   0.0006176671  -0.0007768808   0.0003149269
        0.0514970449   0.0014704054   0.0132939742  -0.0001603129   0.0022233997
        0.0247230769   0.0011689032   0.0001863963  -0.0007170891  -0.0046250248
       -0.0013595083  -0.0026219822
        0.0000043110   0.0000339777   0.0000202893   0.0003208265   0.0000271127
        0.0000464422  -0.0001166217  -0.0001331141  -0.0000081710   0.0001214646
       -0.0000714262  -0.0001364420  -0.0000838784   0.0003359457   0.0003915929
       -0.0000352065  -0.0040113975   0.0300981058   0.0028365646  -0.0420902667
       -0.0045721886  -0.0034250775  -0.0010604113  -0.0119584187  -0.0000088590
       -0.0000030967  -0.0000128868   0.0000135838  -0.0000091637   0.0000083294
       -0.0000188240   0.0000011191  -0.0000087122   0.0001061910  -0.0002475937
       -0.0001060277  -0.0001017458   0.0000124624  -0.0002952670  -0.0000638828
        0.0011212927   0.0006589621   0.0005635389  -0.0054584027   0.0032569171
        0.0014704054   0.0518503748   0.0032379393   0.0012022539  -0.0003297033
       -0.0185782400   0.0000764619   0.0002586715  -0.0007161864  -0.0028615059
       -0.0002263807  -0.0013260378
        0.0000594731  -0.0000051940   0.0000355663   0.0000524863  -0.0000397584
       -0.0005290117   0.0000783237   0.0000211193   0.0001916633  -0.0002409176
       -0.0000701793   0.0008317768  -0.0000957181  -0.0002057736   0.0000352113
        0.0004943875   0.0042849174  -0.0148411485  -0.0095851799  -0.0046619262
       -0.2775996817  -0.0042951624  -0.0026853282  -0.0120988177   0.0000184078
       -0.0000158029   0.0000089579  -0.0000205731   0.0000688830   0.0000487709
        0.0000280988  -0.0000268953  -0.0000096742  -0.0001781896   0.0002504089
        0.0001954916   0.0001540731  -0.0001050810   0.0002472521   0.0001813086
       -0.0004495797   0.0009109579  -0.0003321600   0.0031092432  -0.0005401787
        0.0132939742   0.0032379393   0.3193071416   0.0022412135  -0.0024579020
       -0.0171984925   0.0006054806   0.0001697557   0.0011053538  -0.0024593265
       -0.0004188460  -0.0001011385
       -0.0004954856   0.0000256171   0.0001217656   0.0001059583   0.0015034347
       -0.0002675691   0.0000657707  -0.0002837946  -0.0000344916  -0.0067023712
       -0.0002082778  -0.0012124626  -0.0005834158  -0.0000197699  -0.0002013108
        0.0008597396   0.0005386328  -0.0005076486  -0.1755204024   0.0999792185
        0.0676126707  -0.0205761856   0.0132211831   0.0086620004  -0.0000687248
        0.0000820695   0.0000215419   0.0000238920  -0.0000460232  -0.0000267449
        0.0000318202  -0.0000464318   0.0000178116  -0.0000672807  -0.0001925480
       -0.0001144849   0.0000634796  -0.0001628760   0.0000976950  -0.0001307706
        0.0000025550   0.0000277489   0.0003312920  -0.0000510536  -0.0002433666
       -0.0001603129   0.0012022539   0.0022412135   0.2032200639  -0.1159806115
       -0.0763113985  -0.0011601340  -0.0002573294  -0.0001858430   0.0007630675
        0.0006937512   0.0003028730
       -0.0000759379   0.0000715324   0.0000466098  -0.0005133406   0.0001106991
       -0.0001024191   0.0001576147   0.0002712050   0.0000153379  -0.0022854412
       -0.0009161118  -0.0002064813   0.0013035299  -0.0056539503   0.0021382188
        0.0209932813  -0.0181221744  -0.0087409527   0.1005492753  -0.1131909207
       -0.0505851087  -0.0073357948   0.0053765762   0.0031162015   0.0000146203
        0.0000488563  -0.0000030361  -0.0000440601   0.0000160008   0.0000426091
       -0.0000380220  -0.0000011580  -0.0000374349  -0.0000034992   0.0000869297
        0.0001131882   0.0011553680  -0.0002569246  -0.0001078203  -0.0000026234
       -0.0007491475   0.0000221492   0.0002716582   0.0010839709  -0.0004239987
        0.0022233997  -0.0003297033  -0.0024579020  -0.1159806115   0.1318668061
        0.0568776064  -0.0003337137  -0.0003317582  -0.0000482529  -0.0000557030
        0.0006192723   0.0003414860
       -0.0001709450   0.0000002856   0.0000365824  -0.0005363806   0.0002855554
       -0.0001504963   0.0001726415   0.0001344750   0.0000484113  -0.0020698662
        0.0008243279   0.0002789097  -0.0011693099   0.0018866081  -0.0000337205
       -0.0065585352   0.0058616467   0.0031161807   0.0694930553  -0.0519503729
       -0.0793202837  -0.0052215292   0.0032691232   0.0025103772  -0.0000226970
        0.0000171609   0.0000064861  -0.0000110196   0.0000226793  -0.0000080710
        0.0000161531  -0.0000181503   0.0000145995  -0.0002422613   0.0001873278
        0.0000720259  -0.0003034315   0.0001101731   0.0001200552  -0.0000342216
        0.0000169806  -0.0001166131  -0.0006851048   0.0006862910   0.0008016887
        0.0247230769  -0.0185782400  -0.0171984925  -0.0763113985   0.0568776064
        0.0891507147  -0.0001361613   0.0000186951  -0.0000775375  -0.0009320649
        0.0003478272   0.0007491833
        0.0001471555  -0.0003740843   0.0006806718   0.0025730829   0.0035432823
       -0.0007418984  -0.0005772770  -0.0018574364   0.0002391494   0.0041840104
        0.0150788854  -0.0096069703  -0.0017593962   0.0018613108  -0.0008856657
       -0.0045488803  -0.0028320676  -0.0011129142  -0.0112006373  -0.0186394063
        0.0137875930  -0.0749650418  -0.0652024510   0.0556339786   0.0000071363
       -0.0000426433   0.0000110524  -0.0000111374   0.0000418412  -0.0000159587
        0.0000653530  -0.0001461487   0.0000197079  -0.0001230600  -0.0000257450
       -0.0000214503   0.0002985407   0.0008481754  -0.0000754515   0.0000517705
       -0.0010963976   0.0002946519   0.0000001683   0.0001465630  -0.0001869122
        0.0011689032   0.0000764619   0.0006054806  -0.0011601340  -0.0003337137
       -0.0001361613   0.0850500843   0.0706148020  -0.0611632512   0.0007993591
       -0.0016612281   0.0026743484
       -0.0003183849   0.0001898567  -0.0004430809  -0.0022158508  -0.0021554997
        0.0010108579  -0.0001170356   0.0014492804  -0.0003469484  -0.0011464186
       -0.0302218066   0.0119344962   0.0013276979  -0.0038160469   0.0027820522
       -0.0006879415  -0.0014404768  -0.0001945971  -0.0048419106  -0.0054590940
        0.0043251583  -0.0637126613  -0.1517818287   0.0953842259  -0.0000440667
        0.0001574166  -0.0000239258  -0.0000347070  -0.0000205780   0.0000522888
       -0.0001235833   0.0001064426  -0.0000669063   0.0001760303   0.0002859272
        0.0001955463  -0.0007664888  -0.0012770115  -0.0001231901   0.0001403274
       -0.0002577930   0.0001409595   0.0000762000   0.0000111280  -0.0001006961
        0.0001863963   0.0002586715   0.0001697557  -0.0002573294  -0.0003317582
        0.0000186951   0.0706148020   0.1882766620  -0.1113653283   0.0017449247
        0.0060265086  -0.0033493628
        0.0000841179  -0.0001739093  -0.0000664191   0.0013355003   0.0018085772
        0.0010490846  -0.0005916968  -0.0016790535  -0.0007885304  -0.0037966722
        0.0033502106   0.0038862424  -0.0002629731  -0.0008923881  -0.0006188359
       -0.0011219795  -0.0013023854   0.0001943438  -0.0032580168  -0.0054546464
        0.0045715870   0.0563759565   0.0972272736  -0.1289596965  -0.0000035027
       -0.0000361653   0.0000024544   0.0000198947  -0.0000548481   0.0000043663
        0.0000223364  -0.0000351492  -0.0000218199  -0.0001224792  -0.0002312723
       -0.0000785906   0.0000502991  -0.0001438330   0.0000009035  -0.0000970394
       -0.0003180954   0.0001659216  -0.0001222129  -0.0002562455   0.0001896288
       -0.0007170891  -0.0007161864   0.0011053538  -0.0001858430  -0.0000482529
       -0.0000775375  -0.0611632512  -0.1113653283   0.1454582949   0.0135546511
        0.0203216979  -0.0260167511
       -0.0003378315   0.0001081239  -0.0008825120   0.0023510372   0.0035554347
        0.0015929972   0.0005835949  -0.0019306916  -0.0004729456  -0.0068138543
        0.0162278070   0.0160820366  -0.0011247577   0.0000781933   0.0016298382
        0.0001318006  -0.0002359084  -0.0004026318  -0.0037767762  -0.0085613660
       -0.0265965033  -0.0393942879  -0.0027702575   0.0053064474  -0.0000142856
       -0.0000064264  -0.0000366704   0.0000631482  -0.0001596796  -0.0000641921
       -0.0000647879   0.0001157322   0.0000215973   0.0003301135   0.0005744399
        0.0001285049  -0.0002117808  -0.0002827070   0.0001333945  -0.0000775307
        0.0000565197   0.0001987203  -0.0000516522  -0.0001173106   0.0001539496
       -0.0046250248  -0.0028615059  -0.0024593265   0.0007630675  -0.0000557030
       -0.0009320649   0.0007993591   0.0017449247   0.0135546511   0.0514704487
       -0.0054796192  -0.0069552905
        0.0004425197  -0.0002532796   0.0010363668  -0.0022998720  -0.0024770993
       -0.0021753605   0.0000554534   0.0010457905  -0.0000871914   0.0142744142
       -0.0209944096  -0.0233513368   0.0011355874  -0.0013661958  -0.0017717581
        0.0001685534   0.0002448317  -0.0002736837  -0.0015413092  -0.0022345264
       -0.0102958970  -0.0040155404  -0.0621994834  -0.0646727349   0.0000033137
       -0.0000021388   0.0000739802  -0.0000982991   0.0001283832   0.0000607672
        0.0001081826  -0.0001391988  -0.0000449125  -0.0004491802  -0.0007440731
       -0.0000240094   0.0001669342   0.0003704164  -0.0001957855   0.0001455202
        0.0001193974   0.0002158461  -0.0002896735  -0.0002746662   0.0002166056
       -0.0013595083  -0.0002263807  -0.0004188460   0.0006937512   0.0006192723
        0.0003478272  -0.0016612281   0.0060265086   0.0203216979  -0.0054796192
        0.0823568517   0.0810384247
       -0.0000181678  -0.0000154950   0.0000478045  -0.0023411179  -0.0021240609
       -0.0005253526  -0.0000708095   0.0016746707   0.0003541889   0.0094601691
       -0.0109117155   0.0025548256   0.0002525203   0.0002852042  -0.0010047494
        0.0005155039   0.0002079508   0.0003178634  -0.0041049672  -0.0037854686
       -0.0122496690   0.0030240626  -0.0622445089  -0.2386717704  -0.0000177804
        0.0000334772   0.0000055342  -0.0000221752   0.0000717058   0.0000112655
        0.0000182595  -0.0000384524   0.0000267439  -0.0001124363   0.0000012123
        0.0000740634   0.0000104787   0.0001373683  -0.0000489163   0.0001029783
        0.0001659089   0.0001288665  -0.0000964669  -0.0001623070   0.0002414983
       -0.0026219822  -0.0013260378  -0.0001011385   0.0003028730   0.0003414860
        0.0007491833   0.0026743484  -0.0033493628  -0.0260167511  -0.0069552905
        0.0810384247   0.2741065097
