           1           2  0.98040157092389812     
           2           3   1.6664897151542903     
           2           4   1.2503817125937544     
           3           4  0.19583765398030739     
           4           5  0.98966017697301334     
           5           6   1.0045387799533725     
           6           7   1.0049702812881309     
           4           8  0.97914378701633342     
           7           8   1.0070853088083793     
           1           9  0.98436655259804096     
           1          10  0.97186581243614600     
           1          11  0.96956585261799688     
           5          12  0.96681007853895451     
           5          13  0.96907063769275170     
           6          14  0.97890418470564988     
           6          15  0.97975625880348649     
           7          16  0.97927721009053770     
           7          17  0.97837340763856895     
           8          18  0.96915517520316796     
           8          19  0.96798467687124634     
