           1           2  0.99892803907893002     
           2           3   1.8286288178676520     
           2           4   1.0341119541206849     
           4           5  0.92345581699973589     
           4           6  0.92342754753128753     
           5           6   1.0122861021518541     
           1           7  0.96392364251539520     
           1           8  0.96394343021829143     
           1           9  0.98403929853045513     
           4          10  0.97360667248628052     
           5          11  0.97974677167995461     
           5          12  0.97753529777430570     
           6          13  0.97974550203514832     
           6          14  0.97753866887268570     
