$hessian                                                                        
        0.4770522140   0.0372806028  -0.0037266988  -0.1422867063   0.0610324080
       -0.0041058937  -0.0467125813   0.0035547511   0.0007115522  -0.0433609271
        0.0009946787  -0.0026271775  -0.0445013372   0.0055898039   0.0084076666
       -0.1918879272  -0.1197259168   0.0017053234  -0.0052326955   0.0066193493
       -0.0029091657  -0.0051043028   0.0051559338   0.0020672687   0.0020342632
       -0.0005016107   0.0004771248
        0.0372806028   0.5066201354  -0.0023115949   0.0654415494  -0.1082445043
        0.0017630820  -0.0221433620   0.0079277944   0.0000673438   0.0004803511
       -0.1165049966   0.1099209635   0.0062731322  -0.1302095014  -0.1129764665
       -0.1194702450  -0.1372551089   0.0012674737   0.0160888276  -0.0117886665
        0.0035664059   0.0171302495  -0.0124233413  -0.0017240031  -0.0010811055
        0.0018781894   0.0004267956
       -0.0037266988  -0.0023115949   0.5229539908  -0.0025298365   0.0022742486
       -0.0692614393   0.0016869373  -0.0020298116   0.0041331278  -0.0025675666
        0.1100364125  -0.2151282002   0.0093810695  -0.1126834294  -0.1948630362
        0.0012648051   0.0010163683  -0.0441252768  -0.0214565626   0.0173801843
       -0.0037731105   0.0190821216  -0.0149022264  -0.0005089320  -0.0011342691
        0.0012198487   0.0005728764
       -0.1422867063   0.0654415494  -0.0025298365   0.4283600676  -0.0098894934
       -0.0073946541  -0.1750076915  -0.0896854264   0.0177669761  -0.0033206303
        0.0036863901  -0.0030656452  -0.0048366096   0.0047960564   0.0023623775
       -0.0222041189   0.0094609926  -0.0007760305  -0.0385877035   0.0101705002
       -0.0121555503  -0.0404543133   0.0097929195   0.0110075445  -0.0016622942
       -0.0037734884  -0.0052151816
        0.0610324080  -0.1082445043   0.0022742486  -0.0098894934   0.4820194024
        0.0266110707  -0.0676364254  -0.1113161864  -0.0067467313   0.0170840783
       -0.0123142216   0.0041732183   0.0182464269  -0.0140409217  -0.0027818154
       -0.0156281176   0.0077404973  -0.0006966351   0.0079656596  -0.0979847362
        0.0869930591   0.0118947143  -0.1253786238  -0.1097127108  -0.0230692508
       -0.0204807057  -0.0001137041
       -0.0041058937   0.0017630820  -0.0692614393  -0.0073946541   0.0266110707
        0.5291816014   0.0341056522   0.0065148885  -0.0714149748  -0.0223730596
        0.0160184591  -0.0029403239   0.0210526426  -0.0152246287  -0.0004784332
        0.0001124855  -0.0000509120   0.0000891130  -0.0108973864   0.0858023461
       -0.1947349046   0.0143551111  -0.1060088052  -0.1923565088  -0.0248548975
       -0.0154255005   0.0019158701
       -0.0467125813  -0.0221433620   0.0016869373  -0.1750076915  -0.0676364254
        0.0341056522   0.2788795391   0.1131233083  -0.0681711920   0.0027442179
       -0.0011679114   0.0002331379   0.0024968088  -0.0010014910   0.0002338563
       -0.0090240581   0.0044951275  -0.0000234846  -0.0132046417  -0.0178372747
        0.0112182969  -0.0044711017  -0.0072731845  -0.0045333782  -0.0357004915
       -0.0005587868   0.0252501742
        0.0035547511   0.0079277944  -0.0020298116  -0.0896854264  -0.1113161864
        0.0065148885   0.1131233083   0.3425899733   0.2084184357  -0.0009694258
        0.0013043813  -0.0011114231   0.0009385455   0.0008471556   0.0010540112
        0.0024320646   0.0005956300   0.0000141856  -0.0259709298  -0.0199777784
        0.0095352778  -0.0220814593  -0.0196813039  -0.0041083118   0.0186585718
       -0.2022896660  -0.2182872523
        0.0007115522   0.0000673438   0.0041331278   0.0177669761  -0.0067467313
       -0.0714149748  -0.0681711920   0.2084184357   0.3139156911   0.0004970626
       -0.0009356858   0.0006084500   0.0002333273   0.0007224526   0.0002196699
       -0.0000330513  -0.0002584638   0.0006625348   0.0250889514   0.0197237878
       -0.0004154984  -0.0213392310  -0.0178940142   0.0010357067   0.0452456047
       -0.2030971248  -0.2487447071
       -0.0433609271   0.0004803511  -0.0025675666  -0.0033206303   0.0170840783
       -0.0223730596   0.0027442179  -0.0009694258   0.0004970626   0.0484043975
       -0.0040634034   0.0040596062   0.0008003718  -0.0005599867   0.0002612277
       -0.0009732136  -0.0155558450   0.0217339936  -0.0046979389   0.0037703310
       -0.0008668447   0.0007768900  -0.0004641665  -0.0004888593  -0.0003731674
        0.0002780669  -0.0002555598
        0.0009946787  -0.1165049966   0.1100364125   0.0036863901  -0.0123142216
        0.0160184591  -0.0011679114   0.0013043813  -0.0009356858  -0.0040634034
        0.1333778605  -0.1289096829  -0.0002378147   0.0096797869  -0.0161727902
       -0.0026715591  -0.0134851273   0.0191021245   0.0038118993  -0.0018720922
        0.0003547952  -0.0004396453   0.0000483851   0.0005448723   0.0000873658
       -0.0002339760  -0.0000385048
       -0.0026271775   0.1099209635  -0.2151282002  -0.0030656452   0.0041732183
       -0.0029403239   0.0002331379  -0.0011114231   0.0006084500   0.0040596062
       -0.1289096829   0.2459257927   0.0005074518   0.0131770557  -0.0280439875
        0.0013286846   0.0023220133  -0.0019512563  -0.0005247594   0.0005317086
        0.0013127348   0.0003663550  -0.0004404857   0.0007717667  -0.0002776535
        0.0003366323  -0.0005549762
       -0.0445013372   0.0062731322   0.0093810695  -0.0048366096   0.0182464269
        0.0210526426   0.0024968088   0.0009385455   0.0002333273   0.0008003718
       -0.0002378147   0.0005074518   0.0503701936  -0.0102458496  -0.0107475189
       -0.0002639484  -0.0170782357  -0.0208782333   0.0008332672  -0.0005968494
        0.0007071992  -0.0045094294   0.0033487097   0.0001755770  -0.0003893167
       -0.0006480650  -0.0004315153
        0.0055898039  -0.1302095014  -0.1126834294   0.0047960564  -0.0140409217
       -0.0152246287  -0.0010014910   0.0008471556   0.0007224526  -0.0005599867
        0.0096797869   0.0131770557  -0.0102458496   0.1500436636   0.1329651818
       -0.0021228970  -0.0151282765  -0.0186147212  -0.0005465889   0.0001821723
       -0.0005013584   0.0037665404  -0.0018021465   0.0002015609   0.0003244125
        0.0004280678  -0.0000421132
        0.0084076666  -0.1129764665  -0.1948630362   0.0023623775  -0.0027818154
       -0.0004784332   0.0002338563   0.0010540112   0.0002196699   0.0002612277
       -0.0161727902  -0.0280439875  -0.0107475189   0.1329651818   0.2225069964
       -0.0010694045  -0.0022020952  -0.0015891724  -0.0003525741   0.0005088545
        0.0008572873   0.0001349582  -0.0002050762   0.0012914664   0.0007694111
       -0.0001898040   0.0000992092
       -0.1918879272  -0.1194702450   0.0012648051  -0.0222041189  -0.0156281176
        0.0001124855  -0.0090240581   0.0024320646  -0.0000330513  -0.0009732136
       -0.0026715591   0.0013286846  -0.0002639484  -0.0021228970  -0.0010694045
        0.2233806519   0.1377091351  -0.0018285303   0.0004625387  -0.0002843745
       -0.0002312538   0.0003310962  -0.0004968360   0.0001704924   0.0001789793
        0.0005328295   0.0002857722
       -0.1197259168  -0.1372551089   0.0010163683   0.0094609926   0.0077404973
       -0.0000509120   0.0044951275   0.0005956300  -0.0002584638  -0.0155558450
       -0.0134851273   0.0023220133  -0.0170782357  -0.0151282765  -0.0022020952
        0.1377091351   0.1565372149  -0.0011180060   0.0001697138   0.0004160815
       -0.0002266288   0.0002550031   0.0005736647   0.0002128532   0.0002700253
        0.0000054243   0.0003048711
        0.0017053234   0.0012674737  -0.0441252768  -0.0007760305  -0.0006966351
        0.0000891130  -0.0000234846   0.0000141856   0.0006625348   0.0217339936
        0.0191021245  -0.0019512563  -0.0208782333  -0.0186147212  -0.0015891724
       -0.0018285303  -0.0011180060   0.0468569425  -0.0002760843  -0.0000812195
       -0.0000378214   0.0003612051   0.0000896144   0.0000756994  -0.0000181591
        0.0000371834   0.0000192372
       -0.0052326955   0.0160888276  -0.0214565626  -0.0385877035   0.0079656596
       -0.0108973864  -0.0132046417  -0.0259709298   0.0250889514  -0.0046979389
        0.0038118993  -0.0005247594   0.0008332672  -0.0005465889  -0.0003525741
        0.0004625387   0.0001697138  -0.0002760843   0.0580268487  -0.0012179077
        0.0061163811   0.0017341580  -0.0003392938   0.0020755586   0.0006661669
        0.0000386199   0.0002264757
        0.0066193493  -0.0117886665   0.0173801843   0.0101705002  -0.0979847362
        0.0858023461  -0.0178372747  -0.0199777784   0.0197237878   0.0037703310
       -0.0018720922   0.0005317086  -0.0005968494   0.0001821723   0.0005088545
       -0.0002843745   0.0004160815  -0.0000812195  -0.0012179077   0.1225256139
       -0.1100287055  -0.0007508934   0.0086460014  -0.0149676071   0.0001271193
       -0.0001465958   0.0011306506
       -0.0029091657   0.0035664059  -0.0037731105  -0.0121555503   0.0869930591
       -0.1947349046   0.0112182969   0.0095352778  -0.0004154984  -0.0008668447
        0.0003547952   0.0013127348   0.0007071992  -0.0005013584   0.0008572873
       -0.0002312538  -0.0002266288  -0.0000378214   0.0061163811  -0.1100287055
        0.2235375813  -0.0017260686   0.0114022564  -0.0283676653  -0.0001529942
       -0.0010951018   0.0016213967
       -0.0051043028   0.0171302495   0.0190821216  -0.0404543133   0.0118947143
        0.0143551111  -0.0044711017  -0.0220814593  -0.0213392310   0.0007768900
       -0.0004396453   0.0003663550  -0.0045094294   0.0037665404   0.0001349582
        0.0003310962   0.0002550031   0.0003612051   0.0017341580  -0.0007508934
       -0.0017260686   0.0557117791  -0.0053899671  -0.0103222996  -0.0040147761
       -0.0043845421  -0.0009121518
        0.0051559338  -0.0124233413  -0.0149022264   0.0097929195  -0.1253786238
       -0.1060088052  -0.0072731845  -0.0196813039  -0.0178940142  -0.0004641665
        0.0000483851  -0.0004404857   0.0033487097  -0.0018021465  -0.0002050762
       -0.0004968360   0.0005736647   0.0000896144  -0.0003392938   0.0086460014
        0.0114022564  -0.0053899671   0.1525104635   0.1290643730  -0.0043341150
       -0.0024930991  -0.0011056362
        0.0020672687  -0.0017240031  -0.0005089320   0.0110075445  -0.1097127108
       -0.1923565088  -0.0045333782  -0.0041083118   0.0010357067  -0.0004888593
        0.0005448723   0.0007717667   0.0001755770   0.0002015609   0.0012914664
        0.0001704924   0.0002128532   0.0000756994   0.0020755586  -0.0149676071
       -0.0283676653  -0.0103222996   0.1290643730   0.2165440433  -0.0001519041
        0.0004889735   0.0015144236
        0.0020342632  -0.0010811055  -0.0011342691  -0.0016622942  -0.0230692508
       -0.0248548975  -0.0357004915   0.0186585718   0.0452456047  -0.0003731674
        0.0000873658  -0.0002776535  -0.0003893167   0.0003244125   0.0007694111
        0.0001789793   0.0002700253  -0.0000181591   0.0006661669   0.0001271193
       -0.0001529942  -0.0040147761  -0.0043341150  -0.0001519041   0.0392606365
        0.0090169766  -0.0194251383
       -0.0005016107   0.0018781894   0.0012198487  -0.0037734884  -0.0204807057
       -0.0154255005  -0.0005587868  -0.2022896660  -0.2030971248   0.0002780669
       -0.0002339760   0.0003366323  -0.0006480650   0.0004280678  -0.0001898040
        0.0005328295   0.0000054243   0.0000371834   0.0000386199  -0.0001465958
       -0.0010951018  -0.0043845421  -0.0024930991   0.0004889735   0.0090169766
        0.2233323611   0.2177248933
        0.0004771248   0.0004267956   0.0005728764  -0.0052151816  -0.0001137041
        0.0019158701   0.0252501742  -0.2182872523  -0.2487447071  -0.0002555598
       -0.0000385048  -0.0005549762  -0.0004315153  -0.0000421132   0.0000992092
        0.0002857722   0.0003048711   0.0000192372   0.0002264757   0.0011306506
        0.0016213967  -0.0009121518  -0.0011056362   0.0015144236  -0.0194251383
        0.2177248933   0.2435566701
