$hessian                                                                        
        0.5242506216  -0.0110136049   0.0102398892  -0.0655595941  -0.0102058082
        0.0216393619   0.0010128131   0.0114080272  -0.0131093321   0.0018609361
        0.0018475175  -0.0031373562  -0.0069665351  -0.0139730920   0.0226124842
       -0.0046872866  -0.0036158884  -0.0024367681  -0.0021579761  -0.0005953035
        0.0006484964   0.0006540899  -0.0002863007  -0.0006689696  -0.1376474776
        0.1183525446  -0.0021706025  -0.0517158160  -0.0231593339  -0.0332980331
       -0.2589380286  -0.0725459643   0.0030401515   0.0002657046  -0.0003354244
       -0.0003500419   0.0007327732   0.0006314331  -0.0007147000  -0.0019649852
        0.0034485018  -0.0009174945   0.0003541087  -0.0002878804  -0.0010900742
        0.0001267677  -0.0001774850   0.0004051644   0.0005812328   0.0005337485
       -0.0007099693  -0.0001591452   0.0000138159   0.0000421662  -0.0000533679
       -0.0000554882  -0.0000139331   0.0000111648   0.0000159853  -0.0000104391
       -0.0110136049   0.5030936628   0.0367829581  -0.0067851488  -0.0957402854
        0.0579833686   0.0003875540  -0.0186752554   0.0207679568   0.0019768735
        0.0057203331  -0.0115006288  -0.0091696492  -0.0071471102   0.0096099566
       -0.0019166014  -0.0004049285  -0.0008366878   0.0012851079  -0.0014051406
        0.0008097721   0.0000229044  -0.0001105790  -0.0005099253   0.1185924473
       -0.1926478688   0.0006268159  -0.0228331026  -0.1220908892  -0.1110155101
       -0.0721235352  -0.0677175682  -0.0000317394  -0.0003426872   0.0005101061
        0.0009009069  -0.0009289847   0.0006593179   0.0000125619   0.0029732151
       -0.0043219344   0.0010526535  -0.0004226659  -0.0010244310  -0.0033445668
       -0.0001326745   0.0007807497  -0.0008565401   0.0004484723   0.0005440796
       -0.0004464718  -0.0001123403   0.0000091952   0.0000233866   0.0000578248
       -0.0000272472   0.0000036667   0.0000365955  -0.0000042065  -0.0000319337
        0.0102398892   0.0367829581   0.4688792069   0.0127236245   0.0539636200
       -0.1453894479  -0.0011208060   0.0057234055  -0.0045981238   0.0030867047
        0.0100049487  -0.0301813032   0.0084495219   0.0048085286  -0.0037046958
       -0.0001615113  -0.0012685992  -0.0005773331  -0.0008184891   0.0017613264
       -0.0001435885  -0.0001225753   0.0001509803   0.0001822180  -0.0024296633
        0.0007936242  -0.0426530585  -0.0326316542  -0.1108461032  -0.1973871251
        0.0022748687  -0.0004471421  -0.0423334177   0.0004281941  -0.0008558554
        0.0007543799   0.0003844659  -0.0004624783   0.0002238898  -0.0002718259
        0.0004753086   0.0003153631  -0.0006610024  -0.0024804422  -0.0051508250
       -0.0000469767   0.0010094011   0.0008144998   0.0006303930   0.0009071537
        0.0009645025   0.0000607964  -0.0000057315  -0.0000252968   0.0000022876
       -0.0000086911   0.0000150808  -0.0000162417  -0.0000062121  -0.0000049254
       -0.0655595941  -0.0067851488   0.0127236245   0.4751960968  -0.0178870280
       -0.0001342385  -0.1113692167   0.0604095469  -0.0012236735  -0.0653321410
       -0.0071850728  -0.0121004732  -0.1444683842  -0.0356293598   0.0011229285
       -0.0151010767  -0.0142075661   0.0004709808  -0.0408987596   0.0073186159
       -0.0004524544  -0.0011176646   0.0026220031  -0.0001505957   0.0017490265
        0.0103442351  -0.0145232577   0.0007660979   0.0025043858  -0.0029484891
       -0.0081618669  -0.0174010192   0.0248922062   0.0021712141  -0.0011193471
        0.0016623495  -0.0239221013   0.0234203879  -0.0005513613   0.0023104179
       -0.0013121276  -0.0015948219   0.0007631557   0.0026085349   0.0028557194
        0.0016985625   0.0109338971   0.0140795215  -0.0080942968  -0.0184043690
       -0.0241508349   0.0000775025   0.0000514232   0.0001935286   0.0000520058
        0.0000324151  -0.0001861772  -0.0007589776  -0.0003144067   0.0000155185
       -0.0102058082  -0.0957402854   0.0539636200  -0.0178870280   0.4946955963
       -0.0021171885   0.0612969863  -0.1444312126   0.0018320166  -0.0112506530
       -0.1002901668  -0.0555151239  -0.0200805616  -0.0599516354  -0.0002189227
       -0.0397130190  -0.0316456290   0.0017475246   0.0209862586   0.0064454655
       -0.0000561980   0.0041780143  -0.0035568811   0.0004036894  -0.0013235665
       -0.0169650951   0.0205808031   0.0024379649   0.0078517716  -0.0119432680
       -0.0047037461  -0.0075917647   0.0103092009   0.0111281638  -0.0183033482
       -0.0029287630  -0.0025226281   0.0055137829  -0.0001085097   0.0105103297
       -0.0174044593   0.0036308353   0.0022638511   0.0078171268   0.0105996157
       -0.0012285647  -0.0179044611  -0.0199180349  -0.0048776208  -0.0082811300
       -0.0102896772  -0.0001648668  -0.0002700894  -0.0000649574  -0.0002261792
       -0.0002427033   0.0000930205   0.0013826732   0.0002551184   0.0000003172
        0.0216393619   0.0579833686  -0.1453894479  -0.0001342385  -0.0021171885
        0.4562576028  -0.0012323028   0.0018379811  -0.0631794281  -0.0213077344
       -0.0597376143  -0.1403791677   0.0008501413  -0.0002126279  -0.0651309816
        0.0015875901   0.0018736176   0.0179659565  -0.0010638331   0.0000821228
        0.0033523986  -0.0001199602   0.0003411356   0.0053284915  -0.0010005820
        0.0038225030  -0.0029470857   0.0039012922   0.0114260244  -0.0254637255
        0.0039118484   0.0046229370  -0.0046150150   0.0143192158  -0.0201040862
       -0.0016365926   0.0000192651  -0.0000668227  -0.0001288243  -0.0147202811
        0.0207211558  -0.0026708272  -0.0039396369  -0.0127623242  -0.0253911733
        0.0010487479  -0.0031811182  -0.0019513943  -0.0037243387  -0.0045276666
       -0.0040825023   0.0008207672  -0.0001358037  -0.0000379174  -0.0008355404
        0.0001252027  -0.0000686183  -0.0000197815   0.0000092037   0.0001682517
        0.0010128131   0.0003875540  -0.0011208060  -0.1113692167   0.0612969863
       -0.0012323028   0.5047402206   0.0391162573  -0.0009525748   0.0010064256
        0.0004934324   0.0011265323  -0.0254401013   0.0179141823  -0.0002895434
       -0.0001883075   0.0047498227  -0.0002245707  -0.0073710715  -0.0005176122
        0.0000143943  -0.0015505903   0.0011550314  -0.0000745966   0.0004522414
       -0.0006804106   0.0006477711   0.0000439682  -0.0001539210   0.0001728957
        0.0007400701  -0.0007914632   0.0004719308  -0.0507598909  -0.0250190662
       -0.0338525983  -0.2610821287  -0.0719752127   0.0007397080  -0.0511216579
       -0.0243481009   0.0357866938   0.0000467734  -0.0001556747  -0.0001698903
        0.0004549477  -0.0006967876  -0.0006077883   0.0007446240  -0.0008099064
       -0.0004311823   0.0000622673   0.0000629989   0.0000717424   0.0000606885
        0.0000532829  -0.0000769562  -0.0004820752  -0.0000813926   0.0000011413
        0.0114080272  -0.0186752554   0.0057234055   0.0604095469  -0.1444312126
        0.0018379811   0.0391162573   0.4822191410   0.0009392804   0.0119690509
       -0.0197610638  -0.0050890452   0.0018789315   0.0039664513  -0.0000666930
       -0.0020524147   0.0000935252   0.0000091183  -0.0025178027   0.0005925959
       -0.0000260996  -0.0003000510   0.0003168522  -0.0000205874  -0.0000728416
       -0.0022927658   0.0031531454  -0.0000030164   0.0007366606  -0.0009473446
        0.0006190752   0.0004430086  -0.0006585763  -0.0248750033  -0.1224435093
       -0.1111796390  -0.0718475204  -0.0654128915   0.0001851059  -0.0241990159
       -0.1140026917   0.1077334183   0.0000167731   0.0007437219   0.0009485753
       -0.0000700926  -0.0025819201  -0.0032076370   0.0006426688   0.0004801359
        0.0006667977   0.0000262377  -0.0000045946  -0.0000133023   0.0000217061
       -0.0000047580   0.0000139907  -0.0001705161   0.0000185703  -0.0000018943
       -0.0131093321   0.0207679568  -0.0045981238  -0.0012236735   0.0018320166
       -0.0631794281  -0.0009525748   0.0009392804   0.5275454931   0.0126311814
       -0.0201426346  -0.0035143483  -0.0001241194  -0.0001458212   0.0005031905
        0.0000412576   0.0000230712  -0.0003760945   0.0000444659   0.0000026289
        0.0009115559   0.0000008659   0.0000048437   0.0001530082   0.0000782963
        0.0037642242  -0.0039443446  -0.0004690992   0.0008609660   0.0007825762
       -0.0007050553  -0.0001613617   0.0005294684  -0.0341035086  -0.1111856045
       -0.2002423662   0.0007390935   0.0001916848  -0.0437599547   0.0360646715
        0.1077766071  -0.2084041192   0.0004683241  -0.0008591739   0.0007831814
       -0.0000591225  -0.0038262606  -0.0036525908   0.0006757967   0.0001609286
        0.0004911771   0.0000211806   0.0000164288  -0.0000007202  -0.0000242299
       -0.0000189027  -0.0000017858   0.0000055817  -0.0000008780  -0.0000257748
        0.0018609361   0.0019768735   0.0030867047  -0.0653321410  -0.0112506530
       -0.0213077344   0.0010064256   0.0119690509   0.0126311814   0.5239077655
       -0.0112465650  -0.0096278057  -0.0069414200  -0.0151155390  -0.0220329530
       -0.0044953189  -0.0032089747   0.0027506628  -0.0021588741  -0.0004645181
       -0.0005968653   0.0006106727  -0.0002100354   0.0007576294   0.0001278157
       -0.0001918789  -0.0004016735   0.0003517597  -0.0002391087   0.0011038332
        0.0005807395   0.0005653152   0.0006888454  -0.0019487009   0.0034972768
        0.0007781451   0.0007504027   0.0006606594   0.0006983923   0.0002589280
       -0.0003178400   0.0003578267  -0.0516642896  -0.0216903435   0.0340891467
       -0.1381076136   0.1183364258  -0.0027795407  -0.2586138278  -0.0730428785
       -0.0001867806  -0.0000380416  -0.0000483080   0.0000222197  -0.0001686598
        0.0000042165  -0.0000362168   0.0000134418   0.0000168249   0.0000049828
        0.0018475175   0.0057203331   0.0100049487  -0.0071850728  -0.1002901668
       -0.0597376143   0.0004934324  -0.0197610638  -0.0201426346  -0.0112465650
        0.4996883116  -0.0383611706  -0.0095921884  -0.0078625935  -0.0095356816
       -0.0018222038  -0.0001958834   0.0008845284   0.0013488434  -0.0015153741
       -0.0006998941   0.0000114521  -0.0000627572   0.0005526382  -0.0001322624
        0.0007756507   0.0008607666  -0.0004021974  -0.0007881888   0.0031641395
        0.0004203856   0.0005256904   0.0004666198   0.0029790873  -0.0043789212
       -0.0008465084  -0.0009548973   0.0006928562  -0.0000364126  -0.0003519788
        0.0005017608  -0.0008840861  -0.0213980995  -0.1132381245   0.1076354534
        0.1185369510  -0.1918330411   0.0056244830  -0.0725352823  -0.0679610357
        0.0010432043   0.0000618985  -0.0000302996  -0.0000018664  -0.0001160480
        0.0000153888  -0.0000263289   0.0000372279  -0.0000025420   0.0000354156
       -0.0031373562  -0.0115006288  -0.0301813032  -0.0121004732  -0.0555151239
       -0.1403791677   0.0011265323  -0.0050890452  -0.0035143483  -0.0096278057
       -0.0383611706   0.4714889394  -0.0083174564  -0.0048267056  -0.0031477936
        0.0002768903   0.0013419773  -0.0007240180   0.0008103800  -0.0017398570
        0.0000005195   0.0001076197  -0.0001154672   0.0001832282   0.0000500136
       -0.0010104903   0.0008220726   0.0006898599   0.0022960923  -0.0053890263
       -0.0006520381  -0.0008865886   0.0009812427   0.0001457336  -0.0002821144
        0.0003675213  -0.0003523649   0.0004477852   0.0002064813  -0.0004078075
        0.0008614205   0.0007556059   0.0333774344   0.1074570532  -0.2062702024
       -0.0025405016   0.0054396638  -0.0428431900   0.0005952928   0.0014663343
       -0.0423379824  -0.0000095407   0.0000107623   0.0000161148  -0.0000517603
        0.0000005517  -0.0000263942   0.0000173482   0.0000055508  -0.0000082998
       -0.0069665351  -0.0091696492   0.0084495219  -0.1444683842  -0.0200805616
        0.0008501413  -0.0254401013   0.0018789315  -0.0001241194  -0.0069414200
       -0.0095921884  -0.0083174564   0.5207559358   0.1487110941  -0.0048541592
       -0.1456689288  -0.2064841894   0.0080973583  -0.1396616588   0.0593698149
       -0.0025856111  -0.0448502260   0.0269983577  -0.0012827321   0.0010206872
        0.0015827578  -0.0008204325   0.0005056126  -0.0000301191  -0.0003803361
       -0.0000784230   0.0008003439  -0.0008241375   0.0000706313  -0.0000296414
        0.0000754046  -0.0024828399   0.0022064497  -0.0000166420   0.0000428610
       -0.0000179513  -0.0000974615   0.0004796095  -0.0000102590   0.0003066773
        0.0010109793   0.0015900786   0.0007729774  -0.0000782928   0.0008546112
        0.0008363531   0.0002631794   0.0013477956   0.0001435279   0.0002275687
        0.0013085544  -0.0002982973  -0.0077402550  -0.0012342300   0.0000694233
       -0.0139730920  -0.0071471102   0.0048085286  -0.0356293598  -0.0599516354
       -0.0002126279   0.0179141823   0.0039664513  -0.0001458212  -0.0151155390
       -0.0078625935  -0.0048267056   0.1487110941   0.8891410192  -0.0272517526
       -0.1891566482  -0.6398066433   0.0226658566   0.0759778564  -0.1790508918
        0.0051745104   0.0146388445   0.0106509241  -0.0002165991  -0.0002572827
       -0.0025631381   0.0007323935   0.0000845009   0.0006470912  -0.0008820345
       -0.0006629228  -0.0012503478   0.0021921994   0.0023013667  -0.0004809698
       -0.0020730285   0.0027976438  -0.0043808452   0.0001262828   0.0022899063
       -0.0003971149   0.0021285638   0.0000413361   0.0006816067   0.0008761194
       -0.0002983357  -0.0025947061  -0.0006256650  -0.0007852165  -0.0015061173
       -0.0023325757  -0.0037657373   0.0019689334  -0.0027974363  -0.0036343411
        0.0020913266   0.0025937286  -0.0014782558  -0.0021552392   0.0000660633
        0.0226124842   0.0096099566  -0.0037046958   0.0011229285  -0.0002189227
       -0.0651309816  -0.0002895434  -0.0000666930   0.0005031905  -0.0220329530
       -0.0095356816  -0.0031477936  -0.0048541592  -0.0272517526   0.1994532216
        0.0073583937   0.0226220648  -0.0664213454  -0.0031909418   0.0049573335
       -0.0557263501  -0.0007230641  -0.0002839739   0.0008394373   0.0000704148
        0.0002865502   0.0007680848   0.0011744910  -0.0000016486  -0.0007995660
        0.0015580962   0.0033272894  -0.0045545484   0.0007823107  -0.0003531359
        0.0000504059  -0.0000504003   0.0001089287   0.0003752949  -0.0009260297
        0.0004066657  -0.0001118622  -0.0011811447  -0.0000753778  -0.0008766803
       -0.0000948281  -0.0001038504   0.0008194977  -0.0015638291  -0.0034726366
       -0.0043435664  -0.0012220309   0.0005478326   0.0008530673   0.0015578314
       -0.0006442955   0.0006061791  -0.0001080261   0.0001413471   0.0005490107
       -0.0046872866  -0.0019166014  -0.0001615113  -0.0151010767  -0.0397130190
        0.0015875901  -0.0001883075  -0.0020524147   0.0000412576  -0.0044953189
       -0.0018222038   0.0002768903  -0.1456689288  -0.1891566482   0.0073583937
        0.1549539404   0.2018237576  -0.0077036421   0.0105432726   0.0313463003
       -0.0013262854   0.0016729268   0.0042623089  -0.0002295203  -0.0001188662
        0.0000425917  -0.0001667418  -0.0000407570   0.0002946480  -0.0001953570
       -0.0003776713  -0.0009932991   0.0014767497  -0.0001816486  -0.0001986128
       -0.0001952150   0.0006733090  -0.0007866893   0.0000238605  -0.0002500109
       -0.0002109766   0.0002147379  -0.0000401527   0.0003082174   0.0001803343
       -0.0001180055   0.0000402162   0.0001612676  -0.0003547420  -0.0010160798
       -0.0013972691   0.0011153012  -0.0006191534   0.0011307824   0.0011617717
       -0.0008105294  -0.0010754205   0.0015022510   0.0011781875  -0.0000009015
       -0.0036158884  -0.0004049285  -0.0012685992  -0.0142075661  -0.0316456290
        0.0018736176   0.0047498227   0.0000935252   0.0000230712  -0.0032089747
       -0.0001958834   0.0013419773  -0.2064841894  -0.6398066433   0.0226220648
        0.2018237576   0.7801889575  -0.0299570614   0.0246371655  -0.1129543559
        0.0056758940  -0.0028351128   0.0015093591  -0.0002952444   0.0001759653
        0.0008355525  -0.0005141272   0.0001010628   0.0002132742   0.0005143602
       -0.0006720942  -0.0009435164   0.0014365909  -0.0007879534   0.0007876302
        0.0015132773   0.0007315146   0.0004462741  -0.0000228583  -0.0007634280
        0.0007347588  -0.0015571501   0.0001144489   0.0002068088  -0.0005429634
        0.0001546005   0.0008110364   0.0004659245  -0.0006201859  -0.0009354965
       -0.0013160522   0.0010076095  -0.0001525442   0.0012365929   0.0009589654
       -0.0001880622  -0.0011532447  -0.0012595199   0.0013998828  -0.0000760699
       -0.0024367681  -0.0008366878  -0.0005773331   0.0004709808   0.0017475246
        0.0179659565  -0.0002245707   0.0000091183  -0.0003760945   0.0027506628
        0.0008845284  -0.0007240180   0.0080973583   0.0226658566  -0.0664213454
       -0.0077036421  -0.0299570614   0.0266413880  -0.0011070707   0.0057058786
        0.0258617645   0.0000762634  -0.0001651954  -0.0040518349   0.0000109294
        0.0000308812  -0.0000629418  -0.0002913412  -0.0000771130   0.0001740921
        0.0000107615  -0.0005740371   0.0007781069  -0.0003771819   0.0002028684
        0.0001539754  -0.0000333816  -0.0000013515   0.0000391146   0.0004282841
       -0.0002764467   0.0002399285   0.0002935341   0.0000663350   0.0002265836
       -0.0000327556  -0.0000955532  -0.0001073934   0.0000426055   0.0006907314
        0.0008772716   0.0002045640  -0.0004072765  -0.0004305403  -0.0002315742
        0.0004446846  -0.0003046177   0.0000523422  -0.0000576844   0.0000979375
       -0.0021579761   0.0012851079  -0.0008184891  -0.0408987596   0.0209862586
       -0.0010638331  -0.0073710715  -0.0025178027   0.0000444659  -0.0021588741
        0.0013488434   0.0008103800  -0.1396616588   0.0759778564  -0.0031909418
        0.0105432726   0.0246371655  -0.0011070707   0.4523055337  -0.0344183432
        0.0020377830  -0.1850265275  -0.0598832347   0.0021843091  -0.0007661431
       -0.0012192534   0.0006738284   0.0000522934   0.0004069393   0.0003915397
       -0.0002668886  -0.0002179455   0.0004643312   0.0005840853  -0.0003341322
       -0.0002065441  -0.0018583411   0.0013953490  -0.0000285786   0.0006173958
       -0.0003387477   0.0002453396   0.0000556207   0.0003851019  -0.0003796067
       -0.0006503041  -0.0011968848  -0.0005805687  -0.0002639181  -0.0002703996
       -0.0004925299  -0.0270274143  -0.0131042120  -0.0083307638  -0.0275264403
       -0.0121275204   0.0095445655  -0.0285238842  -0.0007941458  -0.0001976159
       -0.0005953035  -0.0014051406   0.0017613264   0.0073186159   0.0064454655
        0.0000821228  -0.0005176122   0.0005925959   0.0000026289  -0.0004645181
       -0.0015153741  -0.0017398570   0.0593698149  -0.1790508918   0.0049573335
        0.0313463003  -0.1129543559   0.0057058786  -0.0344183432   0.3814959296
       -0.0124446612  -0.0437876201  -0.0914636135   0.0013158310  -0.0006739695
        0.0012612061  -0.0003532271   0.0000798473  -0.0000632238  -0.0001016124
       -0.0001168416   0.0003784740  -0.0005131615  -0.0007155354   0.0000559598
        0.0005724850   0.0002912379   0.0003629303  -0.0000133926  -0.0007555274
        0.0000356908  -0.0005993355   0.0000848030  -0.0000825409   0.0001026529
       -0.0006508356   0.0013032651   0.0003000231  -0.0001160752   0.0004281663
        0.0005368899  -0.0231678480  -0.0070404505  -0.0009178125  -0.0197647658
       -0.0058140762   0.0015680745   0.0272541762   0.0070299841  -0.0002221868
        0.0006484964   0.0008097721  -0.0001435885  -0.0004524544  -0.0000561980
        0.0033523986   0.0000143943  -0.0000260996   0.0009115559  -0.0005968653
       -0.0006998941   0.0000005195  -0.0025856111   0.0051745104  -0.0557263501
       -0.0013262854   0.0056758940   0.0258617645   0.0020377830  -0.0124446612
        0.0747123065   0.0015882258   0.0013349238  -0.0550416773   0.0005518184
       -0.0007317260  -0.0003052552  -0.0002141527   0.0002118705   0.0005501403
        0.0003652247  -0.0003152959   0.0002817139  -0.0000424253   0.0001799976
        0.0000269904  -0.0000139217  -0.0000070662   0.0000369676   0.0000999346
       -0.0001772503   0.0000869791   0.0001925479  -0.0001559435   0.0005175166
       -0.0004623905   0.0006480399  -0.0003108940  -0.0003576312   0.0003056306
        0.0002124980  -0.0267573153  -0.0061510746   0.0023010383   0.0290445937
        0.0068591306   0.0019114142  -0.0017339658  -0.0004345602   0.0007639618
        0.0006540899   0.0000229044  -0.0001225753  -0.0011176646   0.0041780143
       -0.0001199602  -0.0015505903  -0.0003000510   0.0000008659   0.0006106727
        0.0000114521   0.0001076197  -0.0448502260   0.0146388445  -0.0007230641
        0.0016729268  -0.0028351128   0.0000762634  -0.1850265275  -0.0437876201
        0.0015882258   0.4167855217  -0.0344277147   0.0012861953  -0.0003714153
       -0.0001876262   0.0001413462  -0.0002455413  -0.0000712399  -0.0001139020
        0.0002479283   0.0000479773   0.0000708179  -0.0000402867  -0.0001587611
       -0.0001872435  -0.0001754912   0.0004865380  -0.0000109910  -0.0000441158
       -0.0001504095   0.0001923131  -0.0002342450  -0.0000710283   0.0001232976
       -0.0003529008  -0.0001830565  -0.0001326657   0.0002413964   0.0000385910
       -0.0000760080  -0.0458051415  -0.0234364020  -0.0338272029  -0.0467558571
       -0.0201514544   0.0386556683  -0.0936425324   0.1063361550  -0.0069290004
       -0.0002863007  -0.0001105790   0.0001509803   0.0026220031  -0.0035568811
        0.0003411356   0.0011550314   0.0003168522   0.0000048437  -0.0002100354
       -0.0000627572  -0.0001154672   0.0269983577   0.0106509241  -0.0002839739
        0.0042623089   0.0015093591  -0.0001651954  -0.0598832347  -0.0914636135
        0.0013349238  -0.0344277147   0.5312586870  -0.0019291816  -0.0001824975
        0.0001162754   0.0000055214  -0.0000271819  -0.0000448266  -0.0000943841
       -0.0000305900   0.0000352906   0.0000380680   0.0000038582   0.0000150002
       -0.0000450497   0.0002776190  -0.0002135814   0.0000049243  -0.0000023736
        0.0000233210   0.0000370472  -0.0000321022  -0.0000384004   0.0000670135
       -0.0001710086   0.0000927795  -0.0000118841  -0.0000191396   0.0000459724
       -0.0000293322  -0.0215772317  -0.1218160476  -0.1058628588  -0.0187340713
       -0.0968059920   0.0942586367   0.1002643038  -0.2299517827   0.0122942324
       -0.0006689696  -0.0005099253   0.0001822180  -0.0001505957   0.0004036894
        0.0053284915  -0.0000745966  -0.0000205874   0.0001530082   0.0007576294
        0.0005526382   0.0001832282  -0.0012827321  -0.0002165991   0.0008394373
       -0.0002295203  -0.0002952444  -0.0040518349   0.0021843091   0.0013158310
       -0.0550416773   0.0012861953  -0.0019291816   0.4957382631   0.0000798652
        0.0002605714  -0.0000114346   0.0000850262  -0.0000880723  -0.0003019680
       -0.0001215448  -0.0001739185   0.0001322028   0.0000388944  -0.0000683211
       -0.0000618631  -0.0000184864   0.0000149628   0.0000102605  -0.0000378578
        0.0000621241  -0.0000613257  -0.0000854603   0.0000766015  -0.0003097604
       -0.0000586409  -0.0002811237  -0.0000062170   0.0001335992   0.0001797914
        0.0001403648  -0.0307885928  -0.1061636397  -0.1871820897   0.0355076320
        0.0945832652  -0.2111328286  -0.0065561536   0.0122971381  -0.0445464749
       -0.1376474776   0.1185924473  -0.0024296633   0.0017490265  -0.0013235665
       -0.0010005820   0.0004522414  -0.0000728416   0.0000782963   0.0001278157
       -0.0001322624   0.0000500136   0.0010206872  -0.0002572827   0.0000704148
       -0.0001188662   0.0001759653   0.0000109294  -0.0007661431  -0.0006739695
        0.0005518184  -0.0003714153  -0.0001824975   0.0000798652   0.1567510235
       -0.1375609872   0.0018453243   0.0030458067  -0.0028484858   0.0003852372
       -0.0247492503   0.0246502060   0.0003443044  -0.0000584648  -0.0001618185
       -0.0000706209   0.0002731464  -0.0000936917   0.0001294133   0.0002173517
       -0.0000426763   0.0000549172  -0.0000352064  -0.0001664928   0.0001431561
        0.0004111817  -0.0001283801  -0.0002072027  -0.0002956256   0.0001520642
       -0.0000204185   0.0000154587  -0.0000122089  -0.0000143115   0.0000407818
        0.0000474670  -0.0000299420  -0.0000620720   0.0000390117   0.0000290507
        0.1183525446  -0.1926478688   0.0007936242   0.0103442351  -0.0169650951
        0.0038225030  -0.0006804106  -0.0022927658   0.0037642242  -0.0001918789
        0.0007756507  -0.0010104903   0.0015827578  -0.0025631381   0.0002865502
        0.0000425917   0.0008355525   0.0000308812  -0.0012192534   0.0012612061
       -0.0007317260  -0.0001876262   0.0001162754   0.0002605714  -0.1375609872
        0.2231104156  -0.0035643967   0.0134034001  -0.0186753413  -0.0034774266
       -0.0043700037   0.0069298103  -0.0003874235  -0.0000615077   0.0003902420
        0.0001499428  -0.0003272417   0.0000692240  -0.0000355199   0.0007594884
       -0.0008587628   0.0002543122  -0.0000356208   0.0000185237  -0.0003362791
       -0.0001222160   0.0004810974   0.0001961562  -0.0000160757  -0.0000774868
        0.0000578743   0.0001054138  -0.0000276727   0.0000095373   0.0001433223
        0.0000611887  -0.0000979838   0.0000390681   0.0000589447   0.0000150690
       -0.0021706025   0.0006268159  -0.0426530585  -0.0145232577   0.0205808031
       -0.0029470857   0.0006477711   0.0031531454  -0.0039443446  -0.0004016735
        0.0008607666   0.0008220726  -0.0008204325   0.0007323935   0.0007680848
       -0.0001667418  -0.0005141272  -0.0000629418   0.0006738284  -0.0003532271
       -0.0003052552   0.0001413462   0.0000055214  -0.0000114346   0.0018453243
       -0.0035643967   0.0497826438   0.0159281930  -0.0220841274  -0.0013494986
       -0.0005496939  -0.0000403256   0.0008856948   0.0000997589  -0.0000334660
       -0.0000896881   0.0001321100  -0.0000991470  -0.0000791583  -0.0008288209
        0.0012886163  -0.0000882074   0.0000470961  -0.0001346303   0.0002355004
        0.0002201788  -0.0002498582  -0.0008553408  -0.0000508289  -0.0000476901
       -0.0001034314  -0.0001323775  -0.0000891321  -0.0000336125  -0.0000866183
       -0.0000246778   0.0000012161  -0.0000045595  -0.0000132565   0.0000278452
       -0.0517158160  -0.0228331026  -0.0326316542   0.0007660979   0.0024379649
        0.0039012922   0.0000439682  -0.0000030164  -0.0004690992   0.0003517597
       -0.0004021974   0.0006898599   0.0005056126   0.0000845009   0.0011744910
       -0.0000407570   0.0001010628  -0.0002913412   0.0000522934   0.0000798473
       -0.0002141527  -0.0002455413  -0.0000271819   0.0000850262   0.0030458067
        0.0134034001   0.0159281930   0.0556813906   0.0271992549   0.0373947500
       -0.0086716830  -0.0203590109  -0.0257275050   0.0002077272   0.0003967666
       -0.0001111910  -0.0001787881  -0.0001356815  -0.0001385971  -0.0000904404
        0.0000318212   0.0001344925   0.0002642537   0.0000767743   0.0002245631
       -0.0000344791  -0.0000380239  -0.0000463932   0.0000834488   0.0000314936
        0.0001468396  -0.0000700722  -0.0000410107  -0.0000012357   0.0000176587
        0.0000019208  -0.0000427071   0.0000275595  -0.0000055821  -0.0000056312
       -0.0231593339  -0.1220908892  -0.1108461032   0.0025043858   0.0078517716
        0.0114260244  -0.0001539210   0.0007366606   0.0008609660  -0.0002391087
       -0.0007881888   0.0022960923  -0.0000301191   0.0006470912  -0.0000016486
        0.0002946480   0.0002132742  -0.0000771130   0.0004069393  -0.0000632238
        0.0002118705  -0.0000712399  -0.0000448266  -0.0000880723  -0.0028484858
       -0.0186753413  -0.0220841274   0.0271992549   0.1395460562   0.1271191105
       -0.0040497630  -0.0074271906  -0.0099354966   0.0001217108  -0.0002959611
        0.0002814668  -0.0000094812  -0.0001139097  -0.0001058278  -0.0000393843
       -0.0000227276  -0.0000260471   0.0000651630   0.0004976823   0.0006843713
       -0.0001733638   0.0000374466   0.0001422183   0.0001652160  -0.0000374699
        0.0001244318   0.0000229695   0.0000589481   0.0000121814  -0.0000021491
       -0.0000079936   0.0000231276  -0.0000039375  -0.0000212087  -0.0000174249
       -0.0332980331  -0.1110155101  -0.1973871251  -0.0029484891  -0.0119432680
       -0.0254637255   0.0001728957  -0.0009473446   0.0007825762   0.0011038332
        0.0031641395  -0.0053890263  -0.0003803361  -0.0008820345  -0.0007995660
       -0.0001953570   0.0005143602   0.0001740921   0.0003915397  -0.0001016124
        0.0005501403  -0.0001139020  -0.0000943841  -0.0003019680   0.0003852372
       -0.0034774266  -0.0013494986   0.0373947500   0.1271191105   0.2311546065
       -0.0022368471  -0.0027783115  -0.0014035902  -0.0001401254   0.0008564861
        0.0001826173  -0.0000741651   0.0000120109  -0.0001281841   0.0000834998
       -0.0002691460   0.0003313691  -0.0002228759  -0.0007692111  -0.0015008635
       -0.0001358731   0.0003431815   0.0002146540   0.0002985344   0.0002547141
        0.0002621973   0.0000072117   0.0000405209   0.0000516526  -0.0000397900
       -0.0000321517   0.0000253404  -0.0000517079   0.0000058770  -0.0000056986
       -0.2589380286  -0.0721235352   0.0022748687  -0.0081618669  -0.0047037461
        0.0039118484   0.0007400701   0.0006190752  -0.0007050553   0.0005807395
        0.0004203856  -0.0006520381  -0.0000784230  -0.0006629228   0.0015580962
       -0.0003776713  -0.0006720942   0.0000107615  -0.0002668886  -0.0001168416
        0.0003652247   0.0002479283  -0.0000305900  -0.0001215448  -0.0247492503
       -0.0043700037  -0.0005496939  -0.0086716830  -0.0040497630  -0.0022368471
        0.2990614556   0.0852783002  -0.0038472550  -0.0001744255  -0.0000911744
        0.0000163682   0.0004789028   0.0000276188  -0.0000088460  -0.0000282955
        0.0002109738  -0.0001990350   0.0000841228   0.0001519119  -0.0003050248
       -0.0002927117  -0.0000148013   0.0000489109   0.0005065473   0.0001385018
        0.0004191052   0.0000272020   0.0000227145   0.0000063090  -0.0000124523
       -0.0000394573   0.0000326047   0.0000247282   0.0000054478  -0.0000187574
       -0.0725459643  -0.0677175682  -0.0004471421  -0.0174010192  -0.0075917647
        0.0046229370  -0.0007914632   0.0004430086  -0.0001613617   0.0005653152
        0.0005256904  -0.0008865886   0.0008003439  -0.0012503478   0.0033272894
       -0.0009932991  -0.0009435164  -0.0005740371  -0.0002179455   0.0003784740
       -0.0003152959   0.0000479773   0.0000352906  -0.0001739185   0.0246502060
        0.0069298103  -0.0000403256  -0.0203590109  -0.0074271906  -0.0027783115
        0.0852783002   0.0766845862  -0.0026815190  -0.0001251631  -0.0001953801
       -0.0000689805   0.0006247633  -0.0003442194   0.0005278019   0.0001010728
        0.0001950188  -0.0002508285   0.0000244551  -0.0000534486  -0.0002397861
        0.0001524585  -0.0000784628   0.0000467373   0.0001191433   0.0003786653
        0.0001080610   0.0000093223  -0.0000053752   0.0000005530   0.0000772249
        0.0000115371  -0.0000207190  -0.0000167175   0.0000251926   0.0000054346
        0.0030401515  -0.0000317394  -0.0423334177   0.0248922062   0.0103092009
       -0.0046150150   0.0004719308  -0.0006585763   0.0005294684   0.0006888454
        0.0004666198   0.0009812427  -0.0008241375   0.0021921994  -0.0045545484
        0.0014767497   0.0014365909   0.0007781069   0.0004643312  -0.0005131615
        0.0002817139   0.0000708179   0.0000380680   0.0001322028   0.0003443044
       -0.0003874235   0.0008856948  -0.0257275050  -0.0099354966  -0.0014035902
       -0.0038472550  -0.0026815190   0.0498347751  -0.0001726125  -0.0000277868
       -0.0001090934  -0.0003264500   0.0003189964   0.0000004390   0.0000526186
       -0.0002092748   0.0000824431  -0.0001486458  -0.0001098415   0.0002750601
        0.0000111063  -0.0000575426  -0.0001016486  -0.0004199458  -0.0001557044
       -0.0006791339   0.0000287333   0.0000151146  -0.0000110266  -0.0000567919
        0.0000071452   0.0000217621  -0.0000184518  -0.0000158688   0.0000045648
        0.0002657046  -0.0003426872   0.0004281941   0.0021712141   0.0111281638
        0.0143192158  -0.0507598909  -0.0248750033  -0.0341035086  -0.0019487009
        0.0029790873   0.0001457336   0.0000706313   0.0023013667   0.0007823107
       -0.0001816486  -0.0007879534  -0.0003771819   0.0005840853  -0.0007155354
       -0.0000424253  -0.0000402867   0.0000038582   0.0000388944  -0.0000584648
       -0.0000615077   0.0000997589   0.0002077272   0.0001217108  -0.0001401254
       -0.0001744255  -0.0001251631  -0.0001726125   0.0565185134   0.0258503566
        0.0393285708  -0.0085142425  -0.0190319998  -0.0259664304   0.0017419930
        0.0027163208   0.0050280300  -0.0000925245  -0.0000427766  -0.0000836049
        0.0002160596   0.0007903556   0.0007933615  -0.0000262475   0.0001000834
       -0.0000556361  -0.0000251832   0.0000088667  -0.0000149486   0.0000130207
        0.0000086318  -0.0000027869   0.0000326659  -0.0000261752  -0.0000048093
       -0.0003354244   0.0005101061  -0.0008558554  -0.0011193471  -0.0183033482
       -0.0201040862  -0.0250190662  -0.1224435093  -0.1111856045   0.0034972768
       -0.0043789212  -0.0002821144  -0.0000296414  -0.0004809698  -0.0003531359
       -0.0001986128   0.0007876302   0.0002028684  -0.0003341322   0.0000559598
        0.0001799976  -0.0001587611   0.0000150002  -0.0000683211  -0.0001618185
        0.0003902420  -0.0000334660   0.0003967666  -0.0002959611   0.0008564861
       -0.0000911744  -0.0001953801  -0.0000277868   0.0258503566   0.1427083529
        0.1297913521  -0.0049037546  -0.0069421360  -0.0104057013   0.0024475391
        0.0092685086   0.0130271365   0.0000258950  -0.0000106044   0.0002841496
       -0.0000401914  -0.0009239194  -0.0012547889   0.0002179571   0.0002155071
        0.0002040130   0.0000185135   0.0000281032   0.0000336925  -0.0000135841
       -0.0000087262  -0.0000029006  -0.0000487964   0.0000040657  -0.0000059348
       -0.0003500419   0.0009009069   0.0007543799   0.0016623495  -0.0029287630
       -0.0016365926  -0.0338525983  -0.1111796390  -0.2002423662   0.0007781451
       -0.0008465084   0.0003675213   0.0000754046  -0.0020730285   0.0000504059
       -0.0001952150   0.0015132773   0.0001539754  -0.0002065441   0.0005724850
        0.0000269904  -0.0001872435  -0.0000450497  -0.0000618631  -0.0000706209
        0.0001499428  -0.0000896881  -0.0001111910   0.0002814668   0.0001826173
        0.0000163682  -0.0000689805  -0.0001090934   0.0393285708   0.1297913521
        0.2302616035  -0.0019207055  -0.0016611537  -0.0015893169  -0.0049622407
       -0.0144881581  -0.0284508019  -0.0001357989   0.0000398544   0.0003194895
       -0.0000506939  -0.0002182997  -0.0000235701   0.0001893835   0.0002476746
        0.0000661600   0.0000118827   0.0000062355   0.0000474515  -0.0000014178
       -0.0000132360  -0.0000248343  -0.0000177929   0.0000196210  -0.0000024680
        0.0007327732  -0.0009289847   0.0003844659  -0.0239221013  -0.0025226281
        0.0000192651  -0.2610821287  -0.0718475204   0.0007390935   0.0007504027
       -0.0009548973  -0.0003523649  -0.0024828399   0.0027976438  -0.0000504003
        0.0006733090   0.0007315146  -0.0000333816  -0.0018583411   0.0002912379
       -0.0000139217  -0.0001754912   0.0002776190  -0.0000184864   0.0002731464
       -0.0003272417   0.0001321100  -0.0001787881  -0.0000094812  -0.0000741651
        0.0004789028   0.0006247633  -0.0003264500  -0.0085142425  -0.0049037546
       -0.0019207055   0.3034342308   0.0813578465  -0.0008143393  -0.0086799295
       -0.0048841134   0.0020652690  -0.0001818967  -0.0000063939   0.0000787668
        0.0002760268  -0.0003359430  -0.0001192111   0.0004779661   0.0006451405
        0.0003029518   0.0000475794  -0.0000062979   0.0000151138   0.0000439095
       -0.0000081780  -0.0000127042  -0.0001124876   0.0000096686  -0.0000009059
        0.0006314331   0.0006593179  -0.0004624783   0.0234203879   0.0055137829
       -0.0000668227  -0.0719752127  -0.0654128915   0.0001916848   0.0006606594
        0.0006928562   0.0004477852   0.0022064497  -0.0043808452   0.0001089287
       -0.0007866893   0.0004462741  -0.0000013515   0.0013953490   0.0003629303
       -0.0000070662   0.0004865380  -0.0002135814   0.0000149628  -0.0000936917
        0.0000692240  -0.0000991470  -0.0001356815  -0.0001139097   0.0000120109
        0.0000276188  -0.0003442194   0.0003189964  -0.0190319998  -0.0069421360
       -0.0016611537   0.0813578465   0.0765489069  -0.0003089203  -0.0180187958
       -0.0064612166   0.0017306068  -0.0001304783  -0.0001089672  -0.0000128213
       -0.0000989002   0.0000766309   0.0000947367   0.0000268204  -0.0003825451
       -0.0003020462  -0.0000129591  -0.0000216512  -0.0000003537  -0.0000145895
       -0.0000207170   0.0000032415   0.0000858948   0.0000327572  -0.0000007929
       -0.0007147000   0.0000125619   0.0002238898  -0.0005513613  -0.0001085097
       -0.0001288243   0.0007397080   0.0001851059  -0.0437599547   0.0006983923
       -0.0000364126   0.0002064813  -0.0000166420   0.0001262828   0.0003752949
        0.0000238605  -0.0000228583   0.0000391146  -0.0000285786  -0.0000133926
        0.0000369676  -0.0000109910   0.0000049243   0.0000102605   0.0001294133
       -0.0000355199  -0.0000791583  -0.0001385971  -0.0001058278  -0.0001281841
       -0.0000088460   0.0005278019   0.0000004390  -0.0259664304  -0.0104057013
       -0.0015893169  -0.0008143393  -0.0003089203   0.0468393708   0.0266261083
        0.0105527697  -0.0018740437   0.0001466595   0.0001051679  -0.0001318354
       -0.0001230971   0.0000284773  -0.0000867447   0.0000107838  -0.0005062221
        0.0000419701   0.0000089869  -0.0000029249  -0.0000002433  -0.0000081778
        0.0000043957   0.0000012485  -0.0000021518  -0.0000011981   0.0000032682
       -0.0019649852   0.0029732151  -0.0002718259   0.0023104179   0.0105103297
       -0.0147202811  -0.0511216579  -0.0241990159   0.0360646715   0.0002589280
       -0.0003519788  -0.0004078075   0.0000428610   0.0022899063  -0.0009260297
       -0.0002500109  -0.0007634280   0.0004282841   0.0006173958  -0.0007555274
        0.0000999346  -0.0000441158  -0.0000023736  -0.0000378578   0.0002173517
        0.0007594884  -0.0008288209  -0.0000904404  -0.0000393843   0.0000834998
       -0.0000282955   0.0001010728   0.0000526186   0.0017419930   0.0024475391
       -0.0049622407  -0.0086799295  -0.0180187958   0.0266261083   0.0569932905
        0.0251059225  -0.0414358523   0.0002104694   0.0001257599   0.0001326147
       -0.0000581879  -0.0000614522  -0.0000957136  -0.0001765972  -0.0001172656
        0.0001767317   0.0000099869   0.0000103252  -0.0000011467  -0.0000216206
        0.0000122237   0.0000154791   0.0000331467  -0.0000265611   0.0000076340
        0.0034485018  -0.0043219344   0.0004753086  -0.0013121276  -0.0174044593
        0.0207211558  -0.0243481009  -0.1140026917   0.1077766071  -0.0003178400
        0.0005017608   0.0008614205  -0.0000179513  -0.0003971149   0.0004066657
       -0.0002109766   0.0007347588  -0.0002764467  -0.0003387477   0.0000356908
       -0.0001772503  -0.0001504095   0.0000233210   0.0000621241  -0.0000426763
       -0.0008587628   0.0012886163   0.0000318212  -0.0000227276  -0.0002691460
        0.0002109738   0.0001950188  -0.0002092748   0.0027163208   0.0092685086
       -0.0144881581  -0.0048841134  -0.0064612166   0.0105527697   0.0251059225
        0.1328373594  -0.1259056888   0.0003981608  -0.0003441893  -0.0008348282
       -0.0001585822   0.0003837077   0.0000115259  -0.0000874046  -0.0001877900
        0.0000306918  -0.0000111901  -0.0000063018   0.0000049825   0.0000181958
        0.0000212493  -0.0000344720  -0.0000497764   0.0000058131   0.0000033970
       -0.0009174945   0.0010526535   0.0003153631  -0.0015948219   0.0036308353
       -0.0026708272   0.0357866938   0.1077334183  -0.2084041192   0.0003578267
       -0.0008840861   0.0007556059  -0.0000974615   0.0021285638  -0.0001118622
        0.0002147379  -0.0015571501   0.0002399285   0.0002453396  -0.0005993355
        0.0000869791   0.0001923131   0.0000370472  -0.0000613257   0.0000549172
        0.0002543122  -0.0000882074   0.0001344925  -0.0000260471   0.0003313691
       -0.0001990350  -0.0002508285   0.0000824431   0.0050280300   0.0130271365
       -0.0284508019   0.0020652690   0.0017306068  -0.0018740437  -0.0414358523
       -0.1259056888   0.2398056244   0.0000946333  -0.0002621303   0.0002246978
        0.0000756234  -0.0001675353  -0.0000844502  -0.0000139520   0.0000691123
       -0.0001150135  -0.0000006979   0.0000113949  -0.0000285398  -0.0000108157
       -0.0000014915   0.0000492092   0.0000202542  -0.0000207877  -0.0000020295
        0.0003541087  -0.0004226659  -0.0006610024   0.0007631557   0.0022638511
       -0.0039396369   0.0000467734   0.0000167731   0.0004683241  -0.0516642896
       -0.0213980995   0.0333774344   0.0004796095   0.0000413361  -0.0011811447
       -0.0000401527   0.0001144489   0.0002935341   0.0000556207   0.0000848030
        0.0001925479  -0.0002342450  -0.0000321022  -0.0000854603  -0.0000352064
       -0.0000356208   0.0000470961   0.0002642537   0.0000651630  -0.0002228759
        0.0000841228   0.0000244551  -0.0001486458  -0.0000925245   0.0000258950
       -0.0001357989  -0.0001818967  -0.0001304783   0.0001466595   0.0002104694
        0.0003981608   0.0000946333   0.0556304797   0.0255331217  -0.0382988794
        0.0030273394   0.0127765916  -0.0165125867  -0.0086382865  -0.0192862269
        0.0265114067   0.0000145350   0.0000036967   0.0000382581  -0.0000729885
       -0.0000347552   0.0000052635   0.0000291217  -0.0000083473   0.0000108733
       -0.0002878804  -0.0010244310  -0.0024804422   0.0026085349   0.0078171268
       -0.0127623242  -0.0001556747   0.0007437219  -0.0008591739  -0.0216903435
       -0.1132381245   0.1074570532  -0.0000102590   0.0006816067  -0.0000753778
        0.0003082174   0.0002068088   0.0000663350   0.0003851019  -0.0000825409
       -0.0001559435  -0.0000710283  -0.0000384004   0.0000766015  -0.0001664928
        0.0000185237  -0.0001346303   0.0000767743   0.0004976823  -0.0007692111
        0.0001519119  -0.0000534486  -0.0001098415  -0.0000427766  -0.0000106044
        0.0000398544  -0.0000063939  -0.0001089672   0.0001051679   0.0001257599
       -0.0003441893  -0.0002621303   0.0255331217   0.1293964564  -0.1230218194
       -0.0028212699  -0.0175587951   0.0226996763  -0.0039629277  -0.0069358153
        0.0102074795   0.0000005794  -0.0000039221  -0.0000215531   0.0000296060
        0.0000549722  -0.0000136490  -0.0000045608  -0.0000176599   0.0000139287
       -0.0010900742  -0.0033445668  -0.0051508250   0.0028557194   0.0105996157
       -0.0253911733  -0.0001698903   0.0009485753   0.0007831814   0.0340891467
        0.1076354534  -0.2062702024   0.0003066773   0.0008761194  -0.0008766803
        0.0001803343  -0.0005429634   0.0002265836  -0.0003796067   0.0001026529
        0.0005175166   0.0001232976   0.0000670135  -0.0003097604   0.0001431561
       -0.0003362791   0.0002355004   0.0002245631   0.0006843713  -0.0015008635
       -0.0003050248  -0.0002397861   0.0002750601  -0.0000836049   0.0002841496
        0.0003194895   0.0000787668  -0.0000128213  -0.0001318354   0.0001326147
       -0.0008348282   0.0002246978  -0.0382988794  -0.1230218194   0.2413177916
       -0.0002735509   0.0041443203  -0.0024275817   0.0023904852   0.0030009287
       -0.0019152260   0.0000353577   0.0000331227   0.0000170310  -0.0000130142
       -0.0000332919   0.0000596205   0.0000535265  -0.0000099666  -0.0000023243
        0.0001267677  -0.0001326745  -0.0000469767   0.0016985625  -0.0012285647
        0.0010487479   0.0004549477  -0.0000700926  -0.0000591225  -0.1381076136
        0.1185369510  -0.0025405016   0.0010109793  -0.0002983357  -0.0000948281
       -0.0001180055   0.0001546005  -0.0000327556  -0.0006503041  -0.0006508356
       -0.0004623905  -0.0003529008  -0.0001710086  -0.0000586409   0.0004111817
       -0.0001222160   0.0002201788  -0.0000344791  -0.0001733638  -0.0001358731
       -0.0002927117   0.0001524585   0.0000111063   0.0002160596  -0.0000401914
       -0.0000506939   0.0002760268  -0.0000989002  -0.0001230971  -0.0000581879
       -0.0001585822   0.0000756234   0.0030273394  -0.0028212699  -0.0002735509
        0.1571966003  -0.1375058801   0.0038864902  -0.0248001999   0.0245622817
       -0.0013740014   0.0000418560   0.0000489917   0.0000273888   0.0000077972
       -0.0000202788   0.0000188237  -0.0000537157   0.0000369107  -0.0000359268
       -0.0001774850   0.0007807497   0.0010094011   0.0109338971  -0.0179044611
       -0.0031811182  -0.0006967876  -0.0025819201  -0.0038262606   0.1183364258
       -0.1918330411   0.0054396638   0.0015900786  -0.0025947061  -0.0001038504
        0.0000402162   0.0008110364  -0.0000955532  -0.0011968848   0.0013032651
        0.0006480399  -0.0001830565   0.0000927795  -0.0002811237  -0.0001283801
        0.0004810974  -0.0002498582  -0.0000380239   0.0000374466   0.0003431815
       -0.0000148013  -0.0000784628  -0.0000575426   0.0007903556  -0.0009239194
       -0.0002182997  -0.0003359430   0.0000766309   0.0000284773  -0.0000614522
        0.0003837077  -0.0001675353   0.0127765916  -0.0175587951   0.0041443203
       -0.1375058801   0.2224362473  -0.0036375085  -0.0044114512   0.0069778002
        0.0001357125   0.0001431658   0.0000703320   0.0000900147   0.0000969237
       -0.0000286356  -0.0000047733   0.0000424915   0.0000528484  -0.0000153876
        0.0004051644  -0.0008565401   0.0008144998   0.0140795215  -0.0199180349
       -0.0019513943  -0.0006077883  -0.0032076370  -0.0036525908  -0.0027795407
        0.0056244830  -0.0428431900   0.0007729774  -0.0006256650   0.0008194977
        0.0001612676   0.0004659245  -0.0001073934  -0.0005805687   0.0003000231
       -0.0003108940  -0.0001326657  -0.0000118841  -0.0000062170  -0.0002072027
        0.0001961562  -0.0008553408  -0.0000463932   0.0001422183   0.0002146540
        0.0000489109   0.0000467373  -0.0001016486   0.0007933615  -0.0012547889
       -0.0000235701  -0.0001192111   0.0000947367  -0.0000867447  -0.0000957136
        0.0000115259  -0.0000844502  -0.0165125867   0.0226996763  -0.0024275817
        0.0038864902  -0.0036375085   0.0497455233   0.0007198656  -0.0001971033
        0.0008785301   0.0000850060   0.0000293428  -0.0000036069   0.0001314348
        0.0000840652  -0.0000381680  -0.0000023291   0.0000142723   0.0000200854
        0.0005812328   0.0004484723   0.0006303930  -0.0080942968  -0.0048776208
       -0.0037243387   0.0007446240   0.0006426688   0.0006757967  -0.2586138278
       -0.0725352823   0.0005952928  -0.0000782928  -0.0007852165  -0.0015638291
       -0.0003547420  -0.0006201859   0.0000426055  -0.0002639181  -0.0001160752
       -0.0003576312   0.0002413964  -0.0000191396   0.0001335992  -0.0002956256
       -0.0000160757  -0.0000508289   0.0000834488   0.0001652160   0.0002985344
        0.0005065473   0.0001191433  -0.0004199458  -0.0000262475   0.0002179571
        0.0001893835   0.0004779661   0.0000268204   0.0000107838  -0.0001765972
       -0.0000874046  -0.0000139520  -0.0086382865  -0.0039629277   0.0023904852
       -0.0248001999  -0.0044114512   0.0007198656   0.2986643726   0.0858214616
        0.0004614538  -0.0000079646  -0.0000426854  -0.0000268810   0.0000284521
        0.0000237123  -0.0000086681   0.0000219588   0.0000086130   0.0000178810
        0.0005337485   0.0005440796   0.0009071537  -0.0184043690  -0.0082811300
       -0.0045276666  -0.0008099064   0.0004801359   0.0001609286  -0.0730428785
       -0.0679610357   0.0014663343   0.0008546112  -0.0015061173  -0.0034726366
       -0.0010160798  -0.0009354965   0.0006907314  -0.0002703996   0.0004281663
        0.0003056306   0.0000385910   0.0000459724   0.0001797914   0.0001520642
       -0.0000774868  -0.0000476901   0.0000314936  -0.0000374699   0.0002547141
        0.0001385018   0.0003786653  -0.0001557044   0.0001000834   0.0002155071
        0.0002476746   0.0006451405  -0.0003825451  -0.0005062221  -0.0001172656
       -0.0001877900   0.0000691123  -0.0192862269  -0.0069358153   0.0030009287
        0.0245622817   0.0069778002  -0.0001971033   0.0858214616   0.0772058362
        0.0016087630   0.0000802721   0.0000135151   0.0000230989   0.0000012136
       -0.0000113492   0.0000015271  -0.0000123375   0.0000265578  -0.0000093655
       -0.0007099693  -0.0004464718   0.0009645025  -0.0241508349  -0.0102896772
       -0.0040825023  -0.0004311823   0.0006667977   0.0004911771  -0.0001867806
        0.0010432043  -0.0423379824   0.0008363531  -0.0023325757  -0.0043435664
       -0.0013972691  -0.0013160522   0.0008772716  -0.0004925299   0.0005368899
        0.0002124980  -0.0000760080  -0.0000293322   0.0001403648  -0.0000204185
        0.0000578743  -0.0001034314   0.0001468396   0.0001244318   0.0002621973
        0.0004191052   0.0001080610  -0.0006791339  -0.0000556361   0.0002040130
        0.0000661600   0.0003029518  -0.0003020462   0.0000419701   0.0001767317
        0.0000306918  -0.0001150135   0.0265114067   0.0102074795  -0.0019152260
       -0.0013740014   0.0001357125   0.0008785301   0.0004614538   0.0016087630
        0.0496242418   0.0000553489  -0.0000055951   0.0000207660  -0.0000367890
       -0.0000148656  -0.0000071464   0.0000212286   0.0000126973   0.0000043229
       -0.0001591452  -0.0001123403   0.0000607964   0.0000775025  -0.0001648668
        0.0008207672   0.0000622673   0.0000262377   0.0000211806  -0.0000380416
        0.0000618985  -0.0000095407   0.0002631794  -0.0037657373  -0.0012220309
        0.0011153012   0.0010076095   0.0002045640  -0.0270274143  -0.0231678480
       -0.0267573153  -0.0458051415  -0.0215772317  -0.0307885928   0.0000154587
        0.0001054138  -0.0001323775  -0.0000700722   0.0000229695   0.0000072117
        0.0000272020   0.0000093223   0.0000287333  -0.0000251832   0.0000185135
        0.0000118827   0.0000475794  -0.0000129591   0.0000089869   0.0000099869
       -0.0000111901  -0.0000006979   0.0000145350   0.0000005794   0.0000353577
        0.0000418560   0.0001431658   0.0000850060  -0.0000079646   0.0000802721
        0.0000553489   0.0653657738   0.0357065263   0.0429534955   0.0026701735
        0.0029570199   0.0033455425   0.0034221470   0.0086726452   0.0112716818
        0.0000138159   0.0000091952  -0.0000057315   0.0000514232  -0.0002700894
       -0.0001358037   0.0000629989  -0.0000045946   0.0000164288  -0.0000483080
       -0.0000302996   0.0000107623   0.0013477956   0.0019689334   0.0005478326
       -0.0006191534  -0.0001525442  -0.0004072765  -0.0131042120  -0.0070404505
       -0.0061510746  -0.0234364020  -0.1218160476  -0.1061636397  -0.0000122089
       -0.0000276727  -0.0000891321  -0.0000410107   0.0000589481   0.0000405209
        0.0000227145  -0.0000053752   0.0000151146   0.0000088667   0.0000281032
        0.0000062355  -0.0000062979  -0.0000216512  -0.0000029249   0.0000103252
       -0.0000063018   0.0000113949   0.0000036967  -0.0000039221   0.0000331227
        0.0000489917   0.0000703320   0.0000293428  -0.0000426854   0.0000135151
       -0.0000055951   0.0357065263   0.1383949960   0.1243328690   0.0023712824
        0.0078652139   0.0110769375  -0.0023381588  -0.0190302881  -0.0231593836
        0.0000421662   0.0000233866  -0.0000252968   0.0001935286  -0.0000649574
       -0.0000379174   0.0000717424  -0.0000133023  -0.0000007202   0.0000222197
       -0.0000018664   0.0000161148   0.0001435279  -0.0027974363   0.0008530673
        0.0011307824   0.0012365929  -0.0004305403  -0.0083307638  -0.0009178125
        0.0023010383  -0.0338272029  -0.1058628588  -0.1871820897  -0.0000143115
        0.0000095373  -0.0000336125  -0.0000012357   0.0000121814   0.0000516526
        0.0000063090   0.0000005530  -0.0000110266  -0.0000149486   0.0000336925
        0.0000474515   0.0000151138  -0.0000003537  -0.0000002433  -0.0000011467
        0.0000049825  -0.0000285398   0.0000382581  -0.0000215531   0.0000170310
        0.0000273888   0.0000900147  -0.0000036069  -0.0000268810   0.0000230989
        0.0000207660   0.0429534955   0.1243328690   0.2124789640  -0.0032262112
       -0.0155566199  -0.0284244140   0.0007981690  -0.0005301484   0.0003919219
       -0.0000533679   0.0000578248   0.0000022876   0.0000520058  -0.0002261792
       -0.0008355404   0.0000606885   0.0000217061  -0.0000242299  -0.0001686598
       -0.0001160480  -0.0000517603   0.0002275687  -0.0036343411   0.0015578314
        0.0011617717   0.0009589654  -0.0002315742  -0.0275264403  -0.0197647658
        0.0290445937  -0.0467558571  -0.0187340713   0.0355076320   0.0000407818
        0.0001433223  -0.0000866183   0.0000176587  -0.0000021491  -0.0000397900
       -0.0000124523   0.0000772249  -0.0000567919   0.0000130207  -0.0000135841
       -0.0000014178   0.0000439095  -0.0000145895  -0.0000081778  -0.0000216206
        0.0000181958  -0.0000108157  -0.0000729885   0.0000296060  -0.0000130142
        0.0000077972   0.0000969237   0.0001314348   0.0000284521   0.0000012136
       -0.0000367890   0.0026701735   0.0023712824  -0.0032262112   0.0666904609
        0.0315307347  -0.0494252455   0.0035970975   0.0071987283  -0.0121958033
       -0.0000554882  -0.0000272472  -0.0000086911   0.0000324151  -0.0002427033
        0.0001252027   0.0000532829  -0.0000047580  -0.0000189027   0.0000042165
        0.0000153888   0.0000005517   0.0013085544   0.0020913266  -0.0006442955
       -0.0008105294  -0.0001880622   0.0004446846  -0.0121275204  -0.0058140762
        0.0068591306  -0.0201514544  -0.0968059920   0.0945832652   0.0000474670
        0.0000611887  -0.0000246778   0.0000019208  -0.0000079936  -0.0000321517
       -0.0000394573   0.0000115371   0.0000071452   0.0000086318  -0.0000087262
       -0.0000132360  -0.0000081780  -0.0000207170   0.0000043957   0.0000122237
        0.0000212493  -0.0000014915  -0.0000347552   0.0000549722  -0.0000332919
       -0.0000202788  -0.0000286356   0.0000840652   0.0000237123  -0.0000113492
       -0.0000148656   0.0029570199   0.0078652139  -0.0155566199   0.0315307347
        0.1089227820  -0.1109794187  -0.0027325174  -0.0158833979   0.0252192013
       -0.0000139331   0.0000036667   0.0000150808  -0.0001861772   0.0000930205
       -0.0000686183  -0.0000769562   0.0000139907  -0.0000017858  -0.0000362168
       -0.0000263289  -0.0000263942  -0.0002982973   0.0025937286   0.0006061791
       -0.0010754205  -0.0011532447  -0.0003046177   0.0095445655   0.0015680745
        0.0019114142   0.0386556683   0.0942586367  -0.2111328286  -0.0000299420
       -0.0000979838   0.0000012161  -0.0000427071   0.0000231276   0.0000253404
        0.0000326047  -0.0000207190   0.0000217621  -0.0000027869  -0.0000029006
       -0.0000248343  -0.0000127042   0.0000032415   0.0000012485   0.0000154791
       -0.0000344720   0.0000492092   0.0000052635  -0.0000136490   0.0000596205
        0.0000188237  -0.0000047733  -0.0000381680  -0.0000086681   0.0000015271
       -0.0000071464   0.0033455425   0.0110769375  -0.0284244140  -0.0494252455
       -0.1109794187   0.2403907614  -0.0004088923   0.0026975388  -0.0030530249
        0.0000111648   0.0000365955  -0.0000162417  -0.0007589776   0.0013826732
       -0.0000197815  -0.0004820752  -0.0001705161   0.0000055817   0.0000134418
        0.0000372279   0.0000173482  -0.0077402550  -0.0014782558  -0.0001080261
        0.0015022510  -0.0012595199   0.0000523422  -0.0285238842   0.0272541762
       -0.0017339658  -0.0936425324   0.1002643038  -0.0065561536  -0.0000620720
        0.0000390681  -0.0000045595   0.0000275595  -0.0000039375  -0.0000517079
        0.0000247282  -0.0000167175  -0.0000184518   0.0000326659  -0.0000487964
       -0.0000177929  -0.0001124876   0.0000858948  -0.0000021518   0.0000331467
       -0.0000497764   0.0000202542   0.0000291217  -0.0000045608   0.0000535265
       -0.0000537157   0.0000424915  -0.0000023291   0.0000219588  -0.0000123375
        0.0000212286   0.0034221470  -0.0023381588   0.0007981690   0.0035970975
       -0.0027325174  -0.0004088923   0.1226607169  -0.1210273370   0.0079716040
        0.0000159853  -0.0000042065  -0.0000062121  -0.0003144067   0.0002551184
        0.0000092037  -0.0000813926   0.0000185703  -0.0000008780   0.0000168249
       -0.0000025420   0.0000055508  -0.0012342300  -0.0021552392   0.0001413471
        0.0011781875   0.0013998828  -0.0000576844  -0.0007941458   0.0070299841
       -0.0004345602   0.1063361550  -0.2299517827   0.0122971381   0.0000390117
        0.0000589447  -0.0000132565  -0.0000055821  -0.0000212087   0.0000058770
        0.0000054478   0.0000251926  -0.0000158688  -0.0000261752   0.0000040657
        0.0000196210   0.0000096686   0.0000327572  -0.0000011981  -0.0000265611
        0.0000058131  -0.0000207877  -0.0000083473  -0.0000176599  -0.0000099666
        0.0000369107   0.0000528484   0.0000142723   0.0000086130   0.0000265578
        0.0000126973   0.0086726452  -0.0190302881  -0.0005301484   0.0071987283
       -0.0158833979   0.0026975388  -0.1210273370   0.2581565898  -0.0141126852
       -0.0000104391  -0.0000319337  -0.0000049254   0.0000155185   0.0000003172
        0.0001682517   0.0000011413  -0.0000018943  -0.0000257748   0.0000049828
        0.0000354156  -0.0000082998   0.0000694233   0.0000660633   0.0005490107
       -0.0000009015  -0.0000760699   0.0000979375  -0.0001976159  -0.0002221868
        0.0007639618  -0.0069290004   0.0122942324  -0.0445464749   0.0000290507
        0.0000150690   0.0000278452  -0.0000056312  -0.0000174249  -0.0000056986
       -0.0000187574   0.0000054346   0.0000045648  -0.0000048093  -0.0000059348
       -0.0000024680  -0.0000009059  -0.0000007929   0.0000032682   0.0000076340
        0.0000033970  -0.0000020295   0.0000108733   0.0000139287  -0.0000023243
       -0.0000359268  -0.0000153876   0.0000200854   0.0000178810  -0.0000093655
        0.0000043229   0.0112716818  -0.0231593836   0.0003919219  -0.0121958033
        0.0252192013  -0.0030530249   0.0079716040  -0.0141126852   0.0456198501
