$hessian                                                                        
        0.0000800465   0.0000005810  -0.0000011677  -0.0000042706   0.0000005118
       -0.0000008512  -0.0000034166   0.0000011597  -0.0000018454  -0.0000034201
        0.0000007621  -0.0000011841  -0.0000039045  -0.0000004940   0.0000008554
       -0.0000029963  -0.0000007370   0.0000013214  -0.0000047166  -0.0000010966
        0.0000018048  -0.0000044450  -0.0000020505   0.0000034181  -0.0000069393
        0.0000001146  -0.0000004572  -0.0000069346   0.0000003837  -0.0000009067
       -0.0000066015   0.0000013042  -0.0000023835  -0.0000040043   0.0000009786
       -0.0000016006  -0.0000036390   0.0000018829  -0.0000030680  -0.0000019726
        0.0000010928  -0.0000015936  -0.0000019644   0.0000006998  -0.0000009431
       -0.0000040182   0.0000002943  -0.0000004659  -0.0000036538   0.0000014841
       -0.0000024018  -0.0000048121  -0.0000022472   0.0000037150  -0.0000030343
       -0.0000021828   0.0000037534  -0.0000053025  -0.0000024415   0.0000040008
        0.0000005810   0.0000781681  -0.0000019296  -0.0000000507  -0.0000049703
        0.0000000950  -0.0000011016  -0.0000057555   0.0000029429   0.0000007650
       -0.0000021804  -0.0000019838  -0.0000004708  -0.0000036385   0.0000013035
       -0.0000014657  -0.0000031198   0.0000038659   0.0000004339  -0.0000030778
       -0.0000008915   0.0000001442  -0.0000017629  -0.0000000514   0.0000012647
       -0.0000076967  -0.0000039662   0.0000000634  -0.0000102006  -0.0000004764
        0.0000008552  -0.0000090991  -0.0000028141  -0.0000016825  -0.0000076866
        0.0000044228  -0.0000008256  -0.0000066615   0.0000021326  -0.0000016016
       -0.0000034929   0.0000044037   0.0000003526   0.0000001202  -0.0000005824
        0.0000014698  -0.0000016286  -0.0000039873   0.0000010533  -0.0000029966
       -0.0000029201  -0.0000005724  -0.0000032999   0.0000016573  -0.0000001752
        0.0000006915   0.0000008869   0.0000009629  -0.0000017120  -0.0000021078
       -0.0000011677  -0.0000019296   0.0000799736   0.0000000043  -0.0000000066
       -0.0000049101   0.0000000046  -0.0000000015  -0.0000039255   0.0000011633
        0.0000018928  -0.0000064341   0.0000000257   0.0000000494  -0.0000028521
        0.0000001083   0.0000002035  -0.0000008652  -0.0000000441  -0.0000000829
       -0.0000035285  -0.0000000176  -0.0000000082  -0.0000017555  -0.0000011957
       -0.0000019575  -0.0000070972  -0.0000019749  -0.0000032961  -0.0000053108
       -0.0000012060  -0.0000019576  -0.0000078675  -0.0000008087  -0.0000013275
       -0.0000028287   0.0000000065  -0.0000000097  -0.0000053671   0.0000008074
        0.0000013359  -0.0000028332   0.0000020102   0.0000032597  -0.0000053880
        0.0000011562   0.0000018886  -0.0000071177   0.0000011689   0.0000019254
       -0.0000079316  -0.0000007383  -0.0000011243  -0.0000004464   0.0000008753
        0.0000014347  -0.0000009138  -0.0000001777  -0.0000002885  -0.0000026005
       -0.0000042706  -0.0000000507   0.0000000043   0.0000820447  -0.0000000407
        0.0000000021  -0.0000043930  -0.0000000951   0.0000000018  -0.0000042739
       -0.0000000563   0.0000000049  -0.0000043501   0.0000000420   0.0000000029
       -0.0000044163   0.0000000642   0.0000000225  -0.0000042928   0.0000000893
       -0.0000000184  -0.0000043130   0.0000001635  -0.0000000142  -0.0000042144
       -0.0000000061   0.0000000064  -0.0000043099  -0.0000000356   0.0000000014
       -0.0000042466  -0.0000001174   0.0000000042  -0.0000044283  -0.0000000859
        0.0000000013  -0.0000043738  -0.0000001541   0.0000000009  -0.0000044271
       -0.0000000852   0.0000000021  -0.0000043131  -0.0000000467   0.0000000046
       -0.0000042203  -0.0000000131   0.0000000043  -0.0000042504  -0.0000001204
        0.0000000089  -0.0000043523   0.0000001662  -0.0000000057  -0.0000043364
        0.0000001903  -0.0000000087  -0.0000042626   0.0000001918  -0.0000000256
        0.0000005118  -0.0000049703  -0.0000000066  -0.0000000407   0.0000815544
       -0.0000000013  -0.0000008438  -0.0000054265   0.0000000068   0.0000005224
       -0.0000049619  -0.0000000082  -0.0000003606  -0.0000038509  -0.0000000131
       -0.0000011212  -0.0000036223  -0.0000000730   0.0000003236  -0.0000032730
        0.0000000434   0.0000000993  -0.0000023435   0.0000000218   0.0000010619
       -0.0000045467  -0.0000000182   0.0000001366  -0.0000048599   0.0000000007
        0.0000007354  -0.0000056306   0.0000000006  -0.0000012471  -0.0000053082
        0.0000000073  -0.0000006316  -0.0000061175   0.0000000163  -0.0000012583
       -0.0000053025   0.0000000049   0.0000001457  -0.0000048452  -0.0000000080
        0.0000010777  -0.0000045310  -0.0000000117   0.0000007519  -0.0000056284
       -0.0000000130  -0.0000003994  -0.0000021672  -0.0000000041  -0.0000001824
       -0.0000021970   0.0000000036   0.0000007188  -0.0000019720   0.0000000516
       -0.0000008512   0.0000000950  -0.0000049101   0.0000000021  -0.0000000013
        0.0000815451   0.0000000047  -0.0000000035  -0.0000055428   0.0000008485
       -0.0000000967  -0.0000049160   0.0000000199  -0.0000000007  -0.0000038798
        0.0000000841  -0.0000000049  -0.0000037289  -0.0000000392   0.0000000050
       -0.0000032186  -0.0000000208   0.0000000058  -0.0000023119  -0.0000008558
        0.0000000972  -0.0000043961  -0.0000014549   0.0000001631  -0.0000048284
       -0.0000008719   0.0000000954  -0.0000055788  -0.0000005904   0.0000000637
       -0.0000054708   0.0000000067  -0.0000000056  -0.0000062208   0.0000005996
       -0.0000000704  -0.0000054659   0.0000014576  -0.0000001652  -0.0000048424
        0.0000008526  -0.0000000958  -0.0000043990   0.0000008580  -0.0000000991
       -0.0000055834  -0.0000005400   0.0000000654  -0.0000022178   0.0000006392
       -0.0000000674  -0.0000021624  -0.0000001488   0.0000000198  -0.0000018712
       -0.0000034166  -0.0000011016   0.0000000046  -0.0000043930  -0.0000008438
        0.0000000047   0.0000805692  -0.0000019198   0.0000000083  -0.0000033985
       -0.0000011155   0.0000000067  -0.0000049465   0.0000008250   0.0000000206
       -0.0000062646   0.0000012416   0.0000001122  -0.0000037776   0.0000018099
       -0.0000000688  -0.0000041738   0.0000033807  -0.0000000399  -0.0000023924
       -0.0000003121   0.0000000080  -0.0000041288  -0.0000008707   0.0000000008
       -0.0000030005  -0.0000023223  -0.0000000050  -0.0000065145  -0.0000017268
        0.0000000134  -0.0000054238  -0.0000031161  -0.0000000045  -0.0000064939
       -0.0000017052   0.0000000152  -0.0000040903  -0.0000009066   0.0000000121
       -0.0000023888  -0.0000003265  -0.0000000004  -0.0000029769  -0.0000023232
        0.0000000134  -0.0000050274   0.0000035894   0.0000000027  -0.0000046344
        0.0000037447  -0.0000000140  -0.0000031266   0.0000039990  -0.0000000901
        0.0000011597  -0.0000057555  -0.0000000015  -0.0000000951  -0.0000054265
       -0.0000000035  -0.0000019198   0.0000795429  -0.0000000123   0.0000011990
       -0.0000057864   0.0000000014  -0.0000008181  -0.0000032490  -0.0000000001
       -0.0000025400  -0.0000027096  -0.0000000019   0.0000007182  -0.0000019621
        0.0000000054   0.0000002049   0.0000001121   0.0000000121   0.0000024547
       -0.0000047541   0.0000000022   0.0000002598  -0.0000054679  -0.0000000064
        0.0000016874  -0.0000073057   0.0000000001  -0.0000028497  -0.0000065561
       -0.0000000143  -0.0000014346  -0.0000083870  -0.0000000150  -0.0000028346
       -0.0000065540  -0.0000000141   0.0000003239  -0.0000055284  -0.0000000005
        0.0000024889  -0.0000047798   0.0000000055   0.0000017359  -0.0000073317
        0.0000000026  -0.0000009194   0.0000004511   0.0000000157  -0.0000004072
        0.0000005171   0.0000000065   0.0000015861   0.0000009306   0.0000000180
       -0.0000018454   0.0000029429  -0.0000039255   0.0000000018   0.0000000068
       -0.0000055428   0.0000000083  -0.0000000123   0.0000766418   0.0000018478
       -0.0000028939  -0.0000038944   0.0000000445  -0.0000000642  -0.0000045007
        0.0000001903  -0.0000002797  -0.0000064826  -0.0000001025   0.0000001292
       -0.0000010129  -0.0000000665   0.0000000238   0.0000002723  -0.0000018091
        0.0000030028  -0.0000009365  -0.0000032003   0.0000050350  -0.0000050388
       -0.0000018699   0.0000029623  -0.0000046462  -0.0000012931   0.0000020100
       -0.0000108907   0.0000000155  -0.0000000099  -0.0000105277   0.0000013235
       -0.0000020512  -0.0000108634   0.0000031462  -0.0000049768  -0.0000049855
        0.0000018857  -0.0000028742  -0.0000009258   0.0000018843  -0.0000029603
       -0.0000045690  -0.0000011805   0.0000017170  -0.0000010646   0.0000013906
       -0.0000021522  -0.0000002323  -0.0000003713   0.0000004449   0.0000031253
       -0.0000034201   0.0000007650   0.0000011633  -0.0000042739   0.0000005224
        0.0000008485  -0.0000033985   0.0000011990   0.0000018478   0.0000800104
        0.0000006111   0.0000011761  -0.0000039598  -0.0000005228  -0.0000008927
       -0.0000032483  -0.0000007957  -0.0000015104  -0.0000045809  -0.0000011276
       -0.0000017015  -0.0000043632  -0.0000020959  -0.0000033711  -0.0000040751
        0.0000002515   0.0000004382  -0.0000019145   0.0000006680   0.0000009105
       -0.0000036551   0.0000015576   0.0000024007  -0.0000019218   0.0000011435
        0.0000015961  -0.0000036376   0.0000019458   0.0000030977  -0.0000039970
        0.0000010042   0.0000015854  -0.0000069601   0.0000004164   0.0000009275
       -0.0000070098   0.0000001018   0.0000004611  -0.0000066452   0.0000013842
        0.0000023880  -0.0000029427  -0.0000021376  -0.0000037380  -0.0000052207
       -0.0000024307  -0.0000037508  -0.0000047862  -0.0000024604  -0.0000038763
        0.0000007621  -0.0000021804   0.0000018928  -0.0000000563  -0.0000049619
       -0.0000000967  -0.0000011155  -0.0000057864  -0.0000028939   0.0000006111
        0.0000782560   0.0000019400  -0.0000004756  -0.0000037706  -0.0000013127
       -0.0000014769  -0.0000036937  -0.0000039658   0.0000004125  -0.0000028101
        0.0000009723   0.0000001109  -0.0000016956   0.0000000974   0.0000015351
       -0.0000015668   0.0000038835   0.0000002842   0.0000000952   0.0000004758
        0.0000010772  -0.0000030260   0.0000027756  -0.0000015981  -0.0000035711
       -0.0000043541  -0.0000008332  -0.0000066918  -0.0000020752  -0.0000016974
       -0.0000077000  -0.0000043405   0.0000000308  -0.0000100782   0.0000005566
        0.0000013723  -0.0000075277   0.0000039143   0.0000009272  -0.0000090538
        0.0000028505  -0.0000004843   0.0000002619  -0.0000016482  -0.0000002991
       -0.0000037239  -0.0000008611   0.0000009130  -0.0000007754   0.0000021894
       -0.0000011841  -0.0000019838  -0.0000064341   0.0000000049  -0.0000000082
       -0.0000049160   0.0000000067   0.0000000014  -0.0000038944   0.0000011761
        0.0000019400   0.0000798865   0.0000000273   0.0000000449  -0.0000028274
        0.0000001144   0.0000001848  -0.0000008170  -0.0000000442  -0.0000000749
       -0.0000035087  -0.0000000150   0.0000000004  -0.0000017186  -0.0000012215
       -0.0000020230  -0.0000071634  -0.0000019934  -0.0000033887  -0.0000053184
       -0.0000012274  -0.0000020003  -0.0000079372  -0.0000008144  -0.0000013570
       -0.0000027718   0.0000000071  -0.0000000039  -0.0000053566   0.0000008167
        0.0000013727  -0.0000027786   0.0000020389   0.0000033412  -0.0000054102
        0.0000011627   0.0000019289  -0.0000071873   0.0000011787   0.0000019797
       -0.0000080110  -0.0000007447  -0.0000011389  -0.0000003972   0.0000008864
        0.0000014614  -0.0000008581  -0.0000001753  -0.0000002767  -0.0000025805
       -0.0000039045  -0.0000004708   0.0000000257  -0.0000043501  -0.0000003606
        0.0000000199  -0.0000049465  -0.0000008181   0.0000000445  -0.0000039598
       -0.0000004756   0.0000000273   0.0000817788   0.0000003503  -0.0000000127
       -0.0000051606   0.0000005258   0.0000000025  -0.0000040798   0.0000007714
       -0.0000000590  -0.0000042514   0.0000014433  -0.0000000869  -0.0000034754
       -0.0000001378   0.0000000121  -0.0000041806  -0.0000003756   0.0000000174
       -0.0000037266  -0.0000009849   0.0000000504  -0.0000052283  -0.0000007349
        0.0000000405  -0.0000047861  -0.0000013278   0.0000000678  -0.0000052670
       -0.0000007268   0.0000000430  -0.0000042745  -0.0000003879   0.0000000232
       -0.0000035342  -0.0000001420   0.0000000100  -0.0000037821  -0.0000009862
        0.0000000561  -0.0000045990   0.0000015395  -0.0000000811  -0.0000044778
        0.0000015902  -0.0000000854  -0.0000037945   0.0000017086  -0.0000001153
       -0.0000004940  -0.0000036385   0.0000000494   0.0000000420  -0.0000038509
       -0.0000000007   0.0000008250  -0.0000032490  -0.0000000642  -0.0000005228
       -0.0000037706   0.0000000449   0.0000003503   0.0000815833  -0.0000000526
        0.0000010854  -0.0000050366  -0.0000001964  -0.0000002995  -0.0000053132
        0.0000000732  -0.0000000771  -0.0000061883   0.0000000158  -0.0000010727
       -0.0000040870   0.0000000912  -0.0000000832  -0.0000037201   0.0000000226
       -0.0000007293  -0.0000029455   0.0000000799   0.0000012325  -0.0000033046
       -0.0000001039   0.0000006154  -0.0000025814  -0.0000000270   0.0000012026
       -0.0000034188  -0.0000001066  -0.0000001396  -0.0000039392   0.0000000069
       -0.0000010908  -0.0000042162   0.0000000951  -0.0000007603  -0.0000030930
        0.0000000634   0.0000004035  -0.0000062533  -0.0000000699   0.0000001686
       -0.0000064650  -0.0000000254  -0.0000006559  -0.0000065121   0.0000001045
        0.0000008554   0.0000013035  -0.0000028521   0.0000000029  -0.0000000131
       -0.0000038798   0.0000000206  -0.0000000001  -0.0000045007  -0.0000008927
       -0.0000013127  -0.0000028274  -0.0000000127  -0.0000000526   0.0000809326
       -0.0000000679  -0.0000001757  -0.0000071060   0.0000000569   0.0000000501
       -0.0000047468   0.0000000499   0.0000000577  -0.0000061387   0.0000007779
        0.0000012474  -0.0000024361   0.0000015482   0.0000021970  -0.0000035924
        0.0000008418   0.0000014281  -0.0000017404   0.0000006555   0.0000009379
       -0.0000052766   0.0000000088   0.0000000024  -0.0000034055  -0.0000006128
       -0.0000009290  -0.0000052835  -0.0000014728  -0.0000022716  -0.0000035692
       -0.0000009539  -0.0000013687  -0.0000023896  -0.0000009311  -0.0000012607
       -0.0000017523   0.0000005777   0.0000009732  -0.0000071752  -0.0000006555
       -0.0000010946  -0.0000068251   0.0000002037   0.0000002817  -0.0000054353
       -0.0000029963  -0.0000014657   0.0000001083  -0.0000044163  -0.0000011212
        0.0000000841  -0.0000062646  -0.0000025400   0.0000001903  -0.0000032483
       -0.0000014769   0.0000001144  -0.0000051606   0.0000010854  -0.0000000679
        0.0000794150   0.0000016270  -0.0000000580  -0.0000035644   0.0000023959
       -0.0000002149  -0.0000041027   0.0000044871  -0.0000003546  -0.0000016751
       -0.0000004398   0.0000000469  -0.0000038150  -0.0000011748   0.0000000743
       -0.0000024454  -0.0000030520   0.0000002224  -0.0000071092  -0.0000022798
        0.0000001702  -0.0000057652  -0.0000041225   0.0000003000  -0.0000072911
       -0.0000022566   0.0000001805  -0.0000042486  -0.0000012050   0.0000000934
       -0.0000019340  -0.0000004473   0.0000000429  -0.0000027014  -0.0000030552
        0.0000002356  -0.0000051653   0.0000047984  -0.0000003556  -0.0000048430
        0.0000049281  -0.0000003636  -0.0000026687   0.0000053148  -0.0000004486
       -0.0000007370  -0.0000031198   0.0000002035   0.0000000642  -0.0000036223
       -0.0000000049   0.0000012416  -0.0000027096  -0.0000002797  -0.0000007957
       -0.0000036937   0.0000001848   0.0000005258  -0.0000050366  -0.0000001757
        0.0000016270   0.0000808835  -0.0000006225  -0.0000004425  -0.0000057677
        0.0000002167  -0.0000001070  -0.0000070903   0.0000000396  -0.0000016259
       -0.0000038174   0.0000004004  -0.0000000971  -0.0000031127   0.0000000886
       -0.0000010981  -0.0000020464   0.0000002963   0.0000018631  -0.0000026551
       -0.0000004364   0.0000009254  -0.0000017009  -0.0000001592   0.0000017951
       -0.0000030999  -0.0000004429  -0.0000002151  -0.0000040860   0.0000000355
       -0.0000016614  -0.0000043786   0.0000003978  -0.0000011589  -0.0000026668
        0.0000002550   0.0000006151  -0.0000070623  -0.0000002534   0.0000002467
       -0.0000077016  -0.0000000781  -0.0000009652  -0.0000075160   0.0000003346
        0.0000013214   0.0000038659  -0.0000008652   0.0000000225  -0.0000000730
       -0.0000037289   0.0000001122  -0.0000000019  -0.0000064826  -0.0000015104
       -0.0000039658  -0.0000008170   0.0000000025  -0.0000001964  -0.0000071060
       -0.0000000580  -0.0000006225   0.0000740707   0.0000001566   0.0000001595
       -0.0000037208   0.0000001850   0.0000002816  -0.0000067484   0.0000009064
        0.0000035570   0.0000009762   0.0000026992   0.0000064680  -0.0000028704
        0.0000011757   0.0000044320   0.0000015410   0.0000012172   0.0000028619
       -0.0000086638   0.0000000605   0.0000000026  -0.0000041137  -0.0000009993
       -0.0000028072  -0.0000086963  -0.0000022876  -0.0000068781  -0.0000028984
       -0.0000018072  -0.0000042410   0.0000011570  -0.0000016730  -0.0000036789
        0.0000013887   0.0000010102   0.0000032863  -0.0000098836  -0.0000010577
       -0.0000034746  -0.0000087028   0.0000005240   0.0000010245  -0.0000038355
       -0.0000047166   0.0000004339  -0.0000000441  -0.0000042928   0.0000003236
       -0.0000000392  -0.0000037776   0.0000007182  -0.0000001025  -0.0000045809
        0.0000004125  -0.0000000442  -0.0000040798  -0.0000002995   0.0000000569
       -0.0000035644  -0.0000004425   0.0000001566   0.0000818198  -0.0000006784
        0.0000000309  -0.0000043953  -0.0000012899   0.0000001378  -0.0000050541
        0.0000001724   0.0000000031  -0.0000045402   0.0000003744  -0.0000000381
       -0.0000048589   0.0000008444  -0.0000001130  -0.0000035699   0.0000006420
       -0.0000000920  -0.0000039167   0.0000011663  -0.0000001736  -0.0000034534
        0.0000006346  -0.0000000936  -0.0000042947   0.0000003350  -0.0000000325
       -0.0000049286   0.0000001432  -0.0000000057  -0.0000047223   0.0000008325
       -0.0000000963  -0.0000041053  -0.0000014232   0.0000001846  -0.0000041465
       -0.0000013629   0.0000001730  -0.0000048218  -0.0000015364   0.0000001318
       -0.0000010966  -0.0000030778  -0.0000000829   0.0000000893  -0.0000032730
        0.0000000050   0.0000018099  -0.0000019621   0.0000001292  -0.0000011276
       -0.0000028101  -0.0000000749   0.0000007714  -0.0000053132   0.0000000501
        0.0000023959  -0.0000057677   0.0000001595  -0.0000006784   0.0000797907
       -0.0000000497  -0.0000001931  -0.0000085129  -0.0000000104  -0.0000023177
       -0.0000040110  -0.0000001800  -0.0000002521  -0.0000034395  -0.0000000331
       -0.0000015922  -0.0000016261  -0.0000001018   0.0000026849  -0.0000022990
        0.0000001907   0.0000013523  -0.0000004964   0.0000000986   0.0000026749
       -0.0000021317   0.0000001911  -0.0000003012  -0.0000029688  -0.0000000167
       -0.0000023440  -0.0000037536  -0.0000001690  -0.0000016322  -0.0000013495
       -0.0000000987   0.0000008683  -0.0000088869   0.0000000801   0.0000003845
       -0.0000087864   0.0000000108  -0.0000014964  -0.0000093252  -0.0000000979
        0.0000018048  -0.0000008915  -0.0000035285  -0.0000000184   0.0000000434
       -0.0000032186  -0.0000000688   0.0000000054  -0.0000010129  -0.0000017015
        0.0000009723  -0.0000035087  -0.0000000590   0.0000000732  -0.0000047468
       -0.0000002149   0.0000002167  -0.0000037208   0.0000000309  -0.0000000497
        0.0000790193  -0.0000000390  -0.0000001531  -0.0000087920   0.0000020412
       -0.0000007178  -0.0000050429   0.0000028496  -0.0000014593  -0.0000033889
        0.0000019455  -0.0000011627  -0.0000024319   0.0000010996  -0.0000007167
       -0.0000007677  -0.0000000474   0.0000000088   0.0000000918  -0.0000012270
        0.0000006904  -0.0000007568  -0.0000030855   0.0000016949  -0.0000032845
       -0.0000015557   0.0000011138  -0.0000051079  -0.0000016423   0.0000008123
       -0.0000023009   0.0000010559  -0.0000010580  -0.0000082381  -0.0000013216
        0.0000009612  -0.0000086623   0.0000001535  -0.0000003840  -0.0000106009
       -0.0000044450   0.0000001442  -0.0000000176  -0.0000043130   0.0000000993
       -0.0000000208  -0.0000041738   0.0000002049  -0.0000000665  -0.0000043632
        0.0000001109  -0.0000000150  -0.0000042514  -0.0000000771   0.0000000499
       -0.0000041027  -0.0000001070   0.0000001850  -0.0000043953  -0.0000001931
       -0.0000000390   0.0000820106  -0.0000003886   0.0000000504  -0.0000045014
        0.0000000981   0.0000000243  -0.0000044430   0.0000001545  -0.0000000241
       -0.0000044725   0.0000002189  -0.0000000659  -0.0000041400   0.0000001814
       -0.0000000609  -0.0000042098   0.0000003328  -0.0000001196  -0.0000040540
        0.0000001762  -0.0000000580  -0.0000042869   0.0000000892  -0.0000000085
       -0.0000044352   0.0000000559   0.0000000112  -0.0000043916   0.0000002011
       -0.0000000384  -0.0000042845  -0.0000004755   0.0000001116  -0.0000042511
       -0.0000003550   0.0000000944  -0.0000044963  -0.0000004710   0.0000000074
       -0.0000020505  -0.0000017629  -0.0000000082   0.0000001635  -0.0000023435
        0.0000000058   0.0000033807   0.0000001121   0.0000000238  -0.0000020959
       -0.0000016956   0.0000000004   0.0000014433  -0.0000061883   0.0000000577
        0.0000044871  -0.0000070903   0.0000002816  -0.0000012899  -0.0000085129
       -0.0000001531  -0.0000003886   0.0000741539  -0.0000000721  -0.0000042729
       -0.0000034685  -0.0000000061  -0.0000005318  -0.0000022523  -0.0000000145
       -0.0000029510   0.0000008980  -0.0000000357   0.0000050008  -0.0000003907
        0.0000000432   0.0000025293   0.0000028740  -0.0000000160   0.0000050313
       -0.0000003503   0.0000000509  -0.0000005792  -0.0000021322   0.0000000198
       -0.0000043321  -0.0000034286  -0.0000000219  -0.0000030190   0.0000009880
        0.0000000083   0.0000016081  -0.0000129128   0.0000000407   0.0000007261
       -0.0000127897  -0.0000000094  -0.0000028594  -0.0000137075  -0.0000001951
        0.0000034181  -0.0000000514  -0.0000017555  -0.0000000142   0.0000000218
       -0.0000023119  -0.0000000399   0.0000000121   0.0000002723  -0.0000033711
        0.0000000974  -0.0000017186  -0.0000000869   0.0000000158  -0.0000061387
       -0.0000003546   0.0000000396  -0.0000067484   0.0000001378  -0.0000000104
       -0.0000087920   0.0000000504  -0.0000000721   0.0000739626   0.0000035272
        0.0000000161  -0.0000035753   0.0000057487  -0.0000000665  -0.0000022460
        0.0000035412  -0.0000001466   0.0000009701   0.0000023143  -0.0000000700
       -0.0000001535  -0.0000000372   0.0000000214   0.0000030163  -0.0000023863
        0.0000000759  -0.0000001607  -0.0000058554   0.0000001715  -0.0000021425
       -0.0000033265   0.0000001495  -0.0000035849  -0.0000033775   0.0000000350
        0.0000010513   0.0000021337  -0.0000002608  -0.0000128362  -0.0000025540
        0.0000001412  -0.0000130197   0.0000005324  -0.0000001195  -0.0000140890
       -0.0000069393   0.0000012647  -0.0000011957  -0.0000042144   0.0000010619
       -0.0000008558  -0.0000023924   0.0000024547  -0.0000018091  -0.0000040751
        0.0000015351  -0.0000012215  -0.0000034754  -0.0000010727   0.0000007779
       -0.0000016751  -0.0000016259   0.0000009064  -0.0000050541  -0.0000023177
        0.0000020412  -0.0000045014  -0.0000042729   0.0000035272   0.0000780123
        0.0000001854  -0.0000005435  -0.0000069731   0.0000008376  -0.0000008996
       -0.0000075412   0.0000029257  -0.0000023672  -0.0000024611   0.0000021474
       -0.0000015662  -0.0000028779   0.0000039842  -0.0000029737  -0.0000005208
        0.0000022575  -0.0000015704  -0.0000021042   0.0000013341  -0.0000009843
       -0.0000054263   0.0000004734  -0.0000005176  -0.0000046270   0.0000031516
       -0.0000024608  -0.0000042951  -0.0000044784   0.0000036745  -0.0000028326
       -0.0000047984   0.0000037624  -0.0000060258  -0.0000050471   0.0000042759
        0.0000001146  -0.0000076967  -0.0000019575  -0.0000000061  -0.0000045467
        0.0000000972  -0.0000003121  -0.0000047541   0.0000030028   0.0000002515
       -0.0000015668  -0.0000020230  -0.0000001378  -0.0000040870   0.0000012474
       -0.0000004398  -0.0000038174   0.0000035570   0.0000001724  -0.0000040110
       -0.0000007178   0.0000000981  -0.0000034685   0.0000000161   0.0000001854
        0.0000786893  -0.0000040572   0.0000000561  -0.0000098855  -0.0000004628
        0.0000001327  -0.0000078708  -0.0000028117  -0.0000004872  -0.0000067946
        0.0000044909  -0.0000002400  -0.0000050373   0.0000022393  -0.0000004896
       -0.0000025798   0.0000044611   0.0000002330   0.0000006446  -0.0000006154
        0.0000003771  -0.0000014798  -0.0000040546   0.0000002888  -0.0000016929
       -0.0000029807  -0.0000001785  -0.0000050247   0.0000016106  -0.0000000200
       -0.0000013129   0.0000008844   0.0000004013  -0.0000037074  -0.0000019261
       -0.0000004572  -0.0000039662  -0.0000070972   0.0000000064  -0.0000000182
       -0.0000043961   0.0000000080   0.0000000022  -0.0000009365   0.0000004382
        0.0000038835  -0.0000071634   0.0000000121   0.0000000912  -0.0000024361
        0.0000000469   0.0000004004   0.0000009762   0.0000000031  -0.0000001800
       -0.0000050429   0.0000000243  -0.0000000061  -0.0000035753  -0.0000005435
       -0.0000040572   0.0000767829  -0.0000006971  -0.0000067912  -0.0000051581
       -0.0000005073  -0.0000039756  -0.0000085127  -0.0000002889  -0.0000027086
        0.0000010387   0.0000000013  -0.0000000123  -0.0000022696   0.0000002824
        0.0000027425   0.0000010128   0.0000008059   0.0000066800  -0.0000052905
        0.0000003868   0.0000038478  -0.0000096007   0.0000004142   0.0000039859
       -0.0000086524  -0.0000002681  -0.0000022343  -0.0000012828   0.0000003346
        0.0000028869  -0.0000023056  -0.0000000021  -0.0000005710  -0.0000060907
       -0.0000069346   0.0000000634  -0.0000019749  -0.0000043099   0.0000001366
       -0.0000014549  -0.0000041288   0.0000002598  -0.0000032003  -0.0000019145
        0.0000002842  -0.0000019934  -0.0000041806  -0.0000000832   0.0000015482
       -0.0000038150  -0.0000000971   0.0000026992  -0.0000045402  -0.0000002521
        0.0000028496  -0.0000044430  -0.0000005318   0.0000057487  -0.0000069731
        0.0000000561  -0.0000006971   0.0000776383   0.0000000014  -0.0000015630
       -0.0000069975   0.0000000948  -0.0000041064  -0.0000058172   0.0000001180
       -0.0000027777  -0.0000041627   0.0000004244  -0.0000053579  -0.0000022367
        0.0000003259  -0.0000027538  -0.0000000868   0.0000003611  -0.0000015752
       -0.0000019635   0.0000002548  -0.0000007480  -0.0000018996   0.0000003587
       -0.0000040600  -0.0000058352  -0.0000008099   0.0000064142  -0.0000023918
       -0.0000002853   0.0000064283  -0.0000050075  -0.0000006799   0.0000065744
        0.0000003837  -0.0000102006  -0.0000032961  -0.0000000356  -0.0000048599
        0.0000001631  -0.0000008707  -0.0000054679   0.0000050350   0.0000006680
        0.0000000952  -0.0000033887  -0.0000003756  -0.0000037201   0.0000021970
       -0.0000011748  -0.0000031127   0.0000064680   0.0000003744  -0.0000034395
       -0.0000014593   0.0000001545  -0.0000022523  -0.0000000665   0.0000008376
       -0.0000098855  -0.0000067912   0.0000000014   0.0000725786  -0.0000008109
        0.0000005664  -0.0000108907  -0.0000047839  -0.0000013641  -0.0000088963
        0.0000075575  -0.0000006564  -0.0000062020   0.0000036740  -0.0000012619
       -0.0000017478   0.0000075216   0.0000004355   0.0000038790  -0.0000010006
        0.0000011726   0.0000004949  -0.0000068140   0.0000008714  -0.0000004637
       -0.0000049848  -0.0000004775  -0.0000049957   0.0000028079  -0.0000000947
        0.0000016743   0.0000014986   0.0000008455  -0.0000025872  -0.0000035267
       -0.0000009067  -0.0000004764  -0.0000053108   0.0000000014   0.0000000007
       -0.0000048284   0.0000000008  -0.0000000064  -0.0000050388   0.0000009105
        0.0000004758  -0.0000053184   0.0000000174   0.0000000226  -0.0000035924
        0.0000000743   0.0000000886  -0.0000028704  -0.0000000381  -0.0000000331
       -0.0000033889  -0.0000000241  -0.0000000145  -0.0000022460  -0.0000008996
       -0.0000004628  -0.0000051581  -0.0000015630  -0.0000008109   0.0000814075
       -0.0000009219  -0.0000005089  -0.0000061814  -0.0000006399  -0.0000003423
       -0.0000046770   0.0000000064  -0.0000000138  -0.0000059176   0.0000006389
        0.0000003301  -0.0000046699   0.0000015539   0.0000008209  -0.0000049701
        0.0000009243   0.0000004889  -0.0000051648   0.0000009250   0.0000004692
       -0.0000061870  -0.0000005832  -0.0000003112  -0.0000017749   0.0000006827
        0.0000003843  -0.0000018969  -0.0000001591  -0.0000001010  -0.0000022158
       -0.0000066015   0.0000008552  -0.0000012060  -0.0000042466   0.0000007354
       -0.0000008719  -0.0000030005   0.0000016874  -0.0000018699  -0.0000036551
        0.0000010772  -0.0000012274  -0.0000037266  -0.0000007293   0.0000008418
       -0.0000024454  -0.0000010981   0.0000011757  -0.0000048589  -0.0000015922
        0.0000019455  -0.0000044725  -0.0000029510   0.0000035412  -0.0000075412
        0.0000001327  -0.0000005073  -0.0000069975   0.0000005664  -0.0000009219
        0.0000793462   0.0000019599  -0.0000024309  -0.0000033993   0.0000014555
       -0.0000016194  -0.0000033311   0.0000027377  -0.0000030955  -0.0000013613
        0.0000015672  -0.0000016188  -0.0000019658   0.0000009624  -0.0000009814
       -0.0000045572   0.0000003630  -0.0000005013  -0.0000040222   0.0000021628
       -0.0000024821  -0.0000046303  -0.0000031496   0.0000037818  -0.0000029234
       -0.0000032471   0.0000038402  -0.0000056099  -0.0000034957   0.0000042078
        0.0000013042  -0.0000090991  -0.0000019576  -0.0000001174  -0.0000056306
        0.0000000954  -0.0000023223  -0.0000073057   0.0000029623   0.0000015576
       -0.0000030260  -0.0000020003  -0.0000009849  -0.0000029455   0.0000014281
       -0.0000030520  -0.0000020464   0.0000044320   0.0000008444  -0.0000016261
       -0.0000011627   0.0000002189   0.0000008980  -0.0000001466   0.0000029257
       -0.0000078708  -0.0000039756   0.0000000948  -0.0000108907  -0.0000005089
        0.0000019599   0.0000752583  -0.0000029189  -0.0000035293  -0.0000091385
        0.0000044828  -0.0000017318  -0.0000091772   0.0000020580  -0.0000033294
       -0.0000048315   0.0000044776   0.0000005450  -0.0000005059  -0.0000005582
        0.0000031531  -0.0000017695  -0.0000040330   0.0000022236  -0.0000049005
       -0.0000029427  -0.0000011930  -0.0000006547   0.0000017768  -0.0000004089
        0.0000038662   0.0000009258   0.0000018416   0.0000013962  -0.0000024344
       -0.0000023835  -0.0000028141  -0.0000078675   0.0000000042   0.0000000006
       -0.0000055788  -0.0000000050   0.0000000001  -0.0000046462   0.0000024007
        0.0000027756  -0.0000079372   0.0000000504   0.0000000799  -0.0000017404
        0.0000002224   0.0000002963   0.0000015410  -0.0000001130  -0.0000001018
       -0.0000024319  -0.0000000659  -0.0000000357   0.0000009701  -0.0000023672
       -0.0000028117  -0.0000085127  -0.0000041064  -0.0000047839  -0.0000061814
       -0.0000024309  -0.0000029189   0.0000757468  -0.0000016914  -0.0000019578
       -0.0000029366   0.0000000051  -0.0000000072  -0.0000073512   0.0000016694
        0.0000019640  -0.0000029353   0.0000040984   0.0000047895  -0.0000063019
        0.0000024348   0.0000028053  -0.0000085740   0.0000024377   0.0000027749
       -0.0000106885  -0.0000015307  -0.0000017711   0.0000030752   0.0000017967
        0.0000021712   0.0000024173  -0.0000004257  -0.0000004555  -0.0000000667
       -0.0000040043  -0.0000016825  -0.0000008087  -0.0000044283  -0.0000012471
       -0.0000005904  -0.0000065145  -0.0000028497  -0.0000012931  -0.0000019218
       -0.0000015981  -0.0000008144  -0.0000052283   0.0000012325   0.0000006555
       -0.0000071092   0.0000018631   0.0000012172  -0.0000035699   0.0000026849
        0.0000010996  -0.0000041400   0.0000050008   0.0000023143  -0.0000024611
       -0.0000004872  -0.0000002889  -0.0000058172  -0.0000013641  -0.0000006399
       -0.0000033993  -0.0000035293  -0.0000016914   0.0000780627  -0.0000026093
       -0.0000011116  -0.0000059535  -0.0000046252  -0.0000021893  -0.0000068177
       -0.0000024902  -0.0000011003  -0.0000022277  -0.0000012430  -0.0000006345
       -0.0000003988  -0.0000004083  -0.0000003172  -0.0000012748  -0.0000034136
       -0.0000016557  -0.0000060310   0.0000052328   0.0000026305  -0.0000040142
        0.0000056338   0.0000026180  -0.0000027512   0.0000058996   0.0000026003
        0.0000009786  -0.0000076866  -0.0000013275  -0.0000000859  -0.0000053082
        0.0000000637  -0.0000017268  -0.0000065561   0.0000020100   0.0000011435
       -0.0000035711  -0.0000013570  -0.0000007349  -0.0000033046   0.0000009379
       -0.0000022798  -0.0000026551   0.0000028619   0.0000006420  -0.0000022990
       -0.0000007167   0.0000001814  -0.0000003907  -0.0000000700   0.0000021474
       -0.0000067946  -0.0000027086   0.0000001180  -0.0000088963  -0.0000003423
        0.0000014555  -0.0000091385  -0.0000019578  -0.0000026093   0.0000786017
        0.0000030343  -0.0000012897  -0.0000079576   0.0000014194  -0.0000025022
       -0.0000048598   0.0000030271   0.0000003995  -0.0000018514  -0.0000003862
        0.0000023066  -0.0000026546  -0.0000027345   0.0000016298  -0.0000049425
       -0.0000019949  -0.0000008669  -0.0000013564   0.0000011854  -0.0000003188
        0.0000015949   0.0000006186   0.0000014122   0.0000000263  -0.0000015628
       -0.0000016006   0.0000044228  -0.0000028287   0.0000000013   0.0000000073
       -0.0000054708   0.0000000134  -0.0000000143  -0.0000108907   0.0000015961
       -0.0000043541  -0.0000027718   0.0000000405  -0.0000001039  -0.0000052766
        0.0000001702  -0.0000004364  -0.0000086638  -0.0000000920   0.0000001907
       -0.0000007677  -0.0000000609   0.0000000432  -0.0000001535  -0.0000015662
        0.0000044909   0.0000010387  -0.0000027777   0.0000075575  -0.0000046770
       -0.0000016194   0.0000044828  -0.0000029366  -0.0000011116   0.0000030343
        0.0000735553   0.0000000191  -0.0000000086  -0.0000111106   0.0000011585
       -0.0000030843  -0.0000127788   0.0000027185  -0.0000074928  -0.0000045810
        0.0000016294  -0.0000043418   0.0000010693   0.0000016287  -0.0000044319
       -0.0000028258  -0.0000010203   0.0000026277  -0.0000024064   0.0000012050
       -0.0000032739  -0.0000011875  -0.0000003321   0.0000006850   0.0000036641
       -0.0000036390  -0.0000008256   0.0000000065  -0.0000043738  -0.0000006316
        0.0000000067  -0.0000054238  -0.0000014346   0.0000000155  -0.0000036376
       -0.0000008332   0.0000000071  -0.0000047861   0.0000006154   0.0000000088
       -0.0000057652   0.0000009254   0.0000000605  -0.0000039167   0.0000013523
       -0.0000000474  -0.0000042098   0.0000025293  -0.0000000372  -0.0000028779
       -0.0000002400   0.0000000013  -0.0000041627  -0.0000006564   0.0000000064
       -0.0000033311  -0.0000017318   0.0000000051  -0.0000059535  -0.0000012897
        0.0000000191   0.0000812215  -0.0000023287   0.0000000130  -0.0000059496
       -0.0000012741   0.0000000181  -0.0000041559  -0.0000006774   0.0000000111
       -0.0000028863  -0.0000002469  -0.0000000032  -0.0000033242  -0.0000017315
        0.0000000152  -0.0000048420   0.0000026928  -0.0000000131  -0.0000045590
        0.0000027930  -0.0000000249  -0.0000034273   0.0000029931  -0.0000000688
        0.0000018829  -0.0000066615  -0.0000000097  -0.0000001541  -0.0000061175
       -0.0000000056  -0.0000031161  -0.0000083870  -0.0000000099   0.0000019458
       -0.0000066918  -0.0000000039  -0.0000013278  -0.0000025814   0.0000000024
       -0.0000041225  -0.0000017009   0.0000000026   0.0000011663  -0.0000004964
        0.0000000088   0.0000003328   0.0000028740   0.0000000214   0.0000039842
       -0.0000050373  -0.0000000123   0.0000004244  -0.0000062020  -0.0000000138
        0.0000027377  -0.0000091772  -0.0000000072  -0.0000046252  -0.0000079576
       -0.0000000086  -0.0000023287   0.0000754425  -0.0000000160  -0.0000046021
       -0.0000079416  -0.0000000083   0.0000005261  -0.0000062659  -0.0000000026
        0.0000040392  -0.0000050592  -0.0000000049   0.0000028161  -0.0000091991
       -0.0000000038  -0.0000014937   0.0000034230   0.0000000327  -0.0000006603
        0.0000035369   0.0000000115   0.0000025752   0.0000042003   0.0000000274
       -0.0000030680   0.0000021326  -0.0000053671   0.0000000009   0.0000000163
       -0.0000062208  -0.0000000045  -0.0000000150  -0.0000105277   0.0000030977
       -0.0000020752  -0.0000053566   0.0000000678  -0.0000000270  -0.0000034055
        0.0000003000  -0.0000001592  -0.0000041137  -0.0000001736   0.0000000986
        0.0000000918  -0.0000001196  -0.0000000160   0.0000030163  -0.0000029737
        0.0000022393  -0.0000022696  -0.0000053579   0.0000036740  -0.0000059176
       -0.0000030955   0.0000020580  -0.0000073512  -0.0000021893   0.0000014194
       -0.0000111106   0.0000000130  -0.0000000160   0.0000737773   0.0000021934
       -0.0000014734  -0.0000110744   0.0000052457  -0.0000035576  -0.0000058874
        0.0000031862  -0.0000020114  -0.0000022950   0.0000031705  -0.0000021853
       -0.0000072642  -0.0000019831   0.0000010886   0.0000024658   0.0000023190
       -0.0000014507   0.0000030979  -0.0000006291   0.0000002603   0.0000057122
       -0.0000019726  -0.0000016016   0.0000008074  -0.0000044271  -0.0000012583
        0.0000005996  -0.0000064939  -0.0000028346   0.0000013235  -0.0000039970
       -0.0000016974   0.0000008167  -0.0000052670   0.0000012026  -0.0000006128
       -0.0000072911   0.0000017951  -0.0000009993  -0.0000034534   0.0000026749
       -0.0000012270  -0.0000040540   0.0000050313  -0.0000023863  -0.0000005208
       -0.0000004896   0.0000002824  -0.0000022367  -0.0000012619   0.0000006389
       -0.0000013613  -0.0000033294   0.0000016694  -0.0000068177  -0.0000025022
        0.0000011585  -0.0000059496  -0.0000046021   0.0000021934   0.0000781060
       -0.0000025538   0.0000011501  -0.0000057168  -0.0000014319   0.0000006536
       -0.0000025550  -0.0000005739   0.0000002962  -0.0000034091  -0.0000034303
        0.0000016659  -0.0000046997   0.0000054640  -0.0000026178  -0.0000055558
        0.0000054232  -0.0000026403  -0.0000023275   0.0000059759  -0.0000027719
        0.0000010928  -0.0000034929   0.0000013359  -0.0000000852  -0.0000053025
       -0.0000000704  -0.0000017052  -0.0000065540  -0.0000020512   0.0000010042
       -0.0000077000   0.0000013727  -0.0000007268  -0.0000034188  -0.0000009290
       -0.0000022566  -0.0000030999  -0.0000028072   0.0000006346  -0.0000021317
        0.0000006904   0.0000001762  -0.0000003503   0.0000000759   0.0000022575
       -0.0000025798   0.0000027425   0.0000003259  -0.0000017478   0.0000003301
        0.0000015672  -0.0000048315   0.0000019640  -0.0000024902  -0.0000048598
       -0.0000030843  -0.0000012741  -0.0000079416  -0.0000014734  -0.0000025538
        0.0000785899  -0.0000030745   0.0000001761  -0.0000089671   0.0000003939
        0.0000021581  -0.0000068065   0.0000027684   0.0000014839  -0.0000091035
        0.0000020190  -0.0000007814   0.0000011990  -0.0000011534  -0.0000004060
       -0.0000015892  -0.0000006085   0.0000014028   0.0000006879   0.0000015590
       -0.0000015936   0.0000044037  -0.0000028332   0.0000000021   0.0000000049
       -0.0000054659   0.0000000152  -0.0000000141  -0.0000108634   0.0000015854
       -0.0000043405  -0.0000027786   0.0000000430  -0.0000001066  -0.0000052835
        0.0000001805  -0.0000004429  -0.0000086963  -0.0000000936   0.0000001911
       -0.0000007568  -0.0000000580   0.0000000509  -0.0000001607  -0.0000015704
        0.0000044611   0.0000010128  -0.0000027538   0.0000075216  -0.0000046699
       -0.0000016188   0.0000044776  -0.0000029353  -0.0000011003   0.0000030271
       -0.0000127788   0.0000000181  -0.0000000083  -0.0000110744   0.0000011501
       -0.0000030745   0.0000736179   0.0000027085  -0.0000074705  -0.0000045822
        0.0000016106  -0.0000043361   0.0000010466   0.0000016139  -0.0000044085
       -0.0000028334  -0.0000010103   0.0000026443  -0.0000024239   0.0000011985
       -0.0000032762  -0.0000012038  -0.0000003270   0.0000006959   0.0000036627
       -0.0000019644   0.0000003526   0.0000020102  -0.0000043131   0.0000001457
        0.0000014576  -0.0000040903   0.0000003239   0.0000031462  -0.0000069601
        0.0000000308   0.0000020389  -0.0000042745  -0.0000001396  -0.0000014728
       -0.0000042486  -0.0000002151  -0.0000022876  -0.0000042947  -0.0000003012
       -0.0000030855  -0.0000042869  -0.0000005792  -0.0000058554  -0.0000021042
        0.0000002330   0.0000008059  -0.0000000868   0.0000004355   0.0000015539
       -0.0000019658   0.0000005450   0.0000040984  -0.0000022277   0.0000003995
        0.0000027185  -0.0000041559   0.0000005261   0.0000052457  -0.0000057168
        0.0000001761   0.0000027085   0.0000777237  -0.0000001168   0.0000016178
       -0.0000071284  -0.0000000936   0.0000008207  -0.0000070529   0.0000002215
        0.0000041299  -0.0000026209  -0.0000005394  -0.0000063749  -0.0000061429
       -0.0000007380  -0.0000064334  -0.0000040889  -0.0000006669  -0.0000068428
        0.0000006998   0.0000001202   0.0000032597  -0.0000000467  -0.0000048452
       -0.0000001652  -0.0000009066  -0.0000055284  -0.0000049768   0.0000004164
       -0.0000100782   0.0000033412  -0.0000003879  -0.0000039392  -0.0000022716
       -0.0000012050  -0.0000040860  -0.0000068781   0.0000003350  -0.0000029688
        0.0000016949   0.0000000892  -0.0000021322   0.0000001715   0.0000013341
        0.0000006446   0.0000066800   0.0000003611   0.0000038790   0.0000008209
        0.0000009624  -0.0000005059   0.0000047895  -0.0000012430  -0.0000018514
       -0.0000074928  -0.0000006774  -0.0000062659  -0.0000035576  -0.0000014319
       -0.0000089671  -0.0000074705  -0.0000001168   0.0000727612   0.0000009572
        0.0000010377  -0.0000096080   0.0000067378   0.0000006760  -0.0000108763
        0.0000049112  -0.0000003396   0.0000010830  -0.0000028498  -0.0000003050
       -0.0000058562  -0.0000014928   0.0000007482  -0.0000009793   0.0000037913
       -0.0000009431  -0.0000005824  -0.0000053880   0.0000000046  -0.0000000080
       -0.0000048424   0.0000000121  -0.0000000005  -0.0000049855   0.0000009275
        0.0000005566  -0.0000054102   0.0000000232   0.0000000069  -0.0000035692
        0.0000000934   0.0000000355  -0.0000028984  -0.0000000325  -0.0000000167
       -0.0000032845  -0.0000000085   0.0000000198  -0.0000021425  -0.0000009843
       -0.0000006154  -0.0000052905  -0.0000015752  -0.0000010006  -0.0000049701
       -0.0000009814  -0.0000005582  -0.0000063019  -0.0000006345  -0.0000003862
       -0.0000045810   0.0000000111  -0.0000000026  -0.0000058874   0.0000006536
        0.0000003939  -0.0000045822   0.0000016178   0.0000009572   0.0000813457
        0.0000009083   0.0000005373  -0.0000052949   0.0000009255   0.0000005870
       -0.0000063448  -0.0000005865  -0.0000002723  -0.0000016930   0.0000007033
        0.0000003966  -0.0000017872  -0.0000001343  -0.0000000476  -0.0000020920
       -0.0000040182   0.0000014698   0.0000011562  -0.0000042203   0.0000010777
        0.0000008526  -0.0000023888   0.0000024889   0.0000018857  -0.0000070098
        0.0000013723   0.0000011627  -0.0000035342  -0.0000010908  -0.0000009539
       -0.0000019340  -0.0000016614  -0.0000018072  -0.0000049286  -0.0000023440
       -0.0000015557  -0.0000044352  -0.0000043321  -0.0000033265  -0.0000054263
        0.0000003771   0.0000003868  -0.0000019635   0.0000011726   0.0000009243
       -0.0000045572   0.0000031531   0.0000024348  -0.0000003988   0.0000023066
        0.0000016294  -0.0000028863   0.0000040392   0.0000031862  -0.0000025550
        0.0000021581   0.0000016106  -0.0000071284   0.0000010377   0.0000009083
        0.0000779819   0.0000002953   0.0000004333  -0.0000076018   0.0000030061
        0.0000023711  -0.0000024325  -0.0000044323  -0.0000037991  -0.0000050263
       -0.0000050026  -0.0000037781  -0.0000055366  -0.0000050914  -0.0000037219
        0.0000002943  -0.0000016286   0.0000018886  -0.0000000131  -0.0000045310
       -0.0000000958  -0.0000003265  -0.0000047798  -0.0000028742   0.0000001018
       -0.0000075277   0.0000019289  -0.0000001420  -0.0000042162  -0.0000013687
       -0.0000004473  -0.0000043786  -0.0000042410   0.0000001432  -0.0000037536
        0.0000011138   0.0000000559  -0.0000034286   0.0000001495   0.0000004734
       -0.0000014798   0.0000038478   0.0000002548   0.0000004949   0.0000004889
        0.0000003630  -0.0000017695   0.0000028053  -0.0000004083  -0.0000026546
       -0.0000043418  -0.0000002469  -0.0000050592  -0.0000020114  -0.0000005739
       -0.0000068065  -0.0000043361  -0.0000000936  -0.0000096080   0.0000005373
        0.0000002953   0.0000789714   0.0000038987   0.0000001744  -0.0000077932
        0.0000028333  -0.0000000930  -0.0000014992  -0.0000016978  -0.0000001423
       -0.0000057445  -0.0000008741   0.0000003307  -0.0000028077   0.0000023489
       -0.0000004659  -0.0000039873  -0.0000071177   0.0000000043  -0.0000000117
       -0.0000043990  -0.0000000004   0.0000000055  -0.0000009258   0.0000004611
        0.0000039143  -0.0000071873   0.0000000100   0.0000000951  -0.0000023896
        0.0000000429   0.0000003978   0.0000011570  -0.0000000057  -0.0000001690
       -0.0000051079   0.0000000112  -0.0000000219  -0.0000035849  -0.0000005176
       -0.0000040546  -0.0000096007  -0.0000007480  -0.0000068140  -0.0000051648
       -0.0000005013  -0.0000040330  -0.0000085740  -0.0000003172  -0.0000027345
        0.0000010693  -0.0000000032  -0.0000000049  -0.0000022950   0.0000002962
        0.0000027684   0.0000010466   0.0000008207   0.0000067378  -0.0000052949
        0.0000004333   0.0000038987   0.0000767331   0.0000004494   0.0000039895
       -0.0000086963  -0.0000002868  -0.0000023271  -0.0000012353   0.0000003462
        0.0000029462  -0.0000022613  -0.0000000292  -0.0000005954  -0.0000061715
       -0.0000036538   0.0000010533   0.0000011689  -0.0000042504   0.0000007519
        0.0000008580  -0.0000029769   0.0000017359   0.0000018843  -0.0000066452
        0.0000009272   0.0000011787  -0.0000037821  -0.0000007603  -0.0000009311
       -0.0000027014  -0.0000011589  -0.0000016730  -0.0000047223  -0.0000016322
       -0.0000016423  -0.0000043916  -0.0000030190  -0.0000033775  -0.0000046270
        0.0000002888   0.0000004142  -0.0000018996   0.0000008714   0.0000009250
       -0.0000040222   0.0000022236   0.0000024377  -0.0000012748   0.0000016298
        0.0000016287  -0.0000033242   0.0000028161   0.0000031705  -0.0000034091
        0.0000014839   0.0000016139  -0.0000070529   0.0000006760   0.0000009255
       -0.0000076018   0.0000001744   0.0000004494   0.0000793018   0.0000020630
        0.0000023990  -0.0000027263  -0.0000030742  -0.0000038006  -0.0000051476
       -0.0000035074  -0.0000037968  -0.0000050924  -0.0000035434  -0.0000038321
        0.0000014841  -0.0000029966   0.0000019254  -0.0000001204  -0.0000056284
       -0.0000000991  -0.0000023232  -0.0000073317  -0.0000029603   0.0000013842
       -0.0000090538   0.0000019797  -0.0000009862  -0.0000030930  -0.0000012607
       -0.0000030552  -0.0000026668  -0.0000036789   0.0000008325  -0.0000013495
        0.0000008123   0.0000002011   0.0000009880   0.0000000350   0.0000031516
       -0.0000016929   0.0000039859   0.0000003587  -0.0000004637   0.0000004692
        0.0000021628  -0.0000049005   0.0000027749  -0.0000034136  -0.0000049425
       -0.0000044319  -0.0000017315  -0.0000091991  -0.0000021853  -0.0000034303
       -0.0000091035  -0.0000044085   0.0000002215  -0.0000108763   0.0000005870
        0.0000030061  -0.0000077932   0.0000039895   0.0000020630   0.0000753447
        0.0000029074  -0.0000010870   0.0000030417  -0.0000016127  -0.0000005391
       -0.0000006721  -0.0000008521   0.0000018208   0.0000023891   0.0000020229
       -0.0000024018  -0.0000029201  -0.0000079316   0.0000000089  -0.0000000130
       -0.0000055834   0.0000000134   0.0000000026  -0.0000045690   0.0000023880
        0.0000028505  -0.0000080110   0.0000000561   0.0000000634  -0.0000017523
        0.0000002356   0.0000002550   0.0000013887  -0.0000000963  -0.0000000987
       -0.0000023009  -0.0000000384   0.0000000083   0.0000010513  -0.0000024608
       -0.0000029807  -0.0000086524  -0.0000040600  -0.0000049848  -0.0000061870
       -0.0000024821  -0.0000029427  -0.0000106885  -0.0000016557  -0.0000019949
       -0.0000028258   0.0000000152  -0.0000000038  -0.0000072642   0.0000016659
        0.0000020190  -0.0000028334   0.0000041299   0.0000049112  -0.0000063448
        0.0000023711   0.0000028333  -0.0000086963   0.0000023990   0.0000029074
        0.0000755621  -0.0000015136  -0.0000016723   0.0000031031   0.0000017995
        0.0000021519   0.0000024648  -0.0000003740  -0.0000003916   0.0000000705
       -0.0000048121  -0.0000005724  -0.0000007383  -0.0000043523  -0.0000003994
       -0.0000005400  -0.0000050274  -0.0000009194  -0.0000011805  -0.0000029427
       -0.0000004843  -0.0000007447  -0.0000045990   0.0000004035   0.0000005777
       -0.0000051653   0.0000006151   0.0000010102  -0.0000041053   0.0000008683
        0.0000010559  -0.0000042845   0.0000016081   0.0000021337  -0.0000042951
       -0.0000001785  -0.0000002681  -0.0000058352  -0.0000004775  -0.0000005832
       -0.0000046303  -0.0000011930  -0.0000015307  -0.0000060310  -0.0000008669
       -0.0000010203  -0.0000048420  -0.0000014937  -0.0000019831  -0.0000046997
       -0.0000007814  -0.0000010103  -0.0000026209  -0.0000003396  -0.0000005865
       -0.0000024325  -0.0000000930  -0.0000002868  -0.0000027263  -0.0000010870
       -0.0000015136   0.0000810968   0.0000016362   0.0000023850  -0.0000037625
        0.0000018653   0.0000023885  -0.0000039327   0.0000018896   0.0000024350
       -0.0000022472  -0.0000032999  -0.0000011243   0.0000001662  -0.0000021672
        0.0000000654   0.0000035894   0.0000004511   0.0000017170  -0.0000021376
        0.0000002619  -0.0000011389   0.0000015395  -0.0000062533   0.0000009732
        0.0000047984  -0.0000070623   0.0000032863  -0.0000014232  -0.0000088869
       -0.0000010580  -0.0000004755  -0.0000129128  -0.0000002608  -0.0000044784
       -0.0000050247  -0.0000022343  -0.0000008099  -0.0000049957  -0.0000003112
       -0.0000031496  -0.0000006547  -0.0000017711   0.0000052328  -0.0000013564
        0.0000026277   0.0000026928   0.0000034230   0.0000010886   0.0000054640
        0.0000011990   0.0000026443  -0.0000005394   0.0000010830  -0.0000002723
       -0.0000044323  -0.0000014992  -0.0000023271  -0.0000030742   0.0000030417
       -0.0000016723   0.0000016362   0.0000713993   0.0000011105   0.0000008375
       -0.0000119162   0.0000005437  -0.0000031895  -0.0000148297  -0.0000018864
        0.0000037150   0.0000016573  -0.0000004464  -0.0000000057  -0.0000000041
       -0.0000022178   0.0000000027   0.0000000157  -0.0000010646  -0.0000037380
       -0.0000016482  -0.0000003972  -0.0000000811  -0.0000000699  -0.0000071752
       -0.0000003556  -0.0000002534  -0.0000098836   0.0000001846   0.0000000801
       -0.0000082381   0.0000001116   0.0000000407  -0.0000128362   0.0000036745
        0.0000016106  -0.0000012828   0.0000064142   0.0000028079  -0.0000017749
        0.0000037818   0.0000017768   0.0000030752   0.0000026305   0.0000011854
       -0.0000024064  -0.0000000131   0.0000000327   0.0000024658  -0.0000026178
       -0.0000011534  -0.0000024239  -0.0000063749  -0.0000028498  -0.0000016930
       -0.0000037991  -0.0000016978  -0.0000012353  -0.0000038006  -0.0000016127
        0.0000031031   0.0000023850   0.0000011105   0.0000718027  -0.0000028008
       -0.0000013501  -0.0000142021   0.0000006868   0.0000003216  -0.0000131692
       -0.0000030343  -0.0000001752   0.0000008753  -0.0000043364  -0.0000001824
        0.0000006392  -0.0000046344  -0.0000004072   0.0000013906  -0.0000052207
       -0.0000002991   0.0000008864  -0.0000044778   0.0000001686  -0.0000006555
       -0.0000048430   0.0000002467  -0.0000010577  -0.0000041465   0.0000003845
       -0.0000013216  -0.0000042511   0.0000007261  -0.0000025540  -0.0000028326
       -0.0000000200   0.0000003346  -0.0000023918  -0.0000000947   0.0000006827
       -0.0000029234  -0.0000004089   0.0000017967  -0.0000040142  -0.0000003188
        0.0000012050  -0.0000045590  -0.0000006603   0.0000023190  -0.0000055558
       -0.0000004060   0.0000011985  -0.0000061429  -0.0000003050   0.0000007033
       -0.0000050263  -0.0000001423   0.0000003462  -0.0000051476  -0.0000005391
        0.0000017995  -0.0000037625   0.0000008375  -0.0000028008   0.0000811543
        0.0000007235  -0.0000028211  -0.0000038542   0.0000008721  -0.0000029664
       -0.0000021828   0.0000006915   0.0000014347   0.0000001903  -0.0000021970
       -0.0000000674   0.0000037447   0.0000005171  -0.0000021522  -0.0000024307
       -0.0000037239   0.0000014614   0.0000015902  -0.0000064650  -0.0000010946
        0.0000049281  -0.0000077016  -0.0000034746  -0.0000013629  -0.0000087864
        0.0000009612  -0.0000003550  -0.0000127897   0.0000001412  -0.0000047984
       -0.0000013129   0.0000028869  -0.0000002853   0.0000016743   0.0000003843
       -0.0000032471   0.0000038662   0.0000021712   0.0000056338   0.0000015949
       -0.0000032739   0.0000027930   0.0000035369  -0.0000014507   0.0000054232
       -0.0000015892  -0.0000032762  -0.0000007380  -0.0000058562   0.0000003966
       -0.0000050026  -0.0000057445   0.0000029462  -0.0000035074  -0.0000006721
        0.0000021519   0.0000018653  -0.0000119162  -0.0000013501   0.0000007235
        0.0000708747  -0.0000007000  -0.0000029819  -0.0000140010   0.0000019039
        0.0000037534   0.0000008869  -0.0000009138  -0.0000000087   0.0000000036
       -0.0000021624  -0.0000000140   0.0000000065  -0.0000002323  -0.0000037508
       -0.0000008611  -0.0000008581  -0.0000000854  -0.0000000254  -0.0000068251
       -0.0000003636  -0.0000000781  -0.0000087028   0.0000001730   0.0000000108
       -0.0000086623   0.0000000944  -0.0000000094  -0.0000130197   0.0000037624
        0.0000008844  -0.0000023056   0.0000064283   0.0000014986  -0.0000018969
        0.0000038402   0.0000009258   0.0000024173   0.0000026180   0.0000006186
       -0.0000011875  -0.0000000249   0.0000000115   0.0000030979  -0.0000026403
       -0.0000006085  -0.0000012038  -0.0000064334  -0.0000014928  -0.0000017872
       -0.0000037781  -0.0000008741  -0.0000022613  -0.0000037968  -0.0000008521
        0.0000024648   0.0000023885   0.0000005437  -0.0000142021  -0.0000028211
       -0.0000007000   0.0000722394   0.0000006588   0.0000001112  -0.0000139984
       -0.0000053025   0.0000009629  -0.0000001777  -0.0000042626   0.0000007188
       -0.0000001488  -0.0000031266   0.0000015861  -0.0000003713  -0.0000047862
        0.0000009130  -0.0000001753  -0.0000037945  -0.0000006559   0.0000002037
       -0.0000026687  -0.0000009652   0.0000005240  -0.0000048218  -0.0000014964
        0.0000001535  -0.0000044963  -0.0000028594   0.0000005324  -0.0000060258
        0.0000004013  -0.0000000021  -0.0000050075   0.0000008455  -0.0000001591
       -0.0000056099   0.0000018416  -0.0000004257  -0.0000027512   0.0000014122
       -0.0000003321  -0.0000034273   0.0000025752  -0.0000006291  -0.0000023275
        0.0000014028  -0.0000003270  -0.0000040889   0.0000007482  -0.0000001343
       -0.0000055366   0.0000003307  -0.0000000292  -0.0000050924   0.0000018208
       -0.0000003740  -0.0000039327  -0.0000031895   0.0000006868  -0.0000038542
       -0.0000029819   0.0000006588   0.0000809132  -0.0000034110   0.0000005266
       -0.0000024415  -0.0000017120  -0.0000002885   0.0000001918  -0.0000019720
        0.0000000198   0.0000039990   0.0000009306   0.0000004449  -0.0000024604
       -0.0000007754  -0.0000002767   0.0000017086  -0.0000065121   0.0000002817
        0.0000053148  -0.0000075160   0.0000010245  -0.0000015364  -0.0000093252
       -0.0000003840  -0.0000004710  -0.0000137075  -0.0000001195  -0.0000050471
       -0.0000037074  -0.0000005710  -0.0000006799  -0.0000025872  -0.0000001010
       -0.0000034957   0.0000013962  -0.0000004555   0.0000058996   0.0000000263
        0.0000006850   0.0000029931   0.0000042003   0.0000002603   0.0000059759
        0.0000006879   0.0000006959  -0.0000006669  -0.0000009793  -0.0000000476
       -0.0000050914  -0.0000028077  -0.0000005954  -0.0000035434   0.0000023891
       -0.0000003916   0.0000018896  -0.0000148297   0.0000003216   0.0000008721
       -0.0000140010   0.0000001112  -0.0000034110   0.0000708020  -0.0000006141
        0.0000040008  -0.0000021078  -0.0000026005  -0.0000000256   0.0000000516
       -0.0000018712  -0.0000000901   0.0000000180   0.0000031253  -0.0000038763
        0.0000021894  -0.0000025805  -0.0000001153   0.0000001045  -0.0000054353
       -0.0000004486   0.0000003346  -0.0000038355   0.0000001318  -0.0000000979
       -0.0000106009   0.0000000074  -0.0000001951  -0.0000140890   0.0000042759
       -0.0000019261  -0.0000060907   0.0000065744  -0.0000035267  -0.0000022158
        0.0000042078  -0.0000024344  -0.0000000667   0.0000026003  -0.0000015628
        0.0000036641  -0.0000000688   0.0000000274   0.0000057122  -0.0000027719
        0.0000015590   0.0000036627  -0.0000068428   0.0000037913  -0.0000020920
       -0.0000037219   0.0000023489  -0.0000061715  -0.0000038321   0.0000020229
        0.0000000705   0.0000024350  -0.0000018864  -0.0000131692  -0.0000029664
        0.0000019039  -0.0000139984   0.0000005266  -0.0000006141   0.0000685824
