$hessian                                                                        
        0.4867915563   0.0361870717  -0.0019759817  -0.1460064804   0.0639447835
       -0.0005022446  -0.0371533599   0.0119873543   0.0005521726  -0.0433353264
       -0.0083987333   0.0092114539  -0.2036371323  -0.1147007017  -0.0146287730
       -0.0438625680   0.0032788714   0.0069195172  -0.0044183198   0.0045044997
        0.0022912058  -0.0032499308   0.0055327906  -0.0020923999   0.0008067866
        0.0007852848   0.0008840838  -0.0059352252  -0.0031212210  -0.0006590341
        0.0361870717   0.5047968085  -0.0025878805   0.0672150741  -0.1159323006
       -0.0005074550  -0.0123686825   0.0100969423   0.0000483924  -0.0088927274
       -0.1397730529   0.1182935790  -0.1140328880  -0.1226406306  -0.0101690718
        0.0038604594  -0.1101227751  -0.1060174384   0.0155174407  -0.0120559824
       -0.0026924577   0.0178550344  -0.0148644824   0.0032195430  -0.0009176741
        0.0013328486   0.0002397222  -0.0044231084  -0.0008373753   0.0001730667
       -0.0019759817  -0.0025878805   0.5248065446   0.0011198866  -0.0003036080
       -0.0689699636  -0.0010030040  -0.0004725840   0.0020859097   0.0095706482
        0.1181996852  -0.1929142854  -0.0150080861  -0.0104036815  -0.0456784068
        0.0074615007  -0.1056579884  -0.2170509385   0.0204427514  -0.0165312226
       -0.0014151561  -0.0194854242   0.0170073245  -0.0020061381  -0.0007986577
        0.0007162600   0.0003770062  -0.0003236332   0.0000336953   0.0007654279
       -0.1460064804   0.0672150741   0.0011198866   0.4521194889  -0.0091571814
       -0.0038341201  -0.1671198276  -0.0627488793  -0.0047091281  -0.0013463917
        0.0031125030  -0.0023431791  -0.0242692747   0.0127713328  -0.0004068225
       -0.0039133023   0.0047271861   0.0025815789  -0.0408519494   0.0045989409
        0.0061106943  -0.0387917606   0.0039288223  -0.0022215289  -0.0020932529
       -0.0058800702  -0.0007541704  -0.0277272493  -0.0185677284   0.0044567894
        0.0639447835  -0.1159323006  -0.0003036080  -0.0091571814   0.4844250501
        0.0256072154  -0.0806461204  -0.1240634107  -0.0161382132   0.0182985534
       -0.0155955502   0.0037531378  -0.0138708209   0.0085054337  -0.0003420566
        0.0155554823  -0.0133122793  -0.0036354828   0.0060598620  -0.1052150659
       -0.0986835059   0.0002091681  -0.1106553332   0.0871481778  -0.0168480040
       -0.0166993582   0.0007563668   0.0164542774   0.0085428142   0.0018379686
       -0.0005022446  -0.0005074550  -0.0689699636  -0.0038341201   0.0256072154
        0.5156220490   0.0209943769   0.0016357477  -0.0633097496  -0.0198438663
        0.0162469261  -0.0017273721  -0.0019805827   0.0011166253   0.0001341798
        0.0217594622  -0.0174755629  -0.0017324391   0.0079015529  -0.0969940278
       -0.2061334073   0.0022154566   0.0890650163  -0.1695011159  -0.0250522058
       -0.0200069475  -0.0029637531  -0.0016578293   0.0013124621  -0.0014184281
       -0.0371533599  -0.0123686825  -0.0010030040  -0.1671198276  -0.0806461204
        0.0209943769   0.5440332286  -0.0562868170  -0.0026203914   0.0017458865
       -0.0008838278   0.0000365796  -0.0054814677   0.0033531788   0.0001189732
        0.0015371560  -0.0009398215  -0.0000229713  -0.0045239355  -0.0062078301
       -0.0044187356  -0.0153540606  -0.0199051096   0.0097920365  -0.0508454996
        0.0000841655   0.0002914426  -0.2668381203   0.1738008647  -0.0231683065
        0.0119873543   0.0100969423  -0.0004725840  -0.0627488793  -0.1240634107
        0.0016357477  -0.0562868170   0.4421675737   0.1832053326  -0.0006323581
        0.0012836613  -0.0007358413   0.0042644566  -0.0008642226   0.0000502422
        0.0008356999   0.0004829996   0.0005983834  -0.0195154243  -0.0164899544
       -0.0059865047  -0.0285920851  -0.0230416398   0.0083180534  -0.0018355888
       -0.1301126878  -0.1869820964   0.1525236417  -0.1594592616   0.0003692671
        0.0005521726   0.0000483924   0.0020859097  -0.0047091281  -0.0161382132
       -0.0633097496  -0.0026203914   0.1832053326   0.3605462073   0.0005491692
       -0.0007719529   0.0004548422   0.0002461099  -0.0002929019   0.0004954258
        0.0003929408   0.0006448339   0.0004693303  -0.0224472090  -0.0181646041
       -0.0020565059   0.0212065950   0.0171746754   0.0018750029  -0.0020635426
       -0.1430668942  -0.2726939054   0.0088932838  -0.0226386680  -0.0278665573
       -0.0433353264  -0.0088927274   0.0095706482  -0.0013463917   0.0182985534
       -0.0198438663   0.0017458865  -0.0006323581   0.0005491692   0.0485222389
        0.0064962540  -0.0101779924  -0.0028583029  -0.0182825471   0.0208937861
        0.0007098221  -0.0005179637   0.0002926465   0.0006968746  -0.0004466689
       -0.0004190732  -0.0043942352   0.0038434484  -0.0006073040  -0.0001287511
        0.0001684130  -0.0001874668   0.0003881855  -0.0000344036  -0.0000705473
       -0.0083987333  -0.1397730529   0.1181996852   0.0031125030  -0.0155955502
        0.0162469261  -0.0008838278   0.0012836613  -0.0007719529   0.0064962540
        0.1612157677  -0.1383316224  -0.0040213392  -0.0143967487   0.0166087374
        0.0005947581   0.0097250160  -0.0124713796  -0.0005339390   0.0000519399
        0.0003730843   0.0040923590  -0.0024461069   0.0001970137   0.0000252506
       -0.0001204647  -0.0000118098  -0.0004832854   0.0000555385  -0.0000386820
        0.0092114539   0.1182935790  -0.1929142854  -0.0023431791   0.0037531378
       -0.0017273721   0.0000365796  -0.0007358413   0.0004548422  -0.0101779924
       -0.1383316224   0.2200579767   0.0009950093   0.0003810458   0.0005711181
        0.0022025981   0.0169163903  -0.0280941552   0.0002703437  -0.0005257030
        0.0007622422  -0.0004045571   0.0003138666   0.0013464419  -0.0001083662
        0.0001858841  -0.0004951821   0.0003181102  -0.0002507367   0.0000383737
       -0.2036371323  -0.1140328880  -0.0150080861  -0.0242692747  -0.0138708209
       -0.0019805827  -0.0054814677   0.0042644566   0.0002461099  -0.0028583029
       -0.0040213392   0.0009950093   0.2377578154   0.1309058291   0.0171104797
       -0.0007783745  -0.0023013066  -0.0013890965   0.0003674490  -0.0005176134
        0.0001567804   0.0004699389  -0.0002167525  -0.0002717346   0.0001532838
        0.0005011359   0.0002856452  -0.0017239349  -0.0007107010  -0.0001445246
       -0.1147007017  -0.1226406306  -0.0104036815   0.0127713328   0.0085054337
        0.0011166253   0.0033531788  -0.0008642226  -0.0002929019  -0.0182825471
       -0.0143967487   0.0003810458   0.1309058291   0.1400445408   0.0124139021
       -0.0155989974  -0.0121662603  -0.0036770751   0.0002146745   0.0006176485
        0.0002824990   0.0001875185   0.0004680867  -0.0001645757   0.0002895837
       -0.0001594280   0.0002615489   0.0008601287   0.0005915806   0.0000826132
       -0.0146287730  -0.0101690718  -0.0456784068  -0.0004068225  -0.0003420566
        0.0001341798   0.0001189732   0.0000502422   0.0004954258   0.0208937861
        0.0166087374   0.0005711181   0.0171104797   0.0124139021   0.0486935376
       -0.0234435054  -0.0186983073  -0.0045327485   0.0004770221   0.0001238788
        0.0001192831  -0.0002877148  -0.0000310903  -0.0001024061   0.0001495077
        0.0000163153   0.0000624778   0.0000170469   0.0000274503   0.0002375392
       -0.0438625680   0.0038604594   0.0074615007  -0.0039133023   0.0155554823
        0.0217594622   0.0015371560   0.0008356999   0.0003929408   0.0007098221
        0.0005947581   0.0022025981  -0.0007783745  -0.0155989974  -0.0234435054
        0.0500079990  -0.0075736744  -0.0088109437  -0.0042917017   0.0034856391
        0.0004270374   0.0007333552  -0.0007107645   0.0005151616  -0.0005636790
       -0.0001614758  -0.0005047017   0.0004212933  -0.0002871267   0.0000004501
        0.0032788714  -0.1101227751  -0.1056579884   0.0047271861  -0.0133122793
       -0.0174755629  -0.0009398215   0.0004829996   0.0006448339  -0.0005179637
        0.0097250160   0.0169163903  -0.0023013066  -0.0121662603  -0.0186983073
       -0.0075736744   0.1269110565   0.1248384838   0.0040258829  -0.0022828041
       -0.0001217253  -0.0005516302   0.0002054902  -0.0005015724   0.0002825778
        0.0003925360   0.0001589539  -0.0004301219   0.0001670206  -0.0001035057
        0.0069195172  -0.1060174384  -0.2170509385   0.0025815789  -0.0036354828
       -0.0017324391  -0.0000229713   0.0005983834   0.0004693303   0.0002926465
       -0.0124713796  -0.0280941552  -0.0013890965  -0.0036770751  -0.0045327485
       -0.0088109437   0.1248384838   0.2485247706   0.0004359566  -0.0004192351
        0.0013022490  -0.0003282358   0.0004483690   0.0008814769   0.0006513424
       -0.0000038788   0.0003870616  -0.0003297943   0.0003392536  -0.0001546071
       -0.0044183198   0.0155174407   0.0204427514  -0.0408519494   0.0060598620
        0.0079015529  -0.0045239355  -0.0195154243  -0.0224472090   0.0006968746
       -0.0005339390   0.0002703437   0.0003674490   0.0002146745   0.0004770221
       -0.0042917017   0.0040258829   0.0004359566   0.0556033539  -0.0011111415
       -0.0047102657   0.0017512667   0.0002888471  -0.0001284779  -0.0049215801
       -0.0043693990  -0.0009598315   0.0005885422  -0.0005768036  -0.0012818427
        0.0045044997  -0.0120559824  -0.0165312226   0.0045989409  -0.1052150659
       -0.0969940278  -0.0062078301  -0.0164899544  -0.0181646041  -0.0004466689
        0.0000519399  -0.0005257030  -0.0005176134   0.0006176485   0.0001238788
        0.0034856391  -0.0022828041  -0.0004192351  -0.0011111415   0.1287533951
        0.1186170558  -0.0002177023   0.0085558107   0.0150255485  -0.0047231751
       -0.0021168872  -0.0010066185   0.0006350516   0.0001818997  -0.0001250719
        0.0022912058  -0.0026924577  -0.0014151561   0.0061106943  -0.0986835059
       -0.2061334073  -0.0044187356  -0.0059865047  -0.0020565059  -0.0004190732
        0.0003730843   0.0007622422   0.0001567804   0.0002824990   0.0001192831
        0.0004270374  -0.0001217253   0.0013022490  -0.0047102657   0.1186170558
        0.2359866030   0.0017934910  -0.0115772186  -0.0301703778  -0.0011499714
       -0.0000578553   0.0013709769  -0.0000811630  -0.0001533715   0.0002340930
       -0.0032499308   0.0178550344  -0.0194854242  -0.0387917606   0.0002091681
        0.0022154566  -0.0153540606  -0.0285920851   0.0212065950  -0.0043942352
        0.0040923590  -0.0004045571   0.0004699389   0.0001875185  -0.0002877148
        0.0007333552  -0.0005516302  -0.0003282358   0.0017512667  -0.0002177023
        0.0017934910   0.0570493656   0.0063039883  -0.0053276213   0.0006298044
        0.0012535373   0.0004973452   0.0011562564  -0.0005401881   0.0001206654
        0.0055327906  -0.0148644824   0.0170073245   0.0039288223  -0.1106553332
        0.0890650163  -0.0199051096  -0.0230416398   0.0171746754   0.0038434484
       -0.0024461069   0.0003138666  -0.0002167525   0.0004680867  -0.0000310903
       -0.0007107645   0.0002054902   0.0004483690   0.0002888471   0.0085558107
       -0.0115772186   0.0063039883   0.1400985058  -0.1117449993   0.0002636348
        0.0008912455   0.0005219232   0.0006710950   0.0007884236  -0.0011778668
       -0.0020923999   0.0032195430  -0.0020061381  -0.0022215289   0.0871481778
       -0.1695011159   0.0097920365   0.0083180534   0.0018750029  -0.0006073040
        0.0001970137   0.0013464419  -0.0002717346  -0.0001645757  -0.0001024061
        0.0005151616  -0.0005015724   0.0008814769  -0.0001284779   0.0150255485
       -0.0301703778  -0.0053276213  -0.1117449993   0.1949676415  -0.0000042708
       -0.0010179764   0.0019327982   0.0003461394  -0.0004792126   0.0007766764
        0.0008067866  -0.0009176741  -0.0007986577  -0.0020932529  -0.0168480040
       -0.0250522058  -0.0508454996  -0.0018355888  -0.0020635426  -0.0001287511
        0.0000252506  -0.0001083662   0.0001532838   0.0002895837   0.0001495077
       -0.0005636790   0.0002825778   0.0006513424  -0.0049215801  -0.0047231751
       -0.0011499714   0.0006298044   0.0002636348  -0.0000042708   0.0585555983
        0.0044217821   0.0016860780  -0.0015927104   0.0190416129   0.0266900865
        0.0007852848   0.0013328486   0.0007162600  -0.0058800702  -0.0166993582
       -0.0200069475   0.0000841655  -0.1301126878  -0.1430668942   0.0001684130
       -0.0001204647   0.0001858841   0.0005011359  -0.0001594280   0.0000163153
       -0.0001614758   0.0003925360  -0.0000038788  -0.0043693990  -0.0021168872
       -0.0000578553   0.0012535373   0.0008912455  -0.0010179764   0.0044217821
        0.1609727708   0.1859498533   0.0031966265  -0.0143805750  -0.0227147603
        0.0008840838   0.0002397222   0.0003770062  -0.0007541704   0.0007563668
       -0.0029637531   0.0002914426  -0.1869820964  -0.2726939054  -0.0001874668
       -0.0000118098  -0.0004951821   0.0002856452   0.0002615489   0.0000624778
       -0.0005047017   0.0001589539   0.0003870616  -0.0009598315  -0.0010066185
        0.0013709769   0.0004973452   0.0005219232   0.0019327982   0.0016860780
        0.1859498533   0.2754113404  -0.0012384243   0.0001121564  -0.0033888205
       -0.0059352252  -0.0044231084  -0.0003236332  -0.0277272493   0.0164542774
       -0.0016578293  -0.2668381203   0.1525236417   0.0088932838   0.0003881855
       -0.0004832854   0.0003181102  -0.0017239349   0.0008601287   0.0000170469
        0.0004212933  -0.0004301219  -0.0003297943   0.0005885422   0.0006350516
       -0.0000811630   0.0011562564   0.0006710950   0.0003461394  -0.0015927104
        0.0031966265  -0.0012384243   0.3012629627  -0.1690043052  -0.0059437362
       -0.0031212210  -0.0008373753   0.0000336953  -0.0185677284   0.0085428142
        0.0013124621   0.1738008647  -0.1594592616  -0.0226386680  -0.0000344036
        0.0000555385  -0.0002507367  -0.0007107010   0.0005915806   0.0000274503
       -0.0002871267   0.0001670206   0.0003392536  -0.0005768036   0.0001818997
       -0.0001533715  -0.0005401881   0.0007884236  -0.0004792126   0.0190416129
       -0.0143805750   0.0001121564  -0.1690043052   0.1643499345   0.0216969711
       -0.0006590341   0.0001730667   0.0007654279   0.0044567894   0.0018379686
       -0.0014184281  -0.0231683065   0.0003692671  -0.0278665573  -0.0000705473
       -0.0000386820   0.0000383737  -0.0001445246   0.0000826132   0.0002375392
        0.0000004501  -0.0001035057  -0.0001546071  -0.0012818427  -0.0001250719
        0.0002340930   0.0001206654  -0.0011778668   0.0007766764   0.0266900865
       -0.0227147603  -0.0033888205  -0.0059437362   0.0216969711   0.0307763029
