$hessian                                                                        
        0.6534518511  -0.0022161461   0.0000180245  -0.2590049302   0.0684904525
       -0.0000049066   0.0140537445   0.0818172177   0.0000022341  -0.0535469882
        0.0006350344  -0.0000014084   0.0185977682  -0.0768187535  -0.0000018474
       -0.2460719440  -0.0742682131  -0.0000086950  -0.0401398396   0.0001734411
       -0.0000013737   0.0006384517   0.0020544685   0.0000002398   0.0051866773
       -0.0087069433   0.0000000032   0.0020226133   0.0001127872  -0.0000002738
        0.0001717623  -0.0042379536  -0.0000005285  -0.0041182889   0.0010020731
        0.0000001824   0.0015414497  -0.0027163989  -0.0000001972   0.0025681061
        0.0027171342  -0.0000001904  -0.0045222751   0.0003605887   0.0000001445
       -0.0000149119   0.0000383656   0.0000000008  -0.0004157134   0.0002218212
        0.0000002472  -0.0000269300   0.0001297560   0.0000002266   0.0002185593
        0.0005213301  -0.0000000823  -0.0483832921   0.0135179100  -0.0000013834
       -0.0417587367  -0.0028512362  -0.0000002352  -0.0004471333   0.0000232644
       -0.0000001813
       -0.0022161461   0.6775021496   0.0000140219   0.1473936910  -0.1611162878
        0.0000016810   0.0253613019  -0.0303126384   0.0000001757  -0.0006344796
        0.0020874154   0.0000002388  -0.0231789549  -0.0336043701  -0.0000015649
       -0.1380952723  -0.1499622630  -0.0000073981   0.0125597626   0.0061339671
        0.0000005966  -0.0001363830  -0.0039332237  -0.0000000962  -0.0000051426
       -0.0074231204  -0.0000003923  -0.0002281358   0.0009561703   0.0000000570
       -0.0020378035  -0.0027325959  -0.0000003138  -0.0010388747   0.0003612099
        0.0000000365  -0.0000472364  -0.0001568553   0.0000000254  -0.0000469878
       -0.0001575630   0.0000000002   0.0003372373  -0.0003067451  -0.0000000033
       -0.0000209202   0.0002259285  -0.0000000220  -0.0000005782   0.0000049189
        0.0000000148  -0.0001037559   0.0000058333   0.0000000562  -0.0000340899
        0.0002355032   0.0000000174  -0.0149568079   0.0139235849   0.0000001092
       -0.0029590344  -0.3123999108  -0.0000071594   0.0000886104   0.0006688924
       -0.0000000807
        0.0000180245   0.0000140219   0.1021637765  -0.0000028776  -0.0000003470
       -0.0427891105   0.0000018504   0.0000017806  -0.0014943330  -0.0000015636
       -0.0000000013  -0.0006423140   0.0000000835  -0.0000038104   0.0002934893
       -0.0000098434  -0.0000048809  -0.0410517951  -0.0000016484   0.0000003862
        0.0019412539  -0.0000003330  -0.0000002311   0.0043582611  -0.0000005957
       -0.0000000224   0.0060651739  -0.0000001506   0.0000001608  -0.0003015557
       -0.0000002094  -0.0000001634   0.0002222893  -0.0000001254  -0.0000001015
       -0.0001649106   0.0000000524  -0.0000000095  -0.0000426899  -0.0000000120
        0.0000000700  -0.0000391662  -0.0000001260   0.0000000509  -0.0000262821
        0.0000000137  -0.0000000667  -0.0000606822   0.0000000751  -0.0000000427
        0.0000039748  -0.0000000120  -0.0000000169   0.0000833093   0.0000000166
        0.0000001343  -0.0000142327  -0.0000021096   0.0000000732   0.0035521613
       -0.0000004328  -0.0000070122  -0.0318888225  -0.0000000767   0.0000000281
       -0.0001677949
       -0.2590049302   0.1473936910  -0.0000028776   0.6379219289  -0.0433271008
        0.0000122023  -0.0540785395  -0.0510744491  -0.0000009579   0.0140526715
       -0.0253617487   0.0000005577  -0.0104648647   0.0220692511   0.0000002967
       -0.0655123143  -0.0242072258  -0.0000031822  -0.0017782360  -0.0011598947
        0.0000000429   0.0018605777   0.0010409098   0.0000003268  -0.0402692765
        0.0506844650  -0.0000009074   0.0128899775   0.0041133872   0.0000002545
       -0.0583322917  -0.0023188934  -0.0000000791   0.0004218964   0.0013321970
        0.0000000385  -0.0043149355   0.0017652464   0.0000003687  -0.0036094981
       -0.0020861569  -0.0000002172   0.0025163065   0.0014808785   0.0000000138
        0.0002604468  -0.0011733751  -0.0000000542   0.0017683870  -0.0010440988
        0.0000001607  -0.0002879927  -0.0001361800   0.0000002833   0.0003107406
       -0.0000765924  -0.0000000818  -0.1708134025  -0.0785761861  -0.0000054098
        0.0000819664   0.0033620373  -0.0000001897  -0.0036186177  -0.0027001617
       -0.0000005891
        0.0684904525  -0.1611162878  -0.0000003470  -0.0433271008   0.6373978788
        0.0000106039   0.0510721464  -0.2841534158  -0.0000031167  -0.0818176604
       -0.0303115655  -0.0000035759   0.0294736750  -0.0533698384  -0.0000004085
        0.0309235553   0.0634843026   0.0000025844  -0.0035069635  -0.0015570739
       -0.0000002446   0.0012076448   0.0020080164   0.0000000328   0.0058079317
       -0.0322986894  -0.0000001672   0.0044319243   0.0049369080   0.0000001691
        0.0029717132   0.0187189959   0.0000011147   0.0042513065  -0.0034263414
       -0.0000002439  -0.0013394463   0.0010174655   0.0000000020  -0.0019614627
       -0.0003573806  -0.0000000537  -0.0000045529   0.0017425192  -0.0000001304
        0.0000345346   0.0001341960   0.0000000357   0.0008720995  -0.0005500456
        0.0000000736   0.0001879640  -0.0001756548   0.0000000182  -0.0003142507
       -0.0003770286  -0.0000000523  -0.0924270491  -0.1431450057  -0.0000064588
        0.0262873579  -0.0179584860   0.0000004073  -0.0013138193  -0.0006434687
       -0.0000002424
       -0.0000049066   0.0000016810  -0.0427891105   0.0000122023   0.0000106039
        0.1128703567   0.0000011463  -0.0000063796  -0.0485101760  -0.0000017244
       -0.0000015433  -0.0014943407   0.0000004575  -0.0000003846  -0.0026526170
       -0.0000014787   0.0000003555  -0.0018681618  -0.0000002641  -0.0000001648
        0.0047804834   0.0000002379   0.0000001567   0.0002553320  -0.0000007464
        0.0000015685   0.0030479007  -0.0000002517   0.0000000057  -0.0002357605
        0.0000009036   0.0000012376  -0.0026908664   0.0000004708  -0.0000002628
        0.0002100858   0.0000000957   0.0000002072   0.0012953542  -0.0000001950
       -0.0000000893  -0.0000252314   0.0000002071  -0.0000000609  -0.0003064353
        0.0000000142   0.0000000204   0.0000593205   0.0000000541  -0.0000000392
       -0.0000993279   0.0000000087  -0.0000000461  -0.0000139275   0.0000000360
       -0.0000001034   0.0001371556  -0.0000064660  -0.0000060782  -0.0310000620
        0.0000006235  -0.0000003857   0.0015189743  -0.0000004248  -0.0000002986
        0.0075110538
        0.0140537445   0.0253613019   0.0000018504  -0.0540785395   0.0510721464
        0.0000011463   0.6379227934   0.0433271004   0.0000170705  -0.2590070931
       -0.1473927128  -0.0000108664  -0.0655123815   0.0242085175  -0.0000025356
       -0.0104653808  -0.0220696816  -0.0000006571   0.0018605548  -0.0010409083
       -0.0000000016  -0.0017781885   0.0011598970   0.0000003227  -0.1708116875
        0.0785764631  -0.0000032035  -0.0583322974   0.0023196656  -0.0000003785
        0.0128898912  -0.0041134673   0.0000000363   0.0025162913  -0.0014808843
        0.0000001584  -0.0036094575   0.0020861897  -0.0000000748  -0.0043149394
       -0.0017651978   0.0000001948   0.0004218421  -0.0013322337  -0.0000000059
        0.0003107412   0.0000765845  -0.0000000900  -0.0002879940   0.0001361825
        0.0000002318   0.0017683896   0.0010440768   0.0000001972   0.0002604567
        0.0011733725  -0.0000000392  -0.0402698401  -0.0506843843  -0.0000029134
       -0.0036185763   0.0027001908  -0.0000002912   0.0000816708  -0.0033622185
       -0.0000001514
        0.0818172177  -0.0303126384   0.0000017806  -0.0510744491  -0.2841534158
       -0.0000063796   0.0433271004   0.6373970103   0.0000116674  -0.0684894729
       -0.1611141259  -0.0000058055  -0.0309222627   0.0634843696   0.0000008014
       -0.0294741046  -0.0533693219  -0.0000020432  -0.0012076434   0.0020080394
        0.0000000404   0.0035069652  -0.0015571208  -0.0000001905   0.0924273279
       -0.1431467199   0.0000027273  -0.0029709440   0.0187190028  -0.0000004113
       -0.0044319971   0.0049369937   0.0000000369   0.0000045410   0.0017425342
        0.0000000979   0.0019614954  -0.0003574228   0.0000000084   0.0013394981
        0.0010174723   0.0000000125  -0.0042513409  -0.0034262893   0.0000001177
        0.0003142415  -0.0003770304   0.0000000099  -0.0001879627  -0.0001756541
       -0.0000000284  -0.0008721223  -0.0005500472  -0.0000000703  -0.0000345361
        0.0001341825  -0.0000000032  -0.0058078611  -0.0322981201  -0.0000011135
        0.0013138489  -0.0006435089  -0.0000001274  -0.0262875391  -0.0179581893
       -0.0000011275
        0.0000022341   0.0000001757  -0.0014943330  -0.0000009579  -0.0000031167
       -0.0485101760   0.0000170705   0.0000116674   0.1128704113  -0.0000091014
       -0.0000079122  -0.0427891950  -0.0000031098   0.0000026565  -0.0018681162
       -0.0000009199  -0.0000019977  -0.0026526097   0.0000001748  -0.0000000823
        0.0002553414  -0.0000001521  -0.0000001457   0.0047804879  -0.0000038517
        0.0000024478  -0.0310002168   0.0000004127  -0.0000004695  -0.0026908261
       -0.0000003799   0.0000001896  -0.0002357523   0.0000002828   0.0000000952
       -0.0003064468  -0.0000001251   0.0000001285  -0.0000252307   0.0000001087
       -0.0000002026   0.0012953604   0.0000004018   0.0000001144   0.0002101084
        0.0000000294   0.0000000534   0.0001371817  -0.0000000208   0.0000000459
       -0.0000139135  -0.0000000101   0.0000000019  -0.0000993338   0.0000000108
        0.0000000201   0.0000593187  -0.0000011267  -0.0000029994   0.0030478854
       -0.0000003093  -0.0000001105   0.0075110512  -0.0000006610  -0.0000005599
        0.0015190036
       -0.0535469882  -0.0006344796  -0.0000015636   0.0140526715  -0.0818176604
       -0.0000017244  -0.2590070931  -0.0684894729  -0.0000091014   0.6534518960
        0.0022163801   0.0000203756  -0.2460698199   0.0742691749  -0.0000056819
        0.0185987701   0.0768182308   0.0000024429   0.0006384304  -0.0020545119
       -0.0000000862  -0.0401399627  -0.0001729738  -0.0000017110  -0.0483832809
       -0.0135172855  -0.0000022482   0.0001718250   0.0042379253  -0.0000003333
        0.0020226141  -0.0001127982  -0.0000003238  -0.0045222833  -0.0003605458
        0.0000001513   0.0025680795  -0.0027171623  -0.0000002141   0.0015414775
        0.0027163818  -0.0000001774  -0.0041182884  -0.0010020269   0.0000001160
        0.0002185587  -0.0005213324  -0.0000000338  -0.0000269316  -0.0001297552
        0.0000002033  -0.0004157150  -0.0002218168   0.0000002230  -0.0000149143
       -0.0000383636  -0.0000000556   0.0051867684   0.0087068172   0.0000002249
       -0.0004471345  -0.0000232540   0.0000000465  -0.0417586791   0.0028485293
       -0.0000005290
        0.0006350344   0.0020874154  -0.0000000013  -0.0253617487  -0.0303115655
       -0.0000015433  -0.1473927128  -0.1611141259  -0.0000079122   0.0022163801
        0.6775021044   0.0000142497   0.1380962334  -0.1499643906   0.0000023735
        0.0231784311  -0.0336053718  -0.0000002887   0.0001363381  -0.0039332051
       -0.0000002090  -0.0125592946   0.0061340972  -0.0000003198   0.0149574307
        0.0139235678   0.0000003720   0.0020377770  -0.0027326580   0.0000002618
        0.0002281281   0.0009561681  -0.0000000106  -0.0003371925  -0.0003067351
        0.0000000015   0.0000469601  -0.0001575369  -0.0000000095   0.0000472186
       -0.0001568828  -0.0000000220   0.0010389223   0.0003612073   0.0000000016
        0.0000340891   0.0002355096  -0.0000000089   0.0001037560   0.0000058340
       -0.0000000434   0.0000005819   0.0000049213  -0.0000000081   0.0000209247
        0.0002259270   0.0000000272   0.0000050144  -0.0074232040  -0.0000001463
       -0.0000885998   0.0006688928  -0.0000000081   0.0029563284  -0.3123999692
       -0.0000067562
       -0.0000014084   0.0000002388  -0.0006423140   0.0000005577  -0.0000035759
       -0.0014943407  -0.0000108664  -0.0000058055  -0.0427891950   0.0000203756
        0.0000142497   0.1021638660  -0.0000038061  -0.0000000606  -0.0410519743
        0.0000011261   0.0000018855   0.0002933913  -0.0000003793  -0.0000001627
        0.0043583508  -0.0000023866  -0.0000001129   0.0019413614  -0.0000020034
        0.0000006049   0.0035522431  -0.0000001672   0.0000000133   0.0002222525
       -0.0000001577  -0.0000000904  -0.0003015684  -0.0000001446  -0.0000000780
       -0.0000262938   0.0000000025  -0.0000000657  -0.0000391628   0.0000000736
        0.0000000008  -0.0000426965  -0.0000000909   0.0000001176  -0.0001649483
        0.0000000196  -0.0000001364  -0.0000142028  -0.0000000092   0.0000000156
        0.0000833235   0.0000000632   0.0000000373   0.0000039878   0.0000000138
        0.0000001020  -0.0000606581  -0.0000003540  -0.0000004411   0.0060652091
       -0.0000000858   0.0000000120  -0.0001677877  -0.0000003724  -0.0000067484
       -0.0318888430
        0.0185977682  -0.0231789549   0.0000000835  -0.0104648647   0.0294736750
        0.0000004575  -0.0655123815  -0.0309222627  -0.0000031098  -0.2460698199
        0.1380962334  -0.0000038061   0.5168401463  -0.0573445442   0.0000141814
       -0.0661612584  -0.0282559261  -0.0000013730  -0.0150129572   0.0295376595
        0.0000001900  -0.1219853703  -0.0557054914  -0.0000057630  -0.0004744661
        0.0005790596  -0.0000002689  -0.0046853279  -0.0016093413  -0.0000000510
       -0.0032231081   0.0019543457   0.0000002436   0.0025142538  -0.0001710039
       -0.0000000046  -0.0016341551   0.0013140845   0.0000000646  -0.0014138092
       -0.0011980299   0.0000000804   0.0015645730   0.0002938611  -0.0000000001
       -0.0000237920  -0.0002577739   0.0000000178   0.0001620603  -0.0000877130
       -0.0000000734   0.0002977545   0.0001581088  -0.0000000967  -0.0000151888
        0.0001558360  -0.0000000159   0.0014055661  -0.0032031342  -0.0000003642
       -0.0034726026  -0.0022911969  -0.0000004401  -0.0012330203   0.0026625086
        0.0000000478
       -0.0768187535  -0.0336043701  -0.0000038104   0.0220692511  -0.0533698384
       -0.0000003846   0.0242085175   0.0634843696   0.0000026565   0.0742691749
       -0.1499643906  -0.0000000606  -0.0573445442   0.5716472230   0.0000107058
        0.0282536070  -0.2975039672  -0.0000058304   0.0145924256  -0.0239069613
        0.0000000244  -0.0574066742  -0.0587868694  -0.0000034910   0.0007797729
       -0.0071407333  -0.0000001285   0.0002992043  -0.0001910846  -0.0000001976
        0.0010438655   0.0008563309  -0.0000001559  -0.0027714935  -0.0007829841
        0.0000001009   0.0012385348  -0.0024199722  -0.0000000976   0.0010686166
        0.0024172703  -0.0000000739  -0.0025571953   0.0005436336   0.0000000601
        0.0000428306  -0.0002018063  -0.0000000053   0.0001885863  -0.0001277277
        0.0000000448   0.0001325511   0.0000897428   0.0000000404   0.0000843748
        0.0002183703  -0.0000000075   0.0052435066   0.0058969828   0.0000003163
       -0.0017946393  -0.0007481935  -0.0000001443   0.0251784804  -0.0164050248
        0.0000004385
       -0.0000018474  -0.0000015649   0.0002934893   0.0000002967  -0.0000004085
       -0.0026526170  -0.0000025356   0.0000008014  -0.0018681162  -0.0000056819
        0.0000023735  -0.0410519743   0.0000141814   0.0000107058   0.0946482886
       -0.0000001241  -0.0000076694  -0.0451677368   0.0000002033   0.0000001218
        0.0017238876  -0.0000055091  -0.0000032279  -0.0194889132   0.0000006462
       -0.0000009297   0.0056938318  -0.0000002916   0.0000000080   0.0013259183
        0.0000000995   0.0000000430  -0.0000151278   0.0000001148  -0.0000000552
       -0.0000086750   0.0000000926   0.0000000101   0.0000014006   0.0000000609
        0.0000000079  -0.0001899710   0.0000001167   0.0000000023  -0.0000606800
       -0.0000000221  -0.0000000583   0.0000079578  -0.0000001581   0.0000000759
        0.0000198847  -0.0000001460  -0.0000000736   0.0000174149  -0.0000000171
        0.0000000577  -0.0000022494   0.0000002373   0.0000003422   0.0001440139
       -0.0000003175  -0.0000002772   0.0065164488   0.0000006011  -0.0000002847
        0.0001135243
       -0.2460719440  -0.1380952723  -0.0000098434  -0.0655123143   0.0309235553
       -0.0000014787  -0.0104653808  -0.0294741046  -0.0000009199   0.0185987701
        0.0231784311   0.0000011261  -0.0661612584   0.0282536070  -0.0000001241
        0.5168412896   0.0573450998   0.0000156969  -0.1219842316   0.0557061207
       -0.0000022594  -0.0150134000  -0.0295377491  -0.0000015079   0.0014055463
        0.0032031789  -0.0000001999  -0.0032231379  -0.0019543052   0.0000001531
       -0.0046853149   0.0016093872   0.0000000466   0.0015645945  -0.0002938694
       -0.0000000355  -0.0014138081   0.0011980682   0.0000001050  -0.0016341806
       -0.0013140931   0.0000000563   0.0025142834   0.0001709716   0.0000000245
       -0.0000151940  -0.0001558339   0.0000000298   0.0002977509  -0.0001581101
       -0.0000000622   0.0001620607   0.0000877111  -0.0000000920  -0.0000237891
        0.0002577703  -0.0000000198  -0.0004744800  -0.0005791272  -0.0000003609
       -0.0012332997  -0.0026626608  -0.0000001291  -0.0034725619   0.0022912243
       -0.0000002055
       -0.0742682131  -0.1499622630  -0.0000048809  -0.0242072258   0.0634843026
        0.0000003555  -0.0220696816  -0.0533693219  -0.0000019977   0.0768182308
       -0.0336053718   0.0000018855  -0.0282559261  -0.2975039672  -0.0000076694
        0.0573450998   0.5716460755   0.0000147463   0.0574073034  -0.0587880007
        0.0000008168  -0.0145925165  -0.0239065202  -0.0000017065  -0.0052434609
        0.0058970032  -0.0000000553  -0.0010438249   0.0008563607   0.0000001528
       -0.0002991598  -0.0001910975   0.0000001308   0.0025571862   0.0005436113
       -0.0000000968  -0.0010685779   0.0024172696   0.0000000943  -0.0012385426
       -0.0024199476   0.0000000706   0.0027714611  -0.0007830145  -0.0000000817
       -0.0000843712   0.0002183734   0.0000000436  -0.0001325534   0.0000897455
       -0.0000000505  -0.0001885894  -0.0001277269  -0.0000001114  -0.0000428353
       -0.0002018096  -0.0000000438  -0.0007798383  -0.0071407196  -0.0000004207
       -0.0251786314  -0.0164047465  -0.0000011805   0.0017946670  -0.0007482347
       -0.0000000011
       -0.0000086950  -0.0000073981  -0.0410517951  -0.0000031822   0.0000025844
       -0.0018681618  -0.0000006571  -0.0000020432  -0.0026526097   0.0000024429
       -0.0000002887   0.0002933913  -0.0000013730  -0.0000058304  -0.0451677368
        0.0000156969   0.0000147463   0.0946480012  -0.0000019401   0.0000007672
       -0.0194886447  -0.0000011971  -0.0000019138   0.0017238654  -0.0000002150
        0.0000000163   0.0001440182   0.0000000981   0.0000000395  -0.0000151165
       -0.0000003414   0.0000000105   0.0013258984   0.0000001904   0.0000000423
       -0.0000606900  -0.0000000950   0.0000001174  -0.0001899669  -0.0000000700
       -0.0000000832   0.0000014130   0.0000001779  -0.0000000021  -0.0000086522
       -0.0000000113  -0.0000000112  -0.0000022117  -0.0000000282   0.0000000085
        0.0000174534  -0.0000000778  -0.0000000422   0.0000198790  -0.0000000154
       -0.0000000278   0.0000079220   0.0000002659  -0.0000000940   0.0056938194
       -0.0000006569  -0.0000005244   0.0001134573  -0.0000003166  -0.0000000733
        0.0065164670
       -0.0401398396   0.0125597626  -0.0000016484  -0.0017782360  -0.0035069635
       -0.0000002641   0.0018605548  -0.0012076434   0.0000001748   0.0006384304
        0.0001363381  -0.0000003793  -0.0150129572   0.0145924256   0.0000002033
       -0.1219842316   0.0574073034  -0.0000019401   0.1725323259  -0.0821205728
        0.0000034657   0.0064213635   0.0002306914  -0.0000000773  -0.0035916353
        0.0004591935   0.0000001899   0.0018453903   0.0010568121   0.0000000203
       -0.0001815395  -0.0005055786  -0.0000000042  -0.0000073874   0.0002965058
       -0.0000000415   0.0001590075   0.0000324489   0.0000000627   0.0003266248
       -0.0000220074   0.0000000619  -0.0004431619  -0.0002542900  -0.0000000529
        0.0000806843   0.0000463992   0.0000000069   0.0000135854  -0.0000052012
       -0.0000001143  -0.0001107973  -0.0000528702  -0.0000001203   0.0000061505
       -0.0000661496   0.0000000247  -0.0008260321   0.0009139719   0.0000002315
        0.0005844878   0.0002169001   0.0000001179  -0.0003927872  -0.0002074759
        0.0000000828
        0.0001734411   0.0061339671   0.0000003862  -0.0011598947  -0.0015570739
       -0.0000001648  -0.0010409083   0.0020080394  -0.0000000823  -0.0020545119
       -0.0039332051  -0.0000001627   0.0295376595  -0.0239069613   0.0000001218
        0.0557061207  -0.0587880007   0.0000007672  -0.0821205728   0.0822073937
       -0.0000009734  -0.0002307798  -0.0023228866   0.0000001903   0.0024680871
       -0.0003235793  -0.0000000573  -0.0012282412  -0.0007152071  -0.0000000042
        0.0000405573   0.0000756176  -0.0000000327  -0.0001723218  -0.0001896195
        0.0000000203  -0.0001052510  -0.0000896528  -0.0000000295  -0.0001671744
        0.0000879142  -0.0000000259   0.0002460516   0.0001276247   0.0000000304
       -0.0000573501  -0.0000150985  -0.0000000074   0.0000061538  -0.0000036114
        0.0000000521   0.0000841495   0.0000540270   0.0000000641   0.0000146658
        0.0001167540  -0.0000000061  -0.0005186919   0.0004425303  -0.0000000770
       -0.0006445264   0.0009771033   0.0000000222   0.0012233380  -0.0003860751
       -0.0000000314
       -0.0000013737   0.0000005966   0.0019412539   0.0000000429  -0.0000002446
        0.0047804834  -0.0000000016   0.0000000404   0.0002553414  -0.0000000862
       -0.0000002090   0.0043583508   0.0000001900   0.0000000244   0.0017238876
       -0.0000022594   0.0000008168  -0.0194886447   0.0000034657  -0.0000009734
        0.0104054720   0.0000001750  -0.0000000819  -0.0010657498   0.0000000415
        0.0000000694  -0.0009424975   0.0000000566   0.0000000159  -0.0000999704
       -0.0000000409  -0.0000000310  -0.0000147353  -0.0000001487   0.0000000268
        0.0000770561  -0.0000000770   0.0000000271   0.0000149573  -0.0000000981
       -0.0000000071   0.0000200047  -0.0000001821  -0.0000000613   0.0000034610
        0.0000000202   0.0000000894   0.0000031097   0.0000001723  -0.0000000864
       -0.0000041025   0.0000001411   0.0000000684  -0.0000199410   0.0000000190
       -0.0000000383   0.0000045159  -0.0000001479  -0.0000001139  -0.0000715261
        0.0000000661   0.0000001008  -0.0018389296   0.0000000251  -0.0000000290
       -0.0000417967
        0.0006384517  -0.0001363830  -0.0000003330   0.0018605777   0.0012076448
        0.0000002379  -0.0017781885   0.0035069652  -0.0000001521  -0.0401399627
       -0.0125592946  -0.0000023866  -0.1219853703  -0.0574066742  -0.0000055091
       -0.0150134000  -0.0145925165  -0.0000011971   0.0064213635  -0.0002307798
        0.0000001750   0.1725339760   0.0821196707   0.0000087905  -0.0008260365
       -0.0009139589   0.0000000548  -0.0001815350   0.0005055803   0.0000000060
        0.0018453917  -0.0010568372  -0.0000000161  -0.0004431640   0.0002542963
       -0.0000000459   0.0003266263   0.0000220045   0.0000000542   0.0001590082
       -0.0000324520   0.0000000998  -0.0000073899  -0.0002965068  -0.0000000350
        0.0000061499   0.0000661495  -0.0000000245  -0.0001107984   0.0000528724
       -0.0000000977   0.0000135862   0.0000052018  -0.0000000624   0.0000806861
       -0.0000464010   0.0000000723  -0.0035916667  -0.0004591614   0.0000002320
       -0.0003927978   0.0002074760   0.0000000041   0.0005844924  -0.0002168960
        0.0000001330
        0.0020544685  -0.0039332237  -0.0000002311   0.0010409098   0.0020080164
        0.0000001567   0.0011598970  -0.0015571208  -0.0000001457  -0.0001729738
        0.0061340972  -0.0000001129  -0.0557054914  -0.0587868694  -0.0000032279
       -0.0295377491  -0.0239065202  -0.0000019138   0.0002306914  -0.0023228866
       -0.0000000819   0.0821196707   0.0822057489   0.0000053372   0.0005187035
        0.0004425345   0.0000000296  -0.0000405550   0.0000756113   0.0000000352
        0.0012282153  -0.0007152074  -0.0000000140  -0.0002460464   0.0001276267
       -0.0000000243   0.0001671715   0.0000879132   0.0000000234   0.0001052481
       -0.0000896546   0.0000000477   0.0001723196  -0.0001896207  -0.0000000170
       -0.0000146650   0.0001167564  -0.0000000127  -0.0000841467   0.0000540268
       -0.0000000426  -0.0000061530  -0.0000036108  -0.0000000195   0.0000573501
       -0.0000151012   0.0000000381  -0.0024680562  -0.0003235507   0.0000001185
       -0.0012233383  -0.0003860650  -0.0000000473   0.0006445294   0.0009770996
        0.0000001041
        0.0000002398  -0.0000000962   0.0043582611   0.0000003268   0.0000000328
        0.0002553320   0.0000003227  -0.0000001905   0.0047804879  -0.0000017110
       -0.0000003198   0.0019413614  -0.0000057630  -0.0000034910  -0.0194889132
       -0.0000015079  -0.0000017065   0.0017238654  -0.0000000773   0.0000001903
       -0.0010657498   0.0000087905   0.0000053372   0.0104057415  -0.0000002034
        0.0000004289  -0.0000715850  -0.0000001400   0.0000000231  -0.0000147233
        0.0000000620  -0.0000000515  -0.0000999647  -0.0000004152   0.0000001466
        0.0000034786  -0.0000002680   0.0000000550   0.0000200291  -0.0000002499
       -0.0000000686   0.0000149602  -0.0000003564  -0.0000001477   0.0000770398
        0.0000000465   0.0000001751   0.0000044934   0.0000004057  -0.0000002027
       -0.0000199399   0.0000004369   0.0000002200  -0.0000040780   0.0000000547
       -0.0000001927   0.0000031457  -0.0000000408  -0.0000001852  -0.0009424835
       -0.0000000617   0.0000000205  -0.0000417815   0.0000001090   0.0000000227
       -0.0018389772
        0.0051866773  -0.0000051426  -0.0000005957  -0.0402692765   0.0058079317
       -0.0000007464  -0.1708116875   0.0924273279  -0.0000038517  -0.0483832809
        0.0149574307  -0.0000020034  -0.0004744661   0.0007797729   0.0000006462
        0.0014055463  -0.0052434609  -0.0000002150  -0.0035916353   0.0024680871
        0.0000000415  -0.0008260365   0.0005187035  -0.0000002034   0.4813698844
        0.0035248977  -0.0000015864  -0.1785156819  -0.0949430764   0.0000049443
       -0.0409385227  -0.0056448555   0.0000014912   0.0047004973   0.0034238060
        0.0000006434   0.0023266308   0.0026141190  -0.0000002749   0.0006459823
        0.0011873792  -0.0000006277  -0.0511262789  -0.0229114379   0.0000023514
        0.0018419034   0.0039395254  -0.0000000253  -0.0009293052  -0.0006794906
        0.0000000397  -0.0038168992  -0.0023164856   0.0000001001  -0.0006710674
       -0.0007831856  -0.0000000409   0.0418953918  -0.0005596755  -0.0000002823
       -0.0010434904  -0.0000921943  -0.0000000117   0.0020251151   0.0015300241
        0.0000002070
       -0.0087069433  -0.0074231204  -0.0000000224   0.0506844650  -0.0322986894
        0.0000015685   0.0785764631  -0.1431467199   0.0000024478  -0.0135172855
        0.0139235678   0.0000006049   0.0005790596  -0.0071407333  -0.0000009297
        0.0032031789   0.0058970032   0.0000000163   0.0004591935  -0.0003235793
        0.0000000694  -0.0009139589   0.0004425345   0.0000004289   0.0035248977
        0.3437793673  -0.0000075851  -0.0845550728  -0.1462451734   0.0000029461
       -0.0521384941  -0.0326503379   0.0000023773   0.0091809026  -0.0049757368
        0.0000001202  -0.0030047789   0.0048499497  -0.0000003173   0.0003356532
       -0.0065107741  -0.0000007717   0.0127334734   0.0051548380   0.0000001886
        0.0018135739   0.0067208114  -0.0000000561   0.0006653249   0.0004296104
        0.0000002177  -0.0007681797  -0.0004551630   0.0000004025  -0.0013826084
       -0.0016590290  -0.0000000145   0.0005592751   0.0016230154  -0.0000015140
        0.0017568337  -0.0008211670  -0.0000000260   0.0009150267   0.0008295258
       -0.0000001515
        0.0000000032  -0.0000003923   0.0060651739  -0.0000009074  -0.0000001672
        0.0030479007  -0.0000032035   0.0000027273  -0.0310002168  -0.0000022482
        0.0000003720   0.0035522431  -0.0000002689  -0.0000001285   0.0056938318
       -0.0000001999  -0.0000000553   0.0001440182   0.0000001899  -0.0000000573
       -0.0009424975   0.0000000548   0.0000000296  -0.0000715850  -0.0000015864
       -0.0000075851   0.0371905075   0.0000042166   0.0000033575  -0.0304768765
        0.0000013509   0.0000002467   0.0027284783  -0.0000000082  -0.0000003967
        0.0062061772   0.0000004417  -0.0000002468   0.0001263231   0.0000004374
        0.0000002080   0.0044868644   0.0000023834   0.0000006356   0.0031463158
       -0.0000002312  -0.0000001237  -0.0019512118  -0.0000002098   0.0000001007
       -0.0000790705  -0.0000003549  -0.0000001616  -0.0007368887  -0.0000000685
        0.0000000391  -0.0003167119  -0.0000001144   0.0000014531  -0.0030757851
        0.0000000736  -0.0000000269  -0.0004699796   0.0000002498   0.0000001717
       -0.0032670106
        0.0020226133  -0.0002281358  -0.0000001506   0.0128899775   0.0044319243
       -0.0000002517  -0.0583322974  -0.0029709440   0.0000004127   0.0001718250
        0.0020377770  -0.0000001672  -0.0046853279   0.0002992043  -0.0000002916
       -0.0032231379  -0.0010438249   0.0000000981   0.0018453903  -0.0012282412
        0.0000000566  -0.0001815350  -0.0000405550  -0.0000001400  -0.1785156819
       -0.0845550728   0.0000042166   0.6285023400  -0.0299910518  -0.0000185190
       -0.0527280136  -0.0527976185  -0.0000006602   0.0143809188  -0.0247747348
       -0.0000018685  -0.0109791348   0.0208285212   0.0000008020  -0.0611959555
       -0.0222826859   0.0000033180  -0.2465250602   0.1376465983   0.0000093870
       -0.0015410677   0.0058505840   0.0000002836  -0.0006443599  -0.0013619985
       -0.0000000291   0.0022944478   0.0010856537  -0.0000003105  -0.0029657955
       -0.0023841231   0.0000003565  -0.0409379468   0.0521385768   0.0000032777
        0.0006664468  -0.0004229976   0.0000000527  -0.0003186455  -0.0002368558
        0.0000001272
        0.0001127872   0.0009561703   0.0000001608   0.0041133872   0.0049369080
        0.0000000057   0.0023196656   0.0187190028  -0.0000004695   0.0042379253
       -0.0027326580   0.0000000133  -0.0016093413  -0.0001910846   0.0000000080
       -0.0019543052   0.0008563607   0.0000000395   0.0010568121  -0.0007152071
        0.0000000159   0.0005055803   0.0000756113   0.0000000231  -0.0949430764
       -0.1462451734   0.0000033575  -0.0299910518   0.6306158404   0.0000076241
        0.0527953029  -0.2836106412  -0.0000059860  -0.0789332771  -0.0354623168
        0.0000029114   0.0268837138  -0.0448821858  -0.0000012579   0.0268638011
        0.0533007973  -0.0000004829   0.0634824404  -0.1222169046  -0.0000037474
        0.0214702606  -0.0431990983  -0.0000013469  -0.0029527372  -0.0015737183
        0.0000001099   0.0007561378   0.0009625213  -0.0000000387   0.0003056302
        0.0032446306   0.0000000539   0.0056449387  -0.0326509173  -0.0000010613
        0.0000653244   0.0001946588   0.0000000292  -0.0002299185  -0.0003825960
        0.0000000383
       -0.0000002738   0.0000000570  -0.0003015557   0.0000002545   0.0000001691
       -0.0002357605  -0.0000003785  -0.0000004113  -0.0026908261  -0.0000003333
        0.0000002618   0.0002222525  -0.0000000510  -0.0000001976   0.0013259183
        0.0000001531   0.0000001528  -0.0000151165   0.0000000203  -0.0000000042
       -0.0000999704   0.0000000060   0.0000000352  -0.0000147233   0.0000049443
        0.0000029461  -0.0304768765  -0.0000185190   0.0000076241   0.1052106173
        0.0000008965  -0.0000012540  -0.0420286582  -0.0000012893   0.0000006472
       -0.0021259575   0.0000007341  -0.0000014256  -0.0002606906   0.0000030026
        0.0000019740  -0.0024516426   0.0000088944  -0.0000062961  -0.0400164674
        0.0000003195  -0.0000008406   0.0021969995   0.0000001105  -0.0000000147
        0.0040483262  -0.0000002562  -0.0000001464   0.0001976648   0.0000003304
        0.0000000962   0.0045716744   0.0000014581  -0.0000033871   0.0027284767
       -0.0000000281   0.0000000151   0.0001087661   0.0000000049  -0.0000000010
        0.0001075495
        0.0001717623  -0.0020378035  -0.0000002094  -0.0583322917   0.0029717132
        0.0000009036   0.0128898912  -0.0044319971  -0.0000003799   0.0020226141
        0.0002281281  -0.0000001577  -0.0032231081   0.0010438655   0.0000000995
       -0.0046853149  -0.0002991598  -0.0000003414  -0.0001815395   0.0000405573
       -0.0000000409   0.0018453917   0.0012282153   0.0000000620  -0.0409385227
       -0.0521384941   0.0000013509  -0.0527280136   0.0527953029   0.0000008965
        0.6285029379   0.0299910760  -0.0000207517  -0.2465270786  -0.1376453514
        0.0000074187  -0.0611960016   0.0222838268   0.0000038900  -0.0109796137
       -0.0208288597   0.0000003894   0.0143819579   0.0247742350  -0.0000012087
       -0.0029657658   0.0023841846   0.0000003490   0.0022944284  -0.0010856671
       -0.0000003150  -0.0006443155   0.0013619894  -0.0000000732  -0.0015413436
       -0.0058510048   0.0000000083  -0.1785138826   0.0845553950   0.0000080907
       -0.0003186413   0.0002368552  -0.0000000760   0.0006664498   0.0004229932
        0.0000000953
       -0.0042379536  -0.0027325959  -0.0000001634  -0.0023188934   0.0187189959
        0.0000012376  -0.0041134673   0.0049369937   0.0000001896  -0.0001127982
        0.0009561681  -0.0000000904   0.0019543457   0.0008563309   0.0000000430
        0.0016093872  -0.0001910975   0.0000000105  -0.0005055786   0.0000756176
       -0.0000000310  -0.0010568372  -0.0007152074  -0.0000000515  -0.0056448555
       -0.0326503379   0.0000002467  -0.0527976185  -0.2836106412  -0.0000012540
        0.0299910760   0.6306152381   0.0000066593  -0.0634811936  -0.1222148896
        0.0000025817  -0.0268626528   0.0533008436   0.0000018765  -0.0268840534
       -0.0448817069   0.0000003443   0.0789327770  -0.0354633551  -0.0000039740
       -0.0003055658   0.0032446086   0.0000000130  -0.0007561514   0.0009625391
        0.0000001439   0.0029527284  -0.0015737620  -0.0000002208  -0.0214706839
       -0.0431988240   0.0000004258   0.0949433995  -0.1462469729  -0.0000080725
        0.0002299186  -0.0003826007   0.0000000307  -0.0000653292   0.0001946555
        0.0000000552
       -0.0000005285  -0.0000003138   0.0002222893  -0.0000000791   0.0000011147
       -0.0026908664   0.0000000363   0.0000000369  -0.0002357523  -0.0000003238
       -0.0000000106  -0.0003015684   0.0000002436  -0.0000001559  -0.0000151278
        0.0000000466   0.0000001308   0.0013258984  -0.0000000042  -0.0000000327
       -0.0000147353  -0.0000000161  -0.0000000140  -0.0000999647   0.0000014912
        0.0000023773   0.0027284783  -0.0000006602  -0.0000059860  -0.0420286582
       -0.0000207517   0.0000066593   0.1052106045   0.0000086265   0.0000053033
       -0.0400165086   0.0000024959  -0.0000007381  -0.0024516523   0.0000001126
        0.0000004555  -0.0002606915   0.0000005206  -0.0000014534  -0.0021259535
        0.0000002776  -0.0000000344   0.0045716778  -0.0000003541   0.0000002096
        0.0001976697   0.0000002411  -0.0000000777   0.0040483199  -0.0000000717
       -0.0000002461   0.0021969933   0.0000087208  -0.0000071947  -0.0304767546
        0.0000000156  -0.0000000165   0.0001075330  -0.0000000388  -0.0000000135
        0.0001087692
       -0.0041182889  -0.0010388747  -0.0000001254   0.0004218964   0.0042513065
        0.0000004708   0.0025162913   0.0000045410   0.0000002828  -0.0045222833
       -0.0003371925  -0.0000001446   0.0025142538  -0.0027714935   0.0000001148
        0.0015645945   0.0025571862   0.0000001904  -0.0000073874  -0.0001723218
       -0.0000001487  -0.0004431640  -0.0002460464  -0.0000004152   0.0047004973
        0.0091809026  -0.0000000082   0.0143809188  -0.0789332771  -0.0000012893
       -0.2465270786  -0.0634811936   0.0000086265   0.6144453326   0.0027107701
       -0.0000249244  -0.2352036793   0.0700430592   0.0000099019   0.0184594784
        0.0733326387   0.0000005095  -0.0518936405   0.0005493940   0.0000022051
        0.0003652588  -0.0011015492  -0.0000000867   0.0000629578  -0.0016964157
       -0.0000001504  -0.0404548254  -0.0003680715   0.0000017348  -0.0251610729
        0.0005561627   0.0000004801  -0.0511261785  -0.0127329091   0.0000026933
        0.0001480663  -0.0002421935   0.0000000198  -0.0001219475  -0.0000644223
        0.0000000630
        0.0010020731   0.0003612099  -0.0000001015   0.0013321970  -0.0034263414
       -0.0000002628  -0.0014808843   0.0017425342   0.0000000952  -0.0003605458
       -0.0003067351  -0.0000000780  -0.0001710039  -0.0007829841  -0.0000000552
       -0.0002938694   0.0005436113   0.0000000423   0.0002965058  -0.0001896195
        0.0000000268   0.0002542963   0.0001276267   0.0000001466   0.0034238060
       -0.0049757368  -0.0000003967  -0.0247747348  -0.0354623168   0.0000006472
       -0.1376453514  -0.1222148896   0.0000053033   0.0027107701   0.4740088513
        0.0000039853   0.1245347153  -0.1214708538  -0.0000063971   0.0233799013
       -0.0355129029  -0.0000015612  -0.0005488538   0.0020288204   0.0000000188
       -0.0000877183   0.0004301600   0.0000000420  -0.0009782284  -0.0025888758
        0.0000000636  -0.0145339615   0.0018066095   0.0000007243   0.0007822309
       -0.1592408379  -0.0000015965   0.0229120022   0.0051547363  -0.0000006196
        0.0002449520   0.0000287431  -0.0000000457   0.0000017017  -0.0000608091
        0.0000000187
        0.0000001824   0.0000000365  -0.0001649106   0.0000000385  -0.0000002439
        0.0002100858   0.0000001584   0.0000000979  -0.0003064468   0.0000001513
        0.0000000015  -0.0000262938  -0.0000000046   0.0000001009  -0.0000086750
       -0.0000000355  -0.0000000968  -0.0000606900  -0.0000000415   0.0000000203
        0.0000770561  -0.0000000459  -0.0000000243   0.0000034786   0.0000006434
        0.0000001202   0.0062061772  -0.0000018685   0.0000029114  -0.0021259575
        0.0000074187   0.0000025817  -0.0400165086  -0.0000249244   0.0000039853
        0.0843203452   0.0000101814  -0.0000040599  -0.0381942713  -0.0000004879
       -0.0000040503   0.0000098875   0.0000020117  -0.0000000059  -0.0004945055
        0.0000000483  -0.0000000928  -0.0000048545   0.0000002649   0.0000000140
        0.0042595576   0.0000025513   0.0000003781   0.0015083974   0.0000004454
       -0.0000015310  -0.0182529561   0.0000033366  -0.0000001489   0.0031463326
       -0.0000000135   0.0000000233  -0.0000186524  -0.0000000107  -0.0000000172
       -0.0000665958
        0.0015414497  -0.0000472364   0.0000000524  -0.0043149355  -0.0013394463
        0.0000000957  -0.0036094575   0.0019614954  -0.0000001251   0.0025680795
        0.0000469601   0.0000000025  -0.0016341551   0.0012385348   0.0000000926
       -0.0014138081  -0.0010685779  -0.0000000950   0.0001590075  -0.0001052510
       -0.0000000770   0.0003266263   0.0001671715  -0.0000002680   0.0023266308
       -0.0030047789   0.0000004417  -0.0109791348   0.0268837138   0.0000007341
       -0.0611960016  -0.0268626528   0.0000024959  -0.2352036793   0.1245347153
        0.0000101814   0.5010518376  -0.0492515187  -0.0000202674  -0.0649212477
       -0.0277999337   0.0000009842   0.0184585095  -0.0233804420  -0.0000009183
       -0.0029677212  -0.0006453128   0.0000003281  -0.0146061108   0.0288145694
        0.0000008691  -0.1237841234  -0.0577605493   0.0000046774  -0.0024631972
        0.0079852395   0.0000003028   0.0006459668  -0.0003357251   0.0000004263
        0.0000180078  -0.0000015163   0.0000000393  -0.0000025432  -0.0000294586
        0.0000000271
       -0.0027163989  -0.0001568553  -0.0000000095   0.0017652464   0.0010174655
        0.0000002072   0.0020861897  -0.0003574228   0.0000001285  -0.0027171623
       -0.0001575369  -0.0000000657   0.0013140845  -0.0024199722   0.0000000101
        0.0011980682   0.0024172696   0.0000001174   0.0000324489  -0.0000896528
        0.0000000271   0.0000220045   0.0000879132   0.0000000550   0.0026141190
        0.0048499497  -0.0000002468   0.0208285212  -0.0448821858  -0.0000014256
        0.0222838268   0.0533008436  -0.0000007381   0.0700430592  -0.1214708538
       -0.0000040599  -0.0492515187   0.5649416339   0.0000065823   0.0277975927
       -0.2985477539  -0.0000033944  -0.0733331858  -0.0355119282   0.0000030695
       -0.0001225936   0.0003643604  -0.0000000816   0.0149980915  -0.0241197588
       -0.0000009387  -0.0571581998  -0.0581672493   0.0000025147   0.0215541014
       -0.0345022922  -0.0000012575  -0.0011874416  -0.0065107639  -0.0000005164
       -0.0000402500  -0.0000504868   0.0000000349  -0.0000106032  -0.0000347229
       -0.0000000123
       -0.0000001972   0.0000000254  -0.0000426899   0.0000003687   0.0000000020
        0.0012953542  -0.0000000748   0.0000000084  -0.0000252307  -0.0000002141
       -0.0000000095  -0.0000391628   0.0000000646  -0.0000000976   0.0000014006
        0.0000001050   0.0000000943  -0.0001899669   0.0000000627  -0.0000000295
        0.0000149573   0.0000000542   0.0000000234   0.0000200291  -0.0000002749
       -0.0000003173   0.0001263231   0.0000008020  -0.0000012579  -0.0002606906
        0.0000038900   0.0000018765  -0.0024516523   0.0000099019  -0.0000063971
       -0.0381942713  -0.0000202674   0.0000065823   0.0859208745   0.0000014696
       -0.0000005972  -0.0388526194  -0.0000012582   0.0000007901   0.0000099225
        0.0000002554  -0.0000003452   0.0038822319   0.0000008634  -0.0000015577
        0.0015016013   0.0000045297   0.0000023620  -0.0185510002   0.0000003577
       -0.0000014714   0.0013110714  -0.0000004570   0.0000003300   0.0044868711
        0.0000000108  -0.0000000184   0.0000344282   0.0000000079   0.0000000043
        0.0000022189
        0.0025681061  -0.0000469878  -0.0000000120  -0.0036094981  -0.0019614627
       -0.0000001950  -0.0043149394   0.0013394981   0.0000001087   0.0015414775
        0.0000472186   0.0000000736  -0.0014138092   0.0010686166   0.0000000609
       -0.0016341806  -0.0012385426  -0.0000000700   0.0003266248  -0.0001671744
       -0.0000000981   0.0001590082   0.0001052481  -0.0000002499   0.0006459823
        0.0003356532   0.0000004374  -0.0611959555   0.0268638011   0.0000030026
       -0.0109796137  -0.0268840534   0.0000001126   0.0184594784   0.0233799013
       -0.0000004879  -0.0649212477   0.0277975927   0.0000014696   0.5010528249
        0.0492521622  -0.0000179667  -0.2352056349  -0.1245335726   0.0000070179
       -0.0024634954  -0.0079855637   0.0000001949  -0.1237829694   0.0577612060
        0.0000052933  -0.0146065495  -0.0288146641   0.0000004161  -0.0029677100
        0.0006453452   0.0000003384   0.0023266359   0.0030048047   0.0000004942
       -0.0000025432   0.0000294581  -0.0000000207   0.0000180087   0.0000015154
        0.0000000803
        0.0027171342  -0.0001575630   0.0000000700  -0.0020861569  -0.0003573806
       -0.0000000893  -0.0017651978   0.0010174723  -0.0000002026   0.0027163818
       -0.0001568828   0.0000000008  -0.0011980299   0.0024172703   0.0000000079
       -0.0013140931  -0.0024199476  -0.0000000832  -0.0000220074   0.0000879142
       -0.0000000071  -0.0000324520  -0.0000896546  -0.0000000686   0.0011873792
       -0.0065107741   0.0000002080  -0.0222826859   0.0533007973   0.0000019740
       -0.0208288597  -0.0448817069   0.0000004555   0.0733326387  -0.0355129029
       -0.0000040503  -0.0277999337  -0.2985477539  -0.0000005972   0.0492521622
        0.5649406413   0.0000019351  -0.0700419148  -0.1214689004   0.0000018296
       -0.0215544232  -0.0345019992   0.0000005510   0.0571588567  -0.0581683998
       -0.0000028450  -0.0149981889  -0.0241193190   0.0000005334   0.0001226341
        0.0003643560   0.0000000011  -0.0026140951   0.0048499448   0.0000003378
        0.0000106021  -0.0000347238   0.0000000431   0.0000402492  -0.0000504876
       -0.0000000039
       -0.0000001904   0.0000000002  -0.0000391662  -0.0000002172  -0.0000000537
       -0.0000252314   0.0000001948   0.0000000125   0.0012953604  -0.0000001774
       -0.0000000220  -0.0000426965   0.0000000804  -0.0000000739  -0.0001899710
        0.0000000563   0.0000000706   0.0000014130   0.0000000619  -0.0000000259
        0.0000200047   0.0000000998   0.0000000477   0.0000149602  -0.0000006277
       -0.0000007717   0.0044868644   0.0000033180  -0.0000004829  -0.0024516426
        0.0000003894   0.0000003443  -0.0002606915   0.0000005095  -0.0000015612
        0.0000098875   0.0000009842  -0.0000033944  -0.0388526194  -0.0000179667
        0.0000019351   0.0859210193   0.0000081712   0.0000044142  -0.0381942549
       -0.0000001143   0.0000006065   0.0013110810   0.0000050788  -0.0000028146
       -0.0185511319   0.0000003162   0.0000010194   0.0015016045   0.0000002549
        0.0000002830   0.0038822487  -0.0000002520   0.0000004577   0.0001263182
        0.0000000137  -0.0000000101   0.0000022122   0.0000000165   0.0000000192
        0.0000344313
       -0.0045222751   0.0003372373  -0.0000001260   0.0025163065  -0.0000045529
        0.0000002071   0.0004218421  -0.0042513409   0.0000004018  -0.0041182884
        0.0010389223  -0.0000000909   0.0015645730  -0.0025571953   0.0000001167
        0.0025142834   0.0027714611   0.0000001779  -0.0004431619   0.0002460516
       -0.0000001821  -0.0000073899   0.0001723196  -0.0000003564  -0.0511262789
        0.0127334734   0.0000023834  -0.2465250602   0.0634824404   0.0000088944
        0.0143819579   0.0789327770   0.0000005206  -0.0518936405  -0.0005488538
        0.0000020117   0.0184585095  -0.0733331858  -0.0000012582  -0.2352056349
       -0.0700419148   0.0000081712   0.6144452797  -0.0027121728  -0.0000224972
       -0.0251610832  -0.0005575116   0.0000001795  -0.0404546739   0.0003684934
        0.0000015337   0.0000629845   0.0016963878  -0.0000001177   0.0003652605
        0.0011015482   0.0000000619   0.0047003703  -0.0091809999  -0.0000001057
       -0.0001219467   0.0000644227  -0.0000000654   0.0001480663   0.0002421929
        0.0000001398
        0.0003605887  -0.0003067451   0.0000000509   0.0014808785   0.0017425192
       -0.0000000609  -0.0013322337  -0.0034262893   0.0000001144  -0.0010020269
        0.0003612073   0.0000001176   0.0002938611   0.0005436336   0.0000000023
        0.0001709716  -0.0007830145  -0.0000000021  -0.0002542900   0.0001276247
       -0.0000000613  -0.0002965068  -0.0001896207  -0.0000001477  -0.0229114379
        0.0051548380   0.0000006356   0.1376465983  -0.1222169046  -0.0000062961
        0.0247742350  -0.0354633551  -0.0000014534   0.0005493940   0.0020288204
       -0.0000000059  -0.0233804420  -0.0355119282   0.0000007901  -0.1245335726
       -0.1214689004   0.0000044142  -0.0027121728   0.4740089107   0.0000039325
       -0.0007836071  -0.1592408277  -0.0000012086   0.0145343854   0.0018064630
       -0.0000007264   0.0009782023  -0.0025889008  -0.0000001982   0.0000877283
        0.0004301496  -0.0000000300  -0.0034239012  -0.0049756108   0.0000001348
       -0.0000017014  -0.0000608109  -0.0000000441  -0.0002449509   0.0000287419
        0.0000000422
        0.0000001445  -0.0000000033  -0.0000262821   0.0000000138  -0.0000001304
       -0.0003064353  -0.0000000059   0.0000001177   0.0002101084   0.0000001160
        0.0000000016  -0.0001649483  -0.0000000001   0.0000000601  -0.0000606800
        0.0000000245  -0.0000000817  -0.0000086522  -0.0000000529   0.0000000304
        0.0000034610  -0.0000000350  -0.0000000170   0.0000770398   0.0000023514
        0.0000001886   0.0031463158   0.0000093870  -0.0000037474  -0.0400164674
       -0.0000012087  -0.0000039740  -0.0021259535   0.0000022051   0.0000000188
       -0.0004945055  -0.0000009183   0.0000030695   0.0000099225   0.0000070179
        0.0000018296  -0.0381942549  -0.0000224972   0.0000039325   0.0843201354
        0.0000003476  -0.0000011966  -0.0182528146   0.0000023138  -0.0000001513
        0.0015083811   0.0000003085  -0.0000000572   0.0042595387   0.0000000241
        0.0000002545  -0.0000048361   0.0000004858  -0.0000001468   0.0062061706
       -0.0000000089   0.0000000161  -0.0000665883  -0.0000000129  -0.0000000137
       -0.0000186551
       -0.0000149119  -0.0000209202   0.0000000137   0.0002604468   0.0000345346
        0.0000000142   0.0003107412   0.0003142415   0.0000000294   0.0002185587
        0.0000340891   0.0000000196  -0.0000237920   0.0000428306  -0.0000000221
       -0.0000151940  -0.0000843712  -0.0000000113   0.0000806843  -0.0000573501
        0.0000000202   0.0000061499  -0.0000146650   0.0000000465   0.0018419034
        0.0018135739  -0.0000002312  -0.0015410677   0.0214702606   0.0000003195
       -0.0029657658  -0.0003055658   0.0000002776   0.0003652588  -0.0000877183
        0.0000000483  -0.0029677212  -0.0001225936   0.0000002554  -0.0024634954
       -0.0215544232  -0.0000001143  -0.0251610832  -0.0007836071   0.0000003476
        0.0333809071   0.0028059794  -0.0000009454  -0.0004152131  -0.0039129583
       -0.0000000337  -0.0001925450  -0.0008636010   0.0000000466   0.0000091070
       -0.0000721799  -0.0000000289  -0.0006710581   0.0013826060  -0.0000000394
        0.0000094637  -0.0000134031   0.0000000045  -0.0000513735  -0.0000047589
       -0.0000000166
        0.0000383656   0.0002259285  -0.0000000667  -0.0011733751   0.0001341960
        0.0000000204   0.0000765845  -0.0003770304   0.0000000534  -0.0005213324
        0.0002355096  -0.0000001364  -0.0002577739  -0.0002018063  -0.0000000583
       -0.0001558339   0.0002183734  -0.0000000112   0.0000463992  -0.0000150985
        0.0000000894   0.0000661495   0.0001167564   0.0000001751   0.0039395254
        0.0067208114  -0.0000001237   0.0058505840  -0.0431990983  -0.0000008406
        0.0023841846   0.0032446086  -0.0000000344  -0.0011015492   0.0004301600
       -0.0000000928  -0.0006453128   0.0003643604  -0.0000003452  -0.0079855637
       -0.0345019992   0.0000006065  -0.0005575116  -0.1592408277  -0.0000011966
        0.0028059794   0.2248098158   0.0000018438  -0.0035893490   0.0038033567
        0.0000001261  -0.0000938853  -0.0005999748   0.0000000728   0.0000721643
       -0.0007940661   0.0000000148   0.0007831738  -0.0016590512  -0.0000000650
       -0.0001209402   0.0000659560   0.0000000344   0.0001393167   0.0002191198
       -0.0000000659
        0.0000000008  -0.0000000220  -0.0000606822  -0.0000000542   0.0000000357
        0.0000593205  -0.0000000900   0.0000000099   0.0001371817  -0.0000000338
       -0.0000000089  -0.0000142028   0.0000000178  -0.0000000053   0.0000079578
        0.0000000298   0.0000000436  -0.0000022117   0.0000000069  -0.0000000074
        0.0000031097  -0.0000000245  -0.0000000127   0.0000044934  -0.0000000253
       -0.0000000561  -0.0019512118   0.0000002836  -0.0000013469   0.0021969995
        0.0000003490   0.0000000130   0.0045716778  -0.0000000867   0.0000000420
       -0.0000048545   0.0000003281  -0.0000000816   0.0038822319   0.0000001949
        0.0000005510   0.0013110810   0.0000001795  -0.0000012086  -0.0182528146
       -0.0000009454   0.0000018438   0.0099939813  -0.0000001148   0.0000002418
       -0.0010587400  -0.0000000023   0.0000000234   0.0000396580  -0.0000000263
       -0.0000000138  -0.0005555980   0.0000000069  -0.0000000482  -0.0003167245
        0.0000000004   0.0000000017   0.0000032802   0.0000000054   0.0000000056
        0.0000060674
       -0.0004157134  -0.0000005782   0.0000000751   0.0017683870   0.0008720995
        0.0000000541  -0.0002879940  -0.0001879627  -0.0000000208  -0.0000269316
        0.0001037560  -0.0000000092   0.0001620603   0.0001885863  -0.0000001581
        0.0002977509  -0.0001325534  -0.0000000282   0.0000135854   0.0000061538
        0.0000001723  -0.0001107984  -0.0000841467   0.0000004057  -0.0009293052
        0.0006653249  -0.0000002098  -0.0006443599  -0.0029527372   0.0000001105
        0.0022944284  -0.0007561514  -0.0000003541   0.0000629578  -0.0009782284
        0.0000002649  -0.0146061108   0.0149980915   0.0000008634  -0.1237829694
        0.0571588567   0.0000050788  -0.0404546739   0.0145343854   0.0000023138
       -0.0004152131  -0.0035893490  -0.0000001148   0.1749542290  -0.0805137086
       -0.0000078831   0.0060903320  -0.0001744579   0.0000000059  -0.0001925320
        0.0000938803  -0.0000000231  -0.0038168676   0.0007682122  -0.0000004851
        0.0000604251  -0.0000112107   0.0000000603  -0.0000206864  -0.0000082623
       -0.0000001185
        0.0002218212   0.0000049189  -0.0000000427  -0.0010440988  -0.0005500456
       -0.0000000392   0.0001361825  -0.0001756541   0.0000000459  -0.0001297552
        0.0000058340   0.0000000156  -0.0000877130  -0.0001277277   0.0000000759
       -0.0001581101   0.0000897455   0.0000000085  -0.0000052012  -0.0000036114
       -0.0000000864   0.0000528724   0.0000540268  -0.0000002027  -0.0006794906
        0.0004296104   0.0000001007  -0.0013619985  -0.0015737183  -0.0000000147
       -0.0010856671   0.0009625391   0.0000002096  -0.0016964157  -0.0025888758
        0.0000000140   0.0288145694  -0.0241197588  -0.0000015577   0.0577612060
       -0.0581683998  -0.0000028146   0.0003684934   0.0018064630  -0.0000001513
       -0.0039129583   0.0038033567   0.0000002418  -0.0805137086   0.0839902866
        0.0000041566   0.0001743684  -0.0028247695  -0.0000001958   0.0008635945
       -0.0005999820  -0.0000000322   0.0023165199  -0.0004551939   0.0000002443
       -0.0000528627   0.0000171409  -0.0000000354   0.0000183521   0.0000238151
        0.0000000597
        0.0000002472   0.0000000148   0.0000039748   0.0000001607   0.0000000736
       -0.0000993279   0.0000002318  -0.0000000284  -0.0000139135   0.0000002033
       -0.0000000434   0.0000833235  -0.0000000734   0.0000000448   0.0000198847
       -0.0000000622  -0.0000000505   0.0000174534  -0.0000001143   0.0000000521
       -0.0000041025  -0.0000000977  -0.0000000426  -0.0000199399   0.0000000397
        0.0000002177  -0.0000790705  -0.0000000291   0.0000001099   0.0040483262
       -0.0000003150   0.0000001439   0.0001976697  -0.0000001504   0.0000000636
        0.0042595576   0.0000008691  -0.0000009387   0.0015016013   0.0000052933
       -0.0000028450  -0.0185511319   0.0000015337  -0.0000007264   0.0015083811
       -0.0000000337   0.0000001261  -0.0010587400  -0.0000078831   0.0000041566
        0.0100297174  -0.0000000169   0.0000001563  -0.0011466464   0.0000000526
       -0.0000000765   0.0000396585   0.0000001852  -0.0000004024  -0.0007368918
       -0.0000000212   0.0000000034   0.0000014829  -0.0000000194  -0.0000000090
       -0.0000012667
       -0.0000269300  -0.0001037559  -0.0000000120  -0.0002879927   0.0001879640
        0.0000000087   0.0017683896  -0.0008721223  -0.0000000101  -0.0004157150
        0.0000005819   0.0000000632   0.0002977545   0.0001325511  -0.0000001460
        0.0001620607  -0.0001885894  -0.0000000778  -0.0001107973   0.0000841495
        0.0000001411   0.0000135862  -0.0000061530   0.0000004369  -0.0038168992
       -0.0007681797  -0.0000003549   0.0022944478   0.0007561378  -0.0000002562
       -0.0006443155   0.0029527284   0.0000002411  -0.0404548254  -0.0145339615
        0.0000025513  -0.1237841234  -0.0571581998   0.0000045297  -0.0146065495
       -0.0149981889   0.0000003162   0.0000629845   0.0009782023   0.0000003085
       -0.0001925450  -0.0000938853  -0.0000000023   0.0060903320   0.0001743684
       -0.0000000169   0.1749558471   0.0805127984  -0.0000071476  -0.0004151485
        0.0035893911  -0.0000001322  -0.0009293019  -0.0006653103  -0.0000003270
       -0.0000206847   0.0000082629  -0.0000000301   0.0000604257   0.0000112103
       -0.0000000835
        0.0001297560   0.0000058333  -0.0000000169  -0.0001361800  -0.0001756548
       -0.0000000461   0.0010440768  -0.0005500472   0.0000000019  -0.0002218168
        0.0000049213   0.0000000373   0.0001581088   0.0000897428  -0.0000000736
        0.0000877111  -0.0001277269  -0.0000000422  -0.0000528702   0.0000540270
        0.0000000684   0.0000052018  -0.0000036108   0.0000002200  -0.0023164856
       -0.0004551630  -0.0000001616   0.0010856537   0.0009625213  -0.0000001464
        0.0013619894  -0.0015737620  -0.0000000777  -0.0003680715   0.0018066095
        0.0000003781  -0.0577605493  -0.0581672493   0.0000023620  -0.0288146641
       -0.0241193190   0.0000010194   0.0016963878  -0.0025889008  -0.0000000572
       -0.0008636010  -0.0005999748   0.0000000234  -0.0001744579  -0.0028247695
        0.0000001563   0.0805127984   0.0839886729  -0.0000032348   0.0039129939
        0.0038032845  -0.0000002162   0.0006795072   0.0004296099  -0.0000001283
       -0.0000183507   0.0000238154  -0.0000000243   0.0000528622   0.0000171403
       -0.0000000415
        0.0000002266   0.0000000562   0.0000833093   0.0000002833   0.0000000182
       -0.0000139275   0.0000001972  -0.0000000703  -0.0000993338   0.0000002230
       -0.0000000081   0.0000039878  -0.0000000967   0.0000000404   0.0000174149
       -0.0000000920  -0.0000001114   0.0000198790  -0.0000001203   0.0000000641
       -0.0000199410  -0.0000000624  -0.0000000195  -0.0000040780   0.0000001001
        0.0000004025  -0.0007368887  -0.0000003105  -0.0000000387   0.0001976648
       -0.0000000732  -0.0000002208   0.0040483199   0.0000017348   0.0000007243
        0.0015083974   0.0000046774   0.0000025147  -0.0185510002   0.0000004161
        0.0000005334   0.0015016045  -0.0000001177  -0.0000001982   0.0042595387
        0.0000000466   0.0000000728   0.0000396580   0.0000000059  -0.0000001958
       -0.0011466464  -0.0000071476  -0.0000032348   0.0100296056   0.0000000334
       -0.0000000559  -0.0010587301   0.0000001160  -0.0000002740  -0.0000790445
       -0.0000000188   0.0000000108  -0.0000012630  -0.0000000212  -0.0000000099
        0.0000014733
        0.0002185593  -0.0000340899   0.0000000166   0.0003107406  -0.0003142507
        0.0000000360   0.0002604567  -0.0000345361   0.0000000108  -0.0000149143
        0.0000209247   0.0000000138  -0.0000151888   0.0000843748  -0.0000000171
       -0.0000237891  -0.0000428353  -0.0000000154   0.0000061505   0.0000146658
        0.0000000190   0.0000806861   0.0000573501   0.0000000547  -0.0006710674
       -0.0013826084  -0.0000000685  -0.0029657955   0.0003056302   0.0000003304
       -0.0015413436  -0.0214706839  -0.0000000717  -0.0251610729   0.0007822309
        0.0000004454  -0.0024631972   0.0215541014   0.0000003577  -0.0029677100
        0.0001226341   0.0000002549   0.0003652605   0.0000877283   0.0000000241
        0.0000091070   0.0000721643  -0.0000000263  -0.0001925320   0.0008635945
        0.0000000526  -0.0004151485   0.0039129939   0.0000000334   0.0333808510
       -0.0028040234  -0.0000010899   0.0018418570  -0.0018135315  -0.0000003502
       -0.0000513749   0.0000047615   0.0000000002   0.0000094653   0.0000134047
       -0.0000000106
        0.0005213301   0.0002355032   0.0000001343  -0.0000765924  -0.0003770286
       -0.0000001034   0.0011733725   0.0001341825   0.0000000201  -0.0000383636
        0.0002259270   0.0000001020   0.0001558360   0.0002183703   0.0000000577
        0.0002577703  -0.0002018096  -0.0000000278  -0.0000661496   0.0001167540
       -0.0000000383  -0.0000464010  -0.0000151012  -0.0000001927  -0.0007831856
       -0.0016590290   0.0000000391  -0.0023841231   0.0032446306   0.0000000962
       -0.0058510048  -0.0431988240  -0.0000002461   0.0005561627  -0.1592408379
       -0.0000015310   0.0079852395  -0.0345022922  -0.0000014714   0.0006453452
        0.0003643560   0.0000002830   0.0011015482   0.0004301496   0.0000002545
       -0.0000721799  -0.0007940661  -0.0000000138   0.0000938803  -0.0005999820
       -0.0000000765   0.0035893911   0.0038032845  -0.0000000559  -0.0028040234
        0.2248098727   0.0000024443  -0.0039394767   0.0067208672   0.0000003049
       -0.0001393168   0.0002191193   0.0000000499   0.0001209410   0.0000659536
       -0.0000000290
       -0.0000000823   0.0000000174  -0.0000142327  -0.0000000818  -0.0000000523
        0.0001371556  -0.0000000392  -0.0000000032   0.0000593187  -0.0000000556
        0.0000000272  -0.0000606581  -0.0000000159  -0.0000000075  -0.0000022494
       -0.0000000198  -0.0000000438   0.0000079220   0.0000000247  -0.0000000061
        0.0000045159   0.0000000723   0.0000000381   0.0000031457  -0.0000000409
       -0.0000000145  -0.0003167119   0.0000003565   0.0000000539   0.0045716744
        0.0000000083   0.0000004258   0.0021969933   0.0000004801  -0.0000015965
       -0.0182529561   0.0000003028  -0.0000012575   0.0013110714   0.0000003384
        0.0000000011   0.0038822487   0.0000000619  -0.0000000300  -0.0000048361
       -0.0000000289   0.0000000148  -0.0005555980  -0.0000000231  -0.0000000322
        0.0000396585  -0.0000001322  -0.0000002162  -0.0010587301  -0.0000010899
        0.0000024443   0.0099940711  -0.0000000544   0.0000002384  -0.0019511500
        0.0000000100   0.0000000077   0.0000060654   0.0000000090  -0.0000000089
        0.0000032816
       -0.0483832921  -0.0149568079  -0.0000021096  -0.1708134025  -0.0924270491
       -0.0000064660  -0.0402698401  -0.0058078611  -0.0000011267   0.0051867684
        0.0000050144  -0.0000003540   0.0014055661   0.0052435066   0.0000002373
       -0.0004744800  -0.0007798383   0.0000002659  -0.0008260321  -0.0005186919
       -0.0000001479  -0.0035916667  -0.0024680562  -0.0000000408   0.0418953918
        0.0005592751  -0.0000001144  -0.0409379468   0.0056449387   0.0000014581
       -0.1785138826   0.0949433995   0.0000087208  -0.0511261785   0.0229120022
        0.0000033366   0.0006459668  -0.0011874416  -0.0000004570   0.0023266359
       -0.0026140951  -0.0000002520   0.0047003703  -0.0034239012   0.0000004858
       -0.0006710581   0.0007831738   0.0000000069  -0.0038168676   0.0023165199
        0.0000001852  -0.0009293019   0.0006795072   0.0000001160   0.0018418570
       -0.0039394767  -0.0000000544   0.4813698091  -0.0035262790  -0.0000038775
        0.0020250904  -0.0015300364   0.0000001887  -0.0010435069   0.0000921970
       -0.0000000008
        0.0135179100   0.0139235849   0.0000000732  -0.0785761861  -0.1431450057
       -0.0000060782  -0.0506843843  -0.0322981201  -0.0000029994   0.0087068172
       -0.0074232040  -0.0000004411  -0.0032031342   0.0058969828   0.0000003422
       -0.0005791272  -0.0071407196  -0.0000000940   0.0009139719   0.0004425303
       -0.0000001139  -0.0004591614  -0.0003235507  -0.0000001852  -0.0005596755
        0.0016230154   0.0000014531   0.0521385768  -0.0326509173  -0.0000033871
        0.0845553950  -0.1462469729  -0.0000071947  -0.0127329091   0.0051547363
       -0.0000001489  -0.0003357251  -0.0065107639   0.0000003300   0.0030048047
        0.0048499448   0.0000004577  -0.0091809999  -0.0049756108  -0.0000001468
        0.0013826060  -0.0016590512  -0.0000000482   0.0007682122  -0.0004551939
       -0.0000004024  -0.0006653103   0.0004296099  -0.0000002740  -0.0018135315
        0.0067208672   0.0000002384  -0.0035262790   0.3437794369   0.0000185661
       -0.0009150386   0.0008295516   0.0000000656  -0.0017568315  -0.0008211500
       -0.0000000123
       -0.0000013834   0.0000001092   0.0035521613  -0.0000054098  -0.0000064588
       -0.0310000620  -0.0000029134  -0.0000011135   0.0030478854   0.0000002249
       -0.0000001463   0.0060652091  -0.0000003642   0.0000003163   0.0001440139
       -0.0000003609  -0.0000004207   0.0056938194   0.0000002315  -0.0000000770
       -0.0000715261   0.0000002320   0.0000001185  -0.0009424835  -0.0000002823
       -0.0000015140  -0.0030757851   0.0000032777  -0.0000010613   0.0027284767
        0.0000080907  -0.0000080725  -0.0304767546   0.0000026933  -0.0000006196
        0.0031463326   0.0000004263  -0.0000005164   0.0044868711   0.0000004942
        0.0000003378   0.0001263182  -0.0000001057   0.0000001348   0.0062061706
       -0.0000000394  -0.0000000650  -0.0003167245  -0.0000004851   0.0000002443
       -0.0007368918  -0.0000003270  -0.0000001283  -0.0000790445  -0.0000003502
        0.0000003049  -0.0019511500  -0.0000038775   0.0000185661   0.0371901370
        0.0000001839   0.0000000357  -0.0032669808   0.0000000445   0.0000000259
       -0.0004699924
       -0.0417587367  -0.0029590344  -0.0000004328   0.0000819664   0.0262873579
        0.0000006235  -0.0036185763   0.0013138489  -0.0000003093  -0.0004471345
       -0.0000885998  -0.0000000858  -0.0034726026  -0.0017946393  -0.0000003175
       -0.0012332997  -0.0251786314  -0.0000006569   0.0005844878  -0.0006445264
        0.0000000661  -0.0003927978  -0.0012233383  -0.0000000617  -0.0010434904
        0.0017568337   0.0000000736   0.0006664468   0.0000653244  -0.0000000281
       -0.0003186413   0.0002299186   0.0000000156   0.0001480663   0.0002449520
       -0.0000000135   0.0000180078  -0.0000402500   0.0000000108  -0.0000025432
        0.0000106021   0.0000000137  -0.0001219467  -0.0000017014  -0.0000000089
        0.0000094637  -0.0001209402   0.0000000004   0.0000604251  -0.0000528627
       -0.0000000212  -0.0000206847  -0.0000183507  -0.0000000188  -0.0000513749
       -0.0001393168   0.0000000100   0.0020250904  -0.0009150386   0.0000001839
        0.0489384469   0.0032899632   0.0000009117  -0.0000505724  -0.0000215708
        0.0000000449
       -0.0028512362  -0.3123999108  -0.0000070122   0.0033620373  -0.0179584860
       -0.0000003857   0.0027001908  -0.0006435089  -0.0000001105  -0.0000232540
        0.0006688928   0.0000000120  -0.0022911969  -0.0007481935  -0.0000002772
       -0.0026626608  -0.0164047465  -0.0000005244   0.0002169001   0.0009771033
        0.0000001008   0.0002074760  -0.0003860650   0.0000000205  -0.0000921943
       -0.0008211670  -0.0000000269  -0.0004229976   0.0001946588   0.0000000151
        0.0002368552  -0.0003826007  -0.0000000165  -0.0002421935   0.0000287431
        0.0000000233  -0.0000015163  -0.0000504868  -0.0000000184   0.0000294581
       -0.0000347238  -0.0000000101   0.0000644227  -0.0000608109   0.0000000161
       -0.0000134031   0.0000659560   0.0000000017  -0.0000112107   0.0000171409
        0.0000000034   0.0000082629   0.0000238154   0.0000000108   0.0000047615
        0.0002191193   0.0000000077  -0.0015300364   0.0008295516   0.0000000357
        0.0032899632   0.3468114784   0.0000081015   0.0000215719   0.0000542401
        0.0000000331
       -0.0000002352  -0.0000071594  -0.0318888225  -0.0000001897   0.0000004073
        0.0015189743  -0.0000002912  -0.0000001274   0.0075110512   0.0000000465
       -0.0000000081  -0.0001677877  -0.0000004401  -0.0000001443   0.0065164488
       -0.0000001291  -0.0000011805   0.0001134573   0.0000001179   0.0000000222
       -0.0018389296   0.0000000041  -0.0000000473  -0.0000417815  -0.0000000117
       -0.0000000260  -0.0004699796   0.0000000527   0.0000000292   0.0001087661
       -0.0000000760   0.0000000307   0.0001075330   0.0000000198  -0.0000000457
       -0.0000186524   0.0000000393   0.0000000349   0.0000344282  -0.0000000207
        0.0000000431   0.0000022122  -0.0000000654  -0.0000000441  -0.0000665883
        0.0000000045   0.0000000344   0.0000032802   0.0000000603  -0.0000000354
        0.0000014829  -0.0000000301  -0.0000000243  -0.0000012630   0.0000000002
        0.0000000499   0.0000060654   0.0000001887   0.0000000656  -0.0032669808
        0.0000009117   0.0000081015   0.0229639405   0.0000000434   0.0000000238
       -0.0011268547
       -0.0004471333   0.0000886104  -0.0000000767  -0.0036186177  -0.0013138193
       -0.0000004248   0.0000816708  -0.0262875391  -0.0000006610  -0.0417586791
        0.0029563284  -0.0000003724  -0.0012330203   0.0251784804   0.0000006011
       -0.0034725619   0.0017946670  -0.0000003166  -0.0003927872   0.0012233380
        0.0000000251   0.0005844924   0.0006445294   0.0000001090   0.0020251151
        0.0009150267   0.0000002498  -0.0003186455  -0.0002299185   0.0000000049
        0.0006664498  -0.0000653292  -0.0000000388  -0.0001219475   0.0000017017
       -0.0000000107  -0.0000025432  -0.0000106032   0.0000000079   0.0000180087
        0.0000402492   0.0000000165   0.0001480663  -0.0002449509  -0.0000000129
       -0.0000513735   0.0001393167   0.0000000054  -0.0000206864   0.0000183521
       -0.0000000194   0.0000604257   0.0000528622  -0.0000000212   0.0000094653
        0.0001209410   0.0000000090  -0.0010435069  -0.0017568315   0.0000000445
       -0.0000505724   0.0000215719   0.0000000434   0.0489383808  -0.0032869835
        0.0000008381
        0.0000232644   0.0006688924   0.0000000281  -0.0027001617  -0.0006434687
       -0.0000002986  -0.0033622185  -0.0179581893  -0.0000005599   0.0028485293
       -0.3123999692  -0.0000067484   0.0026625086  -0.0164050248  -0.0000002847
        0.0022912243  -0.0007482347  -0.0000000733  -0.0002074759  -0.0003860751
       -0.0000000290  -0.0002168960   0.0009770996   0.0000000227   0.0015300241
        0.0008295258   0.0000001717  -0.0002368558  -0.0003825960  -0.0000000010
        0.0004229932   0.0001946555  -0.0000000135  -0.0000644223  -0.0000608091
       -0.0000000172  -0.0000294586  -0.0000347229   0.0000000043   0.0000015154
       -0.0000504876   0.0000000192   0.0002421929   0.0000287419  -0.0000000137
       -0.0000047589   0.0002191198   0.0000000056  -0.0000082623   0.0000238151
       -0.0000000090   0.0000112103   0.0000171403  -0.0000000099   0.0000134047
        0.0000659536  -0.0000000089   0.0000921970  -0.0008211500   0.0000000259
       -0.0000215708   0.0000542401   0.0000000238  -0.0032869835   0.3468115433
        0.0000077659
       -0.0000001813  -0.0000000807  -0.0001677949  -0.0000005891  -0.0000002424
        0.0075110538  -0.0000001514  -0.0000011275   0.0015190036  -0.0000005290
       -0.0000067562  -0.0318888430   0.0000000478   0.0000004385   0.0001135243
       -0.0000002055  -0.0000000011   0.0065164670   0.0000000828  -0.0000000314
       -0.0000417967   0.0000001330   0.0000001041  -0.0018389772   0.0000002070
       -0.0000001515  -0.0032670106   0.0000001272   0.0000000383   0.0001075495
        0.0000000953   0.0000000552   0.0001087692   0.0000000630   0.0000000187
       -0.0000665958   0.0000000271  -0.0000000123   0.0000022189   0.0000000803
       -0.0000000039   0.0000344313   0.0000001398   0.0000000422  -0.0000186551
       -0.0000000166  -0.0000000659   0.0000060674  -0.0000001185   0.0000000597
       -0.0000012667  -0.0000000835  -0.0000000415   0.0000014733  -0.0000000106
       -0.0000000290   0.0000032816  -0.0000000008  -0.0000000123  -0.0004699924
        0.0000000449   0.0000000331  -0.0011268547   0.0000008381   0.0000077659
        0.0229639473
