$hessian                                                                        
        0.6699017917  -0.0000001309  -0.0000028614  -0.1544844418  -0.1431556504
        0.0000008358  -0.0333526682  -0.0278541227   0.0000002274  -0.0045342065
        0.0012477796   0.0000000494  -0.0015364662  -0.0008878757   0.0000000095
        0.0007393673  -0.0000220861   0.0000000004  -0.0001499490   0.0002133915
       -0.0000000000  -0.0000039799  -0.0000000715  -0.0000000019  -0.0001498208
       -0.0002133212   0.0000000002   0.0007392301   0.0000219973  -0.0000000016
       -0.0011772424  -0.0000000033   0.0000000030   0.0043860052  -0.0000002757
       -0.0000000393  -0.0333513678   0.0278545760   0.0000001252  -0.1544819456
        0.1431542441   0.0000003065  -0.0045344252  -0.0012475671   0.0000000552
       -0.0015362836   0.0008879730   0.0000000041  -0.2989555403   0.0000015360
        0.0000013671   0.0065978420   0.0127933834  -0.0000000626  -0.0000510657
        0.0002597077  -0.0000000036  -0.0003696508  -0.0000039765  -0.0000000009
        0.0000454113   0.0000424785   0.0000000026   0.0000368920  -0.0000000004
        0.0000000009   0.0000454114  -0.0000424780  -0.0000000006   0.0065978258
       -0.0127937835  -0.0000000081  -0.0000510723  -0.0002597064  -0.0000000029
       -0.0003696505   0.0000039822  -0.0000000045
       -0.0000001309   0.6475532211  -0.0000009941  -0.0636033216  -0.2707915669
        0.0000008025  -0.0799536575   0.0042482604   0.0000003971   0.0168365113
        0.0130272438  -0.0000000861  -0.0142610979   0.0065406450   0.0000000323
        0.0113689372  -0.0066307135  -0.0000000055  -0.0108365229   0.0056756260
        0.0000000072  -0.0000000715  -0.0118355543   0.0000000257   0.0108365929
        0.0056754981  -0.0000000327  -0.0113690262  -0.0066305766   0.0000000326
       -0.0000000033  -0.0017424838   0.0000000074  -0.0000002757  -0.0412978030
        0.0000000624   0.0799541111   0.0042469607  -0.0000003976   0.0636019151
       -0.2707940556   0.0000000269  -0.0168362995   0.0130274614   0.0000000616
        0.0142611958   0.0065404627  -0.0000000529   0.0000015360  -0.0441521654
        0.0000000172  -0.0114501421  -0.0265670330   0.0000001088   0.0003276804
        0.0000808853  -0.0000000098  -0.0000393991   0.0000935529  -0.0000000067
       -0.0000426501   0.0000764450  -0.0000000028  -0.0000000003  -0.0000281835
       -0.0000000008   0.0000426505   0.0000764449   0.0000000017   0.0114497422
       -0.0265670168  -0.0000000060  -0.0003276791   0.0000808924   0.0000000089
        0.0000394054   0.0000935526   0.0000000027
       -0.0000028614  -0.0000009941   0.1135610399   0.0000006753   0.0000011890
       -0.0453083847   0.0000003366   0.0000001280   0.0009335819   0.0000000247
       -0.0000000094   0.0071637886   0.0000000389  -0.0000000131   0.0003760309
       -0.0000000260   0.0000000162   0.0001629098   0.0000000183  -0.0000000139
       -0.0000490990  -0.0000000022   0.0000000210   0.0000362500  -0.0000000239
       -0.0000000059  -0.0000490990   0.0000000173   0.0000000099   0.0001629099
        0.0000000026   0.0000000037  -0.0002628264  -0.0000000481   0.0000000642
       -0.0047756579   0.0000000165  -0.0000001381   0.0009335825   0.0000004581
       -0.0000003522  -0.0453083864   0.0000000839  -0.0000000041   0.0071637886
       -0.0000000168  -0.0000000110   0.0003760310   0.0000013576   0.0000000180
       -0.0347895827  -0.0000000042  -0.0000000110   0.0010020503  -0.0000000016
       -0.0000000021  -0.0001262465  -0.0000000016  -0.0000000024  -0.0011119427
        0.0000000009   0.0000000014   0.0000705898   0.0000000014   0.0000000003
        0.0000042207   0.0000000009  -0.0000000012   0.0000705899  -0.0000000469
        0.0000001100   0.0010020506  -0.0000000004   0.0000000001  -0.0001262464
        0.0000000000  -0.0000000032  -0.0011119427
       -0.1544844418  -0.0636033216   0.0000006753   0.6358991576   0.0025416226
       -0.0000025661  -0.3031990449  -0.0074069703   0.0000012193  -0.0496341047
       -0.0278017920   0.0000002812   0.0187055756  -0.0104809041  -0.0000000139
       -0.0138845079   0.0070877031   0.0000000093   0.0117522046  -0.0054934871
       -0.0000000150  -0.0001498219   0.0108365912  -0.0000000293  -0.0085382637
       -0.0047809102   0.0000000235   0.0072656867   0.0055866774  -0.0000000199
        0.0026482660   0.0041597418   0.0000000152  -0.0330921919   0.0534284167
        0.0000000578  -0.0392165169  -0.0132007204   0.0000001769   0.0547482228
       -0.0296686757  -0.0000001928   0.0071898148  -0.0054057071  -0.0000000207
       -0.0079750322  -0.0047552643   0.0000000321  -0.0190138276  -0.0264239881
        0.0000001515  -0.1093996598   0.1103414174   0.0000001957   0.0012087577
        0.0018439798  -0.0000000180  -0.0005804923   0.0000715478   0.0000000046
        0.0001452244  -0.0000128944   0.0000000029   0.0000284538   0.0000343046
        0.0000000006  -0.0000253038  -0.0001043545  -0.0000000011  -0.0005621772
        0.0034246859   0.0000000332   0.0001225704  -0.0000995544  -0.0000000024
        0.0000414524  -0.0001181439  -0.0000000002
       -0.1431556504  -0.2707915669   0.0000011890   0.0025416226   0.6704103194
       -0.0000011444   0.0350481079  -0.0805296773  -0.0000001149  -0.0375149737
       -0.0092705208   0.0000001926   0.0045520612  -0.0079355063   0.0000000186
       -0.0060100778   0.0024349424   0.0000000065   0.0054933148  -0.0027023536
       -0.0000000072  -0.0002133204   0.0056754983  -0.0000000097  -0.0047809111
       -0.0027411632   0.0000000144   0.0060830382   0.0033535380  -0.0000000156
        0.0043951383  -0.0040673459   0.0000000056   0.0242119137   0.0170602808
       -0.0000001288  -0.0296907511  -0.0028762530   0.0000001324   0.0296671489
       -0.0718147002  -0.0000000071   0.0075242729  -0.0055266736  -0.0000000203
       -0.0065677242  -0.0030655455   0.0000000262  -0.0024347595  -0.0014321156
        0.0000000082   0.1114814140  -0.2328345589  -0.0000001531  -0.0018635599
        0.0007327467   0.0000000063  -0.0014911030  -0.0002898765   0.0000000024
        0.0000593710  -0.0000560421  -0.0000000019  -0.0000260345   0.0000456408
       -0.0000000008   0.0000516257  -0.0000047414   0.0000000006   0.0027224487
       -0.0041969535   0.0000000056   0.0000534879   0.0003290333  -0.0000000015
       -0.0001361001   0.0000935946  -0.0000000032
        0.0000008358   0.0000008025  -0.0453083847  -0.0000025661  -0.0000011444
        0.1125884059   0.0000011717   0.0000000992  -0.0488402513   0.0000003092
        0.0000001470   0.0006530138  -0.0000000767   0.0000000757   0.0040098405
        0.0000000722  -0.0000000368  -0.0001589710  -0.0000000642   0.0000000273
       -0.0008837855   0.0000000002  -0.0000000602  -0.0000491091   0.0000000471
        0.0000000265  -0.0005504942  -0.0000000434  -0.0000000332   0.0000162695
       -0.0000000012   0.0000000032   0.0060821294   0.0000001017  -0.0000002699
        0.0011411022   0.0000002156   0.0000000529  -0.0046625191  -0.0000003095
        0.0000002771   0.0010217737  -0.0000000483   0.0000000352  -0.0000753714
        0.0000000508   0.0000000282   0.0002503774   0.0000001044   0.0000001377
        0.0008748476   0.0000001669  -0.0000001553  -0.0328764221  -0.0000000065
       -0.0000000169  -0.0013572367   0.0000000065   0.0000000006   0.0002339160
       -0.0000000011   0.0000000002   0.0000259381   0.0000000000   0.0000000003
        0.0001852559  -0.0000000002   0.0000000007   0.0000552660   0.0000000358
        0.0000000012   0.0077031940  -0.0000000007   0.0000000003  -0.0000843447
       -0.0000000002   0.0000000007   0.0000055598
       -0.0333526682  -0.0799536575   0.0000003366  -0.3031990449   0.0350481079
        0.0000011717   0.6652790357   0.0106763910  -0.0000024479  -0.1024421837
       -0.0845722671   0.0000004383  -0.0540061465  -0.0182655180   0.0000002537
        0.0193968157  -0.0083733864  -0.0000000354  -0.0138845610   0.0060102336
        0.0000000150   0.0007392048  -0.0113689986   0.0000000258   0.0072657056
        0.0060830463  -0.0000000275  -0.0129900867  -0.0058604563   0.0000000607
       -0.0299319235   0.0248916604   0.0000000682  -0.1311175435   0.0688060555
        0.0000001386   0.0447147709   0.0102639386  -0.0000002246  -0.0392160000
        0.0296911891   0.0000001036  -0.0057227146  -0.0002417790   0.0000000496
        0.0058333283   0.0043408908  -0.0000000218  -0.0004036088  -0.0025969046
        0.0000000402  -0.0179679892   0.0040328215   0.0000000689   0.0065357370
        0.0120999172  -0.0000000704  -0.0054590102  -0.0002374554   0.0000000544
        0.0002491400   0.0001652171  -0.0000000008   0.0001058252  -0.0001125557
        0.0000000001  -0.0003634040   0.0000998766  -0.0000000006  -0.0002450583
        0.0005618205   0.0000000088   0.0001811748  -0.0010659741   0.0000000006
        0.0000012050  -0.0001222134  -0.0000000058
       -0.0278541227   0.0042482604   0.0000001280  -0.0074069703  -0.0805296773
        0.0000000992   0.0106763910   0.6150761790  -0.0000011994  -0.0576815804
       -0.2229807217   0.0000007311  -0.0523471347   0.0111937220   0.0000001625
        0.0083728966  -0.0234578659   0.0000000267  -0.0070875051   0.0024349566
        0.0000000107   0.0000219982  -0.0066305850   0.0000000146   0.0055866780
        0.0033535388  -0.0000000183  -0.0058604334   0.0112043243   0.0000000164
        0.0427762887   0.0001406645  -0.0000001607   0.0777328951  -0.2263774462
        0.0000000189  -0.0102650179  -0.0447328600   0.0000001662   0.0132011589
       -0.0028767704  -0.0000000574  -0.0014185084  -0.0048785856   0.0000000208
       -0.0035955547  -0.0026021045   0.0000000138  -0.0033876432  -0.0042666732
        0.0000000467   0.0263286339  -0.0027796936  -0.0000001234  -0.0097272244
       -0.0264854670   0.0000000956   0.0010218410   0.0013198046   0.0000000236
       -0.0000647391   0.0001103694   0.0000000015  -0.0000145702  -0.0000706685
       -0.0000000004  -0.0000736074   0.0000662129  -0.0000000034   0.0005713618
        0.0004972604  -0.0000000072   0.0005869390  -0.0010797099  -0.0000000025
       -0.0000924703   0.0001035357  -0.0000000036
        0.0000002274   0.0000003971   0.0009335819   0.0000012193  -0.0000001149
       -0.0488402513  -0.0000024479  -0.0000011994   0.1315377037   0.0000003418
        0.0000008050  -0.0523029095   0.0000003702   0.0000000234   0.0007801658
       -0.0000001354   0.0000000836  -0.0060818449   0.0000000784  -0.0000000348
       -0.0001589926  -0.0000000059   0.0000000724   0.0001629056  -0.0000000516
       -0.0000000348   0.0000162598   0.0000000870   0.0000000020   0.0059428286
       -0.0000000024  -0.0000000868   0.0011138113   0.0000001755   0.0000001138
       -0.0552880143  -0.0000001813   0.0000000204   0.0013907508   0.0000001257
       -0.0000001513  -0.0046625191   0.0000000503   0.0000000145   0.0061288437
       -0.0000000061  -0.0000000112  -0.0001701919   0.0000000525   0.0000000358
        0.0080440850   0.0000000405  -0.0000000099   0.0010205142   0.0000000144
        0.0000000384   0.0015974790   0.0000000527   0.0000000333   0.0106892477
       -0.0000000008  -0.0000000004  -0.0001016921   0.0000000003   0.0000000006
        0.0000256301   0.0000000021  -0.0000000017  -0.0000828253   0.0000000010
       -0.0000000043  -0.0002504550  -0.0000000029   0.0000000097  -0.0000742658
       -0.0000000049  -0.0000000005  -0.0013698454
       -0.0045342065   0.0168365113   0.0000000247  -0.0496341047  -0.0375149737
        0.0000003092  -0.1024421837  -0.0576815804   0.0000003418   0.7365927409
       -0.0310954930  -0.0000020906  -0.4243390890  -0.0293637754   0.0000013917
       -0.0540053093   0.0523479270   0.0000000058   0.0187056502  -0.0045523820
       -0.0000000162  -0.0015362855   0.0142611995  -0.0000000306  -0.0079750347
       -0.0065677250   0.0000000295   0.0058333179  -0.0035955559  -0.0000000094
       -0.0209208482  -0.0077396510   0.0000000768   0.0300948060  -0.0043219264
       -0.0000000696  -0.0057226952   0.0014185177   0.0000000486   0.0071897895
       -0.0075244259  -0.0000000227   0.0012249433   0.0000900668  -0.0000000064
       -0.0006290097  -0.0004287478   0.0000000021  -0.0009281491  -0.0012358005
        0.0000000053   0.0007575857  -0.0015504206  -0.0000000123  -0.1084740465
        0.1110926247  -0.0000000537  -0.0195468674  -0.0031324507   0.0000000840
        0.0003320329  -0.0001275616   0.0000000016  -0.0000435468   0.0002156614
        0.0000000001   0.0000058904  -0.0000587163   0.0000000016   0.0000827691
       -0.0000126650  -0.0000000114  -0.0000638148   0.0002612234   0.0000000000
       -0.0000243346  -0.0000198806  -0.0000000001
        0.0012477796   0.0130272438  -0.0000000094  -0.0278017920  -0.0092705208
        0.0000001470  -0.0845722671  -0.2229807217   0.0000008050  -0.0310954930
        0.5949816856  -0.0000013631   0.0293678261  -0.0902800619   0.0000000364
        0.0182662691   0.0111928644  -0.0000000985   0.0104805812  -0.0079355801
        0.0000000081   0.0008879709   0.0065404739  -0.0000000094  -0.0047552671
       -0.0030655475   0.0000000162   0.0043408926  -0.0026021054  -0.0000000067
       -0.0130717241   0.0005497888   0.0000000357   0.0070424433  -0.0439255472
        0.0000001044   0.0002417883  -0.0048786057   0.0000000269   0.0054055537
       -0.0055266482  -0.0000000184  -0.0000901033  -0.0018429466   0.0000000004
       -0.0004287516   0.0001432289   0.0000000015   0.0002899479   0.0001201210
       -0.0000000071   0.0020726716   0.0011227758  -0.0000000244   0.1094830590
       -0.2323941660   0.0000002687  -0.0275848023  -0.0024182970   0.0000000971
       -0.0000675660  -0.0003119411  -0.0000000037   0.0001933231  -0.0002747235
       -0.0000000000  -0.0001129815   0.0000612533   0.0000000022   0.0001657881
        0.0000702932  -0.0000000071   0.0001577303  -0.0002382528  -0.0000000010
       -0.0000628769   0.0001359365  -0.0000000009
        0.0000000494  -0.0000000861   0.0071637886   0.0000002812   0.0000001926
        0.0006530138   0.0000004383   0.0000007311  -0.0523029095  -0.0000020906
       -0.0000013631   0.1120716217   0.0000012578   0.0000002301  -0.0392974790
        0.0000001156  -0.0000001890   0.0007801390  -0.0000000860   0.0000000470
        0.0040098326   0.0000000006  -0.0000000612   0.0003760640   0.0000000373
        0.0000000325   0.0002503755  -0.0000000322   0.0000000199  -0.0001701744
        0.0000000952   0.0000000150  -0.0029689587  -0.0000001171   0.0000001101
        0.0013279245   0.0000000514   0.0000000224   0.0061288436  -0.0000000472
        0.0000000380  -0.0000753714  -0.0000000049   0.0000000021  -0.0001755324
        0.0000000049   0.0000000018  -0.0001979609   0.0000000042   0.0000000052
        0.0001102297  -0.0000000217  -0.0000000009  -0.0023329683  -0.0000000775
        0.0000002351  -0.0338088092   0.0000001509   0.0000000203   0.0007371823
       -0.0000000004   0.0000000021  -0.0001673108  -0.0000000004  -0.0000000012
       -0.0005240222   0.0000000006  -0.0000000008  -0.0000099854  -0.0000000094
       -0.0000000021  -0.0017484380  -0.0000000001  -0.0000000005   0.0001374121
       -0.0000000000  -0.0000000004   0.0000334927
       -0.0015364662  -0.0142610979   0.0000000389   0.0187055756   0.0045520612
       -0.0000000767  -0.0540061465  -0.0523471347   0.0000003702  -0.4243390890
        0.0293678261   0.0000012578   0.7365934953   0.0310936684  -0.0000021653
       -0.1024405201   0.0576801890  -0.0000000181  -0.0496333260   0.0375154676
        0.0000000200  -0.0045344274  -0.0168362925   0.0000000622   0.0071898130
        0.0075242725  -0.0000000269  -0.0057227395  -0.0014185101   0.0000000346
        0.0300947760   0.0043210278  -0.0000001191  -0.0209205996   0.0077399081
        0.0000000285   0.0058333192   0.0035954530  -0.0000000252  -0.0079748961
        0.0065677832   0.0000000254  -0.0006289985   0.0004287605   0.0000000017
        0.0012249410  -0.0000901006  -0.0000000034  -0.0000435173  -0.0002156631
       -0.0000000054   0.0003320357   0.0001275541  -0.0000000085  -0.0195464877
        0.0031326557   0.0000000485  -0.1084766881  -0.1110940986   0.0000005791
        0.0007575798   0.0015504246  -0.0000000140  -0.0009281375   0.0012358117
       -0.0000000007   0.0000827674   0.0000126632  -0.0000000026   0.0000058910
        0.0000587176  -0.0000000016  -0.0000243350   0.0000198809  -0.0000000001
       -0.0000638196  -0.0002612278   0.0000000008
       -0.0008878757   0.0065406450  -0.0000000131  -0.0104809041  -0.0079355063
        0.0000000757  -0.0182655180   0.0111937220   0.0000000234  -0.0293637754
       -0.0902800619   0.0000002301   0.0310936684   0.5949810392  -0.0000016374
        0.0845708960  -0.2229825383   0.0000002637   0.0278022850  -0.0092713147
       -0.0000000427  -0.0012475689   0.0130274605  -0.0000000080  -0.0054057101
       -0.0055266764   0.0000000204  -0.0002417188  -0.0048785869   0.0000000174
       -0.0070433402  -0.0439255202   0.0000001687   0.0130719828   0.0005495449
       -0.0000000424  -0.0043409915  -0.0026020954   0.0000000230   0.0047553235
       -0.0030656822  -0.0000000139   0.0004287569   0.0001432184  -0.0000000021
        0.0000900640  -0.0018429469  -0.0000000002  -0.0001933642  -0.0002747155
        0.0000000057   0.0000675577  -0.0003119410   0.0000000009   0.0275850012
       -0.0024186660  -0.0000000955  -0.1094845240  -0.2323915029   0.0000010344
       -0.0020726685   0.0011227808  -0.0000000024  -0.0002899015   0.0001201075
       -0.0000000037  -0.0001657917   0.0000702933  -0.0000000062   0.0001129791
        0.0000612539   0.0000000041   0.0000628739   0.0001359370  -0.0000000000
       -0.0001577360  -0.0002382480   0.0000000001
        0.0000000095   0.0000000323   0.0003760309  -0.0000000139   0.0000000186
        0.0040098405   0.0000002537   0.0000001625   0.0007801658   0.0000013917
        0.0000000364  -0.0392974790  -0.0000021653  -0.0000016374   0.1120720085
       -0.0000001035   0.0000003704  -0.0523028395   0.0000000419  -0.0000000586
        0.0006529618   0.0000000246   0.0000000300   0.0071637910   0.0000000010
       -0.0000000076  -0.0000754061   0.0000000257   0.0000000317   0.0061288507
       -0.0000000746   0.0000000864   0.0013279288   0.0000000209  -0.0000000385
       -0.0029689297  -0.0000000050  -0.0000000044  -0.0001701916   0.0000000139
       -0.0000000140   0.0002503772  -0.0000000005  -0.0000000028  -0.0001979610
       -0.0000000050   0.0000000046  -0.0001755437  -0.0000000022   0.0000000005
       -0.0005240378  -0.0000000028   0.0000000007  -0.0001673481  -0.0000000112
       -0.0000000016   0.0007371003   0.0000005969   0.0000010102  -0.0338089857
        0.0000000019  -0.0000000121  -0.0023330236   0.0000000036  -0.0000000037
        0.0001102070  -0.0000000022  -0.0000000039  -0.0017484394  -0.0000000004
       -0.0000000005  -0.0000099906   0.0000000002  -0.0000000006   0.0000334940
        0.0000000012   0.0000000017   0.0001374192
        0.0007393673   0.0113689372  -0.0000000260  -0.0138845079  -0.0060100778
        0.0000000722   0.0193968157   0.0083728966  -0.0000001354  -0.0540053093
        0.0182662691   0.0000001156  -0.1024405201   0.0845708960  -0.0000001035
        0.6652789605  -0.0106770726  -0.0000011159  -0.3031994788  -0.0350454234
        0.0000005219  -0.0333513749   0.0799540897  -0.0000001261  -0.0392164741
       -0.0296907464   0.0000001258   0.0447147983  -0.0102649995  -0.0000000505
       -0.1311193310  -0.0688071797   0.0000003694  -0.0299327451  -0.0248912738
        0.0000001549  -0.0129899471   0.0058607253   0.0000000621   0.0072655465
       -0.0060830847  -0.0000000222   0.0058333088  -0.0043409933  -0.0000000139
       -0.0057227200   0.0002417282   0.0000000271   0.0001058103   0.0001125441
       -0.0000000009   0.0002491288  -0.0001652085  -0.0000000015  -0.0054590231
        0.0002375445   0.0000000581   0.0065357103  -0.0121003161   0.0000000442
       -0.0179683646  -0.0040326364   0.0000000475  -0.0004035652   0.0025968614
        0.0000000117  -0.0002450824  -0.0005618052  -0.0000000052  -0.0003633981
       -0.0000998776  -0.0000000002   0.0000012196   0.0001222240  -0.0000000074
        0.0001811756   0.0010659789  -0.0000000018
       -0.0000220861  -0.0066307135   0.0000000162   0.0070877031   0.0024349424
       -0.0000000368  -0.0083733864  -0.0234578659   0.0000000836   0.0523479270
        0.0111928644  -0.0000001890   0.0576801890  -0.2229825383   0.0000003704
       -0.0106770726   0.6150765387  -0.0000012152   0.0074096629  -0.0805293329
        0.0000000702   0.0278545790   0.0042469633  -0.0000000452  -0.0132007179
       -0.0028762526   0.0000000207   0.0102639204  -0.0447328586   0.0000001055
       -0.0777340462  -0.2263756861   0.0000005542  -0.0427759253   0.0001414778
        0.0000001377   0.0058607482   0.0112041828  -0.0000000202  -0.0055867246
        0.0033536789   0.0000000188   0.0035954539  -0.0026020963  -0.0000000105
        0.0014185198  -0.0048786070   0.0000000190   0.0000145850  -0.0000706712
       -0.0000000030   0.0000647376   0.0001103699  -0.0000000040  -0.0010217562
        0.0013198137   0.0000000327   0.0097268239  -0.0264854387   0.0000000303
       -0.0263284521  -0.0027793289   0.0000000508   0.0033875366  -0.0042667456
        0.0000000273  -0.0005713521   0.0004972740  -0.0000000046   0.0000736137
        0.0000662125  -0.0000000061   0.0000924729   0.0001035330  -0.0000000048
       -0.0005869536  -0.0010797156   0.0000000020
        0.0000000004  -0.0000000055   0.0001629098   0.0000000093   0.0000000065
       -0.0001589710  -0.0000000354   0.0000000267  -0.0060818449   0.0000000058
       -0.0000000985   0.0007801390  -0.0000000181   0.0000002637  -0.0523028395
       -0.0000011159  -0.0000012152   0.1315372181   0.0000004746   0.0000001447
       -0.0488401941  -0.0000000042  -0.0000001508   0.0009335751   0.0000000888
        0.0000000435  -0.0046624875  -0.0000001103   0.0000001122   0.0013907627
        0.0000003508   0.0000005927  -0.0552880248   0.0000002146   0.0000000741
        0.0011138186   0.0000000364  -0.0000000372   0.0059428280   0.0000000055
        0.0000000048   0.0000162696  -0.0000000291   0.0000000184  -0.0001701741
        0.0000000269   0.0000000243   0.0061288506  -0.0000000012   0.0000000004
        0.0000256368  -0.0000000022   0.0000000012  -0.0001016642   0.0000000570
        0.0000000290   0.0106892899  -0.0000000476   0.0000001250   0.0015975520
        0.0000000960   0.0000000161   0.0010205772  -0.0000000007   0.0000000290
        0.0080441385   0.0000000029   0.0000000001  -0.0002504308  -0.0000000010
       -0.0000000010  -0.0000828338  -0.0000000054  -0.0000000033  -0.0013698498
        0.0000000019  -0.0000000009  -0.0000742512
       -0.0001499490  -0.0108365229   0.0000000183   0.0117522046   0.0054933148
       -0.0000000642  -0.0138845610  -0.0070875051   0.0000000784   0.0187056502
        0.0104805812  -0.0000000860  -0.0496333260   0.0278022850   0.0000000419
       -0.3031994788   0.0074096629   0.0000004746   0.6358992226  -0.0025412977
       -0.0000008787  -0.1544819641   0.0636019510  -0.0000000193   0.0547482228
        0.0296671484  -0.0000001638  -0.0392159573   0.0132011566   0.0000000247
       -0.0330931327  -0.0534278172   0.0000001992   0.0026481599  -0.0041598207
        0.0000000083   0.0072655654  -0.0055867250  -0.0000000247  -0.0085381485
        0.0047809810   0.0000000294  -0.0079748984   0.0047553262   0.0000000167
        0.0071897875   0.0054055565  -0.0000000254   0.0000284251  -0.0000343021
        0.0000000029   0.0001452240   0.0000128938  -0.0000000034  -0.0005804764
       -0.0000715433  -0.0000000046   0.0012087635  -0.0018439860   0.0000000001
       -0.1094023141  -0.1103428589   0.0000003831  -0.0190134809   0.0264241976
       -0.0000000386  -0.0005622525  -0.0034247317   0.0000000229  -0.0000253056
        0.0001043564   0.0000000041   0.0000414501   0.0001181441   0.0000000028
        0.0001225693   0.0000995549   0.0000000017
        0.0002133915   0.0056756260  -0.0000000139  -0.0054934871  -0.0027023536
        0.0000000273   0.0060102336   0.0024349566  -0.0000000348  -0.0045523820
       -0.0079355801   0.0000000470   0.0375154676  -0.0092713147  -0.0000000586
       -0.0350454234  -0.0805293329   0.0000001447  -0.0025412977   0.6704103552
       -0.0000014154   0.1431542790  -0.2707940961   0.0000003715  -0.0296686753
       -0.0718147083   0.0000002259   0.0296911846  -0.0028767702  -0.0000000545
       -0.0242113108   0.0170612171   0.0000000153  -0.0043952187  -0.0040672406
        0.0000000341  -0.0060830929   0.0033536794   0.0000000214   0.0047809801
       -0.0027412785  -0.0000000173   0.0065677839  -0.0030656841  -0.0000000162
       -0.0075244254  -0.0055266508   0.0000000266   0.0000260274   0.0000456408
        0.0000000041  -0.0000593727  -0.0000560411   0.0000000015   0.0014911054
       -0.0002898929  -0.0000000105   0.0018635586   0.0007327469  -0.0000000096
       -0.1114828516  -0.2328318181   0.0000006884   0.0024350293  -0.0014324643
       -0.0000000030  -0.0027224927  -0.0041968801   0.0000000235  -0.0000516245
       -0.0000047414   0.0000000055   0.0001360991   0.0000935928  -0.0000000004
       -0.0000534853   0.0003290330  -0.0000000026
       -0.0000000000   0.0000000072  -0.0000490990  -0.0000000150  -0.0000000072
       -0.0008837855   0.0000000150   0.0000000107  -0.0001589926  -0.0000000162
        0.0000000081   0.0040098326   0.0000000200  -0.0000000427   0.0006529618
        0.0000005219   0.0000000702  -0.0488401941  -0.0000008787  -0.0000014154
        0.1125887453  -0.0000002025   0.0000005111  -0.0453083975  -0.0000000224
        0.0000001148   0.0010217734  -0.0000000118  -0.0000000331  -0.0046624875
        0.0000001314   0.0000000711   0.0011411098   0.0000000285   0.0000000319
        0.0060821316  -0.0000000005   0.0000000005   0.0000162599   0.0000000028
       -0.0000000032  -0.0005504942  -0.0000000020   0.0000000002   0.0002503753
        0.0000000058   0.0000000030  -0.0000754061   0.0000000008   0.0000000003
        0.0001852706   0.0000000002   0.0000000002   0.0000259402  -0.0000000024
        0.0000000017   0.0002339096  -0.0000000110  -0.0000000033  -0.0013573024
        0.0000003966   0.0000006747  -0.0328765640   0.0000000218  -0.0000000301
        0.0008747979   0.0000000179   0.0000000312   0.0077031661   0.0000000005
       -0.0000000001   0.0000552741  -0.0000000004  -0.0000000005   0.0000055483
       -0.0000000002  -0.0000000013  -0.0000843732
       -0.0000039799  -0.0000000715  -0.0000000022  -0.0001498219  -0.0002133204
        0.0000000002   0.0007392048   0.0000219982  -0.0000000059  -0.0015362855
        0.0008879709   0.0000000006  -0.0045344274  -0.0012475689   0.0000000246
       -0.0333513749   0.0278545790  -0.0000000042  -0.1544819641   0.1431542790
       -0.0000002025   0.6699017533  -0.0000001401  -0.0000007145  -0.1544844570
       -0.1431556784   0.0000004713  -0.0333526751  -0.0278541257   0.0000001142
        0.0043860056  -0.0000002757  -0.0000000257  -0.0011772458  -0.0000000033
       -0.0000000012   0.0007393421  -0.0000220870  -0.0000000039  -0.0001499501
        0.0002133908   0.0000000006  -0.0015364681  -0.0008878737   0.0000000051
       -0.0045342087   0.0012477815   0.0000000159   0.0000368805  -0.0000000005
        0.0000000032   0.0000454092  -0.0000424780   0.0000000010  -0.0003696543
        0.0000039831  -0.0000000021  -0.0000510724  -0.0002597054  -0.0000000006
        0.0065978244  -0.0127937832   0.0000000322  -0.2989553642   0.0000015382
        0.0000003236   0.0065978406   0.0127933833  -0.0000000336   0.0000454092
        0.0000424785   0.0000000033  -0.0003696546  -0.0000039774   0.0000000007
       -0.0000510657   0.0002597067  -0.0000000002
       -0.0000000715  -0.0118355543   0.0000000210   0.0108365912   0.0056754983
       -0.0000000602  -0.0113689986  -0.0066305850   0.0000000724   0.0142611995
        0.0065404739  -0.0000000612  -0.0168362925   0.0130274605   0.0000000300
        0.0799540897   0.0042469633  -0.0000001508   0.0636019510  -0.2707940961
        0.0000005111  -0.0000001401   0.6475532972  -0.0000012773  -0.0636033503
       -0.2707915957   0.0000005542  -0.0799536362   0.0042482632   0.0000001340
       -0.0000002754  -0.0412978034   0.0000000788  -0.0000000036  -0.0017424858
        0.0000000022   0.0113689096  -0.0066307216  -0.0000000410  -0.0108365213
        0.0056756262   0.0000000377  -0.0142611014   0.0065406561   0.0000000347
        0.0168365041   0.0130272428  -0.0000000450  -0.0000000003  -0.0000281839
       -0.0000000017   0.0000426503   0.0000764438  -0.0000000006   0.0000394040
        0.0000935483  -0.0000000007  -0.0003276839   0.0000808920  -0.0000000037
        0.0114497413  -0.0265670149   0.0000000395   0.0000015379  -0.0441521708
        0.0000000364  -0.0114501412  -0.0265670313   0.0000000903  -0.0000426499
        0.0000764439  -0.0000000009  -0.0000393977   0.0000935486  -0.0000000035
        0.0003276852   0.0000808849   0.0000000044
       -0.0000000019   0.0000000257   0.0000362500  -0.0000000293  -0.0000000097
       -0.0000491091   0.0000000258   0.0000000146   0.0001629056  -0.0000000306
       -0.0000000094   0.0003760640   0.0000000622  -0.0000000080   0.0071637910
       -0.0000001261  -0.0000000452   0.0009335751  -0.0000000193   0.0000003715
       -0.0453083975  -0.0000007145  -0.0000012773   0.1135607906   0.0000002824
        0.0000007093  -0.0453083971   0.0000002479   0.0000000296   0.0009335744
       -0.0000000136   0.0000000782  -0.0047757114   0.0000000008   0.0000000038
       -0.0002627876  -0.0000000260   0.0000000165   0.0001629055   0.0000000215
       -0.0000000146  -0.0000491091   0.0000000358  -0.0000000194   0.0003760639
       -0.0000000158  -0.0000000133   0.0071637913   0.0000000014   0.0000000003
        0.0000042009   0.0000000011  -0.0000000012   0.0000705795  -0.0000000036
       -0.0000000047  -0.0011119331  -0.0000000008  -0.0000000026  -0.0001262005
       -0.0000000391   0.0000000902   0.0010020999   0.0000003294   0.0000000256
       -0.0347894923   0.0000000174   0.0000000390   0.0010020999   0.0000000011
        0.0000000012   0.0000705795  -0.0000000042  -0.0000000007  -0.0011119330
       -0.0000000022   0.0000000006  -0.0001262005
       -0.0001498208   0.0108365929  -0.0000000239  -0.0085382637  -0.0047809111
        0.0000000471   0.0072657056   0.0055866780  -0.0000000516  -0.0079750347
       -0.0047552671   0.0000000373   0.0071898130  -0.0054057101   0.0000000010
       -0.0392164741  -0.0132007179   0.0000000888   0.0547482228  -0.0296686753
       -0.0000000224  -0.1544844570  -0.0636033503   0.0000002824   0.6358992903
        0.0025417100  -0.0000008144  -0.3031991531  -0.0074069776   0.0000004466
       -0.0330921964   0.0534284224  -0.0000000653   0.0026482633   0.0041597398
       -0.0000000019  -0.0138845472   0.0070877017   0.0000000511   0.0117522047
       -0.0054934892  -0.0000000414   0.0187055788  -0.0104809025  -0.0000000341
       -0.0496341141  -0.0278017978   0.0000001562   0.0000284254   0.0000343022
        0.0000000024  -0.0000253062  -0.0001043560   0.0000000007   0.0000414471
       -0.0001181433   0.0000000011   0.0001225692  -0.0000995526   0.0000000043
       -0.0005621783   0.0034246878   0.0000000081  -0.0190138293  -0.0264239859
        0.0000000914  -0.1093996400   0.1103413712  -0.0000001494   0.0001452246
       -0.0000128961  -0.0000000000  -0.0005804922   0.0000715466  -0.0000000024
        0.0012087623   0.0018439803  -0.0000000121
       -0.0002133212   0.0056754981  -0.0000000059  -0.0047809102  -0.0027411632
        0.0000000265   0.0060830463   0.0033535388  -0.0000000348  -0.0065677250
       -0.0030655475   0.0000000325   0.0075242725  -0.0055266764  -0.0000000076
       -0.0296907464  -0.0028762526   0.0000000435   0.0296671484  -0.0718147083
        0.0000001148  -0.1431556784  -0.2707915957   0.0000007093   0.0025417100
        0.6704102863  -0.0000012010   0.0350481095  -0.0805296660   0.0000000069
        0.0242119157   0.0170602804  -0.0000000820   0.0043951378  -0.0040673440
        0.0000000128  -0.0060100371   0.0024349432   0.0000000217   0.0054933128
       -0.0027023537  -0.0000000223   0.0045520605  -0.0079355084   0.0000000016
       -0.0375149811  -0.0092705269   0.0000000939  -0.0000260274   0.0000456408
       -0.0000000028   0.0000516247  -0.0000047409  -0.0000000020  -0.0001360984
        0.0000935955   0.0000000034   0.0000534873   0.0003290337   0.0000000012
        0.0027224488  -0.0041969541   0.0000000230  -0.0024348169  -0.0014321164
        0.0000000025   0.1114813636  -0.2328344927   0.0000002627   0.0000593704
       -0.0000560417  -0.0000000038  -0.0014911024  -0.0002898758   0.0000000079
       -0.0018635638   0.0007327474  -0.0000000021
        0.0000000002  -0.0000000327  -0.0000490990   0.0000000235   0.0000000144
       -0.0005504942  -0.0000000275  -0.0000000183   0.0000162598   0.0000000295
        0.0000000162   0.0002503755  -0.0000000269   0.0000000204  -0.0000754061
        0.0000001258   0.0000000207  -0.0046624875  -0.0000001638   0.0000002259
        0.0010217734   0.0000004713   0.0000005542  -0.0453083971  -0.0000008144
       -0.0000012010   0.1125887407   0.0000003026   0.0000000833  -0.0488401907
        0.0000000220  -0.0000001433   0.0011411098   0.0000000083   0.0000000130
        0.0060821314   0.0000000414  -0.0000000178  -0.0001589930  -0.0000000394
        0.0000000144  -0.0008837856  -0.0000000346   0.0000000401   0.0040098323
        0.0000001722   0.0000000774   0.0006529619   0.0000000011   0.0000000001
        0.0001852705   0.0000000002   0.0000000002   0.0000552741   0.0000000000
        0.0000000003   0.0000055482  -0.0000000008  -0.0000000003  -0.0000843732
        0.0000000067   0.0000000256   0.0077031663   0.0000000337   0.0000000410
        0.0008747979  -0.0000001330   0.0000002699  -0.0328765630  -0.0000000003
        0.0000000003   0.0000259400   0.0000000043   0.0000000006   0.0002339097
       -0.0000000020  -0.0000000048  -0.0013573021
        0.0007392301  -0.0113690262   0.0000000173   0.0072656867   0.0060830382
       -0.0000000434  -0.0129900867  -0.0058604334   0.0000000870   0.0058333179
        0.0043408926  -0.0000000322  -0.0057227395  -0.0002417188   0.0000000257
        0.0447147983   0.0102639204  -0.0000001103  -0.0392159573   0.0296911846
       -0.0000000118  -0.0333526751  -0.0799536362   0.0000002479  -0.3031991531
        0.0350481095   0.0000003026   0.6652792203   0.0106764669  -0.0000010359
       -0.1311175621   0.0688060287   0.0000000707  -0.0299319283   0.0248916361
        0.0000000375   0.0193968158  -0.0083734122  -0.0000000934  -0.0138845219
        0.0060102743   0.0000000481  -0.0540061601  -0.0182654836   0.0000001747
       -0.1024422338  -0.0845723474   0.0000002287   0.0001058090  -0.0001125464
       -0.0000000002  -0.0003633976   0.0000998824   0.0000000004   0.0000012164
       -0.0001222232  -0.0000000053   0.0001811697  -0.0010659939   0.0000000052
       -0.0002450686   0.0005618145  -0.0000000112  -0.0004036373  -0.0025969079
        0.0000000193  -0.0179679981   0.0040328192   0.0000000409   0.0002491301
        0.0001652069  -0.0000000023  -0.0054590136  -0.0002374626   0.0000000513
        0.0065357387   0.0120999177  -0.0000000111
        0.0000219973  -0.0066305766   0.0000000099   0.0055866774   0.0033535380
       -0.0000000332  -0.0058604563   0.0112043243   0.0000000020  -0.0035955559
       -0.0026021054   0.0000000199  -0.0014185101  -0.0048785869   0.0000000317
       -0.0102649995  -0.0447328586   0.0000001122   0.0132011566  -0.0028767702
       -0.0000000331  -0.0278541257   0.0042482632   0.0000000296  -0.0074069776
       -0.0805296660   0.0000000833   0.0106764669   0.6150762767  -0.0000008889
        0.0777328964  -0.2263774522   0.0000002028   0.0427762874   0.0001406618
       -0.0000001243   0.0083728707  -0.0234578653  -0.0000000085  -0.0070875063
        0.0024349555   0.0000000266  -0.0523471394   0.0111937163   0.0000001339
       -0.0576816423  -0.2229808203   0.0000003304  -0.0000145872  -0.0000706696
        0.0000000023  -0.0000736085   0.0000662123   0.0000000021  -0.0000924720
        0.0001035355  -0.0000000043   0.0005869387  -0.0010797099   0.0000000008
        0.0005713610   0.0004972604   0.0000000023  -0.0033875833  -0.0042666735
        0.0000000315   0.0263286351  -0.0027796951  -0.0000000299  -0.0000647394
        0.0001103688   0.0000000057   0.0010218387   0.0013198043   0.0000000134
       -0.0097272227  -0.0264854674   0.0000000820
       -0.0000000016   0.0000000326   0.0001629099  -0.0000000199  -0.0000000156
        0.0000162695   0.0000000607   0.0000000164   0.0059428286  -0.0000000094
       -0.0000000067  -0.0001701744   0.0000000346   0.0000000174   0.0061288507
       -0.0000000505   0.0000001055   0.0013907627   0.0000000247  -0.0000000545
       -0.0046624875   0.0000001142   0.0000001340   0.0009335744   0.0000004466
        0.0000000069  -0.0488401907  -0.0000010359  -0.0000008889   0.1315372191
       -0.0000000053   0.0000001715  -0.0552880244   0.0000000268  -0.0000000682
        0.0011138182  -0.0000000669   0.0000000465  -0.0060818449   0.0000000300
       -0.0000000179  -0.0001589707   0.0000002171   0.0000000374   0.0007801393
        0.0000002154   0.0000004488  -0.0523028367   0.0000000005  -0.0000000004
        0.0000256369   0.0000000004  -0.0000000014  -0.0000828341  -0.0000000062
       -0.0000000035  -0.0013698503  -0.0000000012   0.0000000042  -0.0000742522
       -0.0000000003  -0.0000000028  -0.0002504311   0.0000000163   0.0000000285
        0.0080441386  -0.0000000293   0.0000000007   0.0010205769  -0.0000000004
       -0.0000000004  -0.0001016639   0.0000000446   0.0000000105   0.0106892900
       -0.0000000048  -0.0000000008   0.0015975460
       -0.0011772424  -0.0000000033   0.0000000026   0.0026482660   0.0043951383
       -0.0000000012  -0.0299319235   0.0427762887  -0.0000000024  -0.0209208482
       -0.0130717241   0.0000000952   0.0300947760  -0.0070433402  -0.0000000746
       -0.1311193310  -0.0777340462   0.0000003508  -0.0330931327  -0.0242113108
        0.0000001314   0.0043860056  -0.0000002754  -0.0000000136  -0.0330921964
        0.0242119157   0.0000000220  -0.1311175621   0.0777328964  -0.0000000053
        0.6452561819  -0.0000000254  -0.0000014631  -0.2692947413   0.0000011527
        0.0000007264  -0.0299327406  -0.0427759254   0.0000001844   0.0026481632
       -0.0043952196   0.0000000116  -0.0209205969   0.0130719826   0.0000000361
        0.0300948081   0.0070424468  -0.0000000942   0.0001878237  -0.0000000012
       -0.0000000045  -0.0005621107  -0.0001054682   0.0000000026  -0.0001963163
       -0.0005155358   0.0000000118  -0.0011754124   0.0035226390   0.0000000054
       -0.0058364784  -0.0002598111   0.0000000279   0.0008250108  -0.0000000083
        0.0000000006  -0.0058364843   0.0002598914   0.0000000220  -0.0005621275
        0.0001054714   0.0000000006  -0.0001963068   0.0005155439   0.0000000055
       -0.0011754836  -0.0035226722   0.0000000219
       -0.0000000033  -0.0017424838   0.0000000037   0.0041597418  -0.0040673459
        0.0000000032   0.0248916604   0.0001406645  -0.0000000868  -0.0077396510
        0.0005497888   0.0000000150   0.0043210278  -0.0439255202   0.0000000864
       -0.0688071797  -0.2263756861   0.0000005927  -0.0534278172   0.0170612171
        0.0000000711  -0.0000002757  -0.0412978034   0.0000000782   0.0534284224
        0.0170602804  -0.0000001433   0.0688060287  -0.2263774522   0.0000001715
       -0.0000000254   0.6408497289  -0.0000011197   0.0000011531  -0.0781388208
        0.0000000485  -0.0248912980   0.0001414803   0.0000000914  -0.0041598228
       -0.0040672425   0.0000000373   0.0077399102   0.0005495380  -0.0000000230
       -0.0043219206  -0.0439255522   0.0000001094  -0.0000000014  -0.0000117517
       -0.0000000040   0.0015038813  -0.0002851794  -0.0000000094  -0.0003181687
        0.0004708263   0.0000000067   0.0024163828  -0.0039229427   0.0000000148
        0.0007590599   0.0008077061   0.0000000099  -0.0000000082  -0.0005639441
        0.0000000077  -0.0007589797   0.0008077123   0.0000000191  -0.0015038780
       -0.0002851626   0.0000000095   0.0003181776   0.0004708160  -0.0000000069
       -0.0024164163  -0.0039228711   0.0000000170
        0.0000000030   0.0000000074  -0.0002628264   0.0000000152   0.0000000056
        0.0060821294   0.0000000682  -0.0000001607   0.0011138113   0.0000000768
        0.0000000357  -0.0029689587  -0.0000001191   0.0000001687   0.0013279288
        0.0000003694   0.0000005542  -0.0552880248   0.0000001992   0.0000000153
        0.0011411098  -0.0000000257   0.0000000788  -0.0047757114  -0.0000000653
       -0.0000000820   0.0011411098   0.0000000707   0.0000002028  -0.0552880244
       -0.0000014631  -0.0000011197   0.1349747611   0.0000006515   0.0000000578
       -0.0537004735   0.0000001638   0.0000001601   0.0011138117   0.0000000325
        0.0000000323   0.0060821294   0.0000000481  -0.0000000574  -0.0029689588
       -0.0000000915   0.0000000389   0.0013279286  -0.0000000086  -0.0000000029
       -0.0014399367  -0.0000000026   0.0000000012   0.0000356655   0.0000000028
        0.0000000009  -0.0002287821   0.0000000103   0.0000000171   0.0044560320
        0.0000000214   0.0000000176   0.0070355243  -0.0000000022   0.0000000022
       -0.0002086844   0.0000000233   0.0000000122   0.0070355245   0.0000000044
        0.0000000002   0.0000356656  -0.0000000002  -0.0000000037  -0.0002287826
        0.0000000176   0.0000000173   0.0044560323
        0.0043860052  -0.0000002757  -0.0000000481  -0.0330921919   0.0242119137
        0.0000001017  -0.1311175435   0.0777328951   0.0000001755   0.0300948060
        0.0070424433  -0.0000001171  -0.0209205996   0.0130719828   0.0000000209
       -0.0299327451  -0.0427759253   0.0000002146   0.0026481599  -0.0043952187
        0.0000000285  -0.0011772458  -0.0000000036   0.0000000008   0.0026482633
        0.0043951378   0.0000000083  -0.0299319283   0.0427762874   0.0000000268
       -0.2692947413   0.0000011531   0.0000006515   0.6452561666  -0.0000000273
       -0.0000018358  -0.1311193105  -0.0777340435   0.0000004607  -0.0330931291
       -0.0242113085   0.0000001925   0.0300947727  -0.0070433359  -0.0000000796
       -0.0209208497  -0.0130717235   0.0000000724   0.0008250012  -0.0000000083
       -0.0000000067  -0.0058364865   0.0002598913   0.0000000566  -0.0011754855
       -0.0035226709   0.0000000309  -0.0001963084   0.0005155448  -0.0000000108
       -0.0005621291   0.0001054714  -0.0000000025   0.0001878443  -0.0000000012
       -0.0000000061  -0.0005621123  -0.0001054682  -0.0000000003  -0.0058364805
       -0.0002598111   0.0000000569  -0.0011754142   0.0035226377   0.0000000149
       -0.0001963178  -0.0005155367  -0.0000000066
       -0.0000002757  -0.0412978030   0.0000000642   0.0534284167   0.0170602808
       -0.0000002699   0.0688060555  -0.2263774462   0.0000001138  -0.0043219264
       -0.0439255472   0.0000001101   0.0077399081   0.0005495449  -0.0000000385
       -0.0248912738   0.0001414778   0.0000000741  -0.0041598207  -0.0040672406
        0.0000000319  -0.0000000033  -0.0017424858   0.0000000038   0.0041597398
       -0.0040673440   0.0000000130   0.0248916361   0.0001406618  -0.0000000682
        0.0000011527  -0.0781388208   0.0000000578  -0.0000000273   0.6408496973
       -0.0000010093  -0.0688072036  -0.2263756762   0.0000005513  -0.0534278118
        0.0170612175   0.0000002125   0.0043210329  -0.0439255144   0.0000000779
       -0.0077396484   0.0005497960   0.0000000212  -0.0000000082  -0.0005639451
        0.0000000024  -0.0007589802   0.0008077101   0.0000000188  -0.0024164180
       -0.0039228726   0.0000000299   0.0003181740   0.0004708140  -0.0000000029
       -0.0015038800  -0.0002851613   0.0000000012  -0.0000000014  -0.0000117487
       -0.0000000041   0.0015038834  -0.0002851782   0.0000000010   0.0007590604
        0.0008077039   0.0000000067   0.0024163845  -0.0039229442   0.0000000025
       -0.0003181651   0.0004708243  -0.0000000014
       -0.0000000393   0.0000000624  -0.0047756579   0.0000000578  -0.0000001288
        0.0011411022   0.0000001386   0.0000000189  -0.0552880143  -0.0000000696
        0.0000001044   0.0013279245   0.0000000285  -0.0000000424  -0.0029689297
        0.0000001549   0.0000001377   0.0011138186   0.0000000083   0.0000000341
        0.0060821316  -0.0000000012   0.0000000022  -0.0002627876  -0.0000000019
        0.0000000128   0.0060821314   0.0000000375  -0.0000001243   0.0011138182
        0.0000007264   0.0000000485  -0.0537004735  -0.0000018358  -0.0000010093
        0.1349743232   0.0000004137   0.0000006470  -0.0552880151   0.0000002656
        0.0000000700   0.0011411023  -0.0000000968   0.0000000922   0.0013279247
        0.0000000553   0.0000000245  -0.0029689294  -0.0000000051   0.0000000020
       -0.0002086513   0.0000000635   0.0000000111   0.0070355742   0.0000000280
        0.0000000400   0.0044560676  -0.0000000012  -0.0000000048  -0.0002287774
        0.0000000037  -0.0000000006   0.0000356885  -0.0000000026  -0.0000000038
       -0.0014399240  -0.0000000029   0.0000000020   0.0000356885   0.0000000554
        0.0000000108   0.0070355742   0.0000000173  -0.0000000082   0.0044560672
        0.0000000019   0.0000000018  -0.0002287769
       -0.0333513678   0.0799541111   0.0000000165  -0.0392165169  -0.0296907511
        0.0000002156   0.0447147709  -0.0102650179  -0.0000001813  -0.0057226952
        0.0002417883   0.0000000514   0.0058333192  -0.0043409915  -0.0000000050
       -0.0129899471   0.0058607482   0.0000000364   0.0072655654  -0.0060830929
       -0.0000000005   0.0007393421   0.0113689096  -0.0000000260  -0.0138845472
       -0.0060100371   0.0000000414   0.0193968158   0.0083728707  -0.0000000669
       -0.0299327406  -0.0248912980   0.0000001638  -0.1311193105  -0.0688072036
        0.0000004137   0.6652787850  -0.0106769973  -0.0000023107  -0.3031993832
       -0.0350454210   0.0000012518  -0.1024404682   0.0845708127   0.0000000844
       -0.0540052958   0.0182663035   0.0000001624  -0.0004035367   0.0025968582
        0.0000000367  -0.0002450720  -0.0005618112   0.0000000160   0.0001811806
        0.0010659591  -0.0000000059   0.0000012082   0.0001222143  -0.0000000083
       -0.0003634044  -0.0000998719  -0.0000000009   0.0001058266   0.0001125534
       -0.0000000015   0.0002491387  -0.0001652188   0.0000000001  -0.0179683557
       -0.0040326386   0.0000000799   0.0065357086  -0.0121003156  -0.0000000108
       -0.0054590196   0.0002375373   0.0000000476
        0.0278545760   0.0042469607  -0.0000001381  -0.0132007204  -0.0028762530
        0.0000000529   0.0102639386  -0.0447328600   0.0000000204   0.0014185177
       -0.0048786057   0.0000000224   0.0035954530  -0.0026020954  -0.0000000044
        0.0058607253   0.0112041828  -0.0000000372  -0.0055867250   0.0033536794
        0.0000000005  -0.0000220870  -0.0066307216   0.0000000165   0.0070877017
        0.0024349432  -0.0000000178  -0.0083734122  -0.0234578653   0.0000000465
       -0.0427759254   0.0001414803   0.0000001601  -0.0777340435  -0.2263756762
        0.0000006470  -0.0106769973   0.6150764320  -0.0000007345   0.0074096567
       -0.0805293441   0.0000000141   0.0576801257  -0.2229824354  -0.0000000367
        0.0523479208   0.0111928696  -0.0000001907   0.0033875966  -0.0042667453
        0.0000000004  -0.0005713528   0.0004972741   0.0000000095  -0.0005869540
       -0.0010797156   0.0000000060   0.0000924712   0.0001035331  -0.0000000041
        0.0000736125   0.0000662131  -0.0000000023   0.0000145681  -0.0000706700
       -0.0000000003   0.0000647373   0.0001103705   0.0000000018  -0.0263284507
       -0.0027793272   0.0000001335   0.0097268256  -0.0264854383   0.0000000157
       -0.0010217585   0.0013198142   0.0000000189
        0.0000001252  -0.0000003976   0.0009335825   0.0000001769   0.0000001324
       -0.0046625191  -0.0000002246   0.0000001662   0.0013907508   0.0000000486
        0.0000000269   0.0061288436  -0.0000000252   0.0000000230  -0.0001701916
        0.0000000621  -0.0000000202   0.0059428280  -0.0000000247   0.0000000214
        0.0000162599  -0.0000000039  -0.0000000410   0.0001629055   0.0000000511
        0.0000000217  -0.0001589930  -0.0000000934  -0.0000000085  -0.0060818449
        0.0000001844   0.0000000914   0.0011138117   0.0000004607   0.0000005513
       -0.0552880151  -0.0000023107  -0.0000007345   0.1315377023   0.0000011444
        0.0000002315  -0.0488402534   0.0000001101  -0.0000001022  -0.0523029125
        0.0000001246  -0.0000000662   0.0007801654   0.0000000392   0.0000000089
        0.0080440844   0.0000000034   0.0000000023  -0.0002504547  -0.0000000003
       -0.0000000063  -0.0000742647  -0.0000000054  -0.0000000063  -0.0013698449
        0.0000000008  -0.0000000004  -0.0000828249  -0.0000000009  -0.0000000004
        0.0000256301  -0.0000000023   0.0000000007  -0.0001016924   0.0000001347
        0.0000000234   0.0010205143  -0.0000000238   0.0000000729   0.0015974850
        0.0000000488   0.0000000095   0.0106892477
       -0.1544819456   0.0636019151   0.0000004581   0.0547482228   0.0296671489
       -0.0000003095  -0.0392160000   0.0132011589   0.0000001257   0.0071897895
        0.0054055537  -0.0000000472  -0.0079748961   0.0047553235   0.0000000139
        0.0072655465  -0.0055867246   0.0000000055  -0.0085381485   0.0047809801
        0.0000000028  -0.0001499501  -0.0108365213   0.0000000215   0.0117522047
        0.0054933128  -0.0000000394  -0.0138845219  -0.0070875063   0.0000000300
        0.0026481632  -0.0041598228   0.0000000325  -0.0330931291  -0.0534278118
        0.0000002656  -0.3031993832   0.0074096567   0.0000011444   0.6358991029
       -0.0025412022  -0.0000024597  -0.0496333168   0.0278022792   0.0000001626
        0.0187056470   0.0104805827  -0.0000000575  -0.0190134794   0.0264241999
        0.0000000433  -0.0005622514  -0.0034247297   0.0000000416   0.0001225704
        0.0000995568  -0.0000000056   0.0000414556   0.0001181447   0.0000000017
       -0.0000253032   0.0001043548   0.0000000033   0.0000284534  -0.0000343045
        0.0000000012   0.0001452238   0.0000128920  -0.0000000005  -0.1094023369
       -0.1103429066   0.0000005683   0.0012087588  -0.0018439854  -0.0000000053
       -0.0005804765  -0.0000715446   0.0000000027
        0.1431542441  -0.2707940556  -0.0000003522  -0.0296686757  -0.0718147002
        0.0000002771   0.0296911891  -0.0028767704  -0.0000001513  -0.0075244259
       -0.0055266482   0.0000000380   0.0065677832  -0.0030656822  -0.0000000140
       -0.0060830847   0.0033536789   0.0000000048   0.0047809810  -0.0027412785
       -0.0000000032   0.0002133908   0.0056756262  -0.0000000146  -0.0054934892
       -0.0027023537   0.0000000144   0.0060102743   0.0024349555  -0.0000000179
       -0.0043952196  -0.0040672425   0.0000000323  -0.0242113085   0.0170612175
        0.0000000700  -0.0350454210  -0.0805293441   0.0000002315  -0.0025412022
        0.6704103732  -0.0000008704   0.0375154601  -0.0092713085  -0.0000001460
       -0.0045523825  -0.0079355779   0.0000000277   0.0024349718  -0.0014324634
        0.0000000026  -0.0027224926  -0.0041968794   0.0000000322  -0.0000534859
        0.0003290326  -0.0000000003   0.0001361009   0.0000935918   0.0000000068
       -0.0000516254  -0.0000047419   0.0000000039   0.0000260345   0.0000456408
        0.0000000007  -0.0000593734  -0.0000560415  -0.0000000018  -0.1114829039
       -0.2328318813   0.0000008464   0.0018635546   0.0007327463  -0.0000000149
        0.0014911060  -0.0002898937  -0.0000000021
        0.0000003065   0.0000000269  -0.0453083864  -0.0000001928  -0.0000000071
        0.0010217737   0.0000001036  -0.0000000574  -0.0046625191  -0.0000000227
       -0.0000000184  -0.0000753714   0.0000000254  -0.0000000139   0.0002503772
       -0.0000000222   0.0000000188   0.0000162696   0.0000000294  -0.0000000173
       -0.0005504942   0.0000000006   0.0000000377  -0.0000491091  -0.0000000414
       -0.0000000223  -0.0008837856   0.0000000481   0.0000000266  -0.0001589707
        0.0000000116   0.0000000373   0.0060821294   0.0000001925   0.0000002125
        0.0011411023   0.0000012518   0.0000000141  -0.0488402534  -0.0000024597
       -0.0000008704   0.1125884105   0.0000001509  -0.0000001020   0.0006530138
       -0.0000000573  -0.0000000286   0.0040098406   0.0000000946  -0.0000001296
        0.0008748479   0.0000000465   0.0000000408   0.0077031942  -0.0000000002
       -0.0000000015  -0.0000843447  -0.0000000002  -0.0000000009   0.0000055599
        0.0000000001  -0.0000000006   0.0000552660  -0.0000000003   0.0000000004
        0.0001852559  -0.0000000008   0.0000000003   0.0000259381   0.0000005478
        0.0000008451  -0.0328764234  -0.0000000125   0.0000000081  -0.0013572369
        0.0000000006   0.0000000014   0.0002339159
       -0.0045344252  -0.0168362995   0.0000000839   0.0071898148   0.0075242729
       -0.0000000483  -0.0057227146  -0.0014185084   0.0000000503   0.0012249433
       -0.0000901033  -0.0000000049  -0.0006289985   0.0004287569  -0.0000000005
        0.0058333088   0.0035954539  -0.0000000291  -0.0079748984   0.0065677839
       -0.0000000020  -0.0015364681  -0.0142611014   0.0000000358   0.0187055788
        0.0045520605  -0.0000000346  -0.0540061601  -0.0523471394   0.0000002171
       -0.0209205969   0.0077399102   0.0000000481   0.0300947727   0.0043210329
       -0.0000000968  -0.1024404682   0.0576801257   0.0000001101  -0.0496333168
        0.0375154601   0.0000001509   0.7365934944   0.0310937855  -0.0000019888
       -0.4243390933   0.0293678048   0.0000010847  -0.0009281370   0.0012358132
        0.0000000037   0.0000827673   0.0000126647  -0.0000000066  -0.0000638195
       -0.0002612255   0.0000000035  -0.0000243338   0.0000198826  -0.0000000010
        0.0000058925   0.0000587172  -0.0000000009  -0.0000435523  -0.0002156641
       -0.0000000028   0.0003320353   0.0001275537   0.0000000012   0.0007575795
        0.0015504250  -0.0000000199  -0.1084767088  -0.1110941196   0.0000003726
       -0.0195464959   0.0031326574   0.0000000743
       -0.0012475671   0.0130274614  -0.0000000041  -0.0054057071  -0.0055266736
        0.0000000352  -0.0002417790  -0.0048785856   0.0000000145   0.0000900668
       -0.0018429466   0.0000000021   0.0004287605   0.0001432184  -0.0000000028
       -0.0043409933  -0.0026020963   0.0000000184   0.0047553262  -0.0030656841
        0.0000000002  -0.0008878737   0.0065406561  -0.0000000194  -0.0104809025
       -0.0079355084   0.0000000401  -0.0182654836   0.0111937163   0.0000000374
        0.0130719826   0.0005495380  -0.0000000574  -0.0070433359  -0.0439255144
        0.0000000922   0.0845708127  -0.2229824354  -0.0000001022   0.0278022792
       -0.0092713085  -0.0000001020   0.0310937855   0.5949809323  -0.0000005840
       -0.0293637960  -0.0902800615   0.0000001662  -0.0002899352   0.0001201094
        0.0000000015  -0.0001657883   0.0000702950  -0.0000000055  -0.0001577331
       -0.0002382478  -0.0000000008   0.0000628792   0.0001359356   0.0000000023
        0.0001129822   0.0000612514   0.0000000053  -0.0001933260  -0.0002747187
        0.0000000017   0.0000675584  -0.0003119434  -0.0000000019  -0.0020726673
        0.0011227821   0.0000000111  -0.1094845524  -0.2323915041   0.0000005294
        0.0275850070  -0.0024186677  -0.0000000775
        0.0000000552   0.0000000616   0.0071637886  -0.0000000207  -0.0000000203
       -0.0000753714   0.0000000496   0.0000000208   0.0061288437  -0.0000000064
        0.0000000004  -0.0001755324   0.0000000017  -0.0000000021  -0.0001979610
       -0.0000000139  -0.0000000105  -0.0001701741   0.0000000167  -0.0000000162
        0.0002503753   0.0000000051   0.0000000347   0.0003760639  -0.0000000341
        0.0000000016   0.0040098323   0.0000001747   0.0000001339   0.0007801393
        0.0000000361  -0.0000000230  -0.0029689588  -0.0000000796   0.0000000779
        0.0013279247   0.0000000844  -0.0000000367  -0.0523029125   0.0000001626
       -0.0000001460   0.0006530138  -0.0000019888  -0.0000005840   0.1120716273
        0.0000011976  -0.0000000140  -0.0392974779   0.0000000045  -0.0000000055
        0.0001102296  -0.0000000096  -0.0000000041  -0.0017484379   0.0000000007
        0.0000000020   0.0001374124   0.0000000003   0.0000000003   0.0000334927
        0.0000000002  -0.0000000002  -0.0000099854  -0.0000000003  -0.0000000008
       -0.0005240224  -0.0000000008  -0.0000000012  -0.0001673111  -0.0000000122
       -0.0000000117  -0.0023329688   0.0000003506   0.0000005484  -0.0338088111
        0.0000000263  -0.0000000057   0.0007371811
       -0.0015362836   0.0142611958  -0.0000000168  -0.0079750322  -0.0065677242
        0.0000000508   0.0058333283  -0.0035955547  -0.0000000061  -0.0006290097
       -0.0004287516   0.0000000049   0.0012249410   0.0000900640  -0.0000000050
       -0.0057227200   0.0014185198   0.0000000269   0.0071897875  -0.0075244254
        0.0000000058  -0.0045342087   0.0168365041  -0.0000000158  -0.0496341141
       -0.0375149811   0.0000001722  -0.1024422338  -0.0576816423   0.0000002154
        0.0300948081  -0.0043219206  -0.0000000915  -0.0209208497  -0.0077396484
        0.0000000553  -0.0540052958   0.0523479208   0.0000001246   0.0187056470
       -0.0045523825  -0.0000000573  -0.4243390933  -0.0293637960   0.0000011976
        0.7365927498  -0.0310953785  -0.0000017514  -0.0000435118   0.0002156604
       -0.0000000021   0.0000058888  -0.0000587167   0.0000000006  -0.0000243357
       -0.0000198789   0.0000000009  -0.0000638149   0.0002612257  -0.0000000025
        0.0000827692  -0.0000126636  -0.0000000063  -0.0009281496  -0.0012357990
        0.0000000017   0.0007575860  -0.0015504202  -0.0000000043   0.0003320333
       -0.0001275620  -0.0000000065  -0.0195468594  -0.0031324490   0.0000000493
       -0.1084740268   0.1110926041   0.0000000596
        0.0008879730   0.0065404627  -0.0000000110  -0.0047552643  -0.0030655455
        0.0000000282   0.0043408908  -0.0026021045  -0.0000000112  -0.0004287478
        0.0001432289   0.0000000018  -0.0000901006  -0.0018429469   0.0000000046
        0.0002417282  -0.0048786070   0.0000000243   0.0054055565  -0.0055266508
        0.0000000030   0.0012477815   0.0130272428  -0.0000000133  -0.0278017978
       -0.0092705269   0.0000000774  -0.0845723474  -0.2229808203   0.0000004488
        0.0070424468  -0.0439255522   0.0000000389  -0.0130717235   0.0005497960
        0.0000000245   0.0182663035   0.0111928696  -0.0000000662   0.0104805827
       -0.0079355779  -0.0000000286   0.0293678048  -0.0902800615  -0.0000000140
       -0.0310953785   0.5949817854  -0.0000004567   0.0001933613  -0.0002747203
       -0.0000000045  -0.0001129784   0.0000612557   0.0000000016  -0.0000628716
        0.0001359379   0.0000000016   0.0001577332  -0.0002382530  -0.0000000016
        0.0001657915   0.0000702916  -0.0000000064   0.0002899142   0.0001201191
       -0.0000000058   0.0020726727   0.0011227745  -0.0000000109  -0.0000675653
       -0.0003119387  -0.0000000049  -0.0275847965  -0.0024182953   0.0000000911
        0.1094830311  -0.2323941634  -0.0000001104
        0.0000000041  -0.0000000529   0.0003760310   0.0000000321   0.0000000262
        0.0002503774  -0.0000000218   0.0000000138  -0.0001701919   0.0000000021
        0.0000000015  -0.0001979609  -0.0000000034  -0.0000000002  -0.0001755437
        0.0000000271   0.0000000190   0.0061288506  -0.0000000254   0.0000000266
       -0.0000754061   0.0000000159  -0.0000000450   0.0071637913   0.0000001562
        0.0000000939   0.0006529619   0.0000002287   0.0000003304  -0.0523028367
       -0.0000000942   0.0000001094   0.0013279286   0.0000000724   0.0000000212
       -0.0029689294   0.0000001624  -0.0000001907   0.0007801654  -0.0000000575
        0.0000000277   0.0040098406   0.0000010847   0.0000001662  -0.0392974779
       -0.0000017514  -0.0000004567   0.1120720006  -0.0000000027  -0.0000000016
       -0.0005240377   0.0000000000  -0.0000000003  -0.0000099907  -0.0000000000
        0.0000000005   0.0000334940   0.0000000004   0.0000000004   0.0001374190
       -0.0000000028  -0.0000000044  -0.0017484394   0.0000000020   0.0000000023
        0.0001102071  -0.0000000069  -0.0000000044  -0.0023330231  -0.0000000019
        0.0000000004  -0.0001673478   0.0000000951   0.0000000142   0.0007371017
        0.0000000846  -0.0000000975  -0.0338089839
       -0.2989555403   0.0000015360   0.0000013576  -0.0190138276  -0.0024347595
        0.0000001044  -0.0004036088  -0.0033876432   0.0000000525  -0.0009281491
        0.0002899479   0.0000000042  -0.0000435173  -0.0001933642  -0.0000000022
        0.0001058103   0.0000145850  -0.0000000012   0.0000284251   0.0000260274
        0.0000000008   0.0000368805  -0.0000000003   0.0000000014   0.0000284254
       -0.0000260274   0.0000000011   0.0001058090  -0.0000145872   0.0000000005
        0.0001878237  -0.0000000014  -0.0000000086   0.0008250012  -0.0000000082
       -0.0000000051  -0.0004035367   0.0033875966   0.0000000392  -0.0190134794
        0.0024349718   0.0000000946  -0.0009281370  -0.0002899352   0.0000000045
       -0.0000435118   0.0001933613  -0.0000000027   0.3366658079  -0.0000017001
       -0.0000016025   0.0010248498   0.0006232469  -0.0000000205   0.0000036952
        0.0000119092   0.0000000016  -0.0001136430  -0.0000552097  -0.0000000005
       -0.0000206520  -0.0000323317  -0.0000000009  -0.0000391795   0.0000000003
       -0.0000000001  -0.0000206521   0.0000323322   0.0000000004   0.0010248525
       -0.0006232497  -0.0000000193   0.0000036948  -0.0000119078   0.0000000008
       -0.0001136409   0.0000552110  -0.0000000001
        0.0000015360  -0.0441521654   0.0000000180  -0.0264239881  -0.0014321156
        0.0000001377  -0.0025969046  -0.0042666732   0.0000000358  -0.0012358005
        0.0001201210   0.0000000052  -0.0002156631  -0.0002747155   0.0000000005
        0.0001125441  -0.0000706712   0.0000000004  -0.0000343021   0.0000456408
        0.0000000003  -0.0000000005  -0.0000281839   0.0000000003   0.0000343022
        0.0000456408   0.0000000001  -0.0001125464  -0.0000706696  -0.0000000004
       -0.0000000012  -0.0000117517  -0.0000000029  -0.0000000083  -0.0005639451
        0.0000000020   0.0025968582  -0.0042667453   0.0000000089   0.0264241999
       -0.0014324634  -0.0000001296   0.0012358132   0.0001201094  -0.0000000055
        0.0002156604  -0.0002747203  -0.0000000016  -0.0000017001   0.0546287484
       -0.0000000566  -0.0008945598   0.0008181013  -0.0000000033  -0.0000154589
        0.0001289597   0.0000000005  -0.0001221992  -0.0000142389   0.0000000008
        0.0000105820   0.0000061691   0.0000000003   0.0000000003   0.0000065829
       -0.0000000001  -0.0000105817   0.0000061687  -0.0000000002   0.0008945574
        0.0008180980  -0.0000000097   0.0000154605   0.0001289598  -0.0000000005
        0.0001222001  -0.0000142411  -0.0000000007
        0.0000013671   0.0000000172  -0.0347895827   0.0000001515   0.0000000082
        0.0008748476   0.0000000402   0.0000000467   0.0080440850   0.0000000053
       -0.0000000071   0.0001102297  -0.0000000054   0.0000000057  -0.0005240378
       -0.0000000009  -0.0000000030   0.0000256368   0.0000000029   0.0000000041
        0.0001852706   0.0000000032  -0.0000000017   0.0000042009   0.0000000024
       -0.0000000028   0.0001852705  -0.0000000002   0.0000000023   0.0000256369
       -0.0000000045  -0.0000000040  -0.0014399367  -0.0000000067   0.0000000024
       -0.0002086513   0.0000000367   0.0000000004   0.0080440844   0.0000000433
        0.0000000026   0.0008748479   0.0000000037   0.0000000015   0.0001102296
       -0.0000000021  -0.0000000045  -0.0005240377  -0.0000016025  -0.0000000566
        0.0241936695  -0.0000000173  -0.0000000084  -0.0026701333   0.0000000015
        0.0000000002   0.0001070999   0.0000000017  -0.0000000004  -0.0000063028
       -0.0000000006  -0.0000000013  -0.0000029322  -0.0000000015   0.0000000000
       -0.0000472268  -0.0000000004   0.0000000011  -0.0000029321  -0.0000000186
       -0.0000000039  -0.0026701331   0.0000000011   0.0000000005   0.0001070998
        0.0000000002   0.0000000006  -0.0000063028
        0.0065978420  -0.0114501421  -0.0000000042  -0.1093996598   0.1114814140
        0.0000001669  -0.0179679892   0.0263286339   0.0000000405   0.0007575857
        0.0020726716  -0.0000000217   0.0003320357   0.0000675577  -0.0000000028
        0.0002491288   0.0000647376  -0.0000000022   0.0001452240  -0.0000593727
        0.0000000002   0.0000454092   0.0000426503   0.0000000011  -0.0000253062
        0.0000516247   0.0000000002  -0.0003633976  -0.0000736085   0.0000000004
       -0.0005621107   0.0015038813  -0.0000000026  -0.0058364865  -0.0007589802
        0.0000000635  -0.0002450720  -0.0005713528   0.0000000034  -0.0005622514
       -0.0027224926   0.0000000465   0.0000827673  -0.0001657883  -0.0000000096
        0.0000058888  -0.0001129784   0.0000000000   0.0010248498  -0.0008945598
       -0.0000000173   0.1259265418  -0.1229518726  -0.0000002717  -0.0003985020
       -0.0011918670   0.0000000079   0.0001032852  -0.0000508298   0.0000000017
       -0.0000388126  -0.0000250874  -0.0000000002  -0.0000206545  -0.0000105821
        0.0000000002  -0.0000670455   0.0000293696  -0.0000000009   0.0002375369
       -0.0006810979  -0.0000000011  -0.0000025304   0.0000487652  -0.0000000002
       -0.0000182768   0.0000293060   0.0000000018
        0.0127933834  -0.0265670330  -0.0000000110   0.1103414174  -0.2328345589
       -0.0000001553   0.0040328215  -0.0027796936  -0.0000000099  -0.0015504206
        0.0011227758  -0.0000000009   0.0001275541  -0.0003119410   0.0000000007
       -0.0001652085   0.0001103699   0.0000000012   0.0000128938  -0.0000560411
        0.0000000002  -0.0000424780   0.0000764438  -0.0000000012  -0.0001043560
       -0.0000047409   0.0000000002   0.0000998824   0.0000662123  -0.0000000014
       -0.0001054682  -0.0002851794   0.0000000012   0.0002598913   0.0008077101
        0.0000000111  -0.0005618112   0.0004972741   0.0000000023  -0.0034247297
       -0.0041968794   0.0000000408   0.0000126647   0.0000702950  -0.0000000041
       -0.0000587167   0.0000612557  -0.0000000003   0.0006232469   0.0008181013
       -0.0000000084  -0.1229518726   0.2643326588   0.0000001345  -0.0000353033
        0.0003003468  -0.0000000012  -0.0000630632   0.0000485073   0.0000000015
        0.0000250878   0.0000379928   0.0000000009   0.0000323380   0.0000061694
       -0.0000000000   0.0000293703  -0.0000322368  -0.0000000008   0.0006810794
       -0.0013003855  -0.0000000009  -0.0000402819   0.0000515023  -0.0000000003
        0.0000320790  -0.0000389258   0.0000000008
       -0.0000000626   0.0000001088   0.0010020503   0.0000001957  -0.0000001531
       -0.0328764221   0.0000000689  -0.0000001234   0.0010205142  -0.0000000123
       -0.0000000244  -0.0023329683  -0.0000000085   0.0000000009  -0.0001673481
       -0.0000000015  -0.0000000040  -0.0001016642  -0.0000000034   0.0000000015
        0.0000259402   0.0000000010  -0.0000000006   0.0000705795   0.0000000007
       -0.0000000020   0.0000552741   0.0000000004   0.0000000021  -0.0000828341
        0.0000000026  -0.0000000094   0.0000356655   0.0000000566   0.0000000188
        0.0070355742   0.0000000160   0.0000000095  -0.0002504547   0.0000000416
        0.0000000322   0.0077031942  -0.0000000066  -0.0000000055  -0.0017484379
        0.0000000006   0.0000000016  -0.0000099907  -0.0000000205  -0.0000000033
       -0.0026701333  -0.0000002717   0.0000001345   0.0227171816   0.0000000028
        0.0000000086   0.0001510553   0.0000000017   0.0000000017   0.0002709385
        0.0000000005   0.0000000001  -0.0000081707   0.0000000002  -0.0000000000
       -0.0000029324   0.0000000004  -0.0000000007  -0.0002082843  -0.0000000032
        0.0000000074  -0.0000302466   0.0000000001  -0.0000000012   0.0000342723
        0.0000000006  -0.0000000001   0.0003676475
       -0.0000510657   0.0003276804  -0.0000000016   0.0012087577  -0.0018635599
       -0.0000000065   0.0065357370  -0.0097272244   0.0000000144  -0.1084740465
        0.1094830590  -0.0000000775  -0.0195464877   0.0275850012  -0.0000000112
       -0.0054590231  -0.0010217562   0.0000000570  -0.0005804764   0.0014911054
       -0.0000000024  -0.0003696543   0.0000394040  -0.0000000036   0.0000414471
       -0.0001360984   0.0000000000   0.0000012164  -0.0000924720  -0.0000000062
       -0.0001963163  -0.0003181687   0.0000000028  -0.0011754855  -0.0024164180
        0.0000000280   0.0001811806  -0.0005869540  -0.0000000003   0.0001225704
       -0.0000534859  -0.0000000002  -0.0000638195  -0.0001577331   0.0000000007
       -0.0000243357  -0.0000628716  -0.0000000000   0.0000036952  -0.0000154589
        0.0000000015  -0.0003985020  -0.0000353033   0.0000000028   0.1274266488
       -0.1234291717   0.0000000170   0.0008139655   0.0007372244  -0.0000000158
        0.0001032868   0.0000630630   0.0000000008  -0.0001136342   0.0001222001
       -0.0000000010  -0.0000182762   0.0000320773   0.0000000010  -0.0000025304
        0.0000402829   0.0000000008   0.0000435699  -0.0000297367  -0.0000000003
       -0.0000084219   0.0000253151  -0.0000000001
        0.0002597077   0.0000808853  -0.0000000021   0.0018439798   0.0007327467
       -0.0000000169   0.0120999172  -0.0264854670   0.0000000384   0.1110926247
       -0.2323941660   0.0000002351   0.0031326557  -0.0024186660  -0.0000000016
        0.0002375445   0.0013198137   0.0000000290  -0.0000715433  -0.0002898929
        0.0000000017   0.0000039831   0.0000935483  -0.0000000047  -0.0001181433
        0.0000935955   0.0000000003  -0.0001222232   0.0001035355  -0.0000000035
       -0.0005155358   0.0004708263   0.0000000009  -0.0035226709  -0.0039228726
        0.0000000400   0.0010659591  -0.0010797156  -0.0000000063   0.0000995568
        0.0003290326  -0.0000000015  -0.0002612255  -0.0002382478   0.0000000020
       -0.0000198789   0.0001359379   0.0000000005   0.0000119092   0.0001289597
        0.0000000002  -0.0011918670   0.0003003468   0.0000000086  -0.1234291717
        0.2620007901  -0.0000003107  -0.0007372189   0.0012073406  -0.0000000136
        0.0000508294   0.0000485068   0.0000000012   0.0000552165  -0.0000142396
        0.0000000000   0.0000293078  -0.0000389250   0.0000000012  -0.0000487645
        0.0000515023   0.0000000014   0.0000297344  -0.0001665847   0.0000000003
        0.0000253173  -0.0000485909   0.0000000002
       -0.0000000036  -0.0000000098  -0.0001262465  -0.0000000180   0.0000000063
       -0.0013572367  -0.0000000704   0.0000000956   0.0015974790  -0.0000000537
        0.0000002687  -0.0338088092   0.0000000485  -0.0000000955   0.0007371003
        0.0000000581   0.0000000327   0.0106892899  -0.0000000046  -0.0000000105
        0.0002339096  -0.0000000021  -0.0000000007  -0.0011119331   0.0000000011
        0.0000000034   0.0000055482  -0.0000000053  -0.0000000043  -0.0013698503
        0.0000000118   0.0000000067  -0.0002287821   0.0000000309   0.0000000299
        0.0044560676  -0.0000000059   0.0000000060  -0.0000742647  -0.0000000056
       -0.0000000003  -0.0000843447   0.0000000035  -0.0000000008   0.0001374124
        0.0000000009   0.0000000016   0.0000334940   0.0000000016   0.0000000005
        0.0001070999   0.0000000079  -0.0000000012   0.0001510553   0.0000000170
       -0.0000003107   0.0232631350  -0.0000000143  -0.0000000192  -0.0038618600
        0.0000000008   0.0000000011   0.0002709393   0.0000000013  -0.0000000012
       -0.0000063032   0.0000000003  -0.0000000001   0.0003676451   0.0000000009
        0.0000000008   0.0000342726  -0.0000000007   0.0000000012  -0.0000294563
       -0.0000000007   0.0000000000  -0.0000253615
       -0.0003696508  -0.0000393991  -0.0000000016  -0.0005804923  -0.0014911030
        0.0000000065  -0.0054590102   0.0010218410   0.0000000527  -0.0195468674
       -0.0275848023   0.0000001509  -0.1084766881  -0.1094845240   0.0000005969
        0.0065357103   0.0097268239  -0.0000000476   0.0012087635   0.0018635586
       -0.0000000110  -0.0000510724  -0.0003276839  -0.0000000008   0.0001225692
        0.0000534873  -0.0000000008   0.0001811697   0.0005869387  -0.0000000012
       -0.0011754124   0.0024163828   0.0000000103  -0.0001963084   0.0003181740
       -0.0000000012   0.0000012082   0.0000924712  -0.0000000054   0.0000414556
        0.0001361009  -0.0000000002  -0.0000243338   0.0000628792   0.0000000003
       -0.0000638149   0.0001577332   0.0000000004  -0.0001136430  -0.0001221992
        0.0000000017   0.0001032852  -0.0000630632   0.0000000017   0.0008139655
       -0.0007372189  -0.0000000143   0.1274296123   0.1234307748  -0.0000007409
       -0.0003984881   0.0000353109   0.0000000018   0.0000036986   0.0000154620
        0.0000000002  -0.0000025289  -0.0000402806  -0.0000000002  -0.0000182775
       -0.0000320793   0.0000000016  -0.0000084224  -0.0000253178   0.0000000000
        0.0000435725   0.0000297331  -0.0000000000
       -0.0000039765   0.0000935529  -0.0000000024   0.0000715478  -0.0002898765
        0.0000000006  -0.0002374554   0.0013198046   0.0000000333  -0.0031324507
       -0.0024182970   0.0000000203  -0.1110940986  -0.2323915029   0.0000010102
       -0.0121003161  -0.0264854387   0.0000001250  -0.0018439860   0.0007327469
       -0.0000000033  -0.0002597054   0.0000808920  -0.0000000026  -0.0000995526
        0.0003290337  -0.0000000003  -0.0010659939  -0.0010797099   0.0000000042
        0.0035226390  -0.0039229427   0.0000000171   0.0005155448   0.0004708140
       -0.0000000048   0.0001222143   0.0001035331  -0.0000000063   0.0001181447
        0.0000935918  -0.0000000009   0.0000198826   0.0001359356   0.0000000003
        0.0002612257  -0.0002382530   0.0000000004  -0.0000552097  -0.0000142389
       -0.0000000004  -0.0000508298   0.0000485073   0.0000000017   0.0007372244
        0.0012073406  -0.0000000192   0.1234307748   0.2619978099  -0.0000011756
        0.0011918761   0.0003003329  -0.0000000009  -0.0000119088   0.0001289606
        0.0000000007   0.0000487665   0.0000515031   0.0000000006  -0.0000293063
       -0.0000389251   0.0000000014  -0.0000253156  -0.0000485903   0.0000000005
       -0.0000297355  -0.0001665842   0.0000000003
       -0.0000000009  -0.0000000067  -0.0011119427   0.0000000046   0.0000000024
        0.0002339160   0.0000000544   0.0000000236   0.0106892477   0.0000000840
        0.0000000971   0.0007371823   0.0000005791   0.0000010344  -0.0338089857
        0.0000000442   0.0000000303   0.0015975520   0.0000000001  -0.0000000096
       -0.0013573024  -0.0000000006  -0.0000000037  -0.0001262005   0.0000000043
        0.0000000012  -0.0000843732   0.0000000052   0.0000000008  -0.0000742522
        0.0000000054   0.0000000148   0.0044560320  -0.0000000108  -0.0000000029
       -0.0002287774  -0.0000000083  -0.0000000041  -0.0013698449   0.0000000017
        0.0000000068   0.0000055599  -0.0000000010   0.0000000023   0.0000334927
       -0.0000000025  -0.0000000016   0.0001374190  -0.0000000005   0.0000000008
       -0.0000063028   0.0000000017   0.0000000015   0.0002709385  -0.0000000158
       -0.0000000136  -0.0038618600  -0.0000007409  -0.0000011756   0.0232632223
       -0.0000000045  -0.0000000006   0.0001510704  -0.0000000006   0.0000000003
        0.0001070929  -0.0000000010   0.0000000007   0.0000342771   0.0000000018
       -0.0000000002   0.0003676474   0.0000000005   0.0000000003  -0.0000253621
        0.0000000004   0.0000000014  -0.0000294459
        0.0000454113  -0.0000426501   0.0000000009   0.0001452244   0.0000593710
       -0.0000000011   0.0002491400  -0.0000647391  -0.0000000008   0.0003320329
       -0.0000675660  -0.0000000004   0.0007575798  -0.0020726685   0.0000000019
       -0.0179683646  -0.0263284521   0.0000000960  -0.1094023141  -0.1114828516
        0.0000003966   0.0065978244   0.0114497413  -0.0000000391  -0.0005621783
        0.0027224488   0.0000000067  -0.0002450686   0.0005713610  -0.0000000003
       -0.0058364784   0.0007590599   0.0000000214  -0.0005621291  -0.0015038800
        0.0000000037  -0.0003634044   0.0000736125   0.0000000008  -0.0000253032
       -0.0000516254   0.0000000001   0.0000058925   0.0001129822   0.0000000002
        0.0000827692   0.0001657915  -0.0000000028  -0.0000206520   0.0000105820
       -0.0000000006  -0.0000388126   0.0000250878   0.0000000005   0.0001032868
        0.0000508294   0.0000000008  -0.0003984881   0.0011918761  -0.0000000045
        0.1259294907   0.1229534948  -0.0000004726   0.0010248549   0.0008945583
       -0.0000000069   0.0002375385   0.0006810798  -0.0000000011  -0.0000670462
       -0.0000293699  -0.0000000001  -0.0000182769  -0.0000293080   0.0000000006
       -0.0000025289  -0.0000487659   0.0000000001
        0.0000424785   0.0000764450   0.0000000014  -0.0000128944  -0.0000560421
        0.0000000002   0.0001652171   0.0001103694  -0.0000000004  -0.0001275616
       -0.0003119411   0.0000000021   0.0015504246   0.0011227808  -0.0000000121
       -0.0040326364  -0.0027793289   0.0000000161  -0.1103428589  -0.2328318181
        0.0000006747  -0.0127937832  -0.0265670149   0.0000000902   0.0034246878
       -0.0041969541   0.0000000256   0.0005618145   0.0004972604  -0.0000000028
       -0.0002598111   0.0008077061   0.0000000176   0.0001054714  -0.0002851613
       -0.0000000006  -0.0000998719   0.0000662131  -0.0000000004   0.0001043548
       -0.0000047419  -0.0000000006   0.0000587172   0.0000612514  -0.0000000002
       -0.0000126636   0.0000702916  -0.0000000044  -0.0000323317   0.0000061691
       -0.0000000013  -0.0000250874   0.0000379928   0.0000000001   0.0000630630
        0.0000485068   0.0000000011   0.0000353109   0.0003003329  -0.0000000006
        0.1229534948   0.2643296279  -0.0000008010  -0.0006232709   0.0008180978
       -0.0000000083  -0.0006810982  -0.0013003853   0.0000000035  -0.0000293692
       -0.0000322362  -0.0000000011  -0.0000320777  -0.0000389243   0.0000000013
        0.0000402816   0.0000515032  -0.0000000002
        0.0000000026  -0.0000000028   0.0000705898   0.0000000029  -0.0000000019
        0.0000259381  -0.0000000008   0.0000000015  -0.0001016921   0.0000000016
       -0.0000000037  -0.0001673108  -0.0000000140  -0.0000000024  -0.0023330236
        0.0000000475   0.0000000508   0.0010205772   0.0000003831   0.0000006884
       -0.0328765640   0.0000000322   0.0000000395   0.0010020999   0.0000000081
        0.0000000230   0.0077031663  -0.0000000112   0.0000000023  -0.0002504311
        0.0000000279   0.0000000099   0.0070355243  -0.0000000025   0.0000000012
        0.0000356885  -0.0000000009  -0.0000000023  -0.0000828249   0.0000000033
        0.0000000039   0.0000552660  -0.0000000009   0.0000000053  -0.0000099854
       -0.0000000063  -0.0000000064  -0.0017484394  -0.0000000009   0.0000000003
       -0.0000029322  -0.0000000002   0.0000000009  -0.0000081707   0.0000000008
        0.0000000012   0.0002709393   0.0000000018  -0.0000000009   0.0001510704
       -0.0000004726  -0.0000008010   0.0227172487  -0.0000000040  -0.0000000093
       -0.0026701301   0.0000000017   0.0000000049  -0.0000302420  -0.0000000015
       -0.0000000013  -0.0002082843   0.0000000015  -0.0000000004   0.0003676449
        0.0000000008  -0.0000000008   0.0000342773
        0.0000368920  -0.0000000003   0.0000000014   0.0000284538  -0.0000260345
        0.0000000000   0.0001058252  -0.0000145702   0.0000000003  -0.0000435468
        0.0001933231  -0.0000000004  -0.0009281375  -0.0002899015   0.0000000036
       -0.0004035652   0.0033875366  -0.0000000007  -0.0190134809   0.0024350293
        0.0000000218  -0.2989553642   0.0000015379   0.0000003294  -0.0190138293
       -0.0024348169   0.0000000337  -0.0004036373  -0.0033875833   0.0000000163
        0.0008250108  -0.0000000082  -0.0000000022   0.0001878443  -0.0000000014
       -0.0000000026   0.0001058266   0.0000145681  -0.0000000009   0.0000284534
        0.0000260345  -0.0000000003  -0.0000435523  -0.0001933260  -0.0000000003
       -0.0009281496   0.0002899142   0.0000000020  -0.0000391795   0.0000000003
       -0.0000000015  -0.0000206545   0.0000323380   0.0000000002  -0.0001136342
        0.0000552165   0.0000000013   0.0000036986  -0.0000119088  -0.0000000006
        0.0010248549  -0.0006232709  -0.0000000040   0.3366656111  -0.0000017020
       -0.0000003915   0.0010248522   0.0006232681  -0.0000000051  -0.0000206544
       -0.0000323375  -0.0000000008  -0.0001136364  -0.0000552151   0.0000000008
        0.0000036991   0.0000119102  -0.0000000000
       -0.0000000004  -0.0000281835   0.0000000003   0.0000343046   0.0000456408
        0.0000000003  -0.0001125557  -0.0000706685   0.0000000006   0.0002156614
       -0.0002747235  -0.0000000012   0.0012358117   0.0001201075  -0.0000000037
        0.0025968614  -0.0042667456   0.0000000290   0.0264241976  -0.0014324643
       -0.0000000301   0.0000015382  -0.0441521708   0.0000000256  -0.0264239859
       -0.0014321164   0.0000000410  -0.0025969079  -0.0042666735   0.0000000285
       -0.0000000083  -0.0005639441   0.0000000022  -0.0000000012  -0.0000117487
       -0.0000000038   0.0001125534  -0.0000706700  -0.0000000004  -0.0000343045
        0.0000456408   0.0000000004  -0.0002156641  -0.0002747187  -0.0000000008
       -0.0012357990   0.0001201191   0.0000000023   0.0000000003   0.0000065829
        0.0000000000  -0.0000105821   0.0000061694  -0.0000000000   0.0001222001
       -0.0000142396  -0.0000000012   0.0000154620   0.0001289606   0.0000000003
        0.0008945583   0.0008180978  -0.0000000093  -0.0000017020   0.0546287545
       -0.0000000735  -0.0008945608   0.0008181010  -0.0000000071   0.0000105825
        0.0000061697   0.0000000001  -0.0001221991  -0.0000142374   0.0000000009
       -0.0000154605   0.0001289606  -0.0000000003
        0.0000000009  -0.0000000008   0.0000042207   0.0000000006  -0.0000000008
        0.0001852559   0.0000000001  -0.0000000004   0.0000256301   0.0000000001
       -0.0000000000  -0.0005240222  -0.0000000007  -0.0000000037   0.0001102070
        0.0000000117   0.0000000273   0.0080441385  -0.0000000386  -0.0000000030
        0.0008747979   0.0000003236   0.0000000364  -0.0347894923   0.0000000914
        0.0000000025   0.0008747979   0.0000000193   0.0000000315   0.0080441386
        0.0000000006   0.0000000077  -0.0002086844  -0.0000000061  -0.0000000041
       -0.0014399240  -0.0000000015  -0.0000000003   0.0000256301   0.0000000012
        0.0000000007   0.0001852559  -0.0000000028   0.0000000017  -0.0005240224
        0.0000000017  -0.0000000058   0.0001102071  -0.0000000001  -0.0000000001
       -0.0000472268   0.0000000002  -0.0000000000  -0.0000029324  -0.0000000010
        0.0000000000  -0.0000063032   0.0000000002   0.0000000007   0.0001070929
       -0.0000000069  -0.0000000083  -0.0026701301  -0.0000003915  -0.0000000735
        0.0241936380  -0.0000000038  -0.0000000084  -0.0026701302  -0.0000000001
       -0.0000000002  -0.0000029324   0.0000000010   0.0000000003  -0.0000063032
        0.0000000005   0.0000000004   0.0001070930
        0.0000454114   0.0000426505   0.0000000009  -0.0000253038   0.0000516257
       -0.0000000002  -0.0003634040  -0.0000736074   0.0000000021   0.0000058904
       -0.0001129815   0.0000000006   0.0000827674  -0.0001657917  -0.0000000022
       -0.0002450824  -0.0005713521   0.0000000029  -0.0005622525  -0.0027224927
        0.0000000179   0.0065978406  -0.0114501412   0.0000000174  -0.1093996400
        0.1114813636  -0.0000001330  -0.0179679981   0.0263286351  -0.0000000293
       -0.0058364843  -0.0007589797   0.0000000233  -0.0005621123   0.0015038834
       -0.0000000029   0.0002491387   0.0000647373  -0.0000000023   0.0001452238
       -0.0000593734  -0.0000000008   0.0003320353   0.0000675584  -0.0000000008
        0.0007575860   0.0020726727  -0.0000000069  -0.0000206521  -0.0000105817
       -0.0000000004  -0.0000670455   0.0000293703   0.0000000004  -0.0000182762
        0.0000293078   0.0000000003  -0.0000025289   0.0000487665  -0.0000000010
        0.0002375385  -0.0006810982   0.0000000017   0.0010248522  -0.0008945608
       -0.0000000038   0.1259265262  -0.1229518265   0.0000001137  -0.0000388126
       -0.0000250869   0.0000000003   0.0001032851  -0.0000508300   0.0000000008
       -0.0003985027  -0.0011918676   0.0000000012
       -0.0000424780   0.0000764449  -0.0000000012  -0.0001043545  -0.0000047414
        0.0000000007   0.0000998766   0.0000662129  -0.0000000017  -0.0000587163
        0.0000612533  -0.0000000008   0.0000126632   0.0000702933  -0.0000000039
       -0.0005618052   0.0004972740   0.0000000001  -0.0034247317  -0.0041968801
        0.0000000312   0.0127933833  -0.0265670313   0.0000000390   0.1103413712
       -0.2328344927   0.0000002699   0.0040328192  -0.0027796951   0.0000000007
        0.0002598914   0.0008077123   0.0000000122  -0.0001054682  -0.0002851782
        0.0000000020  -0.0001652188   0.0001103705   0.0000000007   0.0000128920
       -0.0000560415   0.0000000003   0.0001275537  -0.0003119434  -0.0000000012
       -0.0015504202   0.0011227745  -0.0000000044   0.0000323322   0.0000061687
        0.0000000011   0.0000293696  -0.0000322368  -0.0000000007   0.0000320773
       -0.0000389250  -0.0000000001  -0.0000402806   0.0000515031   0.0000000007
        0.0006810798  -0.0013003853   0.0000000049   0.0006232681   0.0008181010
       -0.0000000084  -0.1229518265   0.2643325935  -0.0000003426   0.0000250884
        0.0000379928   0.0000000007  -0.0000630635   0.0000485082   0.0000000007
       -0.0000353027   0.0003003476   0.0000000000
       -0.0000000006   0.0000000017   0.0000705899  -0.0000000011   0.0000000006
        0.0000552660  -0.0000000006  -0.0000000034  -0.0000828253   0.0000000016
        0.0000000022  -0.0000099854  -0.0000000026  -0.0000000062  -0.0017484394
       -0.0000000052  -0.0000000046  -0.0002504308   0.0000000229   0.0000000235
        0.0077031661  -0.0000000336   0.0000000903   0.0010020999  -0.0000001494
        0.0000002627  -0.0328765630   0.0000000409  -0.0000000299   0.0010205769
        0.0000000220   0.0000000191   0.0070355245  -0.0000000003   0.0000000010
        0.0000356885   0.0000000001   0.0000000018  -0.0001016924  -0.0000000005
       -0.0000000018   0.0000259381   0.0000000012  -0.0000000019  -0.0001673111
       -0.0000000043  -0.0000000109  -0.0023330231   0.0000000004  -0.0000000002
       -0.0000029321  -0.0000000009  -0.0000000008  -0.0002082843   0.0000000010
        0.0000000012   0.0003676451  -0.0000000002   0.0000000006   0.0000342771
       -0.0000000011   0.0000000035  -0.0000302420  -0.0000000051  -0.0000000071
       -0.0026701302   0.0000001137  -0.0000003426   0.0227172483   0.0000000001
        0.0000000003  -0.0000081707   0.0000000008   0.0000000004   0.0002709396
        0.0000000007   0.0000000004   0.0001510698
        0.0065978258   0.0114497422  -0.0000000469  -0.0005621772   0.0027224487
        0.0000000358  -0.0002450583   0.0005713618   0.0000000010   0.0000827691
        0.0001657881  -0.0000000094   0.0000058910   0.0001129791  -0.0000000004
       -0.0003633981   0.0000736137  -0.0000000010  -0.0000253056  -0.0000516245
        0.0000000005   0.0000454092  -0.0000426499   0.0000000011   0.0001452246
        0.0000593704  -0.0000000003   0.0002491301  -0.0000647394  -0.0000000004
       -0.0005621275  -0.0015038780   0.0000000044  -0.0058364805   0.0007590604
        0.0000000554  -0.0179683557  -0.0263284507   0.0000001347  -0.1094023369
       -0.1114829039   0.0000005478   0.0007575795  -0.0020726673  -0.0000000122
        0.0003320333  -0.0000675653  -0.0000000019   0.0010248525   0.0008945574
       -0.0000000186   0.0002375369   0.0006810794  -0.0000000032  -0.0000025304
       -0.0000487645   0.0000000009  -0.0000182775  -0.0000293063   0.0000000018
       -0.0000670462  -0.0000293692  -0.0000000015  -0.0000206544   0.0000105825
       -0.0000000001  -0.0000388126   0.0000250884   0.0000000001   0.1259295093
        0.1229535425  -0.0000006908  -0.0003984873   0.0011918755   0.0000000020
        0.0001032868   0.0000508292   0.0000000013
       -0.0127937835  -0.0265670168   0.0000001100   0.0034246859  -0.0041969535
        0.0000000012   0.0005618205   0.0004972604  -0.0000000043  -0.0000126650
        0.0000702932  -0.0000000021   0.0000587176   0.0000612539  -0.0000000005
       -0.0000998776   0.0000662125  -0.0000000010   0.0001043564  -0.0000047414
       -0.0000000001   0.0000424785   0.0000764439   0.0000000012  -0.0000128961
       -0.0000560417   0.0000000003   0.0001652069   0.0001103688  -0.0000000004
        0.0001054714  -0.0002851626   0.0000000002  -0.0002598111   0.0008077039
        0.0000000108  -0.0040326386  -0.0027793272   0.0000000234  -0.1103429066
       -0.2328318813   0.0000008451   0.0015504250   0.0011227821  -0.0000000117
       -0.0001275620  -0.0003119387   0.0000000004  -0.0006232497   0.0008180980
       -0.0000000039  -0.0006810979  -0.0013003855   0.0000000074   0.0000402829
        0.0000515023   0.0000000008  -0.0000320793  -0.0000389251  -0.0000000002
       -0.0000293699  -0.0000322362  -0.0000000013  -0.0000323375   0.0000061697
       -0.0000000002  -0.0000250869   0.0000379928   0.0000000003   0.1229535425
        0.2643296903  -0.0000009758   0.0000353115   0.0003003320   0.0000000001
        0.0000630628   0.0000485059   0.0000000001
       -0.0000000081  -0.0000000060   0.0010020506   0.0000000332   0.0000000056
        0.0077031940   0.0000000088  -0.0000000072  -0.0002504550  -0.0000000114
       -0.0000000071  -0.0017484380  -0.0000000016   0.0000000041  -0.0000099906
       -0.0000000002  -0.0000000061  -0.0000828338   0.0000000041   0.0000000055
        0.0000552741   0.0000000033  -0.0000000009   0.0000705795  -0.0000000000
       -0.0000000038   0.0000259400  -0.0000000023   0.0000000057  -0.0001016639
        0.0000000006   0.0000000095   0.0000356656   0.0000000569   0.0000000067
        0.0070355742   0.0000000799   0.0000001335   0.0010205143   0.0000005683
        0.0000008464  -0.0328764234  -0.0000000199   0.0000000111  -0.0023329688
       -0.0000000065  -0.0000000049  -0.0001673478  -0.0000000193  -0.0000000097
       -0.0026701331  -0.0000000011  -0.0000000009  -0.0000302466   0.0000000008
        0.0000000014   0.0000342726   0.0000000016   0.0000000014   0.0003676474
       -0.0000000001  -0.0000000011  -0.0002082843  -0.0000000008   0.0000000001
       -0.0000029324   0.0000000003   0.0000000007  -0.0000081707  -0.0000006908
       -0.0000009758   0.0227171821   0.0000000030  -0.0000000079   0.0001510558
        0.0000000012  -0.0000000002   0.0002709382
       -0.0000510723  -0.0003276791  -0.0000000004   0.0001225704   0.0000534879
       -0.0000000007   0.0001811748   0.0005869390  -0.0000000029  -0.0000638148
        0.0001577303  -0.0000000001  -0.0000243350   0.0000628739   0.0000000002
        0.0000012196   0.0000924729  -0.0000000054   0.0000414501   0.0001360991
       -0.0000000004  -0.0003696546  -0.0000393977  -0.0000000042  -0.0005804922
       -0.0014911024   0.0000000043  -0.0054590136   0.0010218387   0.0000000446
       -0.0001963068   0.0003181776  -0.0000000002  -0.0011754142   0.0024163845
        0.0000000173   0.0065357086   0.0097268256  -0.0000000238   0.0012087588
        0.0018635546  -0.0000000125  -0.1084767088  -0.1094845524   0.0000003506
       -0.0195468594  -0.0275847965   0.0000000951   0.0000036948   0.0000154605
        0.0000000011  -0.0000025304  -0.0000402819   0.0000000001   0.0000435699
        0.0000297344  -0.0000000007  -0.0000084224  -0.0000253156   0.0000000005
       -0.0000182769  -0.0000320777   0.0000000015  -0.0001136364  -0.0001221991
        0.0000000010   0.0001032851  -0.0000630635   0.0000000008  -0.0003984873
        0.0000353115   0.0000000030   0.1274296276   0.1234307948  -0.0000004568
        0.0008139655  -0.0007372193  -0.0000000121
       -0.0002597064   0.0000808924   0.0000000001  -0.0000995544   0.0003290333
        0.0000000003  -0.0010659741  -0.0010797099   0.0000000097   0.0002612234
       -0.0002382528  -0.0000000005   0.0000198809   0.0001359370  -0.0000000006
        0.0001222240   0.0001035330  -0.0000000033   0.0001181441   0.0000935928
       -0.0000000005  -0.0000039774   0.0000935486  -0.0000000007   0.0000715466
       -0.0002898758   0.0000000006  -0.0002374626   0.0013198043   0.0000000105
        0.0005155439   0.0004708160  -0.0000000037   0.0035226377  -0.0039229442
       -0.0000000082  -0.0121003156  -0.0264854383   0.0000000729  -0.0018439854
        0.0007327463   0.0000000081  -0.1110941196  -0.2323915041   0.0000005484
       -0.0031324490  -0.0024182953   0.0000000142  -0.0000119078   0.0001289598
        0.0000000005   0.0000487652   0.0000515023  -0.0000000012  -0.0000297367
       -0.0001665847   0.0000000012  -0.0000253178  -0.0000485903   0.0000000003
       -0.0000293080  -0.0000389243  -0.0000000004  -0.0000552151  -0.0000142374
        0.0000000003  -0.0000508300   0.0000485082   0.0000000004   0.0011918755
        0.0003003320  -0.0000000079   0.1234307948   0.2619978108  -0.0000006333
        0.0007372240   0.0012073406  -0.0000000071
       -0.0000000029   0.0000000089  -0.0001262464  -0.0000000024  -0.0000000015
       -0.0000843447   0.0000000006  -0.0000000025  -0.0000742658   0.0000000000
       -0.0000000010   0.0001374121  -0.0000000001  -0.0000000000   0.0000334940
       -0.0000000074  -0.0000000048  -0.0013698498   0.0000000028  -0.0000000004
        0.0000055483   0.0000000007  -0.0000000035  -0.0011119330  -0.0000000024
        0.0000000079   0.0002339097   0.0000000513   0.0000000134   0.0106892900
        0.0000000055  -0.0000000069  -0.0002287826   0.0000000149   0.0000000025
        0.0044560672  -0.0000000108   0.0000000157   0.0015974850  -0.0000000053
       -0.0000000149  -0.0013572369   0.0000003726   0.0000005294  -0.0338088111
        0.0000000493   0.0000000911   0.0007371017   0.0000000008  -0.0000000005
        0.0001070998  -0.0000000002  -0.0000000003   0.0000342723  -0.0000000003
        0.0000000003  -0.0000294563   0.0000000000   0.0000000005  -0.0000253621
        0.0000000006   0.0000000013   0.0003676449   0.0000000008   0.0000000009
       -0.0000063032   0.0000000008   0.0000000007   0.0002709396   0.0000000020
        0.0000000001   0.0001510558  -0.0000004568  -0.0000006333   0.0232631316
       -0.0000000141  -0.0000000030  -0.0038618601
       -0.0003696505   0.0000394054   0.0000000000   0.0000414524  -0.0001361001
       -0.0000000002   0.0000012050  -0.0000924703  -0.0000000049  -0.0000243346
       -0.0000628769  -0.0000000000  -0.0000638196  -0.0001577360   0.0000000012
        0.0001811756  -0.0005869536   0.0000000019   0.0001225693  -0.0000534853
       -0.0000000002  -0.0000510657   0.0003276852  -0.0000000022   0.0012087623
       -0.0018635638  -0.0000000020   0.0065357387  -0.0097272227  -0.0000000048
       -0.0011754836  -0.0024164163   0.0000000176  -0.0001963178  -0.0003181651
        0.0000000019  -0.0054590196  -0.0010217585   0.0000000488  -0.0005804765
        0.0014911060   0.0000000006  -0.0195464959   0.0275850070   0.0000000263
       -0.1084740268   0.1094830311   0.0000000846  -0.0001136409   0.0001222001
        0.0000000002  -0.0000182768   0.0000320790   0.0000000006  -0.0000084219
        0.0000253173  -0.0000000007   0.0000435725  -0.0000297355   0.0000000004
       -0.0000025289   0.0000402816   0.0000000008   0.0000036991  -0.0000154605
        0.0000000005  -0.0003985027  -0.0000353027   0.0000000007   0.0001032868
        0.0000630628   0.0000000012   0.0008139655   0.0007372240  -0.0000000141
        0.1274266346  -0.1234291521  -0.0000001585
        0.0000039822   0.0000935526  -0.0000000032  -0.0001181439   0.0000935946
        0.0000000007  -0.0001222134   0.0001035357  -0.0000000005  -0.0000198806
        0.0001359365  -0.0000000004  -0.0002612278  -0.0002382480   0.0000000017
        0.0010659789  -0.0010797156  -0.0000000009   0.0000995549   0.0003290330
       -0.0000000013   0.0002597067   0.0000808849   0.0000000006   0.0018439803
        0.0007327474  -0.0000000048   0.0120999177  -0.0264854674  -0.0000000008
       -0.0035226722  -0.0039228711   0.0000000173  -0.0005155367   0.0004708243
        0.0000000018   0.0002375373   0.0013198142   0.0000000095  -0.0000715446
       -0.0002898937   0.0000000014   0.0031326574  -0.0024186677  -0.0000000057
        0.1110926041  -0.2323941634  -0.0000000975   0.0000552110  -0.0000142411
        0.0000000006   0.0000293060  -0.0000389258  -0.0000000001   0.0000253151
       -0.0000485909   0.0000000000   0.0000297331  -0.0001665842   0.0000000014
       -0.0000487659   0.0000515032  -0.0000000008   0.0000119102   0.0001289606
        0.0000000004  -0.0011918676   0.0003003476   0.0000000004   0.0000508292
        0.0000485059  -0.0000000002  -0.0007372193   0.0012073406  -0.0000000030
       -0.1234291521   0.2620007879   0.0000000836
       -0.0000000045   0.0000000027  -0.0011119427  -0.0000000002  -0.0000000032
        0.0000055598  -0.0000000058  -0.0000000036  -0.0013698454  -0.0000000001
       -0.0000000009   0.0000334927   0.0000000008   0.0000000001   0.0001374192
       -0.0000000018   0.0000000020  -0.0000742512   0.0000000017  -0.0000000026
       -0.0000843732  -0.0000000002   0.0000000044  -0.0001262005  -0.0000000121
       -0.0000000021  -0.0013573021  -0.0000000111   0.0000000820   0.0015975460
        0.0000000219   0.0000000170   0.0044560323  -0.0000000066  -0.0000000014
       -0.0002287769   0.0000000476   0.0000000189   0.0106892477   0.0000000027
       -0.0000000021   0.0002339159   0.0000000743  -0.0000000775   0.0007371811
        0.0000000596  -0.0000001104  -0.0338089839  -0.0000000001  -0.0000000007
       -0.0000063028   0.0000000018   0.0000000008   0.0003676475  -0.0000000001
        0.0000000002  -0.0000253615  -0.0000000000   0.0000000003  -0.0000294459
        0.0000000001  -0.0000000002   0.0000342773  -0.0000000000  -0.0000000003
        0.0001070930   0.0000000012   0.0000000000   0.0001510698   0.0000000013
        0.0000000001   0.0002709382  -0.0000000121  -0.0000000071  -0.0038618601
       -0.0000001585   0.0000000836   0.0232632258
