$hessian                                                                        
        0.4766140705   0.0217007731  -0.0008137635  -0.1780946098   0.0615605955
       -0.0084001290  -0.0353874946   0.0107390190  -0.0028612025  -0.0011517427
       -0.0055497689  -0.0007043799  -0.0014145194   0.0015704378   0.0002116659
        0.0029749703  -0.0006877817  -0.0003568228  -0.0047528991   0.0113663372
       -0.0005376058  -0.0011331821  -0.0013445488   0.0001687831  -0.1189767973
       -0.0330316241   0.1070231464  -0.0900437643  -0.0269180673  -0.0938125314
       -0.0495860402  -0.0392019890  -0.0002239550   0.0011584325   0.0013700101
        0.0002688259  -0.0013281073   0.0006283134  -0.0000535618  -0.0000342457
       -0.0000856852   0.0000408499   0.0006075116  -0.0008383671   0.0005802756
        0.0006383907  -0.0009937532  -0.0005217108  -0.0000899731  -0.0002839008
       -0.0000078842
        0.0217007731   0.5212535889   0.0014134452   0.0687377321  -0.1043986396
        0.0049659649  -0.0086994442   0.0059317544  -0.0006159419  -0.0025998088
       -0.0008992234  -0.0001548981   0.0004788871   0.0003179708   0.0000217693
       -0.0015860415  -0.0057151562  -0.0000771914   0.0267380615  -0.0208409228
        0.0019456925   0.0011358593   0.0006541439   0.0000701445  -0.0363262488
       -0.0579945822   0.0460362459  -0.0300131720  -0.0585215700  -0.0514598046
       -0.0393673860  -0.2794935877  -0.0021159457  -0.0019313605   0.0012773650
       -0.0001501074  -0.0007041181   0.0002624420  -0.0000523499   0.0014903901
       -0.0009889421   0.0001051065   0.0001997180  -0.0004036590   0.0002020023
        0.0002268291  -0.0004001214  -0.0001697905   0.0005193297  -0.0000408606
        0.0000356581
       -0.0008137635   0.0014134452   0.4867467912  -0.0084238747   0.0044574882
       -0.0619476146  -0.0028069733   0.0007574516   0.0046032553  -0.0007093480
       -0.0003706042   0.0089658675   0.0002112029   0.0000979484  -0.0044948483
       -0.0003469417  -0.0000092928   0.0080526449  -0.0005788118   0.0008630080
        0.0024155453   0.0001633619  -0.0001069493  -0.0034997816   0.1102542999
        0.0447338905  -0.1821556783  -0.0970248072  -0.0497076023  -0.2105245603
       -0.0002187860  -0.0021081854  -0.0449403876   0.0002688574   0.0000865495
       -0.0025674810  -0.0000497233   0.0000427678  -0.0006036141   0.0000339191
       -0.0000052855  -0.0005756037  -0.0003132955  -0.0011427297   0.0002596927
        0.0003651773   0.0010177755   0.0002257607  -0.0000104933  -0.0000196755
        0.0000400119
       -0.1780946098   0.0687377321  -0.0084238747   0.6431911817   0.0129272635
        0.0346480037  -0.2626457150  -0.1378434882  -0.0146962389  -0.0675377464
        0.0325656568  -0.0048611374  -0.0088383927  -0.0365132575  -0.0000988991
        0.0233190313   0.0293250599   0.0015645927  -0.0882511949   0.0411771885
       -0.0024583671  -0.0016875446  -0.0248666433  -0.0000960891  -0.0247611755
        0.0070942085   0.0025128168  -0.0210774205   0.0054497174  -0.0057536815
        0.0021832118   0.0026702106   0.0001279434  -0.0015295071  -0.0023938615
       -0.0001716310  -0.0039374058   0.0028167236  -0.0008378568  -0.0046045561
        0.0032552604  -0.0008967773  -0.0005669619  -0.0007325687  -0.0008959924
       -0.0007125301  -0.0007565214   0.0007244576  -0.0044486644  -0.0029126807
       -0.0003872689
        0.0615605955  -0.1043986396   0.0044574882   0.0129272635   0.6287303963
       -0.0003383957  -0.0616954940  -0.1513732577  -0.0040850676  -0.0292376215
        0.0637235910  -0.0022384933  -0.0349205214  -0.0547181685  -0.0023321371
        0.0866697070  -0.0265690422   0.0061800613  -0.0287936348  -0.2959372808
       -0.0014108379  -0.0089481707  -0.0230416439  -0.0005709504  -0.0023957102
        0.0045023378  -0.0014472472  -0.0026933582   0.0045714830   0.0010630658
        0.0263171114  -0.0208566347   0.0019158410  -0.0248962295  -0.0199746212
       -0.0017009863   0.0035540067  -0.0009014873   0.0002887309   0.0023472988
       -0.0005927938   0.0001812623   0.0013938944  -0.0005028664   0.0008273313
        0.0014988136  -0.0005045618  -0.0006160960  -0.0026879507  -0.0021568103
       -0.0001735692
       -0.0084001290   0.0049659649  -0.0619476146   0.0346480037  -0.0003383957
        0.1538702444  -0.0148978109  -0.0094501114  -0.0499854591  -0.0046919468
        0.0021324300  -0.0002790121  -0.0001014515  -0.0024519086  -0.0061898452
        0.0014134845   0.0021407682   0.0002414007  -0.0022809947   0.0035318228
       -0.0549533887  -0.0001379688  -0.0016978413   0.0005516158   0.0202599404
       -0.0110719564   0.0015703713  -0.0234515491   0.0119304194  -0.0021834335
        0.0000619403   0.0002448600   0.0002797460  -0.0001125744  -0.0001133835
        0.0009685065  -0.0008454237   0.0002221253   0.0078693248  -0.0008940060
        0.0002500630   0.0079225242  -0.0003070724  -0.0002512014   0.0005082397
        0.0001242793   0.0001511588   0.0006573168  -0.0003867209  -0.0001948139
        0.0010994630
       -0.0353874946  -0.0086994442  -0.0028069733  -0.2626457150  -0.0616954940
       -0.0148978109   0.6395207052  -0.0058516347   0.0372643098  -0.2607065460
        0.0534634582  -0.0149057494   0.0300303585   0.0973247102   0.0005861380
       -0.0660130402  -0.0080891634  -0.0040724826   0.0282066945  -0.0754490037
        0.0023663400   0.0018332842   0.0012321874  -0.0004400816  -0.0025281893
        0.0014212649  -0.0004538842  -0.0025333549   0.0014122204   0.0001270075
        0.0008910675  -0.0021539359   0.0000889578  -0.0431343912  -0.0039065632
       -0.0006761426  -0.0271348959   0.0104866604  -0.0021117576  -0.0003378949
       -0.0000926106  -0.0000400881  -0.0000888490   0.0001050980   0.0000459909
        0.0000964145   0.0002380834  -0.0000549302  -0.0000681534   0.0002541666
       -0.0000188435
        0.0107390190   0.0059317544   0.0007574516  -0.1378434882  -0.1513732577
       -0.0094501114  -0.0058516347   0.6776661043  -0.0018754042   0.1333719823
       -0.1451391498   0.0096530249   0.0290098687  -0.0596039752   0.0022514858
        0.0045420156   0.0045392239   0.0002845719  -0.0267592086  -0.0340335469
       -0.0018151126   0.0008926808  -0.0052498450   0.0001008533   0.0024104034
       -0.0006663801  -0.0000774347   0.0023740267  -0.0006643574   0.0004168474
        0.0023962146   0.0010932770   0.0001686126  -0.0034142734  -0.2986392163
        0.0004334848  -0.0109641859   0.0056482872  -0.0007850617  -0.0001527517
        0.0013052251  -0.0000144532   0.0002401056   0.0000549357   0.0001587422
        0.0002531742   0.0000491177  -0.0001228372  -0.0012439483  -0.0009181970
       -0.0000846592
       -0.0028612025  -0.0006159419   0.0046032553  -0.0146962389  -0.0040850676
       -0.0499854591   0.0372643098  -0.0018754042   0.1135846144  -0.0151128270
        0.0040331148  -0.0522283954   0.0007668522   0.0070533644   0.0183182676
       -0.0041229319  -0.0006114894  -0.0083370016   0.0022437301  -0.0052376077
       -0.0024716084  -0.0004353816   0.0001243081   0.0080526670   0.0000824517
        0.0000315640  -0.0003001451  -0.0004135525   0.0001697920  -0.0002973212
        0.0000720738  -0.0001546384  -0.0002170636  -0.0006659316   0.0004034806
       -0.0335848730  -0.0020622375   0.0007297937   0.0023709390  -0.0000330861
       -0.0000097662   0.0001615197   0.0012513646   0.0009495150   0.0001531874
       -0.0012603747  -0.0009239268  -0.0000263697  -0.0000170179   0.0000189094
        0.0002037866
       -0.0011517427  -0.0025998088  -0.0007093480  -0.0675377464  -0.0292376215
       -0.0046919468  -0.2607065460   0.1333719823  -0.0151128270   0.6682535672
        0.0118366829   0.0380400078  -0.1043481717  -0.0007501888  -0.0033863731
        0.0242998831  -0.0382826265   0.0015378234  -0.0121813003   0.0271915125
       -0.0003644466  -0.0007434778  -0.0004978392  -0.0000136365  -0.0007299995
       -0.0000385929  -0.0003038860  -0.0010149875   0.0000487081   0.0001643000
        0.0003807958  -0.0002706277   0.0000280991   0.0009737124   0.0001470823
        0.0000966020  -0.2409168809  -0.0972234207  -0.0142896777  -0.0045752221
       -0.0036665847  -0.0009962545  -0.0000009211  -0.0000928994   0.0000913439
       -0.0000074842  -0.0000996263  -0.0000840192   0.0000065217   0.0001638685
       -0.0000057610
       -0.0055497689  -0.0008992234  -0.0003706042   0.0325656568   0.0637235910
        0.0021324300   0.0534634582  -0.1451391498   0.0040331148   0.0118366829
        0.6541344116  -0.0005329445   0.0479495342  -0.3530818500   0.0041271583
       -0.0991334291  -0.0613121526  -0.0068009328   0.0374950844  -0.0488226063
        0.0027766996  -0.0004353924  -0.0001925711  -0.0000411434  -0.0000659066
        0.0004312591   0.0000372010  -0.0000475898   0.0004270920  -0.0000522622
       -0.0001030414  -0.0002692565  -0.0000168485   0.0232796757  -0.0173810944
        0.0016987226  -0.0975448143  -0.0895361043  -0.0067608340  -0.0045841143
       -0.0026266084  -0.0002792744   0.0004101573   0.0000859447   0.0001358519
        0.0004237006   0.0000858314  -0.0000840726   0.0000401066   0.0003724868
       -0.0000022616
       -0.0007043799  -0.0001548981   0.0089658675  -0.0048611374  -0.0022384933
       -0.0002790121  -0.0149057494   0.0096530249  -0.0522283954   0.0380400078
       -0.0005329445   0.1313881658  -0.0035200677   0.0007274234  -0.0565133811
        0.0017022200  -0.0025195299   0.0039438046  -0.0003897894   0.0020201397
       -0.0081005021  -0.0000086894  -0.0000316156  -0.0005194122  -0.0018365478
        0.0006028094  -0.0000231173   0.0016976209  -0.0006035612   0.0002658671
        0.0000258650  -0.0000183997   0.0000156270   0.0000355885   0.0000526491
       -0.0003796900  -0.0142771356  -0.0067244172  -0.0361862398  -0.0009971063
       -0.0002288502   0.0096785041  -0.0001318027  -0.0000470436  -0.0000552937
        0.0001360452   0.0000331387  -0.0000479257  -0.0000049418   0.0000105680
        0.0000751333
       -0.0014145194   0.0004788871   0.0002112029  -0.0088383927  -0.0349205214
       -0.0001014515   0.0300303585   0.0290098687   0.0007668522  -0.1043481717
        0.0479495342  -0.0035200677   0.4873223257   0.0926438002   0.0283101783
       -0.3017348087  -0.1248009738  -0.0170229726  -0.0885492533   0.0213056022
       -0.0074268999  -0.0053606591   0.0042154655  -0.0009389269  -0.0000936508
        0.0001016659  -0.0000692922   0.0000033168   0.0000548754   0.0000692323
        0.0002340638   0.0000512073   0.0000116606  -0.0049439262   0.0043175514
       -0.0009202152   0.0003476783  -0.0300066734   0.0004526129  -0.0003241125
       -0.0094024410   0.0003636201  -0.0017057782  -0.0005662149  -0.0000287185
       -0.0014617590  -0.0004910886  -0.0002216911   0.0008372884   0.0000594553
        0.0000648761
        0.0015704378   0.0003179708   0.0000979484  -0.0365132575  -0.0547181685
       -0.0024519086   0.0973247102  -0.0596039752   0.0070533644  -0.0007501888
       -0.3530818500   0.0007274234   0.0926438002   0.6102128177   0.0051779379
       -0.0766263635  -0.1533608752  -0.0051710470  -0.0462113237   0.0618984108
       -0.0033860502   0.0028623767  -0.0000306595   0.0002314972  -0.0002376881
       -0.0000840808  -0.0001196761  -0.0002588074  -0.0000815988   0.0000882663
       -0.0000746931   0.0004879957  -0.0000022025   0.0061052881  -0.0033907353
        0.0004518524  -0.0087041945  -0.0242312827  -0.0005561499  -0.0304030649
       -0.0243735919  -0.0020973695  -0.0004718459   0.0001162226  -0.0001341405
       -0.0004917506   0.0001148568   0.0000696223   0.0002365652  -0.0001914568
        0.0000206319
        0.0002116659   0.0000217693  -0.0044948483  -0.0000988991  -0.0023321371
       -0.0061898452   0.0005861380   0.0022514858   0.0183182676  -0.0033863731
        0.0041271583  -0.0565133811   0.0283101783   0.0051779379   0.0841061048
       -0.0171304761  -0.0085359117  -0.0568267154  -0.0072593648   0.0013747512
        0.0156614193  -0.0009444823   0.0003160511   0.0077675457   0.0007563167
       -0.0003299541   0.0000162453  -0.0007557735   0.0003410627  -0.0000824368
        0.0000187558   0.0000015862  -0.0000273608  -0.0009353195   0.0003324048
        0.0080005904   0.0004042174  -0.0020637661  -0.0050064314   0.0004078469
       -0.0006131253  -0.0050296389   0.0015131852   0.0005051711   0.0003163938
       -0.0017628818  -0.0005795797   0.0000732647   0.0000652659   0.0000050957
       -0.0000891737
        0.0029749703  -0.0015860415  -0.0003469417   0.0233190313   0.0866697070
        0.0014134845  -0.0660130402   0.0045420156  -0.0041229319   0.0242998831
       -0.0991334291   0.0017022200  -0.3017348087  -0.0766263635  -0.0171304761
        0.6463153687   0.0082903265   0.0364856165  -0.2506861388   0.0472141176
       -0.0141667176  -0.0316497223   0.0041373021  -0.0023608171   0.0002877091
       -0.0003655071  -0.0000470833   0.0001154228  -0.0002516795   0.0000759517
       -0.0000843566  -0.0003991219  -0.0000118933  -0.0006470508   0.0003598305
       -0.0000310129   0.0004776082  -0.0012479009  -0.0006281165  -0.0445571345
        0.0278716727  -0.0007280883  -0.0014352664  -0.0010291381   0.0003520786
       -0.0015128258  -0.0010754869  -0.0005002754   0.0005303507   0.0026296965
        0.0000450028
       -0.0006877817  -0.0057151562  -0.0000092928   0.0293250599  -0.0265690422
        0.0021407682  -0.0080891634   0.0045392239  -0.0006114894  -0.0382826265
       -0.0613121526  -0.0025195299  -0.1248009738  -0.1533608752  -0.0085359117
        0.0082903265   0.6659932660  -0.0007620845   0.1268555902  -0.1380107400
        0.0091573047  -0.0128617533   0.0049598670  -0.0009152321  -0.0003612368
        0.0001303335   0.0001839190  -0.0003265983   0.0001258296  -0.0002323053
        0.0013822114  -0.0009939726   0.0001031250  -0.0004682871   0.0013929166
       -0.0000421115  -0.0004331068  -0.0078581857   0.0000156195   0.0280806345
       -0.2824239871   0.0025645301  -0.0024086019  -0.0008469399  -0.0003458313
       -0.0024296681  -0.0008455898   0.0000086025  -0.0027840248   0.0007952045
       -0.0002000804
       -0.0003568228  -0.0000771914   0.0080526449   0.0015645927   0.0061800613
        0.0002414007  -0.0040724826   0.0002845719  -0.0083370016   0.0015378234
       -0.0068009328   0.0039438046  -0.0170229726  -0.0051710470  -0.0568267154
        0.0364856165  -0.0007620845   0.1311290552  -0.0143492388   0.0035572661
       -0.0529363332  -0.0023147434   0.0002835912   0.0014702575  -0.0011520121
        0.0007844062  -0.0000858941   0.0011803253  -0.0008279094   0.0000928619
       -0.0000284161  -0.0000246139   0.0002708473  -0.0000142088   0.0000213575
       -0.0004053290  -0.0006503483  -0.0000447701   0.0096532212  -0.0007170112
        0.0025612120  -0.0354035793  -0.0010286893  -0.0003743340  -0.0004076655
        0.0008857774   0.0002280899  -0.0003344383   0.0000528107   0.0001823269
       -0.0001171371
       -0.0047528991   0.0267380615  -0.0005788118  -0.0882511949  -0.0287936348
       -0.0022809947   0.0282066945  -0.0267592086   0.0022437301  -0.0121813003
        0.0374950844  -0.0003897894  -0.0885492533  -0.0462113237  -0.0072593648
       -0.2506861388   0.1268555902  -0.0143492388   0.6415398472  -0.0036877292
        0.0351635641  -0.1699367145  -0.0728955781  -0.0075871589  -0.0007151592
        0.0008833522   0.0006657931  -0.0006191997   0.0008758613  -0.0008567255
       -0.0048697551   0.0028426511  -0.0004413632  -0.0041964747  -0.0036065614
       -0.0009130681   0.0008396954   0.0006927690   0.0000308017  -0.0042826095
        0.0043376162  -0.0005181520  -0.0211168417  -0.0077450975  -0.0058076584
       -0.0246710411  -0.0095570730   0.0026033796   0.0042423449  -0.0014647797
        0.0002750571
        0.0113663372  -0.0208409228   0.0008630080   0.0411771885  -0.2959372808
        0.0035318228  -0.0754490037  -0.0340335469  -0.0052376077   0.0271915125
       -0.0488226063   0.0020201397   0.0213056022   0.0618984108   0.0013747512
        0.0472141176  -0.1380107400   0.0035572661  -0.0036877292   0.6268814959
       -0.0014952174  -0.0680899346  -0.1131161535  -0.0046739426  -0.0012113557
       -0.0008000365   0.0005535876  -0.0011214313  -0.0008026958  -0.0007092970
        0.0024765949  -0.0015910271   0.0001765384  -0.0026931887  -0.0003304585
       -0.0001594138   0.0005836775  -0.0000877792   0.0000404399   0.0245109095
       -0.0197235337   0.0017887964   0.0004123128   0.0037874476  -0.0018698816
        0.0002644564   0.0038715157   0.0018970263  -0.0242500660  -0.0223420887
       -0.0016580165
       -0.0005376058   0.0019456925   0.0024155453  -0.0024583671  -0.0014108379
       -0.0549533887   0.0023663400  -0.0018151126  -0.0024716084  -0.0003644466
        0.0027766996  -0.0081005021  -0.0074268999  -0.0033860502   0.0156614193
       -0.0141667176   0.0091573047  -0.0529363332   0.0351635641  -0.0014952174
        0.1458291984  -0.0075974969  -0.0050080770  -0.0603248963  -0.0001811755
        0.0000450673   0.0006818339   0.0000001169   0.0000881298   0.0005889799
       -0.0004374870   0.0002090362   0.0011952895  -0.0009125866  -0.0002294893
        0.0088095184   0.0000284348   0.0000483144   0.0004246679  -0.0005629211
        0.0003623362   0.0028227591  -0.0224114585  -0.0136181071  -0.0017425872
        0.0191556313   0.0123713792   0.0017264128   0.0003430755  -0.0000410682
        0.0003736913
       -0.0011331821   0.0011358593   0.0001633619  -0.0016875446  -0.0089481707
       -0.0001379688   0.0018332842   0.0008926808  -0.0004353816  -0.0007434778
       -0.0004353924  -0.0000086894  -0.0053606591   0.0028623767  -0.0009444823
       -0.0316497223  -0.0128617533  -0.0023147434  -0.1699367145  -0.0680899346
       -0.0075974969   0.4798260848  -0.0239349931  -0.0004946669   0.0005567176
        0.0010915076  -0.0005252300   0.0005340397   0.0009454930   0.0005631246
       -0.0000609487   0.0003049191  -0.0000089006   0.0000555212   0.0003619181
        0.0000045854   0.0001248484  -0.0000014719   0.0001501846   0.0008129215
       -0.0015378136   0.0001852151  -0.0936325173   0.0232384921  -0.0966681750
       -0.1233277578   0.0293787514   0.1090226981  -0.0562108930   0.0555975316
       -0.0009534348
       -0.0013445488   0.0006541439  -0.0001069493  -0.0248666433  -0.0230416439
       -0.0016978413   0.0012321874  -0.0052498450   0.0001243081  -0.0004978392
       -0.0001925711  -0.0000316156   0.0042154655  -0.0000306595   0.0003160511
        0.0041373021   0.0049598670   0.0002835912  -0.0728955781  -0.1131161535
       -0.0050080770  -0.0239349931   0.5159478097  -0.0017696570  -0.0001780115
       -0.0003273292   0.0001543577  -0.0001576011  -0.0003224640  -0.0001748262
       -0.0005258617  -0.0000359906  -0.0000375890  -0.0014506272  -0.0008708019
       -0.0000983106   0.0000381168   0.0001414846  -0.0000098050   0.0020290214
        0.0012094137   0.0001392810   0.0261971068  -0.0533883252   0.0427457720
        0.0326085401  -0.0538464435  -0.0393862086   0.0553939641  -0.2724904915
        0.0045575185
        0.0001687831   0.0000701445  -0.0034997816  -0.0000960891  -0.0005709504
        0.0005516158  -0.0004400816   0.0001008533   0.0080526670  -0.0000136365
       -0.0000411434  -0.0005194122  -0.0009389269   0.0002314972   0.0077675457
       -0.0023608171  -0.0009152321   0.0014702575  -0.0075871589  -0.0046739426
       -0.0603248963  -0.0004946669  -0.0017696570   0.4877765966   0.0004146227
       -0.0009791409   0.0002367507  -0.0003700446   0.0011264966   0.0002547534
       -0.0000054370   0.0000217457   0.0000361640   0.0000041750   0.0000273667
        0.0000378713   0.0001626039  -0.0000052340  -0.0021707558   0.0001696377
       -0.0001157950  -0.0016622898  -0.0997257869   0.0407215602  -0.2115723178
        0.1120649183  -0.0378013895  -0.1814031536  -0.0009520952   0.0045728208
       -0.0450316149
       -0.1189767973  -0.0363262488   0.1102542999  -0.0247611755  -0.0023957102
        0.0202599404  -0.0025281893   0.0024104034   0.0000824517  -0.0007299995
       -0.0000659066  -0.0018365478  -0.0000936508  -0.0002376881   0.0007563167
        0.0002877091  -0.0003612368  -0.0011520121  -0.0007151592  -0.0012113557
       -0.0001811755   0.0005567176  -0.0001780115   0.0004146227   0.1420212920
        0.0391872480  -0.1251658270   0.0082590540   0.0026378879  -0.0102168748
       -0.0038851659  -0.0041902188   0.0062872804   0.0001036310   0.0002579889
        0.0004756461  -0.0001781095   0.0000858264   0.0000637842   0.0001031157
       -0.0000627094   0.0000822613   0.0001333978   0.0002310167   0.0000856478
        0.0003533743   0.0004056494  -0.0001861629   0.0000499555  -0.0001869348
       -0.0000236512
       -0.0330316241  -0.0579945822   0.0447338905   0.0070942085   0.0045023378
       -0.0110719564   0.0014212649  -0.0006663801   0.0000315640  -0.0000385929
        0.0004312591   0.0006028094   0.0001016659  -0.0000840808  -0.0003299541
       -0.0003655071   0.0001303335   0.0007844062   0.0008833522  -0.0008000365
        0.0000450673   0.0010915076  -0.0003273292  -0.0009791409   0.0391872480
        0.0643986757  -0.0536121064   0.0036565480   0.0027758240  -0.0065870804
       -0.0195271633  -0.0117305374   0.0258734489   0.0000928966   0.0000065204
       -0.0000378077   0.0000835753  -0.0000453699  -0.0000405012  -0.0000163054
        0.0000177482  -0.0000609599  -0.0002137784  -0.0000061479  -0.0001024322
       -0.0003583601  -0.0007050163   0.0005948000  -0.0000609357   0.0000967816
        0.0001559529
        0.1070231464   0.0460362459  -0.1821556783   0.0025128168  -0.0014472472
        0.0015703713  -0.0004538842  -0.0000774347  -0.0003001451  -0.0003038860
        0.0000372010  -0.0000231173  -0.0000692922  -0.0001196761   0.0000162453
       -0.0000470833   0.0001839190  -0.0000858941   0.0006657931   0.0005535876
        0.0006818339  -0.0005252300   0.0001543577   0.0002367507  -0.1251658270
       -0.0536121064   0.2106299768   0.0155001368   0.0068547077  -0.0291383238
        0.0013573285   0.0019784284  -0.0011968572  -0.0000707157  -0.0001210497
       -0.0000414120  -0.0000554296   0.0000184570   0.0000229778  -0.0000685924
        0.0000094635  -0.0000126926   0.0000327633  -0.0000744873  -0.0006971956
       -0.0001492171  -0.0005789873   0.0004920352  -0.0001828274   0.0002046206
        0.0000011251
       -0.0900437643  -0.0300131720  -0.0970248072  -0.0210774205  -0.0026933582
       -0.0234515491  -0.0025333549   0.0023740267  -0.0004135525  -0.0010149875
       -0.0000475898   0.0016976209   0.0000033168  -0.0002588074  -0.0007557735
        0.0001154228  -0.0003265983   0.0011803253  -0.0006191997  -0.0011214313
        0.0000001169   0.0005340397  -0.0001576011  -0.0003700446   0.0082590540
        0.0036565480   0.0155001368   0.1086035118   0.0318534924   0.1105271269
       -0.0027772619  -0.0039109861  -0.0065006917   0.0001572883   0.0002367600
       -0.0004488279  -0.0001725065   0.0000870525  -0.0000921292   0.0001025519
       -0.0000612285  -0.0000661051   0.0003088194   0.0003208864   0.0001587920
        0.0001340313   0.0002180567   0.0000314471   0.0000204593  -0.0001560501
        0.0000279149
       -0.0269180673  -0.0585215700  -0.0497076023   0.0054497174   0.0045714830
        0.0119304194   0.0014122204  -0.0006643574   0.0001697920   0.0000487081
        0.0004270920  -0.0006035612   0.0000548754  -0.0000815988   0.0003410627
       -0.0002516795   0.0001258296  -0.0008279094   0.0008758613  -0.0008026958
        0.0000881298   0.0009454930  -0.0003224640   0.0011264966   0.0026378879
        0.0027758240   0.0068547077   0.0318534924   0.0650225643   0.0595018636
       -0.0157160651  -0.0118945176  -0.0283047814   0.0000873713   0.0000074788
        0.0000493967   0.0000771562  -0.0000449800   0.0000520033  -0.0000240605
        0.0000178863   0.0000585601  -0.0002701984  -0.0007045880  -0.0006334090
       -0.0002255049  -0.0000059858   0.0000686513  -0.0000372078   0.0000945995
       -0.0001638199
       -0.0938125314  -0.0514598046  -0.2105245603  -0.0057536815   0.0010630658
       -0.0021834335   0.0001270075   0.0004168474  -0.0002973212   0.0001643000
       -0.0000522622   0.0002658671   0.0000692323   0.0000882663  -0.0000824368
        0.0000759517  -0.0002323053   0.0000928619  -0.0008567255  -0.0007092970
        0.0005889799   0.0005631246  -0.0001748262   0.0002547534  -0.0102168748
       -0.0065870804  -0.0291383238   0.1105271269   0.0595018636   0.2433899129
       -0.0014956490  -0.0024957440  -0.0021445148   0.0000985813   0.0001559907
       -0.0000965177   0.0000274684  -0.0000056608   0.0000184371   0.0000855688
       -0.0000186935  -0.0000124930   0.0001244485   0.0006361946   0.0005350613
        0.0000864675   0.0001033718  -0.0006991132   0.0001861846  -0.0002299261
        0.0000328408
       -0.0495860402  -0.0393673860  -0.0002187860   0.0021832118   0.0263171114
        0.0000619403   0.0008910675   0.0023962146   0.0000720738   0.0003807958
       -0.0001030414   0.0000258650   0.0002340638  -0.0000746931   0.0000187558
       -0.0000843566   0.0013822114  -0.0000284161  -0.0048697551   0.0024765949
       -0.0004374870  -0.0000609487  -0.0005258617  -0.0000054370  -0.0038851659
       -0.0195271633   0.0013573285  -0.0027772619  -0.0157160651  -0.0014956490
        0.0586517517   0.0431811641   0.0007280830  -0.0010003999  -0.0005775046
       -0.0000733035   0.0001027223  -0.0000562772   0.0000079315  -0.0003258077
        0.0001901349  -0.0000144959   0.0000139711   0.0000359728   0.0001752181
        0.0000404518   0.0000578328  -0.0001733291   0.0000917001  -0.0000892446
       -0.0000002923
       -0.0392019890  -0.2794935877  -0.0021081854   0.0026702106  -0.0208566347
        0.0002448600  -0.0021539359   0.0010932770  -0.0001546384  -0.0002706277
       -0.0002692565  -0.0000183997   0.0000512073   0.0004879957   0.0000015862
       -0.0003991219  -0.0009939726  -0.0000246139   0.0028426511  -0.0015910271
        0.0002090362   0.0003049191  -0.0000359906   0.0000217457  -0.0041902188
       -0.0117305374   0.0019784284  -0.0039109861  -0.0118945176  -0.0024957440
        0.0431811641   0.3241239812   0.0022719077   0.0005420651   0.0007983648
        0.0000376968  -0.0001326995   0.0001303181  -0.0000111106   0.0002514832
       -0.0001294562   0.0000186112   0.0001494769   0.0001181148   0.0002370634
        0.0001815630   0.0001161172  -0.0002138732   0.0000848384   0.0001268116
        0.0000056297
       -0.0002239550  -0.0021159457  -0.0449403876   0.0001279434   0.0019158410
        0.0002797460   0.0000889578   0.0001686126  -0.0002170636   0.0000280991
       -0.0000168485   0.0000156270   0.0000116606  -0.0000022025  -0.0000273608
       -0.0000118933   0.0001031250   0.0002708473  -0.0004413632   0.0001765384
        0.0011952895  -0.0000089006  -0.0000375890   0.0000361640   0.0062872804
        0.0258734489  -0.0011968572  -0.0065006917  -0.0283047814  -0.0021445148
        0.0007280830   0.0022719077   0.0466810903  -0.0000774307  -0.0000435265
        0.0000474347   0.0000072840  -0.0000036995  -0.0000042666  -0.0000154028
        0.0000139672  -0.0001325516   0.0000128956   0.0001655558   0.0000289358
       -0.0000118913  -0.0001588078   0.0000037563  -0.0000006753  -0.0000055958
        0.0001041113
        0.0011584325  -0.0019313605   0.0002688574  -0.0015295071  -0.0248962295
       -0.0001125744  -0.0431343912  -0.0034142734  -0.0006659316   0.0009737124
        0.0232796757   0.0000355885  -0.0049439262   0.0061052881  -0.0009353195
       -0.0006470508  -0.0004682871  -0.0000142088  -0.0041964747  -0.0026931887
       -0.0009125866   0.0000555212  -0.0014506272   0.0000041750   0.0001036310
        0.0000928966  -0.0000707157   0.0001572883   0.0000873713   0.0000985813
       -0.0010003999   0.0005420651  -0.0000774307   0.0524191079   0.0041163625
        0.0020448050   0.0007337341   0.0008079530   0.0001832686  -0.0000251663
        0.0000459751   0.0001536007   0.0000816665   0.0000171327   0.0000627774
        0.0000926191   0.0000156455  -0.0000498491  -0.0002987970  -0.0002563992
       -0.0000130374
        0.0013700101   0.0012773650   0.0000865495  -0.0023938615  -0.0199746212
       -0.0001133835  -0.0039065632  -0.2986392163   0.0004034806   0.0001470823
       -0.0173810944   0.0000526491   0.0043175514  -0.0033907353   0.0003324048
        0.0003598305   0.0013929166   0.0000213575  -0.0036065614  -0.0003304585
       -0.0002294893   0.0003619181  -0.0008708019   0.0000273667   0.0002579889
        0.0000065204  -0.0001210497   0.0002367600   0.0000074788   0.0001559907
       -0.0005775046   0.0007983648  -0.0000435265   0.0041163625   0.3364944531
       -0.0005120523  -0.0006027255   0.0006345140  -0.0000483112  -0.0000333841
        0.0000590961  -0.0000076930   0.0000660399   0.0000320797   0.0000230154
        0.0000684076   0.0000320791  -0.0000135774  -0.0001813509  -0.0001479401
       -0.0000137314
        0.0002688259  -0.0001501074  -0.0025674810  -0.0001716310  -0.0017009863
        0.0009685065  -0.0006761426   0.0004334848  -0.0335848730   0.0000966020
        0.0016987226  -0.0003796900  -0.0009202152   0.0004518524   0.0080005904
       -0.0000310129  -0.0000421115  -0.0004053290  -0.0009130681  -0.0001594138
        0.0088095184   0.0000045854  -0.0000983106   0.0000378713   0.0004756461
       -0.0000378077  -0.0000414120  -0.0004488279   0.0000493967  -0.0000965177
       -0.0000733035   0.0000376968   0.0000474347   0.0020448050  -0.0005120523
        0.0234291877   0.0001885942   0.0000489640  -0.0019093583   0.0001542685
       -0.0000022573  -0.0021776577   0.0000283372  -0.0000055369  -0.0000023804
       -0.0000146948   0.0000080379  -0.0000134659  -0.0000127683  -0.0000195715
       -0.0001149440
       -0.0013281073  -0.0007041181  -0.0000497233  -0.0039374058   0.0035540067
       -0.0008454237  -0.0271348959  -0.0109641859  -0.0020622375  -0.2409168809
       -0.0975448143  -0.0142771356   0.0003476783  -0.0087041945   0.0004042174
        0.0004776082  -0.0004331068  -0.0006503483   0.0008396954   0.0005836775
        0.0000284348   0.0001248484   0.0000381168   0.0001626039  -0.0001781095
        0.0000835753  -0.0000554296  -0.0001725065   0.0000771562   0.0000274684
        0.0001027223  -0.0001326995   0.0000072840   0.0007337341  -0.0006027255
        0.0001885942   0.2710356421   0.1144986433   0.0171567451  -0.0001083034
        0.0001577981  -0.0000479005   0.0000670168   0.0000703998   0.0000295128
        0.0000142617   0.0000432458  -0.0000192725   0.0000330020  -0.0000207748
        0.0000026105
        0.0006283134   0.0002624420   0.0000427678   0.0028167236  -0.0009014873
        0.0002221253   0.0104866604   0.0056482872   0.0007297937  -0.0972234207
       -0.0895361043  -0.0067244172  -0.0300066734  -0.0242312827  -0.0020637661
       -0.0012479009  -0.0078581857  -0.0000447701   0.0006927690  -0.0000877792
        0.0000483144  -0.0000014719   0.0001414846  -0.0000052340   0.0000858264
       -0.0000453699   0.0000184570   0.0000870525  -0.0000449800  -0.0000056608
       -0.0000562772   0.0001303181  -0.0000036995   0.0008079530   0.0006345140
        0.0000489640   0.1144986433   0.1168380420   0.0078446760  -0.0016022004
       -0.0010359547  -0.0001098986  -0.0000089731   0.0000106989  -0.0000313197
       -0.0000112119   0.0000118855   0.0000302500   0.0000541880   0.0000634715
        0.0000034180
       -0.0000535618  -0.0000523499  -0.0006036141  -0.0008378568   0.0002887309
        0.0078693248  -0.0021117576  -0.0007850617   0.0023709390  -0.0142896777
       -0.0067608340  -0.0361862398   0.0004526129  -0.0005561499  -0.0050064314
       -0.0006281165   0.0000156195   0.0096532212   0.0000308017   0.0000404399
        0.0004246679   0.0001501846  -0.0000098050  -0.0021707558   0.0000637842
       -0.0000405012   0.0000229778  -0.0000921292   0.0000520033   0.0000184371
        0.0000079315  -0.0000111106  -0.0000042666   0.0001832686  -0.0000483112
       -0.0019093583   0.0171567451   0.0078446760   0.0250289233  -0.0000462204
        0.0000156933   0.0005609825  -0.0003900798  -0.0001892941  -0.0000554833
        0.0004008485   0.0001959891  -0.0000052444   0.0000032227   0.0000002657
       -0.0000080798
       -0.0000342457   0.0014903901   0.0000339191  -0.0046045561   0.0023472988
       -0.0008940060  -0.0003378949  -0.0001527517  -0.0000330861  -0.0045752221
       -0.0045841143  -0.0009971063  -0.0003241125  -0.0304030649   0.0004078469
       -0.0445571345   0.0280806345  -0.0007170112  -0.0042826095   0.0245109095
       -0.0005629211   0.0008129215   0.0020290214   0.0001696377   0.0001031157
       -0.0000163054  -0.0000685924   0.0001025519  -0.0000240605   0.0000855688
       -0.0003258077   0.0002514832  -0.0000154028  -0.0000251663  -0.0000333841
        0.0001542685  -0.0001083034  -0.0016022004  -0.0000462204   0.0588070952
       -0.0209869763   0.0025243364   0.0001583162  -0.0001239072   0.0001126775
        0.0001384790  -0.0001209140  -0.0000877109  -0.0009474268  -0.0006620584
       -0.0000661976
       -0.0000856852  -0.0009889421  -0.0000052855   0.0032552604  -0.0005927938
        0.0002500630  -0.0000926106   0.0013052251  -0.0000097662  -0.0036665847
       -0.0026266084  -0.0002288502  -0.0094024410  -0.0243735919  -0.0006131253
        0.0278716727  -0.2824239871   0.0025612120   0.0043376162  -0.0197235337
        0.0003623362  -0.0015378136   0.0012094137  -0.0001157950  -0.0000627094
        0.0000177482   0.0000094635  -0.0000612285   0.0000178863  -0.0000186935
        0.0001901349  -0.0001294562   0.0000139672   0.0000459751   0.0000590961
       -0.0000022573   0.0001577981  -0.0010359547   0.0000156933  -0.0209869763
        0.3286259726  -0.0022204451  -0.0002127504  -0.0000370083  -0.0001421237
       -0.0002291585  -0.0000361900   0.0001106715   0.0004795010   0.0007327242
        0.0000329351
        0.0000408499   0.0001051065  -0.0005756037  -0.0008967773   0.0001812623
        0.0079225242  -0.0000400881  -0.0000144532   0.0001615197  -0.0009962545
       -0.0002792744   0.0096785041   0.0003636201  -0.0020973695  -0.0050296389
       -0.0007280883   0.0025645301  -0.0354035793  -0.0005181520   0.0017887964
        0.0028227591   0.0001852151   0.0001392810  -0.0016622898   0.0000822613
       -0.0000609599  -0.0000126926  -0.0000661051   0.0000585601  -0.0000124930
       -0.0000144959   0.0000186112  -0.0001325516   0.0001536007  -0.0000076930
       -0.0021776577  -0.0000479005  -0.0001098986   0.0005609825   0.0025243364
       -0.0022204451   0.0239066321  -0.0002279049   0.0000193817  -0.0000340555
        0.0002542418  -0.0000360399  -0.0000145058  -0.0000683586  -0.0000493956
        0.0000021462
        0.0006075116   0.0001997180  -0.0003132955  -0.0005669619   0.0013938944
       -0.0003070724  -0.0000888490   0.0002401056   0.0012513646  -0.0000009211
        0.0004101573  -0.0001318027  -0.0017057782  -0.0004718459   0.0015131852
       -0.0014352664  -0.0024086019  -0.0010286893  -0.0211168417   0.0004123128
       -0.0224114585  -0.0936325173   0.0261971068  -0.0997257869   0.0001333978
       -0.0002137784   0.0000327633   0.0003088194  -0.0002701984   0.0001244485
        0.0000139711   0.0001494769   0.0000128956   0.0000816665   0.0000660399
        0.0000283372   0.0000670168  -0.0000089731  -0.0003900798   0.0001583162
       -0.0002127504  -0.0002279049   0.1128305439  -0.0268099474   0.1141933310
        0.0085935921  -0.0030853056   0.0160036529  -0.0042476996   0.0044125896
       -0.0086238884
       -0.0008383671  -0.0004036590  -0.0011427297  -0.0007325687  -0.0005028664
       -0.0002512014   0.0001050980   0.0000549357   0.0009495150  -0.0000928994
        0.0000859447  -0.0000470436  -0.0005662149   0.0001162226   0.0005051711
       -0.0010291381  -0.0008469399  -0.0003743340  -0.0077450975   0.0037874476
       -0.0136181071   0.0232384921  -0.0533883252   0.0407215602   0.0002310167
       -0.0000061479  -0.0000744873   0.0003208864  -0.0007045880   0.0006361946
        0.0000359728   0.0001181148   0.0001655558   0.0000171327   0.0000320797
       -0.0000055369   0.0000703998   0.0000106989  -0.0001892941  -0.0001239072
       -0.0000370083   0.0000193817  -0.0268099474   0.0595884452  -0.0491519332
       -0.0023314995   0.0023004255  -0.0061340337   0.0162506412  -0.0102047800
        0.0279913225
        0.0005802756   0.0002020023   0.0002596927  -0.0008959924   0.0008273313
        0.0005082397   0.0000459909   0.0001587422   0.0001531874   0.0000913439
        0.0001358519  -0.0000552937  -0.0000287185  -0.0001341405   0.0003163938
        0.0003520786  -0.0003458313  -0.0004076655  -0.0058076584  -0.0018698816
       -0.0017425872  -0.0966681750   0.0427457720  -0.2115723178   0.0000856478
       -0.0001024322  -0.0006971956   0.0001587920  -0.0006334090   0.0005350613
        0.0001752181   0.0002370634   0.0000289358   0.0000627774   0.0000230154
       -0.0000023804   0.0000295128  -0.0000313197  -0.0000554833   0.0001126775
       -0.0001421237  -0.0000340555   0.1141933310  -0.0491519332   0.2445304031
       -0.0106057092   0.0055716204  -0.0292339591  -0.0018813921   0.0025096723
       -0.0025309756
        0.0006383907   0.0002268291   0.0003651773  -0.0007125301   0.0014988136
        0.0001242793   0.0000964145   0.0002531742  -0.0012603747  -0.0000074842
        0.0004237006   0.0001360452  -0.0014617590  -0.0004917506  -0.0017628818
       -0.0015128258  -0.0024296681   0.0008857774  -0.0246710411   0.0002644564
        0.0191556313  -0.1233277578   0.0326085401   0.1120649183   0.0003533743
       -0.0003583601  -0.0001492171   0.0001340313  -0.0002255049   0.0000864675
        0.0000404518   0.0001815630  -0.0000118913   0.0000926191   0.0000684076
       -0.0000146948   0.0000142617  -0.0000112119   0.0004008485   0.0001384790
       -0.0002291585   0.0002542418   0.0085935921  -0.0023314995  -0.0106057092
        0.1472611100  -0.0342140635  -0.1278073616  -0.0056693266   0.0047657328
        0.0081387439
       -0.0009937532  -0.0004001214   0.0010177755  -0.0007565214  -0.0005045618
        0.0001511588   0.0002380834   0.0000491177  -0.0009239268  -0.0000996263
        0.0000858314   0.0000331387  -0.0004910886   0.0001148568  -0.0005795797
       -0.0010754869  -0.0008455898   0.0002280899  -0.0095570730   0.0038715157
        0.0123713792   0.0293787514  -0.0538464435  -0.0378013895   0.0004056494
       -0.0007050163  -0.0005789873   0.0002180567  -0.0000059858   0.0001033718
        0.0000578328   0.0001161172  -0.0001588078   0.0000156455   0.0000320791
        0.0000080379   0.0000432458   0.0000118855   0.0001959891  -0.0001209140
       -0.0000361900  -0.0000360399  -0.0030853056   0.0023004255   0.0055716204
       -0.0342140635   0.0601271627   0.0457715343   0.0200365677  -0.0103650830
       -0.0253733646
       -0.0005217108  -0.0001697905   0.0002257607   0.0007244576  -0.0006160960
        0.0006573168  -0.0000549302  -0.0001228372  -0.0000263697  -0.0000840192
       -0.0000840726  -0.0000479257  -0.0002216911   0.0000696223   0.0000732647
       -0.0005002754   0.0000086025  -0.0003344383   0.0026033796   0.0018970263
        0.0017264128   0.1090226981  -0.0393862086  -0.1814031536  -0.0001861629
        0.0005948000   0.0004920352   0.0000314471   0.0000686513  -0.0006991132
       -0.0001733291  -0.0002138732   0.0000037563  -0.0000498491  -0.0000135774
       -0.0000134659  -0.0000192725   0.0000302500  -0.0000052444  -0.0000877109
        0.0001106715  -0.0000145058   0.0160036529  -0.0061340337  -0.0292339591
       -0.1278073616   0.0457715343   0.2095458223   0.0013206775  -0.0018106690
       -0.0009461932
       -0.0000899731   0.0005193297  -0.0000104933  -0.0044486644  -0.0026879507
       -0.0003867209  -0.0000681534  -0.0012439483  -0.0000170179   0.0000065217
        0.0000401066  -0.0000049418   0.0008372884   0.0002365652   0.0000652659
        0.0005303507  -0.0027840248   0.0000528107   0.0042423449  -0.0242500660
        0.0003430755  -0.0562108930   0.0553939641  -0.0009520952   0.0000499555
       -0.0000609357  -0.0001828274   0.0000204593  -0.0000372078   0.0001861846
        0.0000917001   0.0000848384  -0.0000006753  -0.0002987970  -0.0001813509
       -0.0000127683   0.0000330020   0.0000541880   0.0000032227  -0.0009474268
        0.0004795010  -0.0000683586  -0.0042476996   0.0162506412  -0.0018813921
       -0.0056693266   0.0200365677   0.0013206775   0.0661693112  -0.0618502177
        0.0015460539
       -0.0002839008  -0.0000408606  -0.0000196755  -0.0029126807  -0.0021568103
       -0.0001948139   0.0002541666  -0.0009181970   0.0000189094   0.0001638685
        0.0003724868   0.0000105680   0.0000594553  -0.0001914568   0.0000050957
        0.0026296965   0.0007952045   0.0001823269  -0.0014647797  -0.0223420887
       -0.0000410682   0.0555975316  -0.2724904915   0.0045728208  -0.0001869348
        0.0000967816   0.0002046206  -0.0001560501   0.0000945995  -0.0002299261
       -0.0000892446   0.0001268116  -0.0000055958  -0.0002563992  -0.0001479401
       -0.0000195715  -0.0000207748   0.0000634715   0.0000002657  -0.0006620584
        0.0007327242  -0.0000493956   0.0044125896  -0.0102047800   0.0025096723
        0.0047657328  -0.0103650830  -0.0018106690  -0.0618502177   0.3165756286
       -0.0051335637
       -0.0000078842   0.0000356581   0.0000400119  -0.0003872689  -0.0001735692
        0.0010994630  -0.0000188435  -0.0000846592   0.0002037866  -0.0000057610
       -0.0000022616   0.0000751333   0.0000648761   0.0000206319  -0.0000891737
        0.0000450028  -0.0002000804  -0.0001171371   0.0002750571  -0.0016580165
        0.0003736913  -0.0009534348   0.0045575185  -0.0450316149  -0.0000236512
        0.0001559529   0.0000011251   0.0000279149  -0.0001638199   0.0000328408
       -0.0000002923   0.0000056297   0.0001041113  -0.0000130374  -0.0000137314
       -0.0001149440   0.0000026105   0.0000034180  -0.0000080798  -0.0000661976
        0.0000329351   0.0000021462  -0.0086238884   0.0279913225  -0.0025309756
        0.0081387439  -0.0253733646  -0.0009461932   0.0015460539  -0.0051335637
        0.0469058087
