           1           2   1.0307460231435002     
           2           3   1.4191450733475699     
           3           4   1.4285603700298966     
           4           5   1.4361672965796486     
           3           6  0.10809502611132456     
           5           6   1.4369401578304533     
           2           7   1.3739764007969919     
           4           7  0.10889906104775404     
           6           7   1.4078694790336894     
           7           8   1.0290674118802290     
           1           9  0.96808186030630572     
           1          10  0.96808249255981171     
           1          11  0.98527795448456446     
           3          12  0.96814272591001360     
           4          13  0.96438860029165441     
           6          14  0.96167192132526125     
           8          15  0.96967033821703852     
           8          16  0.96968263146787237     
           8          17  0.98512667347509009     
