$hessian                                                                        
        0.2725291014  -0.0333180291   0.0000010580  -0.0954095024   0.0719182575
       -0.0000001222  -0.0277743321   0.0083116853   0.0000001711  -0.0720446352
       -0.0217031115   0.0000002398  -0.0385629323  -0.0131246542   0.0220605875
       -0.0385633818  -0.0131256685  -0.0220619339  -0.0000872582   0.0005209062
       -0.0016792474  -0.0000870594   0.0005206143   0.0016792472
       -0.0333180291   0.4511933554   0.0000002235   0.0719182594  -0.1581242025
       -0.0000000875  -0.0025914005   0.0046731209   0.0000000044  -0.0261847341
       -0.0304439406   0.0000001164  -0.0174737082  -0.1160310905   0.1095651331
       -0.0174747151  -0.1160319781  -0.1095653536   0.0125621259  -0.0176175394
        0.0030471053   0.0125622017  -0.0176177252  -0.0030471416
        0.0000010580   0.0000002235   0.5100699726  -0.0000000672  -0.0000001407
       -0.0682534594   0.0000001969  -0.0000000762   0.0011629648   0.0000002647
        0.0000001045  -0.0222233747   0.0270183457   0.1103463424  -0.2095297557
       -0.0270196672  -0.1103465752  -0.2095283708  -0.0146352416   0.0210005152
       -0.0008489743   0.0146351105  -0.0210003935  -0.0008490024
       -0.0954095024   0.0719182594  -0.0000000672   0.2725291013  -0.0333180221
        0.0000019793  -0.0720446259  -0.0217031062   0.0000004838  -0.0277743319
        0.0083116861   0.0000001153  -0.0000872512   0.0005208455  -0.0016792578
       -0.0000870686   0.0005206722   0.0016792342  -0.0385627945  -0.0131242217
        0.0220600243  -0.0385635268  -0.0131261132  -0.0220625119
        0.0719182575  -0.1581242025  -0.0000001407  -0.0333180221   0.4511933468
        0.0000005519  -0.0261847254  -0.0304439363   0.0000002406  -0.0025913968
        0.0046731230   0.0000000055   0.0125621381  -0.0176175617   0.0030471096
        0.0125621869  -0.0176177008  -0.0030471406  -0.0174732390  -0.1160304550
        0.1095649310  -0.0174751991  -0.1160326134  -0.1095655573
       -0.0000001222  -0.0000000875  -0.0682534594   0.0000019793   0.0000005519
        0.5100699621   0.0000005143   0.0000002075  -0.0222233750   0.0000001626
       -0.0000000403   0.0011629648  -0.0146352091   0.0210005001  -0.0008489726
        0.0146351438  -0.0210004071  -0.0008490034   0.0270177797   0.1103460958
       -0.2095304996  -0.0270202484  -0.1103468205  -0.2095276169
       -0.0277743321  -0.0025914005   0.0000001969  -0.0720446259  -0.0261847254
        0.0000005143   0.1352775765   0.0401773091  -0.0000010653  -0.0058205517
        0.0024342637   0.0000000272   0.0012030009   0.0005604032  -0.0004272867
        0.0012030129   0.0005604166   0.0004272750  -0.0160219272  -0.0074780939
        0.0020697259  -0.0160221534  -0.0074781728  -0.0020693873
        0.0083116853   0.0046731209  -0.0000000762  -0.0217031062  -0.0304439363
        0.0000002075   0.0401773091   0.0328041365  -0.0000003937   0.0024342641
        0.0000257422  -0.0000000133   0.0004654355   0.0007836162  -0.0003888669
        0.0004654212   0.0007836061   0.0003888527  -0.0150754398  -0.0043131230
        0.0002330656  -0.0150755692  -0.0043131625  -0.0002327756
        0.0000001711   0.0000000044   0.0011629648   0.0000004838   0.0000002406
       -0.0222233750  -0.0000010653  -0.0000003937   0.0166965789   0.0000000155
       -0.0000000149   0.0006110240  -0.0002544290  -0.0002451115  -0.0000105539
        0.0002543976   0.0002450976  -0.0000105703   0.0152855496   0.0051989779
        0.0018868066  -0.0152851231  -0.0051988004   0.0018871249
       -0.0720446352  -0.0261847341   0.0000002647  -0.0277743319  -0.0025913968
        0.0000001626  -0.0058205517   0.0024342641   0.0000000155   0.1352775910
        0.0401773173  -0.0000005913  -0.0160219810  -0.0074781128   0.0020696446
       -0.0160221023  -0.0074781554  -0.0020694704   0.0012030059   0.0005604107
       -0.0004272923   0.0012030054   0.0005604069   0.0004272666
       -0.0217031115  -0.0304439406   0.0000001045   0.0083116861   0.0046731230
       -0.0000000403   0.0024342637   0.0000257422  -0.0000000149   0.0401773173
        0.0328041415  -0.0000001874  -0.0150754790  -0.0043131326   0.0002329934
       -0.0150755327  -0.0043131542  -0.0002328486   0.0004654120   0.0007836049
       -0.0003888625   0.0004654440   0.0007836158   0.0003888559
        0.0000002398   0.0000001164  -0.0222233747   0.0000001153   0.0000000055
        0.0011629648   0.0000000272  -0.0000000133   0.0006110240  -0.0000005913
       -0.0000001874   0.0166965798   0.0152854413   0.0051989341   0.0018868836
       -0.0152852332  -0.0051988459   0.0018870469  -0.0002544126  -0.0002451090
       -0.0000105563   0.0002544135   0.0002450997  -0.0000105680
       -0.0385629323  -0.0174737082   0.0270183457  -0.0000872512   0.0125621381
       -0.0146352091   0.0012030009   0.0004654355  -0.0002544290  -0.0160219810
       -0.0150754790   0.0152854413   0.0524735484   0.0148459820  -0.0247853861
        0.0022676202   0.0020040183  -0.0023410130  -0.0015064279   0.0032905560
        0.0000665814   0.0002344230  -0.0006189428  -0.0003543313
       -0.0131246542  -0.1160310905   0.1103463424   0.0005208455  -0.0176175617
        0.0210005001   0.0005604032   0.0007836162  -0.0002451115  -0.0074781128
       -0.0043131326   0.0051989341   0.0148459820   0.1320191254  -0.1246068584
        0.0020039252   0.0088661428  -0.0125848545   0.0032905421  -0.0040867418
        0.0002284125  -0.0006189311   0.0003796423   0.0006626353
        0.0220605875   0.1095651331  -0.2095297557  -0.0016792578   0.0030471096
       -0.0008489726  -0.0004272867  -0.0003888669  -0.0000105539   0.0020696446
        0.0002329934   0.0018868836  -0.0247853861  -0.1246068584   0.2326943356
        0.0023407719   0.0125846879  -0.0260579958   0.0000665835   0.0002284254
        0.0010456047   0.0003543431  -0.0006626241   0.0008204539
       -0.0385633818  -0.0174747151  -0.0270196672  -0.0000870686   0.0125621869
        0.0146351438   0.0012030129   0.0004654212   0.0002543976  -0.0160221023
       -0.0150755327  -0.0152852332   0.0022676202   0.0020039252   0.0023407719
        0.0524739187   0.0148471095   0.0247868187   0.0002344283  -0.0006189335
        0.0003543466  -0.0015064274   0.0032905385  -0.0000665782
       -0.0131256685  -0.1160319781  -0.1103465752   0.0005206722  -0.0176177008
       -0.0210004071   0.0005604166   0.0007836061   0.0002450976  -0.0074781554
       -0.0043131542  -0.0051988459   0.0020040183   0.0088661428   0.0125846879
        0.0148471095   0.1320201800   0.1246071115  -0.0006189452   0.0003796489
       -0.0006626379   0.0032905525  -0.0040867447  -0.0002284309
       -0.0220619339  -0.1095653536  -0.2095283708   0.0016792342  -0.0030471406
       -0.0008490034   0.0004272750   0.0003888527  -0.0000105703  -0.0020694704
       -0.0002328486   0.0018870469  -0.0023410130  -0.0125848545  -0.0260579958
        0.0247868187   0.1246071115   0.2326928174  -0.0003543351   0.0006626497
        0.0008204636  -0.0000665755  -0.0002284165   0.0010456125
       -0.0000872582   0.0125621259  -0.0146352416  -0.0385627945  -0.0174732390
        0.0270177797  -0.0160219272  -0.0150754398   0.0152855496   0.0012030059
        0.0004654120  -0.0002544126  -0.0015064279   0.0032905421   0.0000665835
        0.0002344283  -0.0006189452  -0.0003543351   0.0524733526   0.0148454877
       -0.0247848074   0.0022676210   0.0020040565  -0.0023411162
        0.0005209062  -0.0176175394   0.0210005152  -0.0131242217  -0.1160304550
        0.1103460958  -0.0074780939  -0.0043131230   0.0051989779   0.0005604107
        0.0007836049  -0.0002451090   0.0032905560  -0.0040867418   0.0002284254
       -0.0006189335   0.0003796489   0.0006626497   0.0148454877   0.1320184625
       -0.1246066017   0.0020038885   0.0088661429  -0.0125849534
       -0.0016792474   0.0030471053  -0.0008489743   0.0220600243   0.1095649310
       -0.2095304996   0.0020697259   0.0002330656   0.0018868066  -0.0004272923
       -0.0003888625  -0.0000105563   0.0000665814   0.0002284125   0.0010456047
        0.0003543466  -0.0006626379   0.0008204636  -0.0247848074  -0.1246066017
        0.2326951538   0.0023406689   0.0125845878  -0.0260579984
       -0.0000870594   0.0125622017   0.0146351105  -0.0385635268  -0.0174751991
       -0.0270202484  -0.0160221534  -0.0150755692  -0.0152851231   0.0012030054
        0.0004654440   0.0002544135   0.0002344230  -0.0006189311   0.0003543431
       -0.0015064274   0.0032905525  -0.0000665755   0.0022676210   0.0020038885
        0.0023406689   0.0524741177   0.0148476127   0.0247874110
        0.0005206143  -0.0176177252  -0.0210003935  -0.0131261132  -0.1160326134
       -0.1103468205  -0.0074781728  -0.0043131625  -0.0051988004   0.0005604069
        0.0007836158   0.0002450997  -0.0006189428   0.0003796423  -0.0006626241
        0.0032905385  -0.0040867447  -0.0002284165   0.0020040565   0.0088661429
        0.0125845878   0.0148476127   0.1320208448   0.1246073675
        0.0016792472  -0.0030471416  -0.0008490024  -0.0220625119  -0.1095655573
       -0.2095276169  -0.0020693873  -0.0002327756   0.0018871249   0.0004272666
        0.0003888559  -0.0000105680  -0.0003543313   0.0006626353   0.0008204539
       -0.0000665782  -0.0002284309   0.0010456125  -0.0023411162  -0.0125849534
       -0.0260579984   0.0247874110   0.1246073675   0.2326919945
