$hessian                                                                        
        0.0014992072  -0.0000381829  -0.0000102184  -0.0001065424  -0.0000010159
       -0.0000001655  -0.0001134501   0.0000690549   0.0000169677  -0.0000494749
       -0.0000371670  -0.0000083332  -0.0000867818   0.0000011796   0.0000006084
       -0.0002100152  -0.0000100852  -0.0000038936  -0.0001662935  -0.0000854691
       -0.0000216259  -0.0001962711  -0.0000471843  -0.0000127498  -0.0001244130
        0.0000681209   0.0000165985  -0.0000665964   0.0000957437   0.0000241750
       -0.0001541213   0.0000951140   0.0000228212  -0.0000609479  -0.0000419521
       -0.0000096512  -0.0000024610  -0.0000103805  -0.0000011277  -0.0000430033
       -0.0000856187  -0.0000201572  -0.0001188351   0.0000278426   0.0000067518
       -0.0000381829   0.0015353013   0.0000116693   0.0000014719  -0.0001095805
       -0.0000004570   0.0000010378  -0.0000712581   0.0000007601   0.0000405305
       -0.0001369545  -0.0000138433   0.0000043349  -0.0000932264  -0.0000008881
       -0.0000559635  -0.0001282813   0.0000178662  -0.0000305275  -0.0001723422
        0.0000080051  -0.0000577496  -0.0001345794   0.0000182270   0.0000014225
       -0.0000833526   0.0000002770   0.0000282426  -0.0000504406  -0.0000075342
       -0.0000267820  -0.0000516213   0.0000103601   0.0000406076  -0.0001512966
       -0.0000142812   0.0000680923  -0.0001164677  -0.0000222133   0.0000415000
       -0.0001627858  -0.0000148763  -0.0000180345  -0.0000731145   0.0000069286
       -0.0000102184   0.0000116693   0.0014556885   0.0000099332  -0.0000152625
       -0.0001097765  -0.0000131364   0.0000224999  -0.0000531250  -0.0000050194
        0.0000096554  -0.0000615089   0.0000664560  -0.0001021690  -0.0001038891
       -0.0000410949   0.0000584750  -0.0002287030  -0.0000264815   0.0000357018
       -0.0002404672   0.0000228114  -0.0000404958  -0.0002647231  -0.0000562892
        0.0000889307  -0.0000518609   0.0000028089   0.0000008511   0.0000216989
       -0.0000027695   0.0000051629  -0.0000871131  -0.0000479309   0.0000757707
       -0.0000639992   0.0000095128  -0.0000097816   0.0000141802   0.0000136036
       -0.0000204853  -0.0000995073   0.0000778143  -0.0001205227  -0.0001268944
       -0.0001065424   0.0000014719   0.0000099332   0.0015584654   0.0000000589
        0.0000001526  -0.0001074758  -0.0000026933  -0.0000177357  -0.0001118373
        0.0000014517   0.0000095504  -0.0001328372   0.0000001036  -0.0000005193
       -0.0000961119  -0.0000000335   0.0000032877  -0.0001020152   0.0000032796
        0.0000216917  -0.0001155085   0.0000021339   0.0000122062  -0.0000939310
       -0.0000028574  -0.0000173539  -0.0001137760  -0.0000036499  -0.0000248018
       -0.0001095304  -0.0000036884  -0.0000243419  -0.0000982471   0.0000016661
        0.0000109134  -0.0001176712   0.0000004645   0.0000025693  -0.0001177002
        0.0000033242   0.0000218908  -0.0001352811  -0.0000010319  -0.0000074426
       -0.0000010159  -0.0001095805  -0.0000152625   0.0000000589   0.0015586042
        0.0000005064  -0.0000000003  -0.0001062975   0.0000006668   0.0000010476
       -0.0001099642   0.0000161796   0.0000002432  -0.0001322359   0.0000011703
       -0.0000015183  -0.0000997299  -0.0000219857  -0.0000008396  -0.0001052581
       -0.0000121199  -0.0000014896  -0.0001202374  -0.0000235006  -0.0000000659
       -0.0000928425   0.0000012168   0.0000007373  -0.0001104248   0.0000114569
       -0.0000007051  -0.0001095415  -0.0000104896   0.0000009593  -0.0000966361
        0.0000165538   0.0000017920  -0.0001136252   0.0000271235   0.0000011113
       -0.0001165584   0.0000163071  -0.0000003149  -0.0001356723  -0.0000078231
       -0.0000001655  -0.0000004570  -0.0001097765   0.0000001526   0.0000005064
        0.0015614895  -0.0000002996  -0.0000005820  -0.0001105529  -0.0000001493
       -0.0000003544  -0.0001146541   0.0000012231   0.0000034482  -0.0001115923
       -0.0000011196  -0.0000026541  -0.0001075306  -0.0000008020  -0.0000013542
       -0.0001119914   0.0000013963   0.0000017526  -0.0001083444  -0.0000012979
       -0.0000030270  -0.0001107642   0.0000000288   0.0000002946  -0.0001119636
       -0.0000001827   0.0000000371  -0.0001081964  -0.0000009765  -0.0000023501
       -0.0001148708   0.0000001798   0.0000004026  -0.0001158855   0.0000003438
        0.0000004638  -0.0001155538   0.0000016688   0.0000038736  -0.0001098130
       -0.0001134501   0.0000010378  -0.0000131364  -0.0001074758  -0.0000000003
       -0.0000002996   0.0015561157  -0.0000018003   0.0000233938  -0.0001161957
        0.0000010121  -0.0000125378  -0.0000838762  -0.0000001991   0.0000008124
       -0.0001252651   0.0000002635  -0.0000037205  -0.0001208285   0.0000023236
       -0.0000293812  -0.0000983094   0.0000012895  -0.0000160625  -0.0001353236
       -0.0000017009   0.0000228188  -0.0001121669  -0.0000025328   0.0000326089
       -0.0001110440  -0.0000025289   0.0000322620  -0.0001342536   0.0000012794
       -0.0000144087  -0.0001118128   0.0000002762  -0.0000032735  -0.0001084197
        0.0000022455  -0.0000289177  -0.0000776941  -0.0000009652   0.0000098423
        0.0000690549  -0.0000712581   0.0000224999  -0.0000026933  -0.0001062975
       -0.0000005820  -0.0000018003   0.0014770703  -0.0000031593  -0.0000732236
       -0.0000718827  -0.0000213581  -0.0000081218  -0.0000854363  -0.0000017915
        0.0001014345  -0.0001152384   0.0000305277   0.0000553946  -0.0000239743
        0.0000203543   0.0001039939  -0.0000473521   0.0000339850  -0.0000022494
       -0.0002128314  -0.0000037661  -0.0000510518  -0.0002208242  -0.0000189655
        0.0000484633  -0.0002211689   0.0000113944  -0.0000731649  -0.0000843938
       -0.0000216805  -0.0001231241  -0.0000971680  -0.0000375202  -0.0000751028
       -0.0000085844  -0.0000198860   0.0000321909  -0.0001106601   0.0000099481
        0.0000169677   0.0000007601  -0.0000531250  -0.0000177357   0.0000006668
       -0.0001105529   0.0000233938  -0.0000031593   0.0014621038   0.0000102733
        0.0000008535  -0.0000608941  -0.0001184954   0.0000042776  -0.0001149724
        0.0000709331  -0.0000027677  -0.0000907455   0.0000457147   0.0000012650
        0.0000140182  -0.0000412140   0.0000037129  -0.0000391361   0.0001001383
       -0.0000061337  -0.0002089369  -0.0000040958  -0.0000030262  -0.0002524156
        0.0000038212  -0.0000032886  -0.0002466733   0.0000868262  -0.0000015416
       -0.0000531497  -0.0000146308   0.0000008522  -0.0001020709  -0.0000227117
        0.0000035972   0.0000085606  -0.0001391847   0.0000039319  -0.0001520103
       -0.0000494749   0.0000405305  -0.0000050194  -0.0001118373   0.0000010476
       -0.0000001493  -0.0001161957  -0.0000732236   0.0000102733   0.0014923018
        0.0000394427  -0.0000063405  -0.0001042204  -0.0000014608   0.0000002593
       -0.0000264961   0.0000109544  -0.0000006636  -0.0000659592   0.0000907447
       -0.0000122557  -0.0000090088   0.0000498768  -0.0000058210  -0.0001263981
       -0.0000720556   0.0000099954  -0.0001584859  -0.0001016020   0.0000138117
       -0.0000670740  -0.0001009019   0.0000147014  -0.0001905530   0.0000446067
       -0.0000071612  -0.0002241817   0.0000109747  -0.0000028084  -0.0001784561
        0.0000908040  -0.0000135406  -0.0000639605  -0.0000297382   0.0000047187
       -0.0000371670  -0.0001369545   0.0000096554   0.0000014517  -0.0001099642
       -0.0000003544   0.0000010121  -0.0000718827   0.0000008535   0.0000394427
        0.0015372104  -0.0000117115   0.0000042869  -0.0000960698  -0.0000007569
       -0.0000544006  -0.0001263856   0.0000146705  -0.0000296388  -0.0001697147
        0.0000066610  -0.0000564268  -0.0001349930   0.0000151216   0.0000013965
       -0.0000820675   0.0000004384   0.0000274897  -0.0000521524  -0.0000059614
       -0.0000260255  -0.0000531964   0.0000089289   0.0000394823  -0.0001485565
       -0.0000120534   0.0000662574  -0.0001166108  -0.0000186420   0.0000403661
       -0.0001618101  -0.0000127102  -0.0000175268  -0.0000768521   0.0000058605
       -0.0000083332  -0.0000138433  -0.0000615089   0.0000095504   0.0000161796
       -0.0001146541  -0.0000125378  -0.0000213581  -0.0000608941  -0.0000063405
       -0.0000117115   0.0014473057   0.0000636618   0.0001085515  -0.0001161222
       -0.0000365654  -0.0000615910  -0.0000056203  -0.0000235477  -0.0000411547
       -0.0001137849   0.0000222823   0.0000405990  -0.0000254196  -0.0000536015
       -0.0000916733  -0.0000648531   0.0000016324   0.0000025099  -0.0000961570
       -0.0000013238  -0.0000019456   0.0000180481  -0.0000474856  -0.0000824392
       -0.0002321742   0.0000063929   0.0000098724  -0.0002623143   0.0000112114
        0.0000186214  -0.0002643010   0.0000750043   0.0001293830  -0.0000475502
       -0.0000867818   0.0000043349   0.0000664560  -0.0001328372   0.0000002432
        0.0000012231  -0.0000838762  -0.0000081218  -0.0001184954  -0.0001042204
        0.0000042869   0.0000636618   0.0014202357   0.0000007669  -0.0000037840
       -0.0000206703  -0.0000004541   0.0000205970  -0.0000536554   0.0000096109
        0.0001465682  -0.0001531564   0.0000066160   0.0000816287   0.0000072683
       -0.0000089374  -0.0001157992  -0.0001198140  -0.0000108617  -0.0001654834
       -0.0001038700  -0.0000110130  -0.0001629801  -0.0000131883   0.0000046588
        0.0000729438  -0.0001371162   0.0000014396   0.0000168950  -0.0001434901
        0.0000099913   0.0001463466  -0.0002748278  -0.0000025605  -0.0000497781
        0.0000011796  -0.0000932264  -0.0001021690   0.0000001036  -0.0001322359
        0.0000034482  -0.0000001991  -0.0000854363   0.0000042776  -0.0000014608
       -0.0000960698   0.0001085515   0.0000007669   0.0014226753   0.0000078203
        0.0000015831  -0.0000308644  -0.0001479264   0.0000008606  -0.0000574861
       -0.0000806032   0.0000018515  -0.0001639299  -0.0001572224  -0.0000006995
        0.0000051367   0.0000078943  -0.0000009474  -0.0001166720   0.0000766190
        0.0000009423  -0.0001106926  -0.0000706453  -0.0000020626  -0.0000060443
        0.0001112010  -0.0000022539  -0.0001242716   0.0001818238  -0.0000012883
       -0.0001338402   0.0001095502   0.0000016241  -0.0002770424  -0.0000526197
        0.0000006084  -0.0000008881  -0.0001038891  -0.0000005193   0.0000011703
       -0.0001115923   0.0000008124  -0.0000017915  -0.0001149724   0.0000002593
       -0.0000007569  -0.0001161222  -0.0000037840   0.0000078203   0.0015610278
        0.0000026441  -0.0000038607  -0.0001032509   0.0000019435  -0.0000027368
       -0.0001020662  -0.0000021432   0.0000026968  -0.0001004928   0.0000034555
       -0.0000066957  -0.0001150106  -0.0000001379  -0.0000002340  -0.0001202433
        0.0000003173  -0.0000004596  -0.0001120589   0.0000027306  -0.0000060339
       -0.0001159487  -0.0000006632   0.0000006776  -0.0001216364  -0.0000009312
        0.0000016625  -0.0001138427  -0.0000045922   0.0000094296  -0.0001099013
       -0.0002100152  -0.0000559635  -0.0000410949  -0.0000961119  -0.0000015183
       -0.0000011196  -0.0001252651   0.0001014345   0.0000709331  -0.0000264961
       -0.0000544006  -0.0000365654  -0.0000206703   0.0000015831   0.0000026441
        0.0013846782  -0.0000161141  -0.0000120022  -0.0002128293  -0.0001251898
       -0.0000918059  -0.0002125274  -0.0000684147  -0.0000498145  -0.0001773696
        0.0000997508   0.0000690403  -0.0000444009   0.0001407522   0.0000995179
       -0.0001753861   0.0001396208   0.0000971144  -0.0000786882  -0.0000607632
       -0.0000422726   0.0000534146  -0.0000150469  -0.0000074608  -0.0000014195
       -0.0001257872  -0.0000863298  -0.0000569132   0.0000400569   0.0000292159
       -0.0000100852  -0.0001282813   0.0000584750  -0.0000000335  -0.0000997299
       -0.0000026541   0.0000002635  -0.0001152384  -0.0000027677   0.0000109544
       -0.0001263856  -0.0000615910  -0.0000004541  -0.0000308644  -0.0000038607
       -0.0000161141   0.0015096280   0.0000881803  -0.0000095786  -0.0001563804
        0.0000414028  -0.0000110521  -0.0000862810   0.0000914291   0.0000003335
       -0.0001689065  -0.0000054205   0.0000074737  -0.0000922801  -0.0000449392
       -0.0000080099  -0.0000965099   0.0000408644   0.0000118109  -0.0001780206
       -0.0000633831   0.0000184856  -0.0001054678  -0.0001032544   0.0000115880
       -0.0001128693  -0.0000625409  -0.0000055821  -0.0000124127   0.0000300601
       -0.0000038936   0.0000178662  -0.0002287030   0.0000032877  -0.0000219857
       -0.0001075306  -0.0000037205   0.0000305277  -0.0000907455  -0.0000006636
        0.0000146705  -0.0000056203   0.0000205970  -0.0001479264  -0.0001032509
       -0.0000120022   0.0000881803   0.0013990848  -0.0000068540   0.0000541583
       -0.0002129633   0.0000011573  -0.0000599172  -0.0002898112  -0.0000160135
        0.0001277867  -0.0000869536   0.0000015250  -0.0000019740  -0.0000071298
       -0.0000006228   0.0000048045  -0.0001646886  -0.0000137365   0.0001092162
       -0.0000037208   0.0000039555  -0.0000144609   0.0000781008   0.0000043691
       -0.0000270956  -0.0000154661   0.0000226151  -0.0001738507  -0.0001606020
       -0.0001662935  -0.0000305275  -0.0000264815  -0.0001020152  -0.0000008396
       -0.0000008020  -0.0001208285   0.0000553946   0.0000457147  -0.0000659592
       -0.0000296388  -0.0000235477  -0.0000536554   0.0000008606   0.0000019435
       -0.0002128293  -0.0000095786  -0.0000068540   0.0015024606  -0.0000683336
       -0.0000598482  -0.0001622867  -0.0000366979  -0.0000323883  -0.0001548890
        0.0000542286   0.0000444432  -0.0000749565   0.0000769616   0.0000639815
       -0.0001467464   0.0000762034   0.0000628556  -0.0000998759  -0.0000328386
       -0.0000273569  -0.0000206222  -0.0000080997  -0.0000047840  -0.0000497989
       -0.0000686962  -0.0000557731  -0.0000717037   0.0000216017   0.0000188973
       -0.0000854691  -0.0001723422   0.0000357018   0.0000032796  -0.0001052581
       -0.0000013542   0.0000023236  -0.0000239743   0.0000012650   0.0000907447
       -0.0001697147  -0.0000411547   0.0000096109  -0.0000574861  -0.0000027368
       -0.0001251898  -0.0001563804   0.0000541583  -0.0000683336   0.0014203412
        0.0000254437  -0.0001292906  -0.0001578939   0.0000553696   0.0000032526
       -0.0000595906  -0.0000000692   0.0000631990   0.0000254627  -0.0000241355
       -0.0000599860   0.0000223085   0.0000297753   0.0000909437  -0.0002102434
       -0.0000424647   0.0001524295  -0.0001212214  -0.0000667825   0.0000929225
       -0.0002239129  -0.0000435159  -0.0000404367  -0.0000100946   0.0000204997
       -0.0000216259   0.0000080051  -0.0002404672   0.0000216917  -0.0000121199
       -0.0001119914  -0.0000293812   0.0000203543   0.0000140182  -0.0000122557
        0.0000066610  -0.0001137849   0.0001465682  -0.0000806032  -0.0001020662
       -0.0000918059   0.0000414028  -0.0002129633  -0.0000598482   0.0000254437
        0.0013536628   0.0000577064  -0.0000303632  -0.0002860492  -0.0001259123
        0.0000714113   0.0000124408   0.0000054630   0.0000047914   0.0001038605
       -0.0000063966   0.0000074327   0.0000180050  -0.0001071885   0.0000603022
       -0.0001224923   0.0000196423  -0.0000074572  -0.0000218215   0.0000297682
       -0.0000194397  -0.0002000557   0.0001735746  -0.0000958213  -0.0000902958
       -0.0001962711  -0.0000577496   0.0000228114  -0.0001155085  -0.0000014896
        0.0000013963  -0.0000983094   0.0001039939  -0.0000412140  -0.0000090088
       -0.0000564268   0.0000222823  -0.0001531564   0.0000018515  -0.0000021432
       -0.0002125274  -0.0000110521   0.0000011573  -0.0001622867  -0.0001292906
        0.0000577064   0.0013967262  -0.0000741568   0.0000261187  -0.0000620383
        0.0001038124  -0.0000395425  -0.0000450711   0.0001437151  -0.0000562175
       -0.0001733873   0.0001434504  -0.0000583572   0.0000250410  -0.0000652861
        0.0000260525   0.0000459557  -0.0000162599   0.0000058889  -0.0000222841
       -0.0001288804   0.0000518816  -0.0002178739   0.0000437687  -0.0000178208
       -0.0000471843  -0.0001345794  -0.0000404958   0.0000021339  -0.0001202374
        0.0000017526   0.0000012895  -0.0000473521   0.0000037129   0.0000498768
       -0.0001349930   0.0000405990   0.0000066160  -0.0001639299   0.0000026968
       -0.0000684147  -0.0000862810  -0.0000599172  -0.0000366979  -0.0001578939
       -0.0000303632  -0.0000741568   0.0015026205  -0.0000627920   0.0000016542
       -0.0000126237   0.0000053788   0.0000349309  -0.0000386607   0.0000329110
       -0.0000323916  -0.0000364593  -0.0000250193   0.0000493572  -0.0001050289
        0.0000417132   0.0000837855  -0.0001249393   0.0000694685   0.0000508040
       -0.0001872799   0.0000399168  -0.0000216028  -0.0001523620  -0.0000195621
       -0.0000127498   0.0000182270  -0.0002647231   0.0000122062  -0.0000235006
       -0.0001083444  -0.0000160625   0.0000339850  -0.0000391361  -0.0000058210
        0.0000151216  -0.0000254196   0.0000816287  -0.0001572224  -0.0001004928
       -0.0000498145   0.0000914291  -0.0002898112  -0.0000323883   0.0000553696
       -0.0002860492   0.0000261187  -0.0000627920   0.0013373360  -0.0000687036
        0.0001365788  -0.0000365096   0.0000035136   0.0000002568   0.0000692294
       -0.0000032984   0.0000071464  -0.0000982105  -0.0000584456   0.0001164561
       -0.0000278312   0.0000120468  -0.0000150724   0.0000838847   0.0000167701
       -0.0000307068  -0.0000714770   0.0000949995  -0.0001852762  -0.0001424455
       -0.0001244130   0.0000014225  -0.0000562892  -0.0000939310  -0.0000000659
       -0.0000012979  -0.0001353236  -0.0000022494   0.0001001383  -0.0001263981
        0.0000013965  -0.0000536015   0.0000072683  -0.0000006995   0.0000034555
       -0.0001773696   0.0000003335  -0.0000160135  -0.0001548890   0.0000032526
       -0.0001259123  -0.0000620383   0.0000016542  -0.0000687036   0.0014602818
       -0.0000019076   0.0000976634  -0.0001105899  -0.0000032691   0.0001396192
       -0.0001126849  -0.0000032810   0.0001380442  -0.0002035215   0.0000021468
       -0.0000615965  -0.0001042324   0.0000003586  -0.0000138925  -0.0000930612
        0.0000028291  -0.0001237085   0.0000309025  -0.0000019211   0.0000420950
        0.0000681209  -0.0000833526   0.0000889307  -0.0000028574  -0.0000928425
       -0.0000030270  -0.0000017009  -0.0002128314  -0.0000061337  -0.0000720556
       -0.0000820675  -0.0000916733  -0.0000089374   0.0000051367  -0.0000066957
        0.0000997508  -0.0001689065   0.0001277867   0.0000542286  -0.0000595906
        0.0000714113   0.0001038124  -0.0000126237   0.0001365788  -0.0000019076
        0.0013844668  -0.0000092382  -0.0000503272  -0.0002168392  -0.0000692203
        0.0000474635  -0.0002212658   0.0000572879  -0.0000714593  -0.0001528609
       -0.0000938153  -0.0001212355  -0.0000887760  -0.0001554011  -0.0000738886
        0.0000054602  -0.0000908879   0.0000309932  -0.0000031069   0.0000440971
        0.0000165985   0.0000002770  -0.0000518609  -0.0000173539   0.0000012168
       -0.0001107642   0.0000228188  -0.0000037661  -0.0002089369   0.0000099954
        0.0000004384  -0.0000648531  -0.0001157992   0.0000078943  -0.0001150106
        0.0000690403  -0.0000054205  -0.0000869536   0.0000444432  -0.0000000692
        0.0000124408  -0.0000395425   0.0000053788  -0.0000365096   0.0000976634
       -0.0000092382   0.0014663096  -0.0000040178  -0.0000027239  -0.0002511864
        0.0000036355  -0.0000032438  -0.0002415459   0.0000847783  -0.0000041301
       -0.0000573839  -0.0000142958   0.0000012112  -0.0001069092  -0.0000221257
        0.0000040760   0.0000028586  -0.0001358385   0.0000080992  -0.0001496948
       -0.0000665964   0.0000282426   0.0000028089  -0.0001137760   0.0000007373
        0.0000000288  -0.0001121669  -0.0000510518  -0.0000040958  -0.0001584859
        0.0000274897   0.0000016324  -0.0001198140  -0.0000009474  -0.0000001379
       -0.0000444009   0.0000074737   0.0000015250  -0.0000749565   0.0000631990
        0.0000054630  -0.0000450711   0.0000349309   0.0000035136  -0.0001105899
       -0.0000503272  -0.0000040178   0.0015286400  -0.0000707996  -0.0000060892
       -0.0000803022  -0.0000703416  -0.0000052168  -0.0001565284   0.0000310734
        0.0000019232  -0.0001912523   0.0000076742  -0.0000003569  -0.0001604559
        0.0000633074   0.0000044555  -0.0000942436  -0.0000206606  -0.0000014361
        0.0000957437  -0.0000504406   0.0000008511  -0.0000036499  -0.0001104248
        0.0000002946  -0.0000025328  -0.0002208242  -0.0000030262  -0.0001016020
       -0.0000521524   0.0000025099  -0.0000108617  -0.0001166720  -0.0000002340
        0.0001407522  -0.0000922801  -0.0000019740   0.0000769616   0.0000254627
        0.0000047914   0.0001437151  -0.0000386607   0.0000002568  -0.0000032691
       -0.0002168392  -0.0000027239  -0.0000707996   0.0014090820  -0.0000033684
        0.0000673319  -0.0002628072  -0.0000051490  -0.0001017565  -0.0000429047
        0.0000028739  -0.0001708034  -0.0000954864   0.0000018305  -0.0001042058
        0.0000241887   0.0000048590   0.0000449763  -0.0001592410  -0.0000017916
        0.0000241750  -0.0000075342   0.0000216989  -0.0000248018   0.0000114569
       -0.0001119636   0.0000326089  -0.0000189655  -0.0002524156   0.0000138117
       -0.0000059614  -0.0000961570  -0.0001654834   0.0000766190  -0.0001202433
        0.0000995179  -0.0000449392  -0.0000071298   0.0000639815  -0.0000241355
        0.0001038605  -0.0000562175   0.0000329110   0.0000692294   0.0001396192
       -0.0000692203  -0.0002511864  -0.0000060892  -0.0000033684   0.0013266055
        0.0000055851  -0.0000068067  -0.0002637179   0.0001206641  -0.0000548814
       -0.0000867523  -0.0000212586   0.0000078921  -0.0001906938  -0.0000321606
        0.0000179400  -0.0000000047  -0.0001939525   0.0000889936  -0.0001411299
       -0.0001541213  -0.0000267820  -0.0000027695  -0.0001095304  -0.0000007051
       -0.0000001827  -0.0001110440   0.0000484633   0.0000038212  -0.0000670740
       -0.0000260255  -0.0000013238  -0.0001038700   0.0000009423   0.0000003173
       -0.0001753861  -0.0000080099  -0.0000006228  -0.0001467464  -0.0000599860
       -0.0000063966  -0.0001733873  -0.0000323916  -0.0000032984  -0.0001126849
        0.0000474635   0.0000036355  -0.0000803022   0.0000673319   0.0000055851
        0.0015319000   0.0000667357   0.0000050239  -0.0000689052  -0.0000291448
       -0.0000016985  -0.0000359601  -0.0000071475   0.0000006924  -0.0000650455
       -0.0000601036  -0.0000041076  -0.0001278428   0.0000193594   0.0000013245
        0.0000951140  -0.0000516213   0.0000051629  -0.0000036884  -0.0001095415
        0.0000000371  -0.0000025289  -0.0002211689  -0.0000032886  -0.0001009019
       -0.0000531964  -0.0000019456  -0.0000110130  -0.0001106926  -0.0000004596
        0.0001396208  -0.0000965099   0.0000048045   0.0000762034   0.0000223085
        0.0000074327   0.0001434504  -0.0000364593   0.0000071464  -0.0000032810
       -0.0002212658  -0.0000032438  -0.0000703416  -0.0002628072  -0.0000068067
        0.0000667357   0.0014114524  -0.0000021495  -0.0001009528  -0.0000476564
       -0.0000017279  -0.0001696059  -0.0000949932  -0.0000056692  -0.0001034121
        0.0000241751   0.0000003167   0.0000446013  -0.0001520235   0.0000003906
        0.0000228212   0.0000103601  -0.0000871131  -0.0000243419  -0.0000104896
       -0.0001081964   0.0000322620   0.0000113944  -0.0002466733   0.0000147014
        0.0000089289   0.0000180481  -0.0001629801  -0.0000706453  -0.0001120589
        0.0000971144   0.0000408644  -0.0001646886   0.0000628556   0.0000297753
        0.0000180050  -0.0000583572  -0.0000250193  -0.0000982105   0.0001380442
        0.0000572879  -0.0002415459  -0.0000052168  -0.0000051490  -0.0002637179
        0.0000050239  -0.0000021495   0.0013362454   0.0001200611   0.0000549529
        0.0000302413  -0.0000192587  -0.0000060953   0.0000014935  -0.0000307972
       -0.0000090089   0.0001145300  -0.0001919320  -0.0000850071  -0.0001963587
       -0.0000609479   0.0000406076  -0.0000479309  -0.0000982471   0.0000009593
       -0.0000009765  -0.0001342536  -0.0000731649   0.0000868262  -0.0001905530
        0.0000394823  -0.0000474856  -0.0000131883  -0.0000020626   0.0000027306
       -0.0000786882   0.0000118109  -0.0000137365  -0.0000998759   0.0000909437
       -0.0001071885   0.0000250410   0.0000493572  -0.0000584456  -0.0002035215
       -0.0000714593   0.0000847783  -0.0001565284  -0.0001017565   0.0001206641
       -0.0000689052  -0.0001009528   0.0001200611   0.0014141805   0.0000448370
       -0.0000543220  -0.0002157526   0.0000108551  -0.0000137426  -0.0001626898
        0.0000907870  -0.0001081338   0.0000439301  -0.0000302441   0.0000369016
       -0.0000419521  -0.0001512966   0.0000757707   0.0000016661  -0.0000966361
       -0.0000023501   0.0000012794  -0.0000843938  -0.0000015416   0.0000446067
       -0.0001485565  -0.0000824392   0.0000046588  -0.0000060443  -0.0000060339
       -0.0000607632  -0.0001780206   0.0001092162  -0.0000328386  -0.0002102434
        0.0000603022  -0.0000652861  -0.0001050289   0.0001164561   0.0000021468
       -0.0001528609  -0.0000041301   0.0000310734  -0.0000429047  -0.0000548814
       -0.0000291448  -0.0000476564   0.0000549529   0.0000448370   0.0014532106
       -0.0000843947   0.0000747308  -0.0001092254  -0.0001368769   0.0000453539
       -0.0001528103  -0.0000841436  -0.0000203680   0.0000324673   0.0000400933
       -0.0000096512  -0.0000142812  -0.0000639992   0.0000109134   0.0000165538
       -0.0001148708  -0.0000144087  -0.0000216805  -0.0000531497  -0.0000071612
       -0.0000120534  -0.0002321742   0.0000729438   0.0001112010  -0.0001159487
       -0.0000422726  -0.0000633831  -0.0000037208  -0.0000273569  -0.0000424647
       -0.0001224923   0.0000260525   0.0000417132  -0.0000278312  -0.0000615965
       -0.0000938153  -0.0000573839   0.0000019232   0.0000028739  -0.0000867523
       -0.0000016985  -0.0000017279   0.0000302413  -0.0000543220  -0.0000843947
        0.0014341528   0.0000075600   0.0000101592  -0.0002667815   0.0000130528
        0.0000188302  -0.0002760519   0.0000860220   0.0001324694  -0.0000432379
       -0.0000024610   0.0000680923   0.0000095128  -0.0001176712   0.0000017920
        0.0000001798  -0.0001118128  -0.0001231241  -0.0000146308  -0.0002241817
        0.0000662574   0.0000063929  -0.0001371162  -0.0000022539  -0.0000006632
        0.0000534146   0.0000184856   0.0000039555  -0.0000206222   0.0001524295
        0.0000196423   0.0000459557   0.0000837855   0.0000120468  -0.0001042324
       -0.0001212355  -0.0000142958  -0.0001912523  -0.0001708034  -0.0000212586
       -0.0000359601  -0.0001696059  -0.0000192587  -0.0002157526   0.0000747308
        0.0000075600   0.0013689126   0.0000184372  -0.0000003416  -0.0002306059
        0.0001526745   0.0000166282  -0.0000766144  -0.0000496620  -0.0000054697
       -0.0000103805  -0.0001164677  -0.0000097816   0.0000004645  -0.0001136252
        0.0000004026   0.0000002762  -0.0000971680   0.0000008522   0.0000109747
       -0.0001166108   0.0000098724   0.0000014396  -0.0001242716   0.0000006776
       -0.0000150469  -0.0001054678  -0.0000144609  -0.0000080997  -0.0001212214
       -0.0000074572  -0.0000162599  -0.0001249393  -0.0000150724   0.0000003586
       -0.0000887760   0.0000012112   0.0000076742  -0.0000954864   0.0000078921
       -0.0000071475  -0.0000949932  -0.0000060953   0.0000108551  -0.0001092254
        0.0000101592   0.0000184372   0.0015586363   0.0000168618   0.0000111958
       -0.0001284496   0.0000097129  -0.0000047413  -0.0001219338  -0.0000047746
       -0.0000011277  -0.0000222133   0.0000141802   0.0000025693   0.0000271235
       -0.0001158855  -0.0000032735  -0.0000375202  -0.0001020709  -0.0000028084
       -0.0000186420  -0.0002623143   0.0000168950   0.0001818238  -0.0001216364
       -0.0000074608  -0.0001032544   0.0000781008  -0.0000047840  -0.0000667825
       -0.0000218215   0.0000058889   0.0000694685   0.0000838847  -0.0000138925
       -0.0001554011  -0.0001069092  -0.0000003569   0.0000018305  -0.0001906938
        0.0000006924  -0.0000056692   0.0000014935  -0.0000137426  -0.0001368769
       -0.0002667815  -0.0000003416   0.0000168618   0.0013205441   0.0000015788
        0.0000333493  -0.0002738685   0.0000201637   0.0002159022  -0.0000362219
       -0.0000430033   0.0000415000   0.0000136036  -0.0001177002   0.0000011113
        0.0000003438  -0.0001084197  -0.0000751028  -0.0000227117  -0.0001784561
        0.0000403661   0.0000112114  -0.0001434901  -0.0000012883  -0.0000009312
       -0.0000014195   0.0000115880   0.0000043691  -0.0000497989   0.0000929225
        0.0000297682  -0.0000222841   0.0000508040   0.0000167701  -0.0000930612
       -0.0000738886  -0.0000221257  -0.0001604559  -0.0001042058  -0.0000321606
       -0.0000650455  -0.0001034121  -0.0000307972  -0.0001626898   0.0000453539
        0.0000130528  -0.0002306059   0.0000111958   0.0000015788   0.0014862327
        0.0000931213   0.0000271526  -0.0001098022  -0.0000300652  -0.0000091243
       -0.0000856187  -0.0001627858  -0.0000204853   0.0000033242  -0.0001165584
        0.0000004638   0.0000022455  -0.0000085844   0.0000035972   0.0000908040
       -0.0001618101   0.0000186214   0.0000099913  -0.0001338402   0.0000016625
       -0.0001257872  -0.0001128693  -0.0000270956  -0.0000686962  -0.0002239129
       -0.0000194397  -0.0001288804  -0.0001872799  -0.0000307068   0.0000028291
        0.0000054602   0.0000040760   0.0000633074   0.0000241887   0.0000179400
       -0.0000601036   0.0000241751  -0.0000090089   0.0000907870  -0.0001528103
        0.0000188302   0.0001526745  -0.0001284496   0.0000333493   0.0000931213
        0.0014357746   0.0000167221  -0.0000399982  -0.0001006978  -0.0000085261
       -0.0000201572  -0.0000148763  -0.0000995073   0.0000218908   0.0000163071
       -0.0001155538  -0.0000289177  -0.0000198860   0.0000085606  -0.0000135406
       -0.0000127102  -0.0002643010   0.0001463466   0.0001095502  -0.0001138427
       -0.0000863298  -0.0000625409  -0.0000154661  -0.0000557731  -0.0000435159
       -0.0002000557   0.0000518816   0.0000399168  -0.0000714770  -0.0001237085
       -0.0000908879   0.0000028586   0.0000044555   0.0000048590  -0.0000000047
       -0.0000041076   0.0000003167   0.0001145300  -0.0001081338  -0.0000841436
       -0.0002760519   0.0000166282   0.0000097129  -0.0002738685   0.0000271526
        0.0000167221   0.0013219921   0.0001723129   0.0001311760  -0.0000178126
       -0.0001188351  -0.0000180345   0.0000778143  -0.0001352811  -0.0000003149
        0.0000016688  -0.0000776941   0.0000321909  -0.0001391847  -0.0000639605
       -0.0000175268   0.0000750043  -0.0002748278   0.0000016241  -0.0000045922
       -0.0000569132  -0.0000055821   0.0000226151  -0.0000717037  -0.0000404367
        0.0001735746  -0.0002178739  -0.0000216028   0.0000949995   0.0000309025
        0.0000309932  -0.0001358385  -0.0000942436   0.0000449763  -0.0001939525
       -0.0001278428   0.0000446013  -0.0001919320   0.0000439301  -0.0000203680
        0.0000860220  -0.0000766144  -0.0000047413   0.0000201637  -0.0001098022
       -0.0000399982   0.0001723129   0.0013507598   0.0000142195  -0.0000586754
        0.0000278426  -0.0000731145  -0.0001205227  -0.0000010319  -0.0001356723
        0.0000038736  -0.0000009652  -0.0001106601   0.0000039319  -0.0000297382
       -0.0000768521   0.0001293830  -0.0000025605  -0.0002770424   0.0000094296
        0.0000400569  -0.0000124127  -0.0001738507   0.0000216017  -0.0000100946
       -0.0000958213   0.0000437687  -0.0001523620  -0.0001852762  -0.0000019211
       -0.0000031069   0.0000080992  -0.0000206606  -0.0001592410   0.0000889936
        0.0000193594  -0.0001520235  -0.0000850071  -0.0000302441   0.0000324673
        0.0001324694  -0.0000496620  -0.0001219338   0.0002159022  -0.0000300652
       -0.0001006978   0.0001311760   0.0000142195   0.0013527465  -0.0000627805
        0.0000067518   0.0000069286  -0.0001268944  -0.0000074426  -0.0000078231
       -0.0001098130   0.0000098423   0.0000099481  -0.0001520103   0.0000047187
        0.0000058605  -0.0000475502  -0.0000497781  -0.0000526197  -0.0001099013
        0.0000292159   0.0000300601  -0.0001606020   0.0000188973   0.0000204997
       -0.0000902958  -0.0000178208  -0.0000195621  -0.0001424455   0.0000420950
        0.0000440971  -0.0001496948  -0.0000014361  -0.0000017916  -0.0001411299
        0.0000013245   0.0000003906  -0.0001963587   0.0000369016   0.0000400933
       -0.0000432379  -0.0000054697  -0.0000047746  -0.0000362219  -0.0000091243
       -0.0000085261  -0.0000178126  -0.0000586754  -0.0000627805   0.0015239683
