$hessian                                                                        
        0.4995266643   0.0109450544  -0.0301423873  -0.1095507690   0.0225921772
       -0.0597544672  -0.0212945837   0.0035636484  -0.0213482782   0.0005260962
       -0.0000317023   0.0001461049  -0.0484469517   0.0310890902   0.0016291010
       -0.2317851205  -0.0961671603   0.0216160916  -0.0855218031   0.0277944496
        0.0883248265  -0.0047189062   0.0045423409  -0.0068037573   0.0063309966
       -0.0031581653   0.0077864445  -0.0050859845  -0.0023594324  -0.0008586886
        0.0010193703   0.0011540423   0.0000796287  -0.0008564618  -0.0001220851
       -0.0003627516   0.0000412241   0.0001123913  -0.0002444548  -0.0001837710
        0.0000453510  -0.0000674121
        0.0109450544   0.5197420493   0.0140628863   0.0221941262  -0.0775639776
        0.0280218651  -0.0073107150   0.0031664332  -0.0094733551  -0.0000317300
        0.0000739474  -0.0000419874   0.0313624405  -0.2782116697  -0.0015800112
       -0.0963596489  -0.0939706211   0.0094599208   0.0278222257  -0.0641921522
       -0.0585270014   0.0186178036  -0.0119301184   0.0244037095  -0.0029162773
        0.0024934517  -0.0045419995  -0.0033043484  -0.0007574280  -0.0006691531
       -0.0009636727   0.0009393089  -0.0009520822   0.0001313852   0.0001738857
       -0.0001286376  -0.0000846139   0.0000690660  -0.0000788630  -0.0001020295
       -0.0000321752   0.0000447087
       -0.0301423873   0.0140628863   0.4903831306  -0.0581016704   0.0282049174
       -0.1480279633  -0.0060837181  -0.0015453593  -0.0013343891  -0.0001461194
        0.0000419925   0.0001626373   0.0016628848  -0.0018454503  -0.0442536301
        0.0215771825   0.0094057733  -0.0448147513   0.0882454037  -0.0588234402
       -0.2231877665  -0.0025544966   0.0027794311  -0.0019247300  -0.0156062143
        0.0073395322  -0.0282990737  -0.0001354878  -0.0000141543   0.0009080006
        0.0005864091   0.0001872558   0.0003315955   0.0005524599   0.0003382900
        0.0000379269   0.0001297246  -0.0000573191  -0.0000137591   0.0000160293
       -0.0000743555   0.0000327722
       -0.1095507690   0.0221941262  -0.0581016704   0.4695375990  -0.0202995467
       -0.0211406696  -0.1600522563  -0.0540143067  -0.0012461641  -0.0212939754
       -0.0073098909   0.0060845917  -0.0043572805   0.0046580752  -0.0055094944
       -0.0205164467   0.0060280378  -0.0225033937   0.0074404018  -0.0031021594
        0.0073931778  -0.0492113246   0.0381298350   0.0035271624  -0.0928996822
        0.0249649165   0.0932228159  -0.0190532199  -0.0091566094  -0.0036061905
        0.0008226292  -0.0021612545   0.0001296498   0.0005084385  -0.0000247338
       -0.0006531448  -0.0020451754   0.0007225987   0.0030523043   0.0006710617
       -0.0006290879  -0.0006489744
        0.0225921772  -0.0775639776   0.0282049174  -0.0202995467   0.5194544527
        0.0150656492  -0.0540141494  -0.0988472935  -0.0003008361   0.0035658628
        0.0031675823   0.0015449139   0.0190355301  -0.0124428470   0.0245354481
       -0.0083119275   0.0033729852  -0.0096609852  -0.0044412307   0.0023836472
       -0.0052923465   0.0377777421  -0.2646263531  -0.0096532794   0.0248951321
       -0.0577765396  -0.0430579649   0.0036682567   0.0027740195   0.0003948692
       -0.0274761639  -0.0210461225  -0.0001891657  -0.0000547024   0.0001218289
        0.0001765290   0.0015780636   0.0002393686  -0.0013702190   0.0014849561
        0.0007892488  -0.0003975302
       -0.0597544672   0.0280218651  -0.1480279633  -0.0211406696   0.0150656492
        0.5016370591   0.0012529999   0.0003048514  -0.0653228841   0.0213479643
        0.0094729920  -0.0013357074  -0.0023918338   0.0038216764  -0.0018702973
       -0.0018412937  -0.0004791895  -0.0004961832  -0.0150715091   0.0067064678
       -0.0271145179   0.0032598405  -0.0092273659  -0.0451760293   0.0933481544
       -0.0428999746  -0.2075506705  -0.0232133830  -0.0118014063  -0.0028616643
        0.0005846465   0.0007558264   0.0007105987   0.0000118063   0.0004642854
        0.0002869779   0.0037156302  -0.0007869272  -0.0035004458  -0.0001078856
        0.0005812499   0.0006217274
       -0.0212945837  -0.0073107150  -0.0060837181  -0.1600522563  -0.0540141494
        0.0012529999   0.4695381732  -0.0202975418   0.0211432200  -0.1095496002
        0.0221995362   0.0580989539   0.0006710569  -0.0006290238   0.0006490655
       -0.0020453212   0.0007223152  -0.0030523894   0.0005084306  -0.0000246770
        0.0006531700   0.0008226176  -0.0021612871  -0.0001294000  -0.0190526770
       -0.0091560204   0.0036072625  -0.0929017197   0.0249561926  -0.0932269110
       -0.0492113253   0.0381294076  -0.0035308893   0.0074404077  -0.0031029406
       -0.0073931734  -0.0205160387   0.0060303254   0.0225028441  -0.0043571638
        0.0046585780   0.0055089651
        0.0035636484   0.0031664332  -0.0015453593  -0.0540143067  -0.0988472935
        0.0003048514  -0.0202975418   0.5194518587  -0.0150673670   0.0225977980
       -0.0775696308  -0.0282121960   0.0014849641   0.0007891894   0.0003974574
        0.0015776942   0.0002395545   0.0013698304  -0.0000547025   0.0001217126
       -0.0001765003  -0.0274762371  -0.0210461824   0.0001917454   0.0036706721
        0.0027752037  -0.0003954592   0.0248863932  -0.0577678858   0.0430428636
        0.0377773179  -0.2646247069   0.0096746038  -0.0044396969   0.0023835050
        0.0052895034  -0.0083115503   0.0033739812   0.0096606143   0.0190355473
       -0.0124457390  -0.0245345880
       -0.0213482782  -0.0094733551  -0.0013343891  -0.0012461641  -0.0003008361
       -0.0653228841   0.0211432200  -0.0150673670   0.5016398578   0.0597517929
       -0.0280291223  -0.1480233468   0.0001077314  -0.0005812546   0.0006217141
       -0.0037158649   0.0007865474  -0.0035006362  -0.0000117983  -0.0004642711
        0.0002870275  -0.0005818900  -0.0007535965   0.0007106602   0.0232130583
        0.0118009065  -0.0028630907  -0.0933522297   0.0428848667  -0.2075576179
       -0.0032635315   0.0092487781  -0.0451777818   0.0150716779  -0.0067093923
       -0.0271145849   0.0018422377   0.0004787890  -0.0004973441   0.0023900387
       -0.0038206928  -0.0018675840
        0.0005260962  -0.0000317300  -0.0001461194  -0.0212939754   0.0035658628
        0.0213479643  -0.1095496002   0.0225977980   0.0597517929   0.4995271944
        0.0109478353   0.0301412929  -0.0001837764   0.0000453505   0.0000674083
        0.0000412380   0.0001124023   0.0002444350  -0.0008564618  -0.0001220606
        0.0003627749   0.0010193762   0.0011540275  -0.0000797615  -0.0050858967
       -0.0023593241   0.0008589523   0.0063310435  -0.0031590438  -0.0077864862
       -0.0047188056   0.0045430136   0.0068033363  -0.0855235647   0.0277865213
       -0.0883289865  -0.2317861995  -0.0961684905  -0.0216045092  -0.0484466678
        0.0310878377  -0.0016320942
       -0.0000317023   0.0000739474   0.0000419925  -0.0073098909   0.0031675823
        0.0094729920   0.0221995362  -0.0775696308  -0.0280291223   0.0109478353
        0.5197390233  -0.0140662625  -0.0001020201  -0.0000321466  -0.0000446885
       -0.0000846300   0.0000691041   0.0000788559   0.0001313269   0.0001738922
        0.0001286185  -0.0009637285   0.0009393823   0.0009520215  -0.0033043071
       -0.0007573582   0.0006693464  -0.0029146314   0.0024931719   0.0045389388
        0.0186177993  -0.0119328833  -0.0244029011   0.0278143234  -0.0641808394
        0.0585115670  -0.0963610218  -0.0939714958  -0.0094539370   0.0313611109
       -0.2782117493   0.0016025787
        0.0001461049  -0.0000419874   0.0001626373   0.0060845917   0.0015449139
       -0.0013357074   0.0580989539  -0.0282121960  -0.1480233468   0.0301412929
       -0.0140662625   0.4903851299  -0.0000160223   0.0000743575   0.0000327750
       -0.0001297193   0.0000573071  -0.0000137524  -0.0005524899  -0.0003383150
        0.0000379656  -0.0005863147  -0.0001873179   0.0003315437   0.0001358908
        0.0000143537   0.0009079389   0.0156062100  -0.0073425927  -0.0282990420
        0.0025526938  -0.0027784812  -0.0019221487  -0.0882496199   0.0588079908
       -0.2231975605  -0.0215656455  -0.0093998205  -0.0448125280  -0.0016659266
        0.0018680503  -0.0442539044
       -0.0484469517   0.0313624405   0.0016628848  -0.0043572805   0.0190355301
       -0.0023918338   0.0006710569   0.0014849641   0.0001077314  -0.0001837764
       -0.0001020201  -0.0000160223   0.0542500179  -0.0376390835   0.0014333117
        0.0017418163  -0.0305337134  -0.0001641451  -0.0019965395   0.0158806067
        0.0023004342  -0.0019398890   0.0016424310  -0.0035464389   0.0003436701
       -0.0003557896   0.0005524731   0.0002151760  -0.0001460063   0.0001847249
       -0.0003532578  -0.0005569371  -0.0003169685  -0.0000947461   0.0001589423
        0.0001939778  -0.0000023232  -0.0000332865  -0.0000002684   0.0001530268
       -0.0001980782   0.0000001389
        0.0310890902  -0.2782116697  -0.0018454503   0.0046580752  -0.0124428470
        0.0038216764  -0.0006290238   0.0007891894  -0.0005812546   0.0000453505
       -0.0000321466   0.0000743575  -0.0376390835   0.3223156416  -0.0000829219
       -0.0008689232  -0.0201590481  -0.0003828090   0.0023907330  -0.0134252116
       -0.0029860444   0.0013416733   0.0000583771   0.0025085637  -0.0003788810
        0.0003558609  -0.0001675028  -0.0003404073   0.0000757546  -0.0001673452
        0.0003499144   0.0006443753   0.0000471415   0.0002043922  -0.0001305384
       -0.0002102116  -0.0000248344   0.0000526956  -0.0000267244  -0.0001980756
        0.0001095669  -0.0000014748
        0.0016291010  -0.0015800112  -0.0442536301  -0.0055094944   0.0245354481
       -0.0018702973   0.0006490655   0.0003974574   0.0006217141   0.0000674083
       -0.0000446885   0.0000327750   0.0014333117  -0.0000829219   0.0502061540
        0.0002680618   0.0040391720   0.0007087221   0.0046144132  -0.0295286853
       -0.0024257560  -0.0034568767   0.0022158758  -0.0036449153   0.0001024697
        0.0005672937   0.0005799914   0.0002979516   0.0000175978   0.0000972166
       -0.0002388524  -0.0003541085   0.0001071126   0.0000979444  -0.0001948776
        0.0000268793   0.0000456169   0.0000109916  -0.0000170287  -0.0000001206
        0.0000014566  -0.0001689376
       -0.2317851205  -0.0963596489   0.0215771825  -0.0205164467  -0.0083119275
       -0.0018412937  -0.0020453212   0.0015776942  -0.0037158649   0.0000412380
       -0.0000846300  -0.0001297193   0.0017418163  -0.0008689232   0.0002680618
        0.2690490100   0.1119468745  -0.0219734204  -0.0167869407  -0.0077000607
        0.0054494027   0.0000683313   0.0000666355   0.0004283035   0.0008364657
       -0.0002746398   0.0003565658  -0.0011011458  -0.0004561468  -0.0001910139
        0.0002101304   0.0004155147   0.0000284639   0.0001711684   0.0000485653
       -0.0001588192   0.0001191377   0.0000255311  -0.0000522405  -0.0000023230
       -0.0000248384  -0.0000456084
       -0.0961671603  -0.0939706211   0.0094057733   0.0060280378   0.0033729852
       -0.0004791895   0.0007223152   0.0002395545   0.0007865474   0.0001124023
        0.0000691041   0.0000573071  -0.0305337134  -0.0201590481   0.0040391720
        0.1119468745   0.1053739908  -0.0122168625   0.0072677195   0.0041440766
       -0.0012417714   0.0004053608   0.0003901223   0.0000119623  -0.0000849880
        0.0000784248  -0.0003519593   0.0001990900   0.0003070540   0.0000173165
        0.0001367218   0.0002060207   0.0001076083  -0.0000249057  -0.0000978798
       -0.0001261941   0.0000255402  -0.0000064697   0.0000012906  -0.0000332947
        0.0000526857  -0.0000110009
        0.0216160916   0.0094599208  -0.0448147513  -0.0225033937  -0.0096609852
       -0.0004961832  -0.0030523894   0.0013698304  -0.0035006362   0.0002444350
        0.0000788559  -0.0000137524  -0.0001641451  -0.0003828090   0.0007087221
       -0.0219734204  -0.0122168625   0.0525556351   0.0273621087   0.0126113422
       -0.0054400178   0.0002112283  -0.0002849291   0.0003988367  -0.0005763943
       -0.0004683087   0.0006420196  -0.0012251734  -0.0005436547  -0.0002130521
        0.0001387335   0.0001439507  -0.0001164120  -0.0001301927  -0.0001318003
        0.0001449928   0.0000522449  -0.0000012702   0.0001616436   0.0000002670
        0.0000267196  -0.0000170451
       -0.0855218031   0.0278222257   0.0882454037   0.0074404018  -0.0044412307
       -0.0150715091   0.0005084306  -0.0000547025  -0.0000117983  -0.0008564618
        0.0001313269  -0.0005524899  -0.0019965395   0.0023907330   0.0046144132
       -0.0167869407   0.0072677195   0.0273621087   0.0995763352  -0.0329127439
       -0.1014593187   0.0005730776  -0.0004778856   0.0001171817  -0.0012390619
        0.0007270129  -0.0037372388  -0.0000278853   0.0000617522   0.0002142877
       -0.0000464079  -0.0000159278   0.0000233776  -0.0016995548  -0.0006777717
        0.0002233746   0.0001711615  -0.0000248952   0.0001301774  -0.0000947517
        0.0002043871  -0.0000979696
        0.0277944496  -0.0641921522  -0.0588234402  -0.0031021594   0.0023836472
        0.0067064678  -0.0000246770   0.0001217126  -0.0004642711  -0.0001220606
        0.0001738922  -0.0003383150   0.0158806067  -0.0134252116  -0.0295286853
       -0.0077000607   0.0041440766   0.0126113422  -0.0329127439   0.0699908191
        0.0665812299  -0.0003798277   0.0004732763   0.0007499946   0.0009256172
        0.0004947126   0.0019590061   0.0000030247  -0.0000744453   0.0000720968
        0.0001081083  -0.0001592746  -0.0001094021  -0.0006777898   0.0002972976
        0.0002572524   0.0000485822  -0.0000978528   0.0001318227   0.0001589305
       -0.0001304977   0.0001949012
        0.0883248265  -0.0585270014  -0.2231877665   0.0073931778  -0.0052923465
       -0.0271145179   0.0006531700  -0.0001765003   0.0002870275   0.0003627749
        0.0001286185   0.0000379656   0.0023004342  -0.0029860444  -0.0024257560
        0.0054494027  -0.0012417714  -0.0054400178  -0.1014593187   0.0665812299
        0.2603627655   0.0005788901  -0.0002819798   0.0007778950  -0.0036806550
        0.0017398009  -0.0046594640   0.0002887235  -0.0000122114   0.0002876744
        0.0000470249  -0.0000110701  -0.0001355934  -0.0002232769  -0.0002571725
        0.0010379704   0.0001588201   0.0001262204   0.0001449753  -0.0001939941
        0.0002102281   0.0000268418
       -0.0047189062   0.0186178036  -0.0025544966  -0.0492113246   0.0377777421
        0.0032598405   0.0008226176  -0.0274762371  -0.0005818900   0.0010193762
       -0.0009637285  -0.0005863147  -0.0019398890   0.0013416733  -0.0034568767
        0.0000683313   0.0004053608   0.0002112283   0.0005730776  -0.0003798277
        0.0005788901   0.0604932683  -0.0428389857  -0.0003273476  -0.0028287220
        0.0168670061   0.0031433453   0.0005529884  -0.0001404868   0.0001734966
       -0.0046412880  -0.0038050784   0.0000870956  -0.0000464130   0.0001081123
       -0.0000470402   0.0002101276   0.0001366977  -0.0001387487  -0.0003532442
        0.0003499484   0.0002388181
        0.0045423409  -0.0119301184   0.0027794311   0.0381298350  -0.2646263531
       -0.0092273659  -0.0021612871  -0.0210461824  -0.0007535965   0.0011540275
        0.0009393823  -0.0001873179   0.0016424310   0.0000583771   0.0022158758
        0.0000666355   0.0003901223  -0.0002849291  -0.0004778856   0.0004732763
       -0.0002819798  -0.0428389857   0.3082380454   0.0095150205   0.0036399776
       -0.0116943071  -0.0034682959   0.0002653193   0.0002663770  -0.0001990447
       -0.0038050813  -0.0017597345  -0.0003289497  -0.0000159278  -0.0001592747
        0.0000110701   0.0004155080   0.0002059908  -0.0001439871  -0.0005569074
        0.0006443990   0.0003540690
       -0.0068037573   0.0244037095  -0.0019247300   0.0035271624  -0.0096532794
       -0.0451760293  -0.0001294000   0.0001917454   0.0007106602  -0.0000797615
        0.0009520215   0.0003315437  -0.0035464389   0.0025085637  -0.0036449153
        0.0004283035   0.0000119623   0.0003988367   0.0001171817   0.0007499946
        0.0007778950  -0.0003273476   0.0095150205   0.0519455292   0.0067116824
       -0.0285518294  -0.0037860138  -0.0000761203  -0.0004116743  -0.0000667707
       -0.0000866419   0.0003292261   0.0005789166  -0.0000233792   0.0001093883
       -0.0001356054  -0.0000285071  -0.0001076385  -0.0001163879   0.0003170237
       -0.0000472104   0.0001070710
        0.0063309966  -0.0029162773  -0.0156062143  -0.0928996822   0.0248951321
        0.0933481544  -0.0190526770   0.0036706721   0.0232130583  -0.0050858967
       -0.0033043071   0.0001358908   0.0003436701  -0.0003788810   0.0001024697
        0.0008364657  -0.0000849880  -0.0005763943  -0.0012390619   0.0009256172
       -0.0036806550  -0.0028287220   0.0036399776   0.0067116824   0.1139036235
       -0.0270735326  -0.1048859049   0.0000521231   0.0004994886   0.0005232686
        0.0005529874   0.0002653330   0.0000760905  -0.0000278950   0.0000029952
       -0.0002887057  -0.0011011004   0.0001992071   0.0012251727   0.0002151688
       -0.0003404369  -0.0002979133
       -0.0031581653   0.0024934517   0.0073395322   0.0249649165  -0.0577765396
       -0.0428999746  -0.0091560204   0.0027752037   0.0118009065  -0.0023593241
       -0.0007573582   0.0000143537  -0.0003557896   0.0003558609   0.0005672937
       -0.0002746398   0.0000784248  -0.0004683087   0.0007270129   0.0004947126
        0.0017398009   0.0168670061  -0.0116943071  -0.0285518294  -0.0270735326
        0.0630817817   0.0492930781   0.0004994422   0.0003738760   0.0002152409
       -0.0001404961   0.0002664361   0.0004116499   0.0000617301  -0.0000744489
        0.0000122503  -0.0004561167   0.0003071344   0.0005436070  -0.0001460232
        0.0000757716  -0.0000176006
        0.0077864445  -0.0045419995  -0.0282990737   0.0932228159  -0.0430579649
       -0.2075506705   0.0036072625  -0.0003954592  -0.0028630907   0.0008589523
        0.0006693464   0.0009079389   0.0005524731  -0.0001675028   0.0005799914
        0.0003565658  -0.0003519593   0.0006420196  -0.0037372388   0.0019590061
       -0.0046594640   0.0031433453  -0.0034682959  -0.0037860138  -0.1048859049
        0.0492930781   0.2439242185  -0.0005232973  -0.0002151849   0.0009991660
       -0.0001734935   0.0001990053  -0.0000668216  -0.0002142841  -0.0000720559
        0.0002876866   0.0001910678  -0.0000173670  -0.0002130946  -0.0001847087
        0.0001673534   0.0000972078
       -0.0050859845  -0.0033043484  -0.0001354878  -0.0190532199   0.0036682567
       -0.0232133830  -0.0929017197   0.0248863932  -0.0933522297   0.0063310435
       -0.0029146314   0.0156062100   0.0002151760  -0.0003404073   0.0002979516
       -0.0011011458   0.0001990900  -0.0012251734  -0.0000278853   0.0000030247
        0.0002887235   0.0005529884   0.0002653193  -0.0000761203   0.0000521231
        0.0004994422  -0.0005232973   0.1139063314  -0.0270636224   0.1048903858
       -0.0028288407   0.0036393450  -0.0067120685  -0.0012389920   0.0009259614
        0.0036805265   0.0008364777  -0.0000849337   0.0005764026   0.0003436478
       -0.0003788891  -0.0001024400
       -0.0023594324  -0.0007574280  -0.0000141543  -0.0091566094   0.0027740195
       -0.0118014063   0.0249561926  -0.0577678858   0.0428848667  -0.0031590438
        0.0024931719  -0.0073425927  -0.0001460063   0.0000757546   0.0000175978
       -0.0004561468   0.0003070540  -0.0005436547   0.0000617522  -0.0000744453
       -0.0000122114  -0.0001404868   0.0002663770  -0.0004116743   0.0004994886
        0.0003738760  -0.0002151849  -0.0270636224   0.0630719346  -0.0492748465
        0.0168670646  -0.0116910925   0.0285524815   0.0007273693   0.0004943268
       -0.0017403328  -0.0002746770   0.0000785214   0.0004683624  -0.0003558423
        0.0003558158  -0.0005672505
       -0.0008586886  -0.0006691531   0.0009080006  -0.0036061905   0.0003948692
       -0.0028616643  -0.0932269110   0.0430428636  -0.2075576179  -0.0077864862
        0.0045389388  -0.0282990420   0.0001847249  -0.0001673452   0.0000972166
       -0.0001910139   0.0000173165  -0.0002130521   0.0002142877   0.0000720968
        0.0002876744   0.0001734966  -0.0001990447  -0.0000667707   0.0005232686
        0.0002152409   0.0009991660   0.1048903858  -0.0492748465   0.2439324006
       -0.0031450497   0.0034690537  -0.0037891062   0.0037371522  -0.0019595414
       -0.0046592041  -0.0003565503   0.0003520220   0.0006419672  -0.0005524258
        0.0001675293   0.0005800318
        0.0010193703  -0.0009636727   0.0005864091   0.0008226292  -0.0274761639
        0.0005846465  -0.0492113253   0.0377773179  -0.0032635315  -0.0047188056
        0.0186177993   0.0025526938  -0.0003532578   0.0003499144  -0.0002388524
        0.0002101304   0.0001367218   0.0001387335  -0.0000464079   0.0001081083
        0.0000470249  -0.0046412880  -0.0038050813  -0.0000866419   0.0005529874
       -0.0001404961  -0.0001734935  -0.0028288407   0.0168670646  -0.0031450497
        0.0604932283  -0.0428389337   0.0003314480   0.0005730733  -0.0003798991
       -0.0005788487   0.0000683260   0.0004053328  -0.0002112607  -0.0019398196
        0.0013419879   0.0034567225
        0.0011540423   0.0009393089   0.0001872558  -0.0021612545  -0.0210461225
        0.0007558264   0.0381294076  -0.2646247069   0.0092487781   0.0045430136
       -0.0119328833  -0.0027784812  -0.0005569371   0.0006443753  -0.0003541085
        0.0004155147   0.0002060207   0.0001439507  -0.0000159278  -0.0001592746
       -0.0000110701  -0.0038050784  -0.0017597345   0.0003292261   0.0002653330
        0.0002664361   0.0001990053   0.0036393450  -0.0116910925   0.0034690537
       -0.0428389337   0.3082364117  -0.0095401137  -0.0004778955   0.0004732335
        0.0002820201   0.0000665968   0.0003901334   0.0002849285   0.0016427741
        0.0000578948  -0.0022162712
        0.0000796287  -0.0009520822   0.0003315955   0.0001296498  -0.0001891657
        0.0007105987  -0.0035308893   0.0096746038  -0.0451777818   0.0068033363
       -0.0244029011  -0.0019221487  -0.0003169685   0.0000471415   0.0001071126
        0.0000284639   0.0001076083  -0.0001164120   0.0000233776  -0.0001094021
       -0.0001355934   0.0000870956  -0.0003289497   0.0005789166   0.0000760905
        0.0004116499  -0.0000668216  -0.0067120685   0.0285524815  -0.0037891062
        0.0003314480  -0.0095401137   0.0519474054  -0.0001171302  -0.0007499541
        0.0007779545  -0.0004283039  -0.0000119662   0.0003988040   0.0035462700
       -0.0025089503  -0.0036445238
       -0.0008564618   0.0001313852   0.0005524599   0.0005084385  -0.0000547024
        0.0000118063   0.0074404077  -0.0044396969   0.0150716779  -0.0855235647
        0.0278143234  -0.0882496199  -0.0000947461   0.0002043922   0.0000979444
        0.0001711684  -0.0000249057  -0.0001301927  -0.0016995548  -0.0006777898
       -0.0002232769  -0.0000464130  -0.0000159278  -0.0000233792  -0.0000278950
        0.0000617301  -0.0002142841  -0.0012389920   0.0007273693   0.0037371522
        0.0005730733  -0.0004778955  -0.0001171302   0.0995783207  -0.0329036679
        0.1014641062  -0.0167872503   0.0072651193  -0.0273627386  -0.0019965310
        0.0023902664  -0.0046145251
       -0.0001220851   0.0001738857   0.0003382900  -0.0000247338   0.0001218289
        0.0004642854  -0.0031029406   0.0023835050  -0.0067093923   0.0277865213
       -0.0641808394   0.0588079908   0.0001589423  -0.0001305384  -0.0001948776
        0.0000485653  -0.0000978798  -0.0001318003  -0.0006777717   0.0002972976
       -0.0002571725   0.0001081123  -0.0001592747   0.0001093883   0.0000029952
       -0.0000744489  -0.0000720559   0.0009259614   0.0004943268  -0.0019595414
       -0.0003798991   0.0004732335  -0.0007499541  -0.0329036679   0.0699780355
       -0.0665627119  -0.0077006384   0.0041429567  -0.0126121033   0.0158806389
       -0.0134220884   0.0295296548
       -0.0003627516  -0.0001286376   0.0000379269  -0.0006531448   0.0001765290
        0.0002869779  -0.0073931734   0.0052895034  -0.0271145849  -0.0883289865
        0.0585115670  -0.2231975605   0.0001939778  -0.0002102116   0.0000268793
       -0.0001588192  -0.0001261941   0.0001449928   0.0002233746   0.0002572524
        0.0010379704  -0.0000470402   0.0000110701  -0.0001356054  -0.0002887057
        0.0000122503   0.0002876866   0.0036805265  -0.0017403328  -0.0046592041
       -0.0005788487   0.0002820201   0.0007779545   0.1014641062  -0.0665627119
        0.2603740255  -0.0054485417   0.0012407916  -0.0054385987  -0.0023019734
        0.0029871041  -0.0024288603
        0.0000412241  -0.0000846139   0.0001297246  -0.0020451754   0.0015780636
        0.0037156302  -0.0205160387  -0.0083115503   0.0018422377  -0.2317861995
       -0.0963610218  -0.0215656455  -0.0000023232  -0.0000248344   0.0000456169
        0.0001191377   0.0000255402   0.0000522449   0.0001711615   0.0000485822
        0.0001588201   0.0002101276   0.0004155080  -0.0000285071  -0.0011011004
       -0.0004561167   0.0001910678   0.0008364777  -0.0002746770  -0.0003565503
        0.0000683260   0.0000665968  -0.0004283039  -0.0167872503  -0.0077006384
       -0.0054485417   0.2690499542   0.1119481984   0.0219602119   0.0017416786
       -0.0008690366  -0.0002680055
        0.0001123913   0.0000690660  -0.0000573191   0.0007225987   0.0002393686
       -0.0007869272   0.0060303254   0.0033739812   0.0004787890  -0.0961684905
       -0.0939714958  -0.0093998205  -0.0000332865   0.0000526956   0.0000109916
        0.0000255311  -0.0000064697  -0.0000012702  -0.0000248952  -0.0000978528
        0.0001262204   0.0001366977   0.0002059908  -0.0001076385   0.0001992071
        0.0003071344  -0.0000173670  -0.0000849337   0.0000785214   0.0003520220
        0.0004053328   0.0003901334  -0.0000119662   0.0072651193   0.0041429567
        0.0012407916   0.1119481984   0.1053752464   0.0122103468  -0.0305337958
       -0.0201592763  -0.0040368526
       -0.0002444548  -0.0000788630  -0.0000137591   0.0030523043  -0.0013702190
       -0.0035004458   0.0225028441   0.0096606143  -0.0004973441  -0.0216045092
       -0.0094539370  -0.0448125280  -0.0000002684  -0.0000267244  -0.0000170287
       -0.0000522405   0.0000012906   0.0001616436   0.0001301774   0.0001318227
        0.0001449753  -0.0001387487  -0.0001439871  -0.0001163879   0.0012251727
        0.0005436070  -0.0002130946   0.0005764026   0.0004683624   0.0006419672
       -0.0002112607   0.0002849285   0.0003988040  -0.0273627386  -0.0126121033
       -0.0054385987   0.0219602119   0.0122103468   0.0525527216   0.0001671080
        0.0003848615   0.0007090751
       -0.0001837710  -0.0001020295   0.0000160293   0.0006710617   0.0014849561
       -0.0001078856  -0.0043571638   0.0190355473   0.0023900387  -0.0484466678
        0.0313611109  -0.0016659266   0.0001530268  -0.0001980756  -0.0000001206
       -0.0000023230  -0.0000332947   0.0000002670  -0.0000947517   0.0001589305
       -0.0001939941  -0.0003532442  -0.0005569074   0.0003170237   0.0002151688
       -0.0001460232  -0.0001847087   0.0003436478  -0.0003558423  -0.0005524258
       -0.0019398196   0.0016427741   0.0035462700  -0.0019965310   0.0158806389
       -0.0023019734   0.0017416786  -0.0305337958   0.0001671080   0.0542496886
       -0.0376379893  -0.0014297018
        0.0000453510  -0.0000321752  -0.0000743555  -0.0006290879   0.0007892488
        0.0005812499   0.0046585780  -0.0124457390  -0.0038206928   0.0310878377
       -0.2782117493   0.0018680503  -0.0001980782   0.0001095669   0.0000014566
       -0.0000248384   0.0000526857   0.0000267196   0.0002043871  -0.0001304977
        0.0002102281   0.0003499484   0.0006443990  -0.0000472104  -0.0003404369
        0.0000757716   0.0001673534  -0.0003788891   0.0003558158   0.0001675293
        0.0013419879   0.0000578948  -0.0025089503   0.0023902664  -0.0134220884
        0.0029871041  -0.0008690366  -0.0201592763   0.0003848615  -0.0376379893
        0.3223161433   0.0000566563
       -0.0000674121   0.0000447087   0.0000327722  -0.0006489744  -0.0003975302
        0.0006217274   0.0055089651  -0.0245345880  -0.0018675840  -0.0016320942
        0.0016025787  -0.0442539044   0.0000001389  -0.0000014748  -0.0001689376
       -0.0000456084  -0.0000110009  -0.0000170451  -0.0000979696   0.0001949012
        0.0000268418   0.0002388181   0.0003540690   0.0001070710  -0.0002979133
       -0.0000176006   0.0000972078  -0.0001024400  -0.0005672505   0.0005800318
        0.0034567225  -0.0022162712  -0.0036445238  -0.0046145251   0.0295296548
       -0.0024288603  -0.0002680055  -0.0040368526   0.0007090751  -0.0014297018
        0.0000566563   0.0502061281
