$hessian                                                                        
        0.5158099146  -0.0452625671   0.0049871003  -0.1008557257  -0.0516869234
        0.0148367660   0.0146834241   0.0196860923  -0.0029779525  -0.0182154639
       -0.0224371816   0.0082123720   0.0001370709  -0.0009009069  -0.0001045077
       -0.0001355239  -0.0005562050   0.0002837303  -0.1051319433   0.0606918606
       -0.0877616926  -0.0403206250  -0.0049284586  -0.0063051436  -0.2581079041
        0.0467577313   0.0679007141  -0.0057608946  -0.0007891913   0.0007623657
       -0.0003179412  -0.0001124903  -0.0001399699  -0.0006789010  -0.0002006346
        0.0002166524  -0.0002846781   0.0001784256   0.0000120074  -0.0008208089
       -0.0004395511   0.0000775582
       -0.0452625671   0.4635667216  -0.0045684787  -0.0451365371  -0.1323561851
        0.0203468765  -0.0001338336  -0.0642818875   0.0193578800  -0.0092030974
       -0.0011724486   0.0031569416  -0.0000430121  -0.0012593576   0.0012417677
        0.0007939515  -0.0020257967  -0.0000014368   0.0582783458  -0.0925637803
        0.0856921480  -0.0061702026  -0.1197450306  -0.1130925281   0.0467392545
       -0.0525348433  -0.0125029117   0.0002127401   0.0006187863   0.0003642974
       -0.0003280289   0.0006591336  -0.0000984770   0.0001963429   0.0005093336
        0.0002400443  -0.0003522832   0.0003660758   0.0000170316   0.0004089271
        0.0002192787  -0.0001531548
        0.0049871003  -0.0045684787   0.4871232568   0.0147902653   0.0245080360
       -0.0765565156   0.0018034844   0.0181343052   0.0143019451   0.0054902158
        0.0053932669   0.0076515524  -0.0022981291  -0.0002824061   0.0002102300
        0.0025557431   0.0014331080  -0.0010288379  -0.0868888357   0.0892385612
       -0.1698610515  -0.0092732633  -0.1213113300  -0.1976197442   0.0682412541
       -0.0128873360  -0.0667767091   0.0008047738   0.0008444820   0.0019830432
       -0.0002853495   0.0004622835  -0.0000018304   0.0007487679  -0.0000470481
        0.0002988598   0.0004612450  -0.0005617006   0.0003404238  -0.0011372721
       -0.0003557434  -0.0000646224
       -0.1008557257  -0.0451365371   0.0147902653   0.5805790225  -0.1883784325
        0.0058096294  -0.2489463144   0.2676126326  -0.0461752771  -0.1778472828
       -0.0341765598   0.0288829790  -0.0132814192   0.0117926081  -0.0099036611
       -0.0194468587   0.0171577493  -0.0011053341   0.0081211187   0.0133494678
       -0.0056692075   0.0008337572  -0.0024383825  -0.0000583064  -0.0200689168
       -0.0268910151   0.0090491520  -0.0150803829  -0.0052828270   0.0022066814
        0.0014976100  -0.0026288974   0.0000404389   0.0017790982  -0.0017272225
       -0.0000779397   0.0008957584  -0.0014723020   0.0010344444   0.0018205355
       -0.0017802818   0.0011761353
       -0.0516869234  -0.1323561851   0.0245080360  -0.1883784325   0.7508057470
       -0.1175880467   0.2731966541  -0.5122439275   0.0844452574  -0.0206572374
       -0.0612049676   0.0013242748   0.0197271556  -0.0019815907  -0.0026357048
        0.0044954211  -0.0045524380   0.0009904794   0.0000275443  -0.0141156077
        0.0047574868  -0.0078011884  -0.0211270745  -0.0008461717  -0.0026377135
        0.0035774955  -0.0013583229  -0.0280454367  -0.0043738029   0.0056788547
        0.0019390191  -0.0022490823   0.0010178208   0.0002514463  -0.0004115221
       -0.0009959028  -0.0011137112   0.0004918903  -0.0005323301   0.0006834027
       -0.0002589345   0.0012342691
        0.0148367660   0.0203468765  -0.0765565156   0.0058096294  -0.1175880467
        0.2269407396  -0.0477493724   0.0849059839  -0.0758365824   0.0202305407
        0.0035390227  -0.0654827750   0.0149638081   0.0024770180  -0.0047771567
       -0.0226873946  -0.0044819214   0.0011521049   0.0080933022   0.0197270967
       -0.0064342786  -0.0113072164  -0.0214497101   0.0049077625   0.0067391090
        0.0086550452  -0.0018172235   0.0127038732   0.0023602471  -0.0013172269
        0.0029938359  -0.0032998182   0.0006570288  -0.0010218478   0.0015900199
        0.0000669442  -0.0037339215   0.0040611342  -0.0016740585   0.0001288882
       -0.0008429479   0.0001712375
        0.0146834241  -0.0001338336   0.0018034844  -0.2489463144   0.2731966541
       -0.0477493724   0.2900949029  -0.3241708901   0.0523227799  -0.0497328606
        0.0529011676  -0.0067998089  -0.0063631588  -0.0008091114   0.0031816289
       -0.0028895033  -0.0021527274   0.0000131882   0.0002756825  -0.0027589873
        0.0011463047  -0.0003510438  -0.0010869467  -0.0006469441   0.0020746085
        0.0009261147  -0.0013536943   0.0037323507   0.0011079815  -0.0008557540
       -0.0014541576   0.0017839133  -0.0007605447  -0.0000869944  -0.0001638799
        0.0001626164  -0.0008175977   0.0012604807  -0.0002633843  -0.0002193381
        0.0001000646  -0.0002004997
        0.0196860923  -0.0642818875   0.0181343052   0.2676126326  -0.5122439275
        0.0849059839  -0.3241708901   0.5943115670  -0.1084694376   0.0376593712
       -0.0153128250   0.0067697861   0.0003185161   0.0020914834  -0.0027348170
       -0.0004913083   0.0045480806  -0.0003835137  -0.0045058856  -0.0083920985
        0.0019653339  -0.0009429170  -0.0024888832   0.0015627305   0.0021855666
        0.0025076398  -0.0006607152   0.0005303273   0.0011542217  -0.0015307108
        0.0008522993  -0.0008850298   0.0002873729  -0.0000336231   0.0003112602
        0.0000934175   0.0010964165  -0.0011559409   0.0002533813   0.0002034022
       -0.0001636601  -0.0001931170
       -0.0029779525   0.0193578800   0.0143019451  -0.0461752771   0.0844452574
       -0.0758365824   0.0523227799  -0.1084694376   0.0431406238  -0.0032848658
        0.0046534508   0.0188117815  -0.0007116663  -0.0022687948   0.0025257316
        0.0031163050  -0.0000317615  -0.0007414774  -0.0000225276   0.0002816808
        0.0004845433   0.0007588257   0.0043471788  -0.0009689577  -0.0013776599
       -0.0014829214  -0.0004057980  -0.0011569682  -0.0009459165  -0.0008118475
       -0.0008430790   0.0009081706  -0.0003614789   0.0000114639  -0.0001821029
       -0.0001055254   0.0004744045  -0.0006341283   0.0001028562  -0.0001337825
        0.0000214447  -0.0001358141
       -0.0182154639  -0.0092030974   0.0054902158  -0.1778472828  -0.0206572374
        0.0202305407  -0.0497328606   0.0376593712  -0.0032848658   0.5296448691
       -0.0436872289  -0.0184547727  -0.0867523388   0.0708772117   0.0507716294
       -0.1034517885   0.0191261694  -0.0833857219  -0.0006820267  -0.0002138235
        0.0007944863  -0.0009046128  -0.0004714001   0.0000610146  -0.0011098543
       -0.0022678127   0.0005390426  -0.0705198792  -0.0743028029   0.0367164146
       -0.0157056387   0.0193980618  -0.0030798355   0.0074017980  -0.0078760928
        0.0033418969  -0.0179468875   0.0180786537  -0.0106395305   0.0058219666
       -0.0064599722   0.0008994856
       -0.0224371816  -0.0011724486   0.0053932669  -0.0341765598  -0.0612049676
        0.0035390227   0.0529011676  -0.0153128250   0.0046534508  -0.0436872289
        0.5745564410  -0.1369702554   0.0666898031  -0.1730890267  -0.0462076574
        0.0416570411  -0.0670692344   0.0805752482   0.0001848157   0.0002339385
        0.0000402151   0.0003724652  -0.0000230102  -0.0001605038  -0.0027844006
       -0.0044721913   0.0011791146  -0.0746613173  -0.2259949473   0.0851499852
       -0.0000407992  -0.0013147275  -0.0032299183   0.0141169846  -0.0214835711
        0.0028850966  -0.0072366191   0.0073234881  -0.0023544662   0.0091018293
       -0.0109769180   0.0055074011
        0.0082123720   0.0031569416   0.0076515524   0.0288829790   0.0013242748
       -0.0654827750  -0.0067998089   0.0067697861   0.0188117815  -0.0184547727
       -0.1369702554   0.2738696281   0.0264214496  -0.0170207868  -0.0337033112
       -0.0687793671   0.0522096377  -0.1123928083  -0.0011810626  -0.0012094862
        0.0002758288   0.0015574909   0.0016219083  -0.0005510609   0.0011729057
        0.0013306139   0.0009537910   0.0358822841   0.0861319694  -0.0731083748
        0.0121546243  -0.0137844567   0.0012124947  -0.0002047980  -0.0022106245
       -0.0015292343  -0.0067312664   0.0043006100  -0.0058155255  -0.0121330299
        0.0143498677  -0.0101919866
        0.0001370709  -0.0000430121  -0.0022981291  -0.0132814192   0.0197271556
        0.0149638081  -0.0063631588   0.0003185161  -0.0007116663  -0.0867523388
        0.0666898031   0.0264214496   0.4509317679   0.0903280454  -0.1468138089
       -0.0429175133  -0.0190863287   0.0004436366  -0.0001886319   0.0004441934
       -0.0000128978  -0.0007708912  -0.0000774990   0.0002938341   0.0001446112
        0.0004677191  -0.0001329574   0.0011467645  -0.0048888792  -0.0068452188
       -0.1937790474  -0.0284128479   0.1304129700  -0.1084444555  -0.1195344518
       -0.0072628586   0.0033944721  -0.0157358569  -0.0172073855  -0.0032572306
        0.0098034428   0.0087492240
       -0.0009009069  -0.0012593576  -0.0002824061   0.0117926081  -0.0019815907
        0.0024770180  -0.0008091114   0.0020914834  -0.0022687948   0.0708772117
       -0.1730890267  -0.0170207868   0.0903280454   0.5417526883   0.1320672635
       -0.0306285069  -0.0704745331  -0.0956545965  -0.0001003684   0.0002921708
        0.0003225309  -0.0009520151  -0.0001515645   0.0000487007  -0.0001008262
       -0.0001936543   0.0001199468   0.0082743205  -0.0203449690  -0.0126108261
       -0.0277592597  -0.0427379419   0.0173583235  -0.1198899528  -0.2311750083
       -0.0208505774   0.0027258889  -0.0108008016  -0.0119148462  -0.0028571273
        0.0080721052   0.0082090504
       -0.0001045077   0.0012417677   0.0002102300  -0.0099036611  -0.0026357048
       -0.0047771567   0.0031816289  -0.0027348170   0.0025257316   0.0507716294
       -0.0462076574  -0.0337033112  -0.1468138089   0.1320672635   0.4682098864
       -0.0205721903  -0.0685857754  -0.2271335699   0.0004803640   0.0002920110
       -0.0004559325   0.0004437183   0.0003028932   0.0000087382  -0.0002112119
       -0.0001027570   0.0000395914  -0.0022566149   0.0069397426   0.0041006291
        0.1311227196   0.0183500803  -0.1422052507  -0.0080073185  -0.0215701582
       -0.0392270517  -0.0020806819  -0.0042702547  -0.0077076588   0.0039499349
       -0.0130866340  -0.0198848753
       -0.0001355239   0.0007939515   0.0025557431  -0.0194468587   0.0044954211
       -0.0226873946  -0.0028895033  -0.0004913083   0.0031163050  -0.1034517885
        0.0416570411  -0.0687793671  -0.0429175133  -0.0306285069  -0.0205721903
        0.4831155680   0.1559267590   0.0557363789  -0.0015032965  -0.0003115018
       -0.0004626843   0.0002557993   0.0006108336  -0.0002361128  -0.0000927320
        0.0000262255   0.0000780862   0.0021770103   0.0015188105   0.0065279459
        0.0067972100   0.0009817985   0.0198851250  -0.0060094084  -0.0003235103
       -0.0151199348  -0.2271138833  -0.1141818653  -0.0469136608  -0.0887850797
       -0.0600741481   0.0868717605
       -0.0005562050  -0.0020257967   0.0014331080   0.0171577493  -0.0045524380
       -0.0044819214  -0.0021527274   0.0045480806  -0.0000317615   0.0191261694
       -0.0670692344   0.0522096377  -0.0190863287  -0.0704745331  -0.0685857754
        0.1559267590   0.3457170982  -0.0521779537  -0.0016076103  -0.0007416293
        0.0000765182  -0.0002522076  -0.0000006032  -0.0001018325  -0.0000143375
       -0.0000733043   0.0000244406   0.0104930469  -0.0054512819   0.0212613789
        0.0035051107  -0.0013735717   0.0026634986  -0.0088548768  -0.0040504016
       -0.0230519032  -0.1140375484  -0.0991042459  -0.0263043616  -0.0596469937
       -0.0953481387   0.0970669273
        0.0002837303  -0.0000014368  -0.0010288379  -0.0011053341   0.0009904794
        0.0011521049   0.0000131882  -0.0003835137  -0.0007414774  -0.0833857219
        0.0805752482  -0.1123928083   0.0004436366  -0.0956545965  -0.2271335699
        0.0557363789  -0.0521779537   0.6224819058   0.0011975168   0.0003247202
        0.0007710141  -0.0002941061  -0.0001628449  -0.0000943981   0.0002583339
        0.0000977876   0.0000367647  -0.0066348705   0.0029151372  -0.0119366301
       -0.0046693405  -0.0029215800  -0.0206833463  -0.0012583694  -0.0033909599
       -0.0050674504  -0.0477592771  -0.0272830534  -0.0527497557   0.0871742348
        0.0970725663  -0.1926135154
       -0.1051319433   0.0582783458  -0.0868888357   0.0081211187   0.0000275443
        0.0080933022   0.0002756825  -0.0045058856  -0.0000225276  -0.0006820267
        0.0001848157  -0.0011810626  -0.0001886319  -0.0001003684   0.0004803640
       -0.0015032965  -0.0016076103   0.0011975168   0.1197601891  -0.0682642991
        0.1041040053  -0.0004732243   0.0011158579  -0.0031205631  -0.0185893206
        0.0149396316  -0.0216173118   0.0000775492   0.0000409257  -0.0002336264
        0.0000297183   0.0000637412  -0.0000609572  -0.0002658646   0.0001306376
        0.0005291525  -0.0001540269   0.0002213017  -0.0002215758  -0.0012759230
       -0.0005246381  -0.0010578808
        0.0606918606  -0.0925637803   0.0892385612   0.0133494678  -0.0141156077
        0.0197270967  -0.0027589873  -0.0083920985   0.0002816808  -0.0002138235
        0.0002339385  -0.0012094862   0.0004441934   0.0002921708   0.0002920110
       -0.0003115018  -0.0007416293   0.0003247202  -0.0682642991   0.1085815452
       -0.0988579158  -0.0083479862   0.0089621452  -0.0135595371   0.0056878809
       -0.0032480057   0.0052317986   0.0004282385   0.0000503358  -0.0002681802
        0.0000826134  -0.0000300487  -0.0001215831   0.0000885034   0.0002944800
       -0.0001368650   0.0000681853   0.0002061134  -0.0002215459  -0.0009443452
        0.0004704410  -0.0007207550
       -0.0877616926   0.0856921480  -0.1698610515  -0.0056692075   0.0047574868
       -0.0064342786   0.0011463047   0.0019653339   0.0004845433   0.0007944863
        0.0000402151   0.0002758288  -0.0000128978   0.0003225309  -0.0004559325
       -0.0004626843   0.0000765182   0.0007710141   0.1041040053  -0.0988579158
        0.1936702005  -0.0154276589   0.0108453924  -0.0243269019   0.0033290037
       -0.0034783178   0.0060363922  -0.0002649363  -0.0002441393   0.0000068507
       -0.0002752366  -0.0002696548   0.0000232808   0.0008288571  -0.0005014921
       -0.0009191048  -0.0001628959  -0.0001961282   0.0000500259  -0.0001654471
       -0.0001519773   0.0006791332
       -0.0403206250  -0.0061702026  -0.0092732633   0.0008337572  -0.0078011884
       -0.0113072164  -0.0003510438  -0.0009429170   0.0007588257  -0.0009046128
        0.0003724652   0.0015574909  -0.0007708912  -0.0009520151   0.0004437183
        0.0002557993  -0.0002522076  -0.0002941061  -0.0004732243  -0.0083479862
       -0.0154276589   0.0446621423   0.0049567859   0.0075119297  -0.0013247837
        0.0181293505   0.0255527506  -0.0000665997   0.0001654132   0.0002788694
       -0.0001302008   0.0003109360  -0.0000278502  -0.0015002743   0.0004303950
        0.0001553125  -0.0000292439   0.0001175603   0.0000950473   0.0001198006
       -0.0000163889  -0.0000238497
       -0.0049284586  -0.1197450306  -0.1213113300  -0.0024383825  -0.0211270745
       -0.0214497101  -0.0010869467  -0.0024888832   0.0043471788  -0.0004714001
       -0.0000230102   0.0016219083  -0.0000774990  -0.0001515645   0.0003028932
        0.0006108336  -0.0000006032  -0.0001628449   0.0011158579   0.0089621452
        0.0108453924   0.0049567859   0.1378992320   0.1334920267   0.0020231267
       -0.0041424812  -0.0079569463   0.0000875157   0.0001156995   0.0002859052
       -0.0000037663   0.0001621163  -0.0000244988   0.0000840049   0.0005853814
        0.0000048600   0.0002404707  -0.0000318065   0.0000368625  -0.0001121422
       -0.0000141202  -0.0000316970
       -0.0063051436  -0.1130925281  -0.1976197442  -0.0000583064  -0.0008461717
        0.0049077625  -0.0006469441   0.0015627305  -0.0009689577   0.0000610146
       -0.0001605038  -0.0005510609   0.0002938341   0.0000487007   0.0000087382
       -0.0002361128  -0.0001018325  -0.0000943981  -0.0031205631  -0.0135595371
       -0.0243269019   0.0075119297   0.1334920267   0.2286528227   0.0022205816
       -0.0079319642  -0.0104166507   0.0001462533   0.0000817174  -0.0001402421
        0.0002794543   0.0002413515   0.0000383723  -0.0003303292   0.0003119310
        0.0004802896   0.0000315082   0.0000477723   0.0000926842   0.0001528232
       -0.0000936927  -0.0000627138
       -0.2581079041   0.0467392545   0.0682412541  -0.0200689168  -0.0026377135
        0.0067391090   0.0020746085   0.0021855666  -0.0013776599  -0.0011098543
       -0.0027844006   0.0011729057   0.0001446112  -0.0001008262  -0.0002112119
       -0.0000927320  -0.0000143375   0.0002583339  -0.0185893206   0.0056878809
        0.0033290037  -0.0013247837   0.0020231267   0.0022205816   0.2974920532
       -0.0507814942  -0.0803194985  -0.0007637916  -0.0001033549  -0.0000209673
        0.0001118398  -0.0001156186  -0.0000631487   0.0000336638  -0.0002026571
       -0.0001744256   0.0000933314  -0.0000081246   0.0000250074   0.0001071951
        0.0001126985   0.0001807165
        0.0467577313  -0.0525348433  -0.0128873360  -0.0268910151   0.0035774955
        0.0086550452   0.0009261147   0.0025076398  -0.0014829214  -0.0022678127
       -0.0044721913   0.0013306139   0.0004677191  -0.0001936543  -0.0001027570
        0.0000262255  -0.0000733043   0.0000977876   0.0149396316  -0.0032480057
       -0.0034783178   0.0181293505  -0.0041424812  -0.0079319642  -0.0507814942
        0.0584526103   0.0158370766  -0.0014156185  -0.0002535286   0.0001010747
        0.0001153608   0.0001007263  -0.0000047832  -0.0000086844   0.0001943898
        0.0000499476   0.0000050093   0.0001127594  -0.0000373899  -0.0000025179
       -0.0000276124  -0.0001460762
        0.0679007141  -0.0125029117  -0.0667767091   0.0090491520  -0.0013583229
       -0.0018172235  -0.0013536943  -0.0006607152  -0.0004057980   0.0005390426
        0.0011791146   0.0009537910  -0.0001329574   0.0001199468   0.0000395914
        0.0000780862   0.0000244406   0.0000367647  -0.0216173118   0.0052317986
        0.0060363922   0.0255527506  -0.0079569463  -0.0104166507  -0.0803194985
        0.0158370766   0.0721634457   0.0002732662   0.0000174046   0.0000760478
       -0.0000483223   0.0000456527   0.0000265155  -0.0001322515   0.0000192147
       -0.0001697525   0.0000367007  -0.0001202134   0.0001317844   0.0001743235
        0.0001244603   0.0001218011
       -0.0057608946   0.0002127401   0.0008047738  -0.0150803829  -0.0280454367
        0.0127038732   0.0037323507   0.0005303273  -0.0011569682  -0.0705198792
       -0.0746613173   0.0358822841   0.0011467645   0.0082743205  -0.0022566149
        0.0021770103   0.0104930469  -0.0066348705   0.0000775492   0.0004282385
       -0.0002649363  -0.0000665997   0.0000875157   0.0001462533  -0.0007637916
       -0.0014156185   0.0002732662   0.0856071741   0.0800671910  -0.0377291162
        0.0006148127   0.0009349162   0.0001330282  -0.0007861496   0.0008605383
       -0.0007529122   0.0008063066   0.0004214008  -0.0008637353  -0.0011842706
        0.0018121373  -0.0002843251
       -0.0007891913   0.0006187863   0.0008444820  -0.0052828270  -0.0043738029
        0.0023602471   0.0011079815   0.0011542217  -0.0009459165  -0.0743028029
       -0.2259949473   0.0861319694  -0.0048888792  -0.0203449690   0.0069397426
        0.0015188105  -0.0054512819   0.0029151372   0.0000409257   0.0000503358
       -0.0002441393   0.0001654132   0.0001156995   0.0000817174  -0.0001033549
       -0.0002535286   0.0000174046   0.0800671910   0.2555617020  -0.0983521014
       -0.0010406181   0.0008921890  -0.0006952365   0.0028788051  -0.0025560614
        0.0015538806   0.0001743072   0.0007146417   0.0002713442   0.0004542393
       -0.0001329849  -0.0008785313
        0.0007623657   0.0003642974   0.0019830432   0.0022066814   0.0056788547
       -0.0013172269  -0.0008557540  -0.0015307108  -0.0008118475   0.0367164146
        0.0851499852  -0.0731083748  -0.0068452188  -0.0126108261   0.0041006291
        0.0065279459   0.0212613789  -0.0119366301  -0.0002336264  -0.0002681802
        0.0000068507   0.0002788694   0.0002859052  -0.0001402421  -0.0000209673
        0.0001010747   0.0000760478  -0.0377291162  -0.0983521014   0.0812566516
       -0.0011718647   0.0003600511   0.0002858158   0.0020396857  -0.0033444815
        0.0006288679   0.0014535448  -0.0010553542   0.0003353457  -0.0031289601
        0.0039601069  -0.0013589303
       -0.0003179412  -0.0003280289  -0.0002853495   0.0014976100   0.0019390191
        0.0029938359  -0.0014541576   0.0008522993  -0.0008430790  -0.0157056387
       -0.0000407992   0.0121546243  -0.1937790474  -0.0277592597   0.1311227196
        0.0067972100   0.0035051107  -0.0046693405   0.0000297183   0.0000826134
       -0.0002752366  -0.0001302008  -0.0000037663   0.0002794543   0.0001118398
        0.0001153608  -0.0000483223   0.0006148127  -0.0010406181  -0.0011718647
        0.2143689321   0.0276861273  -0.1474939061  -0.0137541470  -0.0046004378
        0.0105560984   0.0008419424   0.0007202243  -0.0000307643   0.0008790676
       -0.0011278451  -0.0022888695
       -0.0001124903   0.0006591336   0.0004622835  -0.0026288974  -0.0022490823
       -0.0032998182   0.0017839133  -0.0008850298   0.0009081706   0.0193980618
       -0.0013147275  -0.0137844567  -0.0284128479  -0.0427379419   0.0183500803
        0.0009817985  -0.0013735717  -0.0029215800   0.0000637412  -0.0000300487
       -0.0002696548   0.0003109360   0.0001621163   0.0002413515  -0.0001156186
        0.0001007263   0.0000456527   0.0009349162   0.0008921890   0.0003600511
        0.0276861273   0.0507714771  -0.0153824741  -0.0204273986  -0.0042368171
        0.0156365429   0.0003410923   0.0001385626  -0.0009272625   0.0001966661
        0.0001030142   0.0005811136
       -0.0001399699  -0.0000984770  -0.0000018304   0.0000404389   0.0010178208
        0.0006570288  -0.0007605447   0.0002873729  -0.0003614789  -0.0030798355
       -0.0032299183   0.0012124947   0.1304129700   0.0173583235  -0.1422052507
        0.0198851250   0.0026634986  -0.0206833463  -0.0000609572  -0.0001215831
        0.0000232808  -0.0000278502  -0.0000244988   0.0000383723  -0.0000631487
       -0.0000047832   0.0000265155   0.0001330282  -0.0006952365   0.0002858158
       -0.1474939061  -0.0153824741   0.1621369522  -0.0001508175   0.0008234228
        0.0013278261  -0.0003435907   0.0018042976   0.0010802504   0.0016490583
       -0.0043977651  -0.0035366303
       -0.0006789010   0.0001963429   0.0007487679   0.0017790982   0.0002514463
       -0.0010218478  -0.0000869944  -0.0000336231   0.0000114639   0.0074017980
        0.0141169846  -0.0002047980  -0.1084444555  -0.1198899528  -0.0080073185
       -0.0060094084  -0.0088548768  -0.0012583694  -0.0002658646   0.0000885034
        0.0008288571  -0.0015002743   0.0000840049  -0.0003303292   0.0000336638
       -0.0000086844  -0.0001322515  -0.0007861496   0.0028788051   0.0020396857
       -0.0137541470  -0.0204273986  -0.0001508175   0.1214413738   0.1322222879
        0.0083167809   0.0008767193  -0.0017987962  -0.0018988015  -0.0000064583
        0.0011749569   0.0010589778
       -0.0002006346   0.0005093336  -0.0000470481  -0.0017272225  -0.0004115221
        0.0015900199  -0.0001638799   0.0003112602  -0.0001821029  -0.0078760928
       -0.0214835711  -0.0022106245  -0.1195344518  -0.2311750083  -0.0215701582
       -0.0003235103  -0.0040504016  -0.0033909599   0.0001306376   0.0002944800
       -0.0005014921   0.0004303950   0.0005853814   0.0003119310  -0.0002026571
        0.0001943898   0.0000192147   0.0008605383  -0.0025560614  -0.0033444815
       -0.0046004378  -0.0042368171   0.0008234228   0.1322222879   0.2612450411
        0.0282108119   0.0009080010   0.0001147485   0.0004915261   0.0000770269
        0.0006587470  -0.0002000594
        0.0002166524   0.0002400443   0.0002988598  -0.0000779397  -0.0009959028
        0.0000669442   0.0001626164   0.0000934175  -0.0001055254   0.0033418969
        0.0028850966  -0.0015292343  -0.0072628586  -0.0208505774  -0.0392270517
       -0.0151199348  -0.0230519032  -0.0050674504   0.0005291525  -0.0001368650
       -0.0009191048   0.0001553125   0.0000048600   0.0004802896  -0.0001744256
        0.0000499476  -0.0001697525  -0.0007529122   0.0015538806   0.0006288679
        0.0105560984   0.0156365429   0.0013278261   0.0083167809   0.0282108119
        0.0465217988   0.0013997866  -0.0043533486  -0.0035307867  -0.0012902257
        0.0007139958   0.0012243196
       -0.0002846781  -0.0003522832   0.0004612450   0.0008957584  -0.0011137112
       -0.0037339215  -0.0008175977   0.0010964165   0.0004744045  -0.0179468875
       -0.0072366191  -0.0067312664   0.0033944721   0.0027258889  -0.0020806819
       -0.2271138833  -0.1140375484  -0.0477592771  -0.0001540269   0.0000681853
       -0.0001628959  -0.0000292439   0.0002404707   0.0000315082   0.0000933314
        0.0000050093   0.0000367007   0.0008063066   0.0001743072   0.0014535448
        0.0008419424   0.0003410923  -0.0003435907   0.0008767193   0.0009080010
        0.0013997866   0.2526066371   0.1261270609   0.0578732076  -0.0131688500
       -0.0089462704  -0.0009187638
        0.0001784256   0.0003660758  -0.0005617006  -0.0014723020   0.0004918903
        0.0040611342   0.0012604807  -0.0011559409  -0.0006341283   0.0180786537
        0.0073234881   0.0043006100  -0.0157358569  -0.0108008016  -0.0042702547
       -0.1141818653  -0.0991042459  -0.0272830534   0.0002213017   0.0002061134
       -0.0001961282   0.0001175603  -0.0000318065   0.0000477723  -0.0000081246
        0.0001127594  -0.0001202134   0.0004214008   0.0007146417  -0.0010553542
        0.0007202243   0.0001385626   0.0018042976  -0.0017987962   0.0001147485
       -0.0043533486   0.1261270609   0.1094695203   0.0298764101  -0.0139281630
       -0.0078450051  -0.0016160428
        0.0000120074   0.0000170316   0.0003404238   0.0010344444  -0.0005323301
       -0.0016740585  -0.0002633843   0.0002533813   0.0001028562  -0.0106395305
       -0.0023544662  -0.0058155255  -0.0172073855  -0.0119148462  -0.0077076588
       -0.0469136608  -0.0263043616  -0.0527497557  -0.0002215758  -0.0002215459
        0.0000500259   0.0000950473   0.0000368625   0.0000926842   0.0000250074
       -0.0000373899   0.0001317844  -0.0008637353   0.0002713442   0.0003353457
       -0.0000307643  -0.0009272625   0.0010802504  -0.0018988015   0.0004915261
       -0.0035307867   0.0578732076   0.0298764101   0.0651714105   0.0189991240
        0.0113456466   0.0041730041
       -0.0008208089   0.0004089271  -0.0011372721   0.0018205355   0.0006834027
        0.0001288882  -0.0002193381   0.0002034022  -0.0001337825   0.0058219666
        0.0091018293  -0.0121330299  -0.0032572306  -0.0028571273   0.0039499349
       -0.0887850797  -0.0596469937   0.0871742348  -0.0012759230  -0.0009443452
       -0.0001654471   0.0001198006  -0.0001121422   0.0001528232   0.0001071951
       -0.0000025179   0.0001743235  -0.0011842706   0.0004542393  -0.0031289601
        0.0008790676   0.0001966661   0.0016490583  -0.0000064583   0.0000770269
       -0.0012902257  -0.0131688500  -0.0139281630   0.0189991240   0.0999693937
        0.0663657957  -0.0942396694
       -0.0004395511   0.0002192787  -0.0003557434  -0.0017802818  -0.0002589345
       -0.0008429479   0.0001000646  -0.0001636601   0.0000214447  -0.0064599722
       -0.0109769180   0.0143498677   0.0098034428   0.0080721052  -0.0130866340
       -0.0600741481  -0.0953481387   0.0970725663  -0.0005246381   0.0004704410
       -0.0001519773  -0.0000163889  -0.0000141202  -0.0000936927   0.0001126985
       -0.0000276124   0.0001244603   0.0018121373  -0.0001329849   0.0039601069
       -0.0011278451   0.0001030142  -0.0043977651   0.0011749569   0.0006587470
        0.0007139958  -0.0089462704  -0.0078450051   0.0113456466   0.0663657957
        0.1052437876  -0.1086593280
        0.0000775582  -0.0001531548  -0.0000646224   0.0011761353   0.0012342691
        0.0001712375  -0.0002004997  -0.0001931170  -0.0001358141   0.0008994856
        0.0055074011  -0.0101919866   0.0087492240   0.0082090504  -0.0198848753
        0.0868717605   0.0970669273  -0.1926135154  -0.0010578808  -0.0007207550
        0.0006791332  -0.0000238497  -0.0000316970  -0.0000627138   0.0001807165
       -0.0001460762   0.0001218011  -0.0002843251  -0.0008785313  -0.0013589303
       -0.0022888695   0.0005811136  -0.0035366303   0.0010589778  -0.0002000594
        0.0012243196  -0.0009187638  -0.0016160428   0.0041730041  -0.0942396694
       -0.1086593280   0.2214795928
