           1           2   1.3291124403414378     
           2           3   1.5588926516630193     
           3           4   1.2308086863857475     
           1           5   1.5588925951633286     
           3           5  0.14210713259671182     
           4           5   1.2308086774080267     
           1           6  0.97553595399333459     
           2           7  0.97553595913918834     
           3           8  0.97175561239026376     
           4           9  0.95091053710884310     
           5          10  0.97175560215995804     
