$hessian                                                                        
        0.4685922660   0.0000565213   0.0101162087  -0.2174686516   0.0000194708
        0.0021896410  -0.0245021112   0.0066728550  -0.0000899047   0.0006761565
        0.0027493492  -0.0002906784  -0.0010748510   0.0000047479  -0.0000679095
        0.0006872867  -0.0027544584  -0.0002902944  -0.0245159549  -0.0066826380
       -0.0000888849  -0.0706155499  -0.0669956614  -0.0401494635  -0.0617659757
        0.0001548561   0.0681197919  -0.0705829092   0.0667781772  -0.0404627684
        0.0010205179  -0.0013405679   0.0003793999  -0.0008108273  -0.0000391384
        0.0000614606   0.0001547704  -0.0000000461   0.0001321616  -0.0008108534
        0.0000389544   0.0000617262   0.0010166867   0.0013375783   0.0003795141
        0.0000565213   0.5294549863  -0.0000118429  -0.0000233860  -0.0660359536
        0.0000013985   0.0257989910  -0.0024402393  -0.0007924722   0.0019683431
       -0.0040249618  -0.0004987251   0.0000025490   0.0001100082   0.0000000426
       -0.0019760480  -0.0040268886   0.0005001155  -0.0257989091  -0.0024303076
        0.0007930610  -0.0679655366  -0.2057119426  -0.0895574027   0.0001674523
       -0.0420426377  -0.0005138080   0.0677648774  -0.2048545668   0.0900804252
        0.0014541683   0.0010996012   0.0002693108   0.0013885475  -0.0001759129
        0.0000790607  -0.0000000156   0.0001531424  -0.0000001280  -0.0013894937
       -0.0001761369  -0.0000791053  -0.0014480610   0.0011018095  -0.0002699299
        0.0101162087  -0.0000118429   0.4881297709  -0.0026787334   0.0000009343
       -0.0597016796  -0.0002475329  -0.0005408030   0.0015531183  -0.0006010096
        0.0000708073   0.0072081330   0.0002872076  -0.0000001819  -0.0002522524
       -0.0006010014  -0.0000692372   0.0072001440  -0.0002436239   0.0005417155
        0.0015375511  -0.0398420421  -0.0896267889  -0.0931139188   0.0739053417
       -0.0005162492  -0.2522501470  -0.0401686078   0.0901521300  -0.0939402714
        0.0001282644  -0.0001949915  -0.0022881351  -0.0000774215   0.0000130390
       -0.0000752916  -0.0000282369  -0.0000001072  -0.0016453578  -0.0000772371
       -0.0000130279  -0.0000743782   0.0001284241   0.0001946037  -0.0022872854
       -0.2174686516  -0.0000233860  -0.0026787334   0.6319205158  -0.0000473795
       -0.0023906532  -0.1489233373   0.1365247820  -0.0004668428  -0.0352899118
        0.0252457525   0.0001248542   0.0050473486  -0.0000026724   0.0001942378
       -0.0352922701  -0.0252456605   0.0001278717  -0.1488822830  -0.1364880878
       -0.0004500549  -0.0165282292  -0.0058651639  -0.0002186489  -0.0193338575
        0.0000268478   0.0073355745  -0.0165473648   0.0058711765  -0.0002378445
        0.0060565737  -0.0128050102  -0.0004613884  -0.0058761914   0.0001757399
       -0.0001442813   0.0009309293  -0.0000000362  -0.0001262290  -0.0058758717
       -0.0001761475  -0.0001444539   0.0060626012   0.0128092454  -0.0004634078
        0.0000194708  -0.0660359536   0.0000009343  -0.0000473795   0.6553591089
       -0.0000313728   0.0580335761  -0.2613671177  -0.0004212903   0.0854309592
        0.0291783424   0.0004389951   0.0000018421  -0.0687134901   0.0000037191
       -0.0854344598   0.0291736374  -0.0004427196  -0.0580158565  -0.2613480269
        0.0004478624  -0.0256312967  -0.0022936577  -0.0000829173   0.0000748965
        0.0013381745  -0.0000079466   0.0255693020  -0.0022828589   0.0000899255
        0.0104193319  -0.0274869136  -0.0000194323  -0.0004515456   0.0013517795
        0.0000069703   0.0000001438  -0.0007394244   0.0000001139   0.0004515466
        0.0013519862  -0.0000060895  -0.0104205309  -0.0274855857   0.0000232477
        0.0021896410   0.0000013985  -0.0597016796  -0.0023906532  -0.0000313728
        0.1483234783  -0.0003874776   0.0003592474  -0.0505801669  -0.0003193739
       -0.0001966518  -0.0003128829  -0.0000984562   0.0000039357  -0.0060976412
       -0.0003087179   0.0001929239  -0.0003103088  -0.0003803421  -0.0003330543
       -0.0505928142  -0.0136802266  -0.0004417826   0.0005650719   0.0290106036
       -0.0000070882  -0.0009106556  -0.0137970456   0.0004480190   0.0005662384
        0.0000508305  -0.0001745385   0.0011606416   0.0000163196  -0.0000219892
        0.0083130055   0.0000267179   0.0000000568   0.0001003306   0.0000162297
        0.0000228502   0.0083142768   0.0000519510   0.0001780458   0.0011631061
       -0.0245021112   0.0257989910  -0.0002475329  -0.1489233373   0.0580335761
       -0.0003874776   0.6679095239   0.0097169480   0.0025593970  -0.3351941687
        0.0394129070  -0.0013035984  -0.0362555679  -0.0849205814  -0.0002495058
       -0.0491717879   0.0309612846  -0.0001999891   0.0577309410   0.0278648148
        0.0007267883   0.0005660183   0.0021344070   0.0004173381  -0.0012326200
        0.0013411304  -0.0004351635  -0.0056362568   0.0007749064  -0.0001539590
       -0.1058210486  -0.1085530568  -0.0006235256  -0.0179255582   0.0028209917
       -0.0000872496  -0.0006121266  -0.0028327600   0.0000081053  -0.0001920412
        0.0007451081  -0.0000502586  -0.0007398588  -0.0032986670   0.0000266313
        0.0066728550  -0.0024402393  -0.0005408030   0.1365247820  -0.2613671177
        0.0003592474   0.0097169480   0.6560942143   0.0005746501  -0.0390560510
       -0.0956474841  -0.0000821972  -0.0253254749   0.0279752585  -0.0000576142
        0.0297219664  -0.0141166280   0.0001870729  -0.0278509929  -0.0655159316
       -0.0002942377  -0.0018678745   0.0006558539  -0.0002280781  -0.0009932483
       -0.0002155184   0.0006864277  -0.0003453468   0.0001616553   0.0001688052
       -0.1084178731  -0.2352060000  -0.0007200533   0.0268364260  -0.0023223836
        0.0000993493  -0.0034277560  -0.0041892079  -0.0000507520   0.0006770156
        0.0006298850   0.0000027465  -0.0028653756  -0.0044963564  -0.0001045637
       -0.0000899047  -0.0007924722   0.0015531183  -0.0004668428  -0.0004212903
       -0.0505801669   0.0025593970   0.0005746501   0.1159469908  -0.0009946921
        0.0003706244  -0.0467588491  -0.0001927787  -0.0007519362   0.0012356582
       -0.0005317926   0.0002936839  -0.0053583691   0.0007303453   0.0003025369
        0.0010044584   0.0001520541   0.0002731347   0.0003040363   0.0003483151
        0.0004420255   0.0001832930  -0.0007453967   0.0003852733   0.0004820165
       -0.0006445792  -0.0006977835  -0.0342967149  -0.0000426806   0.0000065394
        0.0007873153  -0.0000242636  -0.0000085369   0.0078497776  -0.0000034594
        0.0000064730  -0.0001644675  -0.0000537211   0.0000170779   0.0078119030
        0.0006761565   0.0019683431  -0.0006010096  -0.0352899118   0.0854309592
       -0.0003193739  -0.3351941687  -0.0390560510  -0.0009946921   0.6599656499
       -0.0073488506   0.0024378252  -0.1557225419  -0.0637398962  -0.0003543457
        0.0603275768  -0.0300365465   0.0002581085  -0.0491651417  -0.0297269269
       -0.0005281999   0.0003656083  -0.0002794865  -0.0001168087  -0.0003697400
       -0.0004336825   0.0001006371  -0.0008467317  -0.0000120907   0.0005803632
       -0.0181355618  -0.0028026165  -0.0000566489  -0.1069754474   0.1096528579
       -0.0002256232  -0.0188726363  -0.0262783034  -0.0001238331  -0.0005645050
        0.0034262352  -0.0000164577  -0.0001986052  -0.0007639445  -0.0000399412
        0.0027493492  -0.0040249618   0.0000708073   0.0252457525   0.0291783424
       -0.0001966518   0.0394129070  -0.0956474841   0.0003706244  -0.0073488506
        0.6703544539   0.0003300344  -0.1429122457  -0.2732322291  -0.0006117563
        0.0300459270  -0.0682831922   0.0001727138  -0.0309628339  -0.0141217797
       -0.0002928754  -0.0002311173  -0.0003098331  -0.0001127593  -0.0000022012
       -0.0003088298   0.0002043380   0.0010820118  -0.0000923069   0.0000952514
       -0.0270415629  -0.0023362605  -0.0001483159   0.1096939323  -0.2362090515
        0.0001767654  -0.0019895764  -0.0011487854  -0.0000567694   0.0028788060
       -0.0043734523   0.0000187344  -0.0006202976   0.0005553703  -0.0000201410
       -0.0002906784  -0.0004987251   0.0072081330   0.0001248542   0.0004389951
       -0.0003128829  -0.0013035984  -0.0000821972  -0.0467588491   0.0024378252
        0.0003300344   0.1170137740  -0.0004330459  -0.0003411383  -0.0478701304
        0.0002542553  -0.0001641245   0.0013076015  -0.0001959497  -0.0001860277
       -0.0053571032   0.0004186032   0.0003141847   0.0000220409  -0.0016275146
        0.0001871386   0.0002482595   0.0009721750  -0.0001593943   0.0001668866
       -0.0000378842  -0.0000014237   0.0005846158  -0.0002152993   0.0002311372
       -0.0344749655  -0.0000583619  -0.0000849736   0.0004399149  -0.0000392975
        0.0000184618   0.0079858679  -0.0000060831  -0.0000019476  -0.0002031631
       -0.0010748510   0.0000025490   0.0002872076   0.0050473486   0.0000018421
       -0.0000984562  -0.0362555679  -0.0253254749  -0.0001927787  -0.1557225419
       -0.1429122457  -0.0004330459   0.6779219136   0.0000121465   0.0021681149
       -0.1557284334   0.1429086481  -0.0004506928  -0.0362638549   0.0253207027
       -0.0001957463   0.0002419967   0.0002049128   0.0000640342   0.0000435260
       -0.0000002187  -0.0002639413   0.0002408518  -0.0002055344   0.0000649482
       -0.0060032641  -0.0002841048  -0.0000806963   0.0067104422   0.0126360014
        0.0000447843  -0.2998642482  -0.0000088969  -0.0008796455   0.0067102874
       -0.0126338115   0.0000465528  -0.0060036050   0.0002834842  -0.0000806391
        0.0000047479   0.0001100082  -0.0000001819  -0.0000026724  -0.0687134901
        0.0000039357  -0.0849205814   0.0279752585  -0.0007519362  -0.0637398962
       -0.2732322291  -0.0003411383   0.0000121465   0.6526433874  -0.0000334777
        0.0637351838  -0.2731993151   0.0003690585   0.0849142655   0.0279844662
        0.0007488014  -0.0001028201   0.0002921799   0.0003389879   0.0000017129
        0.0004935536   0.0000010753   0.0001050514   0.0002924664  -0.0003402014
        0.0003687256   0.0014206994  -0.0000299162  -0.0116303366  -0.0266629513
       -0.0000374706  -0.0000089112  -0.0441622760   0.0000007145   0.0116323720
       -0.0266624058   0.0000409173  -0.0003689876   0.0014206476   0.0000308318
       -0.0000679095   0.0000000426  -0.0002522524   0.0001942378   0.0000037191
       -0.0060976412  -0.0002495058  -0.0000576142   0.0012356582  -0.0003543457
       -0.0006117563  -0.0478701304   0.0021681149  -0.0000334777   0.1155502715
       -0.0003617926   0.0006398353  -0.0478719363  -0.0002606495   0.0000544113
        0.0012359586  -0.0000415509   0.0000418688   0.0000093389   0.0000308044
        0.0000001493   0.0000006934  -0.0000417755  -0.0000420657   0.0000092517
       -0.0000629749  -0.0000173195   0.0081558850   0.0000128609   0.0000177688
        0.0007650953  -0.0009139723   0.0000006688  -0.0337924653   0.0000113604
       -0.0000143858   0.0007651624  -0.0000629017   0.0000181550   0.0081571107
        0.0006872867  -0.0019760480  -0.0006010014  -0.0352922701  -0.0854344598
       -0.0003087179  -0.0491717879   0.0297219664  -0.0005317926   0.0603275768
        0.0300459270   0.0002542553  -0.1557284334   0.0637351838  -0.0003617926
        0.6599890149   0.0073624270   0.0024372707  -0.3352336293   0.0390396847
       -0.0009999624  -0.0008449858   0.0000144349   0.0005791744  -0.0003634982
        0.0004370095   0.0001020571   0.0003663841   0.0002824937  -0.0001171606
       -0.0001985469   0.0007640299  -0.0000399400  -0.0005640025  -0.0034261078
       -0.0000159885  -0.0188739842   0.0262766979  -0.0001272462  -0.1069616820
       -0.1096446545  -0.0002121884  -0.0181374422   0.0028014155  -0.0000569669
       -0.0027544584  -0.0040268886  -0.0000692372  -0.0252456605   0.0291736374
        0.0001929239   0.0309612846  -0.0141166280   0.0002936839  -0.0300365465
       -0.0682831922  -0.0001641245   0.1429086481  -0.2731993151   0.0006398353
        0.0073624270   0.6703351375  -0.0003982744  -0.0394287456  -0.0956484489
       -0.0003646331  -0.0010865913  -0.0000930320  -0.0000955160   0.0000044385
       -0.0003091487  -0.0002047141   0.0002307092  -0.0003106913   0.0001136381
        0.0006200913   0.0005552323   0.0000199290  -0.0028784340  -0.0043737631
       -0.0000173946   0.0019880431  -0.0011466265   0.0000568947  -0.1096857604
       -0.2362221061  -0.0001517224   0.0270405549  -0.0023341668   0.0001487116
       -0.0002902944   0.0005001155   0.0072001440   0.0001278717  -0.0004427196
       -0.0003103088  -0.0001999891   0.0001870729  -0.0053583691   0.0002581085
        0.0001727138   0.0013076015  -0.0004506928   0.0003690585  -0.0478719363
        0.0024372707  -0.0003982744   0.1170134408  -0.0012990082   0.0000881411
       -0.0467534817   0.0009646447   0.0001574109   0.0001680960  -0.0016244699
       -0.0001835749   0.0002486075   0.0004232752  -0.0003155495   0.0000226542
       -0.0000061455   0.0000018620  -0.0002031729  -0.0000389476  -0.0000169481
        0.0079870202  -0.0000586244   0.0000851409   0.0004400502  -0.0002017507
       -0.0002062425  -0.0344753280  -0.0000412481   0.0000017933   0.0005849824
       -0.0245159549  -0.0257989091  -0.0002436239  -0.1488822830  -0.0580158565
       -0.0003803421   0.0577309410  -0.0278509929   0.0007303453  -0.0491651417
       -0.0309628339  -0.0001959497  -0.0362638549   0.0849142655  -0.0002606495
       -0.3352336293  -0.0394287456  -0.0012990082   0.6679564734  -0.0097333402
        0.0025607881  -0.0056530326  -0.0007742013  -0.0001538000  -0.0012189170
       -0.0013472393  -0.0004378487   0.0005611449  -0.0021333703   0.0004202193
       -0.0007402939   0.0032990156   0.0000261573  -0.0001919894  -0.0007451610
       -0.0000500264  -0.0006129193   0.0028331559   0.0000079679  -0.0179244515
       -0.0028223773  -0.0000870004  -0.1058460916   0.1085665904  -0.0006372289
       -0.0066826380  -0.0024303076   0.0005417155  -0.1364880878  -0.2613480269
       -0.0003330543   0.0278648148  -0.0655159316   0.0003025369  -0.0297269269
       -0.0141217797  -0.0001860277   0.0253207027   0.0279844662   0.0000544113
        0.0390396847  -0.0956484489   0.0000881411  -0.0097333402   0.6560542443
       -0.0006421711   0.0003405296   0.0001609674  -0.0001698235   0.0009934461
       -0.0002184231  -0.0006875972   0.0018615935   0.0006494347   0.0002303461
        0.0028649001  -0.0044960248   0.0001061037  -0.0006771298   0.0006297230
       -0.0000027066   0.0034279888  -0.0041889091   0.0000521852  -0.0268375122
       -0.0023242490  -0.0000990968   0.1084319747  -0.2351867349   0.0007450372
       -0.0000888849   0.0007930610   0.0015375511  -0.0004500549   0.0004478624
       -0.0505928142   0.0007267883  -0.0002942377   0.0010044584  -0.0005281999
       -0.0002928754  -0.0053571032  -0.0001957463   0.0007488014   0.0012359586
       -0.0009999624  -0.0003646331  -0.0467534817   0.0025607881  -0.0006421711
        0.1159519315  -0.0007415111  -0.0003856980   0.0004912997   0.0003447854
       -0.0004408574   0.0001908384   0.0001515371  -0.0002736384   0.0003099829
       -0.0000540230  -0.0000155761   0.0078117296  -0.0000033594  -0.0000065401
       -0.0001649075  -0.0000247020   0.0000100044   0.0078481145  -0.0000393440
       -0.0000061862   0.0007866783  -0.0006581111   0.0007226843  -0.0343002364
       -0.0706155499  -0.0679655366  -0.0398420421  -0.0165282292  -0.0256312967
       -0.0136802266   0.0005660183  -0.0018678745   0.0001520541   0.0003656083
       -0.0002311173   0.0004186032   0.0002419967  -0.0001028201  -0.0000415509
       -0.0008449858  -0.0010865913   0.0009646447  -0.0056530326   0.0003405296
       -0.0007415111   0.0850426118   0.0798685960   0.0447255796   0.0040356388
        0.0069570179   0.0042051594   0.0039446667   0.0082708275   0.0044555651
       -0.0002917471   0.0010476900  -0.0003274111   0.0001648831   0.0000221749
        0.0000193679   0.0000505033   0.0000609411  -0.0001354604  -0.0003802132
       -0.0000148360   0.0000311843  -0.0000981690   0.0003322955  -0.0002039562
       -0.0669956614  -0.2057119426  -0.0896267889  -0.0058651639  -0.0022936577
       -0.0004417826   0.0021344070   0.0006558539   0.0002731347  -0.0002794865
       -0.0003098331   0.0003141847   0.0002049128   0.0002921799   0.0000418688
        0.0000144349  -0.0000930320   0.0001574109  -0.0007742013   0.0001609674
       -0.0003856980   0.0798685960   0.2360446245   0.1051919706  -0.0004089606
       -0.0020508802  -0.0031597633  -0.0082521313  -0.0274140036  -0.0120470985
        0.0002726616   0.0002200659  -0.0001555706   0.0000604538   0.0000418124
       -0.0000185233  -0.0000449432   0.0000371179  -0.0001030484  -0.0000495316
        0.0000016472  -0.0000047065   0.0001146136   0.0004190803  -0.0000355896
       -0.0401494635  -0.0895574027  -0.0931139188  -0.0002186489  -0.0000829173
        0.0005650719   0.0004173381  -0.0002280781   0.0003040363  -0.0001168087
       -0.0001127593   0.0000220409   0.0000640342   0.0003389879   0.0000093389
        0.0005791744  -0.0000955160   0.0001680960  -0.0001538000  -0.0001698235
        0.0004912997   0.0447255796   0.1051919706   0.1047043231  -0.0094105998
       -0.0281651046  -0.0195984896   0.0044953479   0.0122070657   0.0065838820
       -0.0002841754   0.0005157201  -0.0000092398   0.0000390753   0.0000273304
       -0.0000157221   0.0000081883   0.0000316621  -0.0000200062   0.0000216515
        0.0000126111  -0.0000632343  -0.0000168928   0.0000862535  -0.0000274780
       -0.0617659757   0.0001674523   0.0739053417  -0.0193338575   0.0000748965
        0.0290106036  -0.0012326200  -0.0009932483   0.0003483151  -0.0003697400
       -0.0000022012  -0.0016275146   0.0000435260   0.0000017129   0.0000308044
       -0.0003634982   0.0000044385  -0.0016244699  -0.0012189170   0.0009934461
        0.0003447854   0.0040356388  -0.0004089606  -0.0094105998   0.0759686755
       -0.0001989930  -0.0829770198   0.0040373122   0.0003642508  -0.0094097904
        0.0000817394   0.0000139261   0.0005190541  -0.0000112980  -0.0000014191
        0.0000109078   0.0000559968  -0.0000001260   0.0003488914  -0.0000098178
        0.0000014186   0.0000110487   0.0000828356  -0.0000165936   0.0005196424
        0.0001548561  -0.0420426377  -0.0005162492   0.0000268478   0.0013381745
       -0.0000070882   0.0013411304  -0.0002155184   0.0004420255  -0.0004336825
       -0.0003088298   0.0001871386  -0.0000002187   0.0004935536   0.0000001493
        0.0004370095  -0.0003091487  -0.0001835749  -0.0013472393  -0.0002184231
       -0.0004408574   0.0069570179  -0.0020508802  -0.0281651046  -0.0001989930
        0.0455459715   0.0005999017  -0.0069361640  -0.0019015396   0.0280865829
        0.0000429704  -0.0001384163  -0.0000758115   0.0000010914  -0.0000120426
       -0.0000456807   0.0000000126  -0.0000280639  -0.0000006793  -0.0000009948
       -0.0000121737   0.0000454889  -0.0000436438  -0.0001400254   0.0000737589
        0.0681197919  -0.0005138080  -0.2522501470   0.0073355745  -0.0000079466
       -0.0009106556  -0.0004351635   0.0006864277   0.0001832930   0.0001006371
        0.0002043380   0.0002482595  -0.0002639413   0.0000010753   0.0000006934
        0.0001020571  -0.0002047141   0.0002486075  -0.0004378487  -0.0006875972
        0.0001908384   0.0042051594  -0.0031597633  -0.0195984896  -0.0829770198
        0.0005999017   0.2920701311   0.0042387896   0.0030779108  -0.0197537269
        0.0000567054  -0.0000920373  -0.0001843407  -0.0000512893  -0.0000136232
        0.0000125988   0.0000002049   0.0000002065  -0.0000846310  -0.0000514815
        0.0000138584   0.0000123913   0.0000578242   0.0000957713  -0.0001848222
       -0.0705829092   0.0677648774  -0.0401686078  -0.0165473648   0.0255693020
       -0.0137970456  -0.0056362568  -0.0003453468  -0.0007453967  -0.0008467317
        0.0010820118   0.0009721750   0.0002408518   0.0001050514  -0.0000417755
        0.0003663841   0.0002307092   0.0004232752   0.0005611449   0.0018615935
        0.0001515371   0.0039446667  -0.0082521313   0.0044953479   0.0040373122
       -0.0069361640   0.0042387896   0.0850126710  -0.0796375198   0.0450928905
       -0.0000980374  -0.0003316106  -0.0002055756  -0.0003791190   0.0000147697
        0.0000313221   0.0000505204  -0.0000607543  -0.0001367536   0.0001646447
       -0.0000220575   0.0000193592  -0.0002877770  -0.0010427308  -0.0003295420
        0.0667781772  -0.2048545668   0.0901521300   0.0058711765  -0.0022828589
        0.0004480190   0.0007749064   0.0001616553   0.0003852733  -0.0000120907
       -0.0000923069  -0.0001593943  -0.0002055344   0.0002924664  -0.0000420657
        0.0002824937  -0.0003106913  -0.0003155495  -0.0021333703   0.0006494347
       -0.0002736384   0.0082708275  -0.0274140036   0.0122070657   0.0003642508
       -0.0019015396   0.0030779108  -0.0796375198   0.2350371027  -0.1057998296
       -0.0001147258   0.0004180339   0.0000366273   0.0000493034   0.0000015463
        0.0000048585   0.0000448979   0.0000368964   0.0001037093  -0.0000602571
        0.0000416037   0.0000185583  -0.0002725352   0.0002172278   0.0001563253
       -0.0404627684   0.0900804252  -0.0939402714  -0.0002378445   0.0000899255
        0.0005662384  -0.0001539590   0.0001688052   0.0004820165   0.0005803632
        0.0000952514   0.0001668866   0.0000649482  -0.0003402014   0.0000092517
       -0.0001171606   0.0001136381   0.0000226542   0.0004202193   0.0002303461
        0.0003099829   0.0044555651  -0.0120470985   0.0065838820  -0.0094097904
        0.0280865829  -0.0197537269   0.0450928905  -0.1057998296   0.1056883754
       -0.0000167221  -0.0000873428  -0.0000269082   0.0000217598  -0.0000126749
       -0.0000623991   0.0000081911  -0.0000318748  -0.0000200008   0.0000393986
       -0.0000275134  -0.0000156933  -0.0002850908  -0.0005184390  -0.0000102881
        0.0010205179   0.0014541683   0.0001282644   0.0060565737   0.0104193319
        0.0000508305  -0.1058210486  -0.1084178731  -0.0006445792  -0.0181355618
       -0.0270415629  -0.0000378842  -0.0060032641   0.0003687256  -0.0000629749
       -0.0001985469   0.0006200913  -0.0000061455  -0.0007402939   0.0028649001
       -0.0000540230  -0.0002917471   0.0002726616  -0.0002841754   0.0000817394
        0.0000429704   0.0000567054  -0.0000980374  -0.0001147258  -0.0000167221
        0.1239662756   0.1209072457   0.0008252708   0.0007582481  -0.0007699792
        0.0000211932  -0.0009227595  -0.0013680094  -0.0000327037   0.0000250211
        0.0000295550   0.0000098940   0.0003028835   0.0007325006   0.0000470496
       -0.0013405679   0.0010996012  -0.0001949915  -0.0128050102  -0.0274869136
       -0.0001745385  -0.1085530568  -0.2352060000  -0.0006977835  -0.0028026165
       -0.0023362605  -0.0000014237  -0.0002841048   0.0014206994  -0.0000173195
        0.0007640299   0.0005552323   0.0000018620   0.0032990156  -0.0044960248
       -0.0000155761   0.0010476900   0.0002200659   0.0005157201   0.0000139261
       -0.0001384163  -0.0000920373  -0.0003316106   0.0004180339  -0.0000873428
        0.1209072457   0.2662377554   0.0007423959   0.0007762111   0.0011256388
        0.0000107236   0.0000074649  -0.0001420623  -0.0000032110   0.0000340555
        0.0001205027   0.0000041661  -0.0007326719  -0.0013918521   0.0000093561
        0.0003793999   0.0002693108  -0.0022881351  -0.0004613884  -0.0000194323
        0.0011606416  -0.0006235256  -0.0007200533  -0.0342967149  -0.0000566489
       -0.0001483159   0.0005846158  -0.0000806963  -0.0000299162   0.0081558850
       -0.0000399400   0.0000199290  -0.0002031729   0.0000261573   0.0001061037
        0.0078117296  -0.0003274111  -0.0001555706  -0.0000092398   0.0005190541
       -0.0000758115  -0.0001843407  -0.0002055756   0.0000366273  -0.0000269082
        0.0008252708   0.0007423959   0.0239544924   0.0000081057   0.0000035068
       -0.0027588710  -0.0000145582  -0.0000152572   0.0000569094   0.0000046141
       -0.0000043442  -0.0018456958   0.0000471422  -0.0000091724  -0.0001111955
       -0.0008108273   0.0013885475  -0.0000774215  -0.0058761914  -0.0004515456
        0.0000163196  -0.0179255582   0.0268364260  -0.0000426806  -0.1069754474
        0.1096939323  -0.0002152993   0.0067104422  -0.0116303366   0.0000128609
       -0.0005640025  -0.0028784340  -0.0000389476  -0.0001919894  -0.0006771298
       -0.0000033594   0.0001648831   0.0000604538   0.0000390753  -0.0000112980
        0.0000010914  -0.0000512893  -0.0003791190   0.0000493034   0.0000217598
        0.0007582481   0.0007762111   0.0000081057   0.1238350176  -0.1215938963
        0.0003080682   0.0009752110  -0.0008500973   0.0000154574   0.0002654415
       -0.0006904108   0.0000027293   0.0000251899  -0.0000341150   0.0000046216
       -0.0000391384  -0.0001759129   0.0000130390   0.0001757399   0.0013517795
       -0.0000219892   0.0028209917  -0.0023223836   0.0000065394   0.1096528579
       -0.2362090515   0.0002311372   0.0126360014  -0.0266629513   0.0000177688
       -0.0034261078  -0.0043737631  -0.0000169481  -0.0007451610   0.0006297230
       -0.0000065401   0.0000221749   0.0000418124   0.0000273304  -0.0000014191
       -0.0000120426  -0.0000136232   0.0000147697   0.0000015463  -0.0000126749
       -0.0007699792   0.0011256388   0.0000035068  -0.1215938963   0.2669964186
       -0.0002432846   0.0005922961   0.0008384377   0.0000031211   0.0006905123
       -0.0013497490   0.0000085012  -0.0000296421   0.0001204977   0.0000041160
        0.0000614606   0.0000790607  -0.0000752916  -0.0001442813   0.0000069703
        0.0083130055  -0.0000872496   0.0000993493   0.0007873153  -0.0002256232
        0.0001767654  -0.0344749655   0.0000447843  -0.0000374706   0.0007650953
       -0.0000159885  -0.0000173946   0.0079870202  -0.0000500264  -0.0000027066
       -0.0001649075   0.0000193679  -0.0000185233  -0.0000157221   0.0000109078
       -0.0000456807   0.0000125988   0.0000313221   0.0000048585  -0.0000623991
        0.0000211932   0.0000107236  -0.0027588710   0.0003080682  -0.0002432846
        0.0241524483   0.0000135717   0.0000000651  -0.0025923783   0.0000026272
       -0.0000083092  -0.0000270402   0.0000098660  -0.0000044233  -0.0018459078
        0.0001547704  -0.0000000156  -0.0000282369   0.0009309293   0.0000001438
        0.0000267179  -0.0006121266  -0.0034277560  -0.0000242636  -0.0188726363
       -0.0019895764  -0.0000583619  -0.2998642482  -0.0000089112  -0.0009139723
       -0.0188739842   0.0019880431  -0.0000586244  -0.0006129193   0.0034279888
       -0.0000247020   0.0000505033  -0.0000449432   0.0000081883   0.0000559968
        0.0000000126   0.0000002049   0.0000505204   0.0000448979   0.0000081911
       -0.0009227595   0.0000074649  -0.0000145582   0.0009752110   0.0005922961
        0.0000135717   0.3374883874   0.0000101369   0.0010668109   0.0009751578
       -0.0005922971   0.0000136152  -0.0009228022  -0.0000074846  -0.0000145807
       -0.0000000461   0.0001531424  -0.0000001072  -0.0000000362  -0.0007394244
        0.0000000568  -0.0028327600  -0.0041892079  -0.0000085369  -0.0262783034
       -0.0011487854  -0.0000849736  -0.0000088969  -0.0441622760   0.0000006688
        0.0262766979  -0.0011466265   0.0000851409   0.0028331559  -0.0041889091
        0.0000100044   0.0000609411   0.0000371179   0.0000316621  -0.0000001260
       -0.0000280639   0.0000002065  -0.0000607543   0.0000368964  -0.0000318748
       -0.0013680094  -0.0001420623  -0.0000152572  -0.0008500973   0.0008384377
        0.0000000651   0.0000101369   0.0539833307  -0.0000018422   0.0008501104
        0.0008384043  -0.0000004948   0.0013679875  -0.0001419739   0.0000152818
        0.0001321616  -0.0000001280  -0.0016453578  -0.0001262290   0.0000001139
        0.0001003306   0.0000081053  -0.0000507520   0.0078497776  -0.0001238331
       -0.0000567694   0.0004399149  -0.0008796455   0.0000007145  -0.0337924653
       -0.0001272462   0.0000568947   0.0004400502   0.0000079679   0.0000521852
        0.0078481145  -0.0001354604  -0.0001030484  -0.0000200062   0.0003488914
       -0.0000006793  -0.0000846310  -0.0001367536   0.0001037093  -0.0000200008
       -0.0000327037  -0.0000032110   0.0000569094   0.0000154574   0.0000031211
       -0.0025923783   0.0010668109  -0.0000018422   0.0239549461   0.0000153761
       -0.0000035377  -0.0025919034  -0.0000328991   0.0000032293   0.0000566996
       -0.0008108534  -0.0013894937  -0.0000772371  -0.0058758717   0.0004515466
        0.0000162297  -0.0001920412   0.0006770156  -0.0000034594  -0.0005645050
        0.0028788060  -0.0000392975   0.0067102874   0.0116323720   0.0000113604
       -0.1069616820  -0.1096857604  -0.0002017507  -0.0179244515  -0.0268375122
       -0.0000393440  -0.0003802132  -0.0000495316   0.0000216515  -0.0000098178
       -0.0000009948  -0.0000514815   0.0001646447  -0.0000602571   0.0000393986
        0.0000250211   0.0000340555   0.0000046141   0.0002654415   0.0006905123
        0.0000026272   0.0009751578   0.0008501104   0.0000153761   0.1238204421
        0.1215853331   0.0002931053   0.0007584413  -0.0007762017   0.0000082072
        0.0000389544  -0.0001761369  -0.0000130279  -0.0001761475   0.0013519862
        0.0000228502   0.0007451081   0.0006298850   0.0000064730   0.0034262352
       -0.0043734523   0.0000184618  -0.0126338115  -0.0266624058  -0.0000143858
       -0.1096446545  -0.2362221061  -0.0002062425  -0.0028223773  -0.0023242490
       -0.0000061862  -0.0000148360   0.0000016472   0.0000126111   0.0000014186
       -0.0000121737   0.0000138584  -0.0000220575   0.0000416037  -0.0000275134
        0.0000295550   0.0001205027  -0.0000043442  -0.0006904108  -0.0013497490
       -0.0000083092  -0.0005922971   0.0008384043  -0.0000035377   0.1215853331
        0.2670106026   0.0002132992   0.0007699879   0.0011256410  -0.0000040069
        0.0000617262  -0.0000791053  -0.0000743782  -0.0001444539  -0.0000060895
        0.0083142768  -0.0000502586   0.0000027465  -0.0001644675  -0.0000164577
        0.0000187344   0.0079858679   0.0000465528   0.0000409173   0.0007651624
       -0.0002121884  -0.0001517224  -0.0344753280  -0.0000870004  -0.0000990968
        0.0007866783   0.0000311843  -0.0000047065  -0.0000632343   0.0000110487
        0.0000454889   0.0000123913   0.0000193592   0.0000185583  -0.0000156933
        0.0000098940   0.0000041661  -0.0018456958   0.0000027293   0.0000085012
       -0.0000270402   0.0000136152  -0.0000004948  -0.0025919034   0.0002931053
        0.0002132992   0.0241527354   0.0000211438  -0.0000111965  -0.0027593714
        0.0010166867  -0.0014480610   0.0001284241   0.0060626012  -0.0104205309
        0.0000519510  -0.0007398588  -0.0028653756  -0.0000537211  -0.0001986052
       -0.0006202976  -0.0000060831  -0.0060036050  -0.0003689876  -0.0000629017
       -0.0181374422   0.0270405549  -0.0000412481  -0.1058460916   0.1084319747
       -0.0006581111  -0.0000981690   0.0001146136  -0.0000168928   0.0000828356
       -0.0000436438   0.0000578242  -0.0002877770  -0.0002725352  -0.0002850908
        0.0003028835  -0.0007326719   0.0000471422   0.0000251899  -0.0000296421
        0.0000098660  -0.0009228022   0.0013679875  -0.0000328991   0.0007584413
        0.0007699879   0.0000211438   0.1239857127  -0.1209233726   0.0008405965
        0.0013375783   0.0011018095   0.0001946037   0.0128092454  -0.0274855857
        0.0001780458  -0.0032986670  -0.0044963564   0.0000170779  -0.0007639445
        0.0005553703  -0.0000019476   0.0002834842   0.0014206476   0.0000181550
        0.0028014155  -0.0023341668   0.0000017933   0.1085665904  -0.2351867349
        0.0007226843   0.0003322955   0.0004190803   0.0000862535  -0.0000165936
       -0.0001400254   0.0000957713  -0.0010427308   0.0002172278  -0.0005184390
        0.0007325006  -0.0013918521  -0.0000091724  -0.0000341150   0.0001204977
       -0.0000044233  -0.0000074846  -0.0001419739   0.0000032293  -0.0007762017
        0.0011256410  -0.0000111965  -0.1209233726   0.2662164211  -0.0007724354
        0.0003795141  -0.0002699299  -0.0022872854  -0.0004634078   0.0000232477
        0.0011631061   0.0000266313  -0.0001045637   0.0078119030  -0.0000399412
       -0.0000201410  -0.0002031631  -0.0000806391   0.0000308318   0.0081571107
       -0.0000569669   0.0001487116   0.0005849824  -0.0006372289   0.0007450372
       -0.0343002364  -0.0002039562  -0.0000355896  -0.0000274780   0.0005196424
        0.0000737589  -0.0001848222  -0.0003295420   0.0001563253  -0.0000102881
        0.0000470496   0.0000093561  -0.0001111955   0.0000046216   0.0000041160
       -0.0018459078  -0.0000145807   0.0000152818   0.0000566996   0.0000082072
       -0.0000040069  -0.0027593714   0.0008405965  -0.0007724354   0.0239559461
