$hessian                                                                        
        0.6546418468   0.0038376841   0.0000117368  -0.3129620220  -0.0267868693
       -0.0000048602  -0.0067780567  -0.0887613447   0.0000012778  -0.0568789814
        0.0154052624  -0.0000013545   0.0489974665   0.0641384422  -0.0000009673
       -0.2249648731   0.0852595401  -0.0000063828  -0.0001867024  -0.0056046511
       -0.0000002983   0.0063292589  -0.0008414494   0.0000002458  -0.0027400193
       -0.0004625383  -0.0000001524  -0.0579726856  -0.0593162479   0.0000027350
       -0.0234461317  -0.0045054311  -0.0000011765  -0.0005271142  -0.0001123157
        0.0000000188  -0.0235063355   0.0183874135  -0.0000009722  -0.0000056502
       -0.0006374946   0.0000001502
        0.0038376841   0.6774430456  -0.0000202849  -0.1043268506  -0.1129479464
       -0.0000010919  -0.0327178046  -0.0100234745   0.0000005648   0.0124253521
        0.0001357026   0.0000000045   0.0087240000  -0.0529592669   0.0000012456
        0.1612920395  -0.2118850268   0.0000084754  -0.0031189782  -0.0039665422
        0.0000003792  -0.0019223709  -0.0064352232  -0.0000003222  -0.0010095329
        0.0008687454  -0.0000000559  -0.0594259067  -0.2896463056   0.0000112102
        0.0191174283   0.0049245542   0.0000002147   0.0004188544   0.0008162100
       -0.0000000354  -0.0045154859   0.0052755905  -0.0000002301   0.0012215715
       -0.0016000626  -0.0000000741
        0.0000117368  -0.0000202849   0.1161359238  -0.0000035575   0.0000004663
       -0.0468159688   0.0000001778  -0.0000014565   0.0021619205  -0.0000008837
       -0.0000000504  -0.0040286702   0.0000004990   0.0000023948  -0.0026086969
       -0.0000090063   0.0000078633  -0.0436479818  -0.0000002038   0.0000001469
        0.0053590127  -0.0000001535   0.0000004507   0.0082828349   0.0000002085
       -0.0000000915  -0.0017037782   0.0000022217   0.0000104043  -0.0350314435
       -0.0000006389  -0.0000000403   0.0003460074  -0.0000000385  -0.0000000057
       -0.0001912501  -0.0000003429   0.0000002137   0.0003949906  -0.0000000187
       -0.0000000107   0.0013470997
       -0.3129620220  -0.1043268506  -0.0000035575   0.6686106835  -0.0173340469
        0.0000074923  -0.0896240184  -0.0148600794  -0.0000012071   0.0422893691
        0.0074419337   0.0000007212  -0.0266602459  -0.0356792845   0.0000005345
       -0.0623511711   0.0574845722  -0.0000025982  -0.0009838501   0.0028577090
        0.0000002097  -0.0201074550  -0.0322518093   0.0000003682  -0.0007791672
        0.0029460364   0.0000001367  -0.0085490527  -0.0046099900  -0.0000007846
       -0.1841349187   0.1308377652  -0.0000006237  -0.0028108801   0.0039604545
       -0.0000003535  -0.0022862309   0.0034570946  -0.0000002305   0.0003489594
        0.0000764949  -0.0000001076
       -0.0267868693  -0.1129479464   0.0000004663  -0.0173340469   0.6440283903
       -0.0000032627  -0.0660689161  -0.3019046821   0.0000000314   0.0558879070
       -0.0536321947   0.0000022347  -0.0342122611  -0.0316989261   0.0000001753
       -0.0003143637   0.0494348602  -0.0000010304   0.0014461105   0.0009070639
        0.0000001587  -0.0316972141  -0.0176955310  -0.0000000353   0.0094846608
        0.0024096493   0.0000003917  -0.0280356051  -0.0109009218  -0.0000008373
        0.1304891283  -0.1647035825   0.0000012246   0.0032605255  -0.0017975138
        0.0000000029   0.0037350534  -0.0021277564   0.0000005476   0.0001458909
        0.0006290912  -0.0000000674
       -0.0000048602  -0.0000010919  -0.0468159688   0.0000074923  -0.0000032627
        0.1107906776   0.0000001584  -0.0000000366  -0.0471905991  -0.0000006968
        0.0000016300   0.0028470436   0.0000002405  -0.0000000024  -0.0058318082
       -0.0000014208   0.0000003399   0.0016871240  -0.0000000073   0.0000000013
       -0.0003420075   0.0000007838   0.0000006555  -0.0003261541  -0.0000002819
       -0.0000001085   0.0012339853   0.0000005648   0.0000001408   0.0009202678
       -0.0000013987   0.0000011131  -0.0321458303  -0.0000003564   0.0000003471
        0.0071005037  -0.0000002117   0.0000003012   0.0080032598  -0.0000000059
       -0.0000000266   0.0000695063
       -0.0067780567  -0.0327178046   0.0000001778  -0.0896240184  -0.0660689161
        0.0000001584   0.6504101722   0.0090192656   0.0000024616  -0.1945552470
        0.1387746438  -0.0000097614  -0.0572581972  -0.0032044550  -0.0000013726
        0.0002250903   0.0167212674  -0.0000003917  -0.0072172430   0.0008783272
       -0.0000003289  -0.2504413386  -0.0590331920   0.0000101023  -0.0489045789
       -0.0208156980  -0.0000002515  -0.0053722191  -0.0020806161  -0.0000003614
        0.0039825995   0.0202858870   0.0000001100   0.0045530411  -0.0020991005
        0.0000000191   0.0009270308   0.0005069751  -0.0000002904   0.0000529650
       -0.0001665837  -0.0000002715
       -0.0887613447  -0.0100234745  -0.0000014565  -0.0148600794  -0.3019046821
       -0.0000000366   0.0090192656   0.6309332044  -0.0000150353   0.0900392588
       -0.1992810134   0.0000096566   0.0532360218   0.0485700847  -0.0000000487
        0.0192195423  -0.0540696524   0.0000012970  -0.0040541014  -0.0013142237
       -0.0000001411  -0.0580579581  -0.0770305579   0.0000035012  -0.0213071674
        0.0115964825  -0.0000000333  -0.0022463574   0.0002677976   0.0000000907
       -0.0022534786  -0.0230815015  -0.0000002300   0.0201585615  -0.0233514563
        0.0000019485   0.0001263663  -0.0005374258   0.0000000154  -0.0002585295
       -0.0007735817   0.0000004721
        0.0000012778   0.0000005648   0.0021619205  -0.0000012071   0.0000000314
       -0.0471905991   0.0000024616  -0.0000150353   0.1183688317  -0.0000091449
        0.0000104581  -0.0439086168  -0.0000025493  -0.0000019717  -0.0015296049
        0.0000002407   0.0000011768  -0.0043184319   0.0000001630   0.0000002060
        0.0067345449   0.0000116192   0.0000038329  -0.0537747922  -0.0000027890
       -0.0000009712   0.0160216821   0.0000000244   0.0000004104   0.0075243398
        0.0000001250   0.0000007570  -0.0000276208  -0.0000002741   0.0000004431
       -0.0002166938   0.0000000579   0.0000000667  -0.0002322135  -0.0000000052
        0.0000000310   0.0003872538
       -0.0568789814   0.0124253521  -0.0000008837   0.0422893691   0.0558879070
       -0.0000006968  -0.1945552470   0.0900392588  -0.0000091449   0.6538342780
        0.0035319523   0.0000152367  -0.2916255624  -0.0302097528  -0.0000053144
       -0.0009434971  -0.0812112737   0.0000018352  -0.0502731547   0.0030367471
       -0.0000017147  -0.0493804959   0.0120197506  -0.0000012136   0.0057257391
       -0.0007732568   0.0000004851  -0.0004490212   0.0001665680   0.0000001381
        0.0004848252  -0.0018363325  -0.0000001691  -0.0600070580  -0.0601490937
        0.0000011075   0.0000582004  -0.0012541151   0.0000001237   0.0017206061
       -0.0016737114   0.0000002110
        0.0154052624   0.0001357026  -0.0000000504   0.0074419337  -0.0536321947
        0.0000016300   0.1387746438  -0.1992810134   0.0000104581   0.0035319523
        0.6570431936  -0.0000163330  -0.1118304142  -0.1146667486  -0.0000009449
       -0.0312372689  -0.0081311124  -0.0000002385   0.0343120339   0.0006994487
        0.0000005828   0.0105983404   0.0108104660  -0.0000003340  -0.0068812601
       -0.0042049703  -0.0000001747   0.0005644923   0.0009102196  -0.0000000277
       -0.0013110999  -0.0052963341   0.0000004226  -0.0605014833  -0.2812892799
        0.0000051005  -0.0014307312  -0.0057031103   0.0000000323   0.0025635987
        0.0026057331  -0.0000001232
       -0.0000013545   0.0000000045  -0.0040286702   0.0000007212   0.0000022347
        0.0028470436  -0.0000097614   0.0000096566  -0.0439086168   0.0000152367
       -0.0000163330   0.1060022053  -0.0000038907   0.0000010253  -0.0495171228
        0.0000003993  -0.0000016724   0.0003538540  -0.0000012676  -0.0000000772
        0.0062837725  -0.0000008949  -0.0000005989  -0.0004161528   0.0000003519
        0.0000002465   0.0012988232  -0.0000000333   0.0000000053  -0.0001665721
       -0.0000000543  -0.0000000408   0.0066727664   0.0000006718   0.0000053974
       -0.0311181403  -0.0000000815   0.0000003009   0.0070506119  -0.0000000426
       -0.0000001490  -0.0013538019
        0.0489974665   0.0087240000   0.0000004990  -0.0266602459  -0.0342122611
        0.0000002405  -0.0572581972   0.0532360218  -0.0000025493  -0.2916255624
       -0.1118304142  -0.0000038907   0.6612827327   0.0061553549   0.0000090823
       -0.1061154960  -0.0182731763  -0.0000004980  -0.2178059217   0.1224457146
       -0.0000020486  -0.0010630235   0.0036345492  -0.0000000890  -0.0002220556
       -0.0005524562  -0.0000001171  -0.0025841552   0.0036703691  -0.0000005489
       -0.0002087847  -0.0004265576  -0.0000000145  -0.0085886708  -0.0032933753
       -0.0000007039  -0.0102401269  -0.0301917323   0.0000005818   0.0120920407
        0.0009139633   0.0000000564
        0.0641384422  -0.0529592669   0.0000023948  -0.0356792845  -0.0316989261
       -0.0000000024  -0.0032044550   0.0485700847  -0.0000019717  -0.0302097528
       -0.1146667486   0.0000010253   0.0061553549   0.6531378408  -0.0000082419
       -0.0945427389  -0.2858594760   0.0000032347   0.0887936995  -0.1593893653
        0.0000027234   0.0102625605   0.0004046120   0.0000008215  -0.0030719822
       -0.0004184450  -0.0000002399   0.0029427484  -0.0014991290   0.0000001818
       -0.0006278978  -0.0000161244   0.0000002431  -0.0273450397  -0.0134060506
       -0.0000005731  -0.0048807819  -0.0093934793   0.0000001801   0.0272691273
       -0.0328055263   0.0000002242
       -0.0000009673   0.0000012456  -0.0026086969   0.0000005345   0.0000001753
       -0.0058318082  -0.0000013726  -0.0000000487  -0.0015296049  -0.0000053144
       -0.0000009449  -0.0495171228   0.0000090823  -0.0000082419   0.1292743353
        0.0000012661   0.0000037692  -0.0523942972  -0.0000023803   0.0000027620
       -0.0366577080  -0.0000004692   0.0000001236   0.0089007274   0.0000002779
        0.0000000783  -0.0019072592  -0.0000003570   0.0000004700   0.0088352581
        0.0000000256  -0.0000000503   0.0005653561   0.0000004562   0.0000001891
        0.0015706183  -0.0000001025  -0.0000001924   0.0025179784  -0.0000006792
        0.0000006650  -0.0012177764
       -0.2249648731   0.1612920395  -0.0000090063  -0.0623511711  -0.0003143637
       -0.0000014208   0.0002250903   0.0192195423   0.0000002407  -0.0009434971
       -0.0312372689   0.0000003993  -0.1061154960  -0.0945427389   0.0000012661
        0.6886031366  -0.0163946044   0.0000100172   0.0042286690   0.0335884199
       -0.0000003425  -0.0029960979  -0.0003062378  -0.0000003021   0.0017485850
        0.0004013116  -0.0000000673   0.0040311856  -0.0026041741   0.0000003035
       -0.0053316924  -0.0016794575  -0.0000001485  -0.0054712712  -0.0021954535
       -0.0000002019  -0.2880661683  -0.0694078038  -0.0000006531  -0.0025963994
        0.0041807892  -0.0000000843
        0.0852595401  -0.2118850268   0.0000078633   0.0574845722   0.0494348602
        0.0000003399   0.0167212674  -0.0540696524   0.0000011768  -0.0812112737
       -0.0081311124  -0.0000016724  -0.0182731763  -0.2858594760   0.0000037692
       -0.0163946044   0.6470911107  -0.0000141140   0.0076551362  -0.0454792891
        0.0000005651  -0.0012796473  -0.0019068488   0.0000001284   0.0008155788
        0.0006362295   0.0000000107   0.0206855490  -0.0239124103   0.0000012780
       -0.0019837218   0.0004129874  -0.0000001001  -0.0017134528   0.0002219176
        0.0000002628  -0.0704222010  -0.0634584180   0.0000002763   0.0026564336
       -0.0030948716   0.0000002161
       -0.0000063828   0.0000084754  -0.0436479818  -0.0000025982  -0.0000010304
        0.0016871240  -0.0000003917   0.0000012970  -0.0043184319   0.0000018352
       -0.0000002385   0.0003538540  -0.0000004980   0.0000032347  -0.0523942972
        0.0000100172  -0.0000141140   0.1111324932   0.0000000246   0.0000011195
        0.0039813385  -0.0000000471   0.0000001031  -0.0002146429   0.0000000391
       -0.0000000232   0.0000764370  -0.0000006630   0.0000006768   0.0006441128
       -0.0000000302  -0.0000000541   0.0071946240  -0.0000002837   0.0000002326
        0.0071034345  -0.0000009232   0.0000000937  -0.0334739530  -0.0000000981
        0.0000002274   0.0018758888
       -0.0001867024  -0.0031189782  -0.0000002038  -0.0009838501   0.0014461105
       -0.0000000073  -0.0072172430  -0.0040541014   0.0000001630  -0.0502731547
        0.0343120339  -0.0000012676  -0.2178059217   0.0887936995  -0.0000023803
        0.0042286690   0.0076551362   0.0000000246   0.3703917503   0.0026645792
       -0.0000001426   0.0020052108   0.0031817341  -0.0000002649  -0.0023706133
       -0.0013849120   0.0000000831   0.0003213090  -0.0003725211   0.0000001499
        0.0003495802  -0.0001979070   0.0000001224   0.0030352860   0.0006963994
        0.0000001879   0.0009587787   0.0004311794  -0.0000000267  -0.1024530987
       -0.1300524525   0.0000035624
       -0.0056046511  -0.0039665422   0.0000001469   0.0028577090   0.0009070639
        0.0000000013   0.0008783272  -0.0013142237   0.0000002060   0.0030367471
        0.0006994487  -0.0000000772   0.1224457146  -0.1593893653   0.0000027620
        0.0335884199  -0.0454792891   0.0000011195   0.0026645792   0.5715312852
       -0.0000135112  -0.0028423774  -0.0014000446   0.0000000202   0.0015819058
        0.0007040149   0.0000000467   0.0010681796  -0.0011089379  -0.0000001083
       -0.0003085770   0.0003210930  -0.0000001230  -0.0024700050   0.0025879325
       -0.0000001537   0.0003616865   0.0020998920  -0.0000001213  -0.1572576584
       -0.3661923274   0.0000097922
       -0.0000002983   0.0000003792   0.0053590127   0.0000002097   0.0000001587
       -0.0003420075  -0.0000003289  -0.0000001411   0.0067345449  -0.0000017147
        0.0000005828   0.0062837725  -0.0000020486   0.0000027234  -0.0366577080
       -0.0000003425   0.0000005651   0.0039813385  -0.0000001426  -0.0000135112
        0.0276298660   0.0000001768  -0.0000000613  -0.0001606522  -0.0000001219
        0.0000000175   0.0001091121  -0.0000000438   0.0000000626  -0.0000336642
        0.0000000605  -0.0000000129  -0.0013235642   0.0000001374  -0.0000000843
       -0.0016448574   0.0000000496  -0.0000000859  -0.0030012680   0.0000044073
        0.0000094073  -0.0069339252
        0.0063292589  -0.0019223709  -0.0000001535  -0.0201074550  -0.0316972141
        0.0000007838  -0.2504413386  -0.0580579581   0.0000116192  -0.0493804959
        0.0105983404  -0.0000008949  -0.0010630235   0.0102625605  -0.0000004692
       -0.0029960979  -0.0012796473  -0.0000000471   0.0020052108  -0.0028423774
        0.0000001768   1.4645603934   0.4235317594   0.0000188870  -1.1505121533
       -0.3495877188  -0.0000304229   0.0001426542   0.0001783115   0.0000001459
        0.0007675484   0.0018194601  -0.0000001770   0.0010213463  -0.0015657246
        0.0000003119   0.0001606148   0.0001237787   0.0000000677  -0.0004864625
        0.0004388007   0.0000001722
       -0.0008414494  -0.0064352232   0.0000004507  -0.0322518093  -0.0176955310
        0.0000006555  -0.0590331920  -0.0770305579   0.0000038329   0.0120197506
        0.0108104660  -0.0000005989   0.0036345492   0.0004046120   0.0000001236
       -0.0003062378  -0.0019068488   0.0000001031   0.0031817341  -0.0014000446
       -0.0000000613   0.4235317594   0.2387157511   0.0000050795  -0.3493173989
       -0.1445649461  -0.0000094826  -0.0014278266  -0.0005782251   0.0000002469
       -0.0008570991  -0.0001486864   0.0000001330   0.0016322180  -0.0003933918
       -0.0000002152   0.0000804851  -0.0000479304   0.0000000094  -0.0000454833
        0.0002705564  -0.0000002767
        0.0000002458  -0.0000003222   0.0082828349   0.0000003682  -0.0000000353
       -0.0003261541   0.0000101023   0.0000035012  -0.0537747922  -0.0000012136
       -0.0000003340  -0.0004161528  -0.0000000890   0.0000008215   0.0089007274
       -0.0000003021   0.0000001284  -0.0002146429  -0.0000002649   0.0000000202
       -0.0001606522   0.0000188870   0.0000050795   0.0782732808  -0.0000276931
       -0.0000086095  -0.0330778902  -0.0000000435  -0.0000000187   0.0000621529
       -0.0000000432  -0.0000000638  -0.0027146679   0.0000000030  -0.0000000673
       -0.0029283760   0.0000000281  -0.0000000753  -0.0019952150   0.0000000149
       -0.0000000246   0.0000895473
       -0.0027400193  -0.0010095329   0.0000002085  -0.0007791672   0.0094846608
       -0.0000002819  -0.0489045789  -0.0213071674  -0.0000027890   0.0057257391
       -0.0068812601   0.0000003519  -0.0002220556  -0.0030719822   0.0000002779
        0.0017485850   0.0008155788   0.0000000391  -0.0023706133   0.0015819058
       -0.0000001219  -1.1505121533  -0.3493173989  -0.0000276931   1.1980806062
        0.3701972637   0.0000302898  -0.0005951774  -0.0003050885  -0.0000000882
        0.0000763006  -0.0002424679   0.0000000247   0.0001660054   0.0004007295
       -0.0000001692  -0.0000161611  -0.0000286066   0.0000000017   0.0003426898
       -0.0003166342  -0.0000000503
       -0.0004625383   0.0008687454  -0.0000000915   0.0029460364   0.0024096493
       -0.0000001085  -0.0208156980   0.0115964825  -0.0000009712  -0.0007732568
       -0.0042049703   0.0000002465  -0.0005524562  -0.0004184450   0.0000000783
        0.0004013116   0.0006362295  -0.0000000232  -0.0013849120   0.0007040149
        0.0000000175  -0.3495877188  -0.1445649461  -0.0000086095   0.3701972637
        0.1323416251   0.0000095130   0.0001417422   0.0000455036  -0.0000001102
        0.0002723759   0.0003442868  -0.0000000680  -0.0003988695   0.0003323255
        0.0000000295  -0.0000219096   0.0000351096  -0.0000000031   0.0000386294
       -0.0001256109   0.0000001003
       -0.0000001524  -0.0000000559  -0.0017037782   0.0000001367   0.0000003917
        0.0012339853  -0.0000002515  -0.0000000333   0.0160216821   0.0000004851
       -0.0000001747   0.0012988232  -0.0000001171  -0.0000002399  -0.0019072592
       -0.0000000673   0.0000000107   0.0000764370   0.0000000831   0.0000000467
        0.0001091121  -0.0000304229  -0.0000094826  -0.0330778902   0.0000302898
        0.0000095130   0.0167840468   0.0000000699   0.0000000273  -0.0000467941
       -0.0000000619  -0.0000000376   0.0004253719  -0.0000000179   0.0000000295
        0.0004585809   0.0000000285   0.0000000190   0.0004274017  -0.0000000022
       -0.0000000139  -0.0000997193
       -0.0579726856  -0.0594259067   0.0000022217  -0.0085490527  -0.0280356051
        0.0000005648  -0.0053722191  -0.0022463574   0.0000000244  -0.0004490212
        0.0005644923  -0.0000000333  -0.0025841552   0.0029427484  -0.0000003570
        0.0040311856   0.0206855490  -0.0000006630   0.0003213090   0.0010681796
       -0.0000000438   0.0001426542  -0.0014278266  -0.0000000435  -0.0005951774
        0.0001417422   0.0000000699   0.0695932239   0.0651426072  -0.0000018700
        0.0007128589  -0.0007971768   0.0000000933   0.0000109091   0.0000632474
        0.0000000709   0.0008701075   0.0009309065  -0.0000000125  -0.0001599370
        0.0003934000  -0.0000000219
       -0.0593162479  -0.2896463056   0.0000104043  -0.0046099900  -0.0109009218
        0.0000001408  -0.0020806161   0.0002677976   0.0000004104   0.0001665680
        0.0009102196   0.0000000053   0.0036703691  -0.0014991290   0.0000004700
       -0.0026041741  -0.0239124103   0.0000006768  -0.0003725211  -0.0011089379
        0.0000000626   0.0001783115  -0.0005782251  -0.0000000187  -0.0003050885
        0.0000455036   0.0000000273   0.0651426072   0.3247743295  -0.0000118370
        0.0007127992   0.0009201401  -0.0000002000   0.0000521006   0.0001073892
       -0.0000000192  -0.0006970409   0.0008829939  -0.0000001701   0.0000629230
       -0.0002624438   0.0000000476
        0.0000027350   0.0000112102  -0.0350314435  -0.0000007846  -0.0000008373
        0.0009202678  -0.0000003614   0.0000000907   0.0075243398   0.0000001381
       -0.0000000277  -0.0001665721  -0.0000005489   0.0000001818   0.0088352581
        0.0000003035   0.0000012780   0.0006441128   0.0000001499  -0.0000001083
       -0.0000336642   0.0000001459   0.0000002469   0.0000621529  -0.0000000882
       -0.0000001102  -0.0000467941  -0.0000018700  -0.0000118370   0.0244421075
        0.0000000265   0.0000000621  -0.0024477303   0.0000000887  -0.0000000604
       -0.0016261186   0.0000000715  -0.0000001229  -0.0027911964  -0.0000000062
        0.0000000341  -0.0002847197
       -0.0234461317   0.0191174283  -0.0000006389  -0.1841349187   0.1304891283
       -0.0000013987   0.0039825995  -0.0022534786   0.0000001250   0.0004848252
       -0.0013110999  -0.0000000543  -0.0002087847  -0.0006278978   0.0000000256
       -0.0053316924  -0.0019837218  -0.0000000302   0.0003495802  -0.0003085770
        0.0000000605   0.0007675484  -0.0008570991  -0.0000000432   0.0000763006
        0.0002723759  -0.0000000619   0.0007128589   0.0007127992   0.0000000265
        0.2074954495  -0.1439413748   0.0000020040   0.0001856274  -0.0003444855
        0.0000000259  -0.0009973628   0.0009941851  -0.0000000739   0.0000641007
        0.0000418177   0.0000000337
       -0.0045054311   0.0049245542  -0.0000000403   0.1308377652  -0.1647035825
        0.0000011131   0.0202858870  -0.0230815015   0.0000007570  -0.0018363325
       -0.0052963341  -0.0000000408  -0.0004265576  -0.0000161244  -0.0000000503
       -0.0016794575   0.0004129874  -0.0000000541  -0.0001979070   0.0003210930
       -0.0000000129   0.0018194601  -0.0001486864  -0.0000000638  -0.0002424679
        0.0003442868  -0.0000000376  -0.0007971768   0.0009201401   0.0000000621
       -0.1439413748   0.1871583920  -0.0000015944   0.0011758113  -0.0010829238
        0.0000000419  -0.0003737308   0.0001859487  -0.0000000236  -0.0001184875
        0.0000617505  -0.0000000563
       -0.0000011765   0.0000002147   0.0003460074  -0.0000006237   0.0000012246
       -0.0321458303   0.0000001100  -0.0000002300  -0.0000276208  -0.0000001691
        0.0000004226   0.0066727664  -0.0000000145   0.0000002431   0.0005653561
       -0.0000001485  -0.0000001001   0.0071946240   0.0000001224  -0.0000001230
       -0.0013235642  -0.0000001770   0.0000001330  -0.0027146679   0.0000000247
       -0.0000000680   0.0004253719   0.0000000933  -0.0000002000  -0.0024477303
        0.0000020040  -0.0000015944   0.0231654259  -0.0000000344   0.0000000536
        0.0004407470  -0.0000000096   0.0000000012   0.0000704924  -0.0000000010
        0.0000000227  -0.0002213776
       -0.0005271142   0.0004188544  -0.0000000385  -0.0028108801   0.0032605255
       -0.0000003564   0.0045530411   0.0201585615  -0.0000002741  -0.0600070580
       -0.0605014833   0.0000006718  -0.0085886708  -0.0273450397   0.0000004562
       -0.0054712712  -0.0017134528  -0.0000002837   0.0030352860  -0.0024700050
        0.0000001374   0.0010213463   0.0016322180   0.0000000030   0.0001660054
       -0.0003988695  -0.0000000179   0.0000109091   0.0000521006   0.0000000887
        0.0001856274   0.0011758113  -0.0000000344   0.0694691032   0.0658542858
       -0.0000003556  -0.0003385392  -0.0015028266   0.0000000212  -0.0006977848
        0.0013793199  -0.0000000176
       -0.0001123157   0.0008162100  -0.0000000057   0.0039604545  -0.0017975138
        0.0000003471  -0.0020991005  -0.0233514563   0.0000004431  -0.0601490937
       -0.2812892799   0.0000053974  -0.0032933753  -0.0134060506   0.0000001891
       -0.0021954535   0.0002219176   0.0000002326   0.0006963994   0.0025879325
       -0.0000000843  -0.0015657246  -0.0003933918  -0.0000000673   0.0004007295
        0.0003323255   0.0000000295   0.0000632474   0.0001073892  -0.0000000604
       -0.0003444855  -0.0010829238   0.0000000536   0.0658542858   0.3178517151
       -0.0000064261  -0.0000294791  -0.0006057839  -0.0000000042  -0.0011860888
        0.0000089103  -0.0000000443
        0.0000000188  -0.0000000354  -0.0001912501  -0.0000003535   0.0000000029
        0.0071005037   0.0000000191   0.0000019485  -0.0002166938   0.0000011075
        0.0000051005  -0.0311181403  -0.0000007039  -0.0000005731   0.0015706183
       -0.0000002019   0.0000002628   0.0071034345   0.0000001879  -0.0000001537
       -0.0016448574   0.0000003119  -0.0000002152  -0.0029283760  -0.0000001692
        0.0000000295   0.0004585809   0.0000000709  -0.0000000192  -0.0016261186
        0.0000000259   0.0000000419   0.0004407470  -0.0000003556  -0.0000064261
        0.0221482987   0.0000000115  -0.0000000211  -0.0004848006   0.0000000306
        0.0000000576  -0.0006119463
       -0.0235063355  -0.0045154859  -0.0000003429  -0.0022862309   0.0037350534
       -0.0000002117   0.0009270308   0.0001263663   0.0000000579   0.0000582004
       -0.0014307312  -0.0000000815  -0.0102401269  -0.0048807819  -0.0000001025
       -0.2880661683  -0.0704222010  -0.0000009232   0.0009587787   0.0003616865
        0.0000000496   0.0001606148   0.0000804851   0.0000000281  -0.0000161611
       -0.0000219096   0.0000000285   0.0008701075  -0.0006970409   0.0000000715
       -0.0009973628  -0.0003737308  -0.0000000096  -0.0003385392  -0.0000294791
        0.0000000115   0.3224044894   0.0774447501   0.0000014594   0.0000717030
        0.0006230190  -0.0000000350
        0.0183874135   0.0052755905   0.0000002137   0.0034570946  -0.0021277564
        0.0000003012   0.0005069751  -0.0005374258   0.0000000667  -0.0012541151
       -0.0057031103   0.0000003009  -0.0301917323  -0.0093934793  -0.0000001924
       -0.0694078038  -0.0634584180   0.0000000937   0.0004311794   0.0020998920
       -0.0000000859   0.0001237787  -0.0000479304  -0.0000000753  -0.0000286066
        0.0000351096   0.0000000190   0.0009309065   0.0008829939  -0.0000001229
        0.0009941851   0.0001859487   0.0000000012  -0.0015028266  -0.0006057839
       -0.0000000211   0.0774447501   0.0727021523  -0.0000004987   0.0001088014
        0.0006922171  -0.0000000002
       -0.0000009722  -0.0000002301   0.0003949906  -0.0000002305   0.0000005476
        0.0080032598  -0.0000002904   0.0000000154  -0.0002322135   0.0000001237
        0.0000000323   0.0070506119   0.0000005818   0.0000001801   0.0025179784
       -0.0000006531   0.0000002763  -0.0334739530  -0.0000000267  -0.0000001213
       -0.0030012680   0.0000000677   0.0000000094  -0.0019952150   0.0000000017
       -0.0000000031   0.0004274017  -0.0000000125  -0.0000001701  -0.0027911964
       -0.0000000739  -0.0000000236   0.0000704924   0.0000000212  -0.0000000042
       -0.0004848006   0.0000014594  -0.0000004987   0.0234052277   0.0000000039
       -0.0000000100   0.0001086841
       -0.0000056502   0.0012215715  -0.0000000187   0.0003489594   0.0001458909
       -0.0000000059   0.0000529650  -0.0002585295  -0.0000000052   0.0017206061
        0.0025635987  -0.0000000426   0.0120920407   0.0272691273  -0.0000006792
       -0.0025963994   0.0026564336  -0.0000000981  -0.1024530987  -0.1572576584
        0.0000044073  -0.0004864625  -0.0000454833   0.0000000149   0.0003426898
        0.0000386294  -0.0000000022  -0.0001599370   0.0000629230  -0.0000000062
        0.0000641007  -0.0001184875  -0.0000000010  -0.0006977848  -0.0011860888
        0.0000000306   0.0000717030   0.0001088014   0.0000000039   0.0917062681
        0.1247992717  -0.0000035976
       -0.0006374946  -0.0016000626  -0.0000000107   0.0000764949   0.0006290912
       -0.0000000266  -0.0001665837  -0.0007735817   0.0000000310  -0.0016737114
        0.0026057331  -0.0000001490   0.0009139633  -0.0328055263   0.0000006650
        0.0041807892  -0.0030948716   0.0000002274  -0.1300524525  -0.3661923274
        0.0000094073   0.0004388007   0.0002705564  -0.0000000246  -0.0003166342
       -0.0001256109  -0.0000000139   0.0003934000  -0.0002624438   0.0000000341
        0.0000418177   0.0000617505   0.0000000227   0.0013793199   0.0000089103
        0.0000000576   0.0006230190   0.0006922171  -0.0000000100   0.1247992717
        0.4005861657  -0.0000102103
        0.0000001502  -0.0000000741   0.0013470997  -0.0000001076  -0.0000000674
        0.0000695063  -0.0000002715   0.0000004721   0.0003872538   0.0000002110
       -0.0000001232  -0.0013538019   0.0000000564   0.0000002242  -0.0012177764
       -0.0000000843   0.0000002161   0.0018758888   0.0000035624   0.0000097922
       -0.0069339252   0.0000001722  -0.0000002767   0.0000895473  -0.0000000503
        0.0000001003  -0.0000997193  -0.0000000219   0.0000000476  -0.0002847197
        0.0000000337  -0.0000000563  -0.0002213776  -0.0000000176  -0.0000000443
       -0.0006119463  -0.0000000350  -0.0000000002   0.0001086841  -0.0000035976
       -0.0000102103   0.0068452864
