           1           2   1.4372660250180334     
           2           3   1.3646590191258818     
           3           4   1.3636799060137166     
           4           5   1.3861660627550512     
           1           6   1.4561441435811733     
           5           6   1.3489818413457537     
           5           7   1.0837179637963117     
           3           8   1.0933133053434729     
           8           9   2.8065852603265355     
           1          10  0.96897354364271027     
           2          11  0.97024370903258872     
           4          12  0.96604169803554729     
           6          13  0.96746806336666658     
           7          14  0.88590394814681805     
