$hessian                                                                        
        0.4938524197   0.0332004599   0.0019128047  -0.1807354331   0.0699395169
        0.0017643966  -0.0043359920   0.0073785797   0.0002915369   0.0007921192
       -0.0002990594  -0.0001273539  -0.0004324189   0.0007776874   0.0000403568
       -0.0020231837  -0.0038871403  -0.0003498954  -0.0352030710   0.0101881360
       -0.0000389318   0.0010189667   0.0012759053   0.0001268395  -0.0013336547
        0.0006106773   0.0000135819  -0.1887258569  -0.1192250438  -0.0091102466
       -0.0422123819   0.0022779503   0.0087375635  -0.0417435921  -0.0010393378
       -0.0032764153   0.0012602144  -0.0017173644  -0.0000303227  -0.0000855981
       -0.0000837102  -0.0000060652   0.0001109422  -0.0000517998   0.0000270550
        0.0000212698   0.0006337933   0.0000314827  -0.0003078237  -0.0001812633
       -0.0000158585   0.0000413129   0.0001065444  -0.0001166527   0.0000417613
        0.0000954686   0.0001261246
        0.0332004599   0.5084534624   0.0016005507   0.0634924743  -0.1050607640
       -0.0014339673   0.0264116922  -0.0215756069  -0.0008267139  -0.0009993087
       -0.0043303407  -0.0006556537   0.0005755206  -0.0011254706  -0.0000427181
       -0.0037184762  -0.0002410614  -0.0004109767  -0.0059431051   0.0042576268
        0.0000929557  -0.0027177970   0.0033439241   0.0002778858  -0.0007465481
        0.0003726457   0.0000182248  -0.1186871785  -0.1393121116  -0.0072932411
        0.0047475412  -0.1098193022  -0.1085677939   0.0017270419  -0.1350572793
        0.1170098107   0.0015857654   0.0009458567   0.0002044574   0.0012838657
       -0.0008489426  -0.0000298377  -0.0000292395   0.0001361595   0.0000855845
       -0.0000221022  -0.0001283725  -0.0000352078  -0.0002634932  -0.0000614750
       -0.0000009306   0.0000497193   0.0000255140  -0.0000044104   0.0000531680
        0.0000255375   0.0000119815
        0.0019128047   0.0016005507   0.4882820577   0.0013942457  -0.0013113297
       -0.0590475443   0.0013076379  -0.0011356370   0.0018398045  -0.0001636112
       -0.0006371145   0.0075449194   0.0000243865  -0.0000426223  -0.0001795764
       -0.0003414233  -0.0004201826   0.0064058765  -0.0009014562   0.0003489144
        0.0008399297  -0.0000871564   0.0003445041  -0.0026628429  -0.0000564899
        0.0000433941  -0.0002054149  -0.0090683251  -0.0073136042  -0.0448671586
        0.0111652259  -0.1101571820  -0.2095370805  -0.0054017281   0.1185051550
       -0.1848450583   0.0001450899   0.0001514453  -0.0024299230   0.0000652310
       -0.0000508025   0.0000831132   0.0000249862   0.0000865748  -0.0014919862
       -0.0000092154  -0.0000180936   0.0003912696  -0.0000181917  -0.0000014320
       -0.0000906461   0.0000518559   0.0000120457  -0.0000160449  -0.0000438663
       -0.0000045837  -0.0000136946
       -0.1807354331   0.0634924743   0.0013942457   0.6150777348   0.0005038301
        0.0077230808  -0.0931306303   0.0417254286   0.0014265841   0.0270376779
        0.0256561657   0.0018113731  -0.0131813499  -0.0288220126  -0.0016963641
       -0.0607945948   0.0258557814   0.0004233126  -0.2449153924  -0.1256042966
       -0.0098240669  -0.0034765026  -0.0091231627  -0.0006017675  -0.0022195237
        0.0033853444   0.0000237627  -0.0273747991   0.0096518018   0.0000741419
       -0.0052007563   0.0087126700   0.0039079180  -0.0043367311   0.0086266924
       -0.0031142660  -0.0031851884  -0.0263724486  -0.0014719670  -0.0041816334
        0.0032527358  -0.0000084234   0.0004694567  -0.0005615138  -0.0000279201
        0.0002372851  -0.0000759035  -0.0000243703  -0.0011310325  -0.0005990477
       -0.0000498396   0.0005435792   0.0001626157  -0.0001771468   0.0004978338
        0.0001328453   0.0002117128
        0.0699395169  -0.1050607640  -0.0013113297   0.0005038301   0.6800455531
        0.0288085300  -0.0353676521  -0.3316965364  -0.0159202481   0.0827908474
       -0.0357095585  -0.0005603653  -0.0307138634  -0.0455722587  -0.0027479699
       -0.0270701809   0.0524713316   0.0024607337  -0.0494788573  -0.1251486953
       -0.0046664192  -0.0353412089  -0.0437746751  -0.0030998864   0.0038798474
       -0.0000539314  -0.0003241053  -0.0147822439   0.0090317318   0.0002208471
        0.0169695240  -0.0135823201  -0.0033481761   0.0191650708  -0.0153866306
        0.0023382607  -0.0033890680  -0.0185941237  -0.0010650965   0.0026645601
       -0.0004415873  -0.0003645643  -0.0007161678  -0.0002914584  -0.0000406156
       -0.0003485732  -0.0060834196  -0.0003985884   0.0007030346   0.0003861370
        0.0000281588   0.0003614887  -0.0002510873   0.0000061322   0.0002300954
       -0.0002877073  -0.0000152974
        0.0017643966  -0.0014339673  -0.0590475443   0.0077230808   0.0288085300
        0.1426185806  -0.0026885835  -0.0146602294  -0.0453703177   0.0048587153
       -0.0015047473   0.0001237886  -0.0017877187  -0.0026879899  -0.0039029158
       -0.0024083751   0.0033236921  -0.0016906624  -0.0057656069  -0.0059363238
       -0.0528882264  -0.0019902181  -0.0026480425   0.0031675029   0.0000518249
       -0.0003222287   0.0069013968  -0.0012889471   0.0006595123   0.0002008445
        0.0217815864  -0.0140315489  -0.0002242980  -0.0199564841   0.0127015079
        0.0007249687  -0.0002408218  -0.0014519219   0.0004283443  -0.0000447661
       -0.0003573010   0.0072325579  -0.0000334148  -0.0000321889   0.0001056418
       -0.0000414225  -0.0004036993   0.0014504637   0.0000214795   0.0000043359
        0.0001744469  -0.0011716827  -0.0003643536  -0.0000439745   0.0012169580
        0.0003369643   0.0000394024
       -0.0043359920   0.0264116922   0.0013076379  -0.0931306303  -0.0353676521
       -0.0026885835   0.6741600355   0.0002546500   0.0091572314  -0.2758429097
        0.1420235720   0.0038369348  -0.0694423997  -0.0306453541  -0.0027948147
       -0.0140956689   0.0314131823   0.0015115687   0.0304560896  -0.0238642557
       -0.0007272689  -0.0056042132  -0.0028819560  -0.0003466523  -0.0002799361
       -0.0003218890  -0.0000129879   0.0009486554   0.0021440509   0.0001478109
       -0.0024874384   0.0021530695   0.0000825599  -0.0024794684   0.0021425547
        0.0000777027  -0.2325131941  -0.1116211048  -0.0092138474  -0.0014088241
        0.0021663249   0.0000842333  -0.0042715912  -0.0027515112  -0.0003341145
       -0.0006101443  -0.0015432080  -0.0001161890   0.0003174357  -0.0000620559
        0.0000039868   0.0003114248   0.0001802795  -0.0000924179   0.0003087694
        0.0001696109   0.0001172096
        0.0073785797  -0.0215756069  -0.0011356370   0.0417254286  -0.3316965364
       -0.0146602294   0.0002546500   0.6578255789   0.0290913669   0.0641338707
       -0.1516483670  -0.0046087180   0.0286481938   0.0568567807   0.0034325006
        0.0281472541  -0.0445423201  -0.0017361943  -0.0777408154  -0.0368018404
       -0.0031109437  -0.0017895769   0.0026891697  -0.0001647843  -0.0004352390
       -0.0010147863  -0.0000382081  -0.0021624256   0.0011193571   0.0000195786
        0.0006492488  -0.0003727618   0.0004104207   0.0007558448  -0.0003964720
       -0.0003823557  -0.1116279912  -0.1102090016  -0.0059215695   0.0262188903
       -0.0184180041  -0.0005503983  -0.0034130201  -0.0006352089  -0.0004893270
       -0.0000025126  -0.0011827117  -0.0001216090   0.0001897696   0.0000636868
       -0.0000045778  -0.0004689184  -0.0000282450  -0.0000521228  -0.0004612314
       -0.0000327111   0.0000228079
        0.0002915369  -0.0008267139   0.0018398045   0.0014265841  -0.0159202481
       -0.0453703177   0.0091572314   0.0290913669   0.1150363791  -0.0003138599
       -0.0033369139  -0.0460023866   0.0003686659   0.0024608503   0.0016690462
        0.0013344193  -0.0016752334  -0.0037645189  -0.0036030496  -0.0022293459
       -0.0026708356  -0.0002822888  -0.0001907864   0.0055637039  -0.0000275076
       -0.0000490421  -0.0002193807  -0.0000961757   0.0001027286  -0.0001324986
        0.0007442893  -0.0005469851  -0.0003107179  -0.0007386047   0.0006162562
       -0.0003144023  -0.0092098105  -0.0059140027  -0.0340553859   0.0013763769
       -0.0009516143   0.0000196969  -0.0003756092  -0.0004833815   0.0075236235
       -0.0000271378  -0.0001483881   0.0011190288   0.0000145049  -0.0000005189
        0.0000440278   0.0000008187  -0.0000205957   0.0000078825  -0.0000403837
        0.0000225680   0.0000172509
        0.0007921192  -0.0009993087  -0.0001636112   0.0270376779   0.0827908474
        0.0048587153  -0.2758429097   0.0641338707  -0.0003138599   0.6575484421
        0.0014337087   0.0089929273  -0.2747346701  -0.0684126991  -0.0074138158
        0.0280594114  -0.0815766696  -0.0039072148  -0.0657507472  -0.0015252550
       -0.0010861789   0.0006849981   0.0015533325   0.0000961753   0.0008614161
        0.0008264838  -0.0000634192   0.0000983164  -0.0001774750  -0.0000134295
       -0.0004661653   0.0005174071  -0.0000473397  -0.0005043802   0.0005463976
        0.0000839111  -0.0263881380   0.0111168158   0.0001603838  -0.0440720470
        0.0025470598  -0.0000534144  -0.0266403622  -0.0118036737  -0.0010751359
        0.0004051527  -0.0001264604   0.0000013313   0.0001059016   0.0001349141
        0.0000124060  -0.0005798549  -0.0004722629  -0.0000198686  -0.0006141609
       -0.0005070329  -0.0000485622
       -0.0002990594  -0.0043303407  -0.0006371145   0.0256561657  -0.0357095585
       -0.0015047473   0.1420235720  -0.1516483670  -0.0033369139   0.0014337087
        0.6762826062   0.0301841762  -0.1461696457  -0.1567335908  -0.0083229764
       -0.0238790273  -0.0374739212  -0.0023989967  -0.0013640418   0.0053405066
        0.0004964548   0.0001690948  -0.0022554785  -0.0001200326   0.0001010501
       -0.0045394389  -0.0006324228  -0.0003865642   0.0000519951   0.0000114862
        0.0006605376  -0.0006184641   0.0001994850   0.0005415980  -0.0004796924
       -0.0002529473  -0.0130127614   0.0066571349   0.0001234267   0.0026759156
       -0.3005782525  -0.0143011146   0.0124508697   0.0067229749   0.0005513687
        0.0003510680   0.0002971277   0.0000176977   0.0003628235   0.0000194453
        0.0000123584  -0.0005892145  -0.0004331120  -0.0002401258  -0.0007260895
       -0.0005715741   0.0001509382
       -0.0001273539  -0.0006556537   0.0075449194   0.0018113731  -0.0005603653
        0.0001237886   0.0038369348  -0.0046087180  -0.0460023866   0.0089929273
        0.0301841762   0.1137763558  -0.0115579202  -0.0070549188  -0.0462555035
       -0.0008173909  -0.0033444329  -0.0000284311  -0.0010778497   0.0004989344
       -0.0043272798   0.0000205966  -0.0000941896  -0.0001225772  -0.0001059042
       -0.0006198956   0.0073271548  -0.0000176713   0.0000008154  -0.0000193643
       -0.0011986285   0.0010624204   0.0001730968   0.0012409766  -0.0011139268
        0.0000726281  -0.0011318638   0.0005177891   0.0003544288  -0.0000476429
       -0.0142918644  -0.0331869433   0.0002245559   0.0001471380   0.0003619809
        0.0000268524   0.0000167540  -0.0000551393   0.0000245654   0.0000022643
       -0.0000142270  -0.0012190450  -0.0011060823   0.0000522043   0.0011224884
        0.0010197556   0.0002252945
       -0.0004324189   0.0005755206   0.0000243865  -0.0131813499  -0.0307138634
       -0.0017877187  -0.0694423997   0.0286481938   0.0003686659  -0.2747346701
       -0.1461696457  -0.0115579202   0.6767371655   0.0023842739   0.0093644457
       -0.0922116830   0.0399816366   0.0013525536   0.0281244207   0.0253672030
        0.0018490627  -0.0055837770   0.0034975562  -0.0000132335  -0.0047757176
       -0.0262262395  -0.0015124421   0.0003410311   0.0000647727  -0.0000007737
        0.0002180834  -0.0001882715  -0.0000843575   0.0002156503  -0.0001972301
        0.0000710319  -0.0043583971   0.0027430939  -0.0000453075  -0.0009259007
       -0.0017699508  -0.0001013478  -0.2356640607   0.1093605159   0.0025208759
       -0.0002563306  -0.0003164510  -0.0000145371   0.0007757917  -0.0024625549
       -0.0001202337  -0.0024285452  -0.0022964152  -0.0001301021  -0.0024168921
       -0.0022821446  -0.0001830481
        0.0007776874  -0.0011254706  -0.0000426223  -0.0288220126  -0.0455722587
       -0.0026879899  -0.0306453541   0.0568567807   0.0024608503  -0.0684126991
       -0.1567335908  -0.0070549188   0.0023842739   0.6528261469   0.0288726866
       -0.0382440990  -0.3237671431  -0.0155333052   0.0806410514  -0.0333453101
       -0.0003378819   0.0015166064  -0.0010840826  -0.0004114449  -0.0071880427
       -0.0218715915  -0.0013841469  -0.0001770150   0.0000870267  -0.0000035842
        0.0004715372   0.0000139443   0.0000703506   0.0004749112   0.0000200818
       -0.0000672687   0.0033169895  -0.0005224787  -0.0003657662  -0.0259990581
       -0.0190657023  -0.0014354610   0.1093853697  -0.1063969952  -0.0021399554
       -0.0007129694  -0.0004054758  -0.0000207217   0.0020391987   0.0010784564
        0.0001058446  -0.0004319523  -0.0005011902  -0.0004647772  -0.0003744232
       -0.0004911472   0.0004401122
        0.0000403568  -0.0000427181  -0.0001795764  -0.0016963641  -0.0027479699
       -0.0039029158  -0.0027948147   0.0034325006   0.0016690462  -0.0074138158
       -0.0083229764  -0.0462555035   0.0093644457   0.0288726866   0.1146477948
       -0.0028217523  -0.0142583045  -0.0452630774   0.0048029549  -0.0012420843
       -0.0024451898  -0.0001311685  -0.0003733288   0.0071799719  -0.0004885060
       -0.0016694371   0.0013586814  -0.0000047830   0.0000039941   0.0000369241
        0.0000366257   0.0000168165   0.0000121681   0.0000201669  -0.0000211909
        0.0000035713  -0.0000157516  -0.0003827115   0.0074324606  -0.0014015498
       -0.0010436377  -0.0001650267   0.0025265276  -0.0021223802  -0.0332413452
       -0.0000390240  -0.0000211950  -0.0000879058   0.0001255599   0.0000205394
       -0.0000861875   0.0008361369   0.0005652190  -0.0003333752  -0.0009452446
       -0.0006638220  -0.0003805152
       -0.0020231837  -0.0037184762  -0.0003414233  -0.0607945948  -0.0270701809
       -0.0024083751  -0.0140956689   0.0281472541   0.0013344193   0.0280594114
       -0.0238790273  -0.0008173909  -0.0922116830  -0.0382440990  -0.0028217523
        0.6145031448  -0.0072879072   0.0073980311  -0.2518477845   0.1258481326
        0.0034179860  -0.0043425627   0.0074522727   0.0002471842  -0.1727439585
       -0.0590037117  -0.0050196357  -0.0010831811   0.0005911298   0.0000153471
        0.0006190948  -0.0000116589  -0.0001931606   0.0005819417  -0.0000186859
        0.0002068047   0.0004999040   0.0006075401   0.0000382282  -0.0039878631
       -0.0032154319  -0.0003641727  -0.0041069482   0.0266444951   0.0013449519
        0.0007407306  -0.0016022789  -0.0000745644  -0.0273556943  -0.0090502235
       -0.0009402187  -0.0056577885  -0.0085247909   0.0034495156  -0.0047533162
       -0.0076643520  -0.0044717743
       -0.0038871403  -0.0002410614  -0.0004201826   0.0258557814   0.0524713316
        0.0033236921   0.0314131823  -0.0445423201  -0.0016752334  -0.0815766696
       -0.0374739212  -0.0033444329   0.0399816366  -0.3237671431  -0.0142583045
       -0.0072879072   0.6650050392   0.0279754521   0.0440593093  -0.1255754932
       -0.0032681960   0.0358466341  -0.0462439764  -0.0021306514  -0.0659253915
       -0.1021616507  -0.0033755906  -0.0008052919   0.0003571776  -0.0000161024
       -0.0002802621  -0.0004296348  -0.0000796041  -0.0003882984  -0.0003804695
        0.0000245673   0.0007172218  -0.0003119325  -0.0000126988  -0.0026080554
       -0.0004800422  -0.0004591259   0.0036111082  -0.0183058211  -0.0009381447
        0.0028018552   0.0000177346   0.0000554797   0.0147125741   0.0089248225
        0.0006871405  -0.0192510666  -0.0142147109   0.0019166143  -0.0169892201
       -0.0126479284  -0.0040046787
       -0.0003498954  -0.0004109767   0.0064058765   0.0004233126   0.0024607337
       -0.0016906624   0.0015115687  -0.0017361943  -0.0037645189  -0.0039072148
       -0.0023989967  -0.0000284311   0.0013525536  -0.0155333052  -0.0452630774
        0.0073980311   0.0279754521   0.1400165602  -0.0009451977  -0.0019312327
       -0.0507675653   0.0017614597  -0.0025996769   0.0046297118  -0.0053657741
       -0.0032508729  -0.0595775621  -0.0000603545   0.0000122671   0.0002689115
       -0.0010027867   0.0004772785   0.0000828337   0.0009802745  -0.0005276306
        0.0000740234   0.0000448247  -0.0000112873   0.0001102274  -0.0003255948
       -0.0004723610   0.0073435576   0.0001171334  -0.0005671588   0.0004678586
        0.0001627720  -0.0000148204  -0.0002117647   0.0002681634   0.0002702708
        0.0004476949   0.0198371658   0.0115184282   0.0019558698  -0.0219004417
       -0.0132599170  -0.0004995435
       -0.0352030710  -0.0059431051  -0.0009014562  -0.2449153924  -0.0494788573
       -0.0057656069   0.0304560896  -0.0777408154  -0.0036030496  -0.0657507472
       -0.0013640418  -0.0010778497   0.0281244207   0.0806410514   0.0048029549
       -0.2518477845   0.0440593093  -0.0009451977   0.6629084794  -0.0000991446
        0.0087384678  -0.0816386898   0.0394200477   0.0013488780  -0.0334575591
        0.0060239024  -0.0002431760  -0.0051688581   0.0026799837   0.0000414060
       -0.0008816319  -0.0012044889  -0.0001097755  -0.0008568205  -0.0012074597
       -0.0000796316   0.0007649349   0.0008536762  -0.0000696132  -0.0007209157
       -0.0000037112  -0.0000244328   0.0009161413  -0.0010339199  -0.0001703777
        0.0031004952  -0.0358469550  -0.0018394475  -0.0050057254  -0.0023474169
       -0.0002164700  -0.0004148292   0.0013087345  -0.0002388092  -0.0004085364
        0.0012832104   0.0003531871
        0.0101881360   0.0042576268   0.0003489144  -0.1256042966  -0.1251486953
       -0.0059363238  -0.0238642557  -0.0368018404  -0.0022293459  -0.0015252550
        0.0053405066   0.0004989344   0.0253672030  -0.0333453101  -0.0012420843
        0.1258481326  -0.1255754932  -0.0019312327  -0.0000991446   0.6262092545
        0.0265833960   0.0078496412  -0.2775273816  -0.0127505733  -0.0082005179
        0.0033799066   0.0000492840   0.0023900923  -0.0025218486  -0.0001639512
        0.0029393236  -0.0004695682  -0.0019584406   0.0029283589  -0.0006762977
        0.0019395976  -0.0001384266  -0.0052592055  -0.0007211588   0.0000039544
        0.0007110706   0.0000231533   0.0002472526  -0.0048216289  -0.0006640495
       -0.0114657728  -0.0222932822  -0.0013114319  -0.0018065309  -0.0027893749
       -0.0002414764  -0.0025847193  -0.0014418223   0.0018575143  -0.0024731750
       -0.0012266164  -0.0021507255
       -0.0000389318   0.0000929557   0.0008399297  -0.0098240669  -0.0046664192
       -0.0528882264  -0.0007272689  -0.0031109437  -0.0026708356  -0.0010861789
        0.0004964548  -0.0043272798   0.0018490627  -0.0003378819  -0.0024451898
        0.0034179860  -0.0032681960  -0.0507675653   0.0087384678   0.0265833960
        0.1289864707  -0.0003287975  -0.0122490512  -0.0363917854  -0.0009945136
        0.0002437994   0.0005969255   0.0000191372  -0.0001482347   0.0010264160
        0.0006406905  -0.0000655969   0.0005557122  -0.0003792581  -0.0001083744
        0.0007475936  -0.0001285975  -0.0006998489   0.0080597773  -0.0000205753
        0.0000059896   0.0005460961  -0.0000957218  -0.0006814505   0.0075769672
       -0.0005417766  -0.0017022593  -0.0012912052  -0.0001986581  -0.0002350786
        0.0008568368   0.0001096069   0.0000215433   0.0006039824  -0.0004106061
       -0.0001708034   0.0003853798
        0.0010189667  -0.0027177970  -0.0000871564  -0.0034765026  -0.0353412089
       -0.0019902181  -0.0056042132  -0.0017895769  -0.0002822888   0.0006849981
        0.0001690948   0.0000205966  -0.0055837770   0.0015166064  -0.0001311685
       -0.0043425627   0.0358466341   0.0017614597  -0.0816386898   0.0078496412
       -0.0003287975   0.4890784660   0.0980618149   0.0127175990  -0.0012136621
        0.0036619300   0.0002035401   0.0003345567  -0.0005468772  -0.0000256875
        0.0003907947   0.0002159557   0.0000131151   0.0003782914   0.0002141444
        0.0000225457  -0.0001275727  -0.0015468122  -0.0000851404   0.0000725269
        0.0000151839   0.0000275418  -0.0001939546   0.0016269715   0.0000885381
       -0.3904148941  -0.1081501567  -0.0119759786   0.0001484095   0.0006046434
        0.0000347707   0.0002578178   0.0001760706  -0.0004601791   0.0002310011
        0.0001337379   0.0004769081
        0.0012759053   0.0033439241   0.0003445041  -0.0091231627  -0.0437746751
       -0.0026480425  -0.0028819560   0.0026891697  -0.0001907864   0.0015533325
       -0.0022554785  -0.0000941896   0.0034975562  -0.0010840826  -0.0003733288
        0.0074522727  -0.0462439764  -0.0025996769   0.0394200477  -0.2775273816
       -0.0122490512   0.0980618149   0.4391612115   0.0235731101  -0.0036177254
        0.0038128066   0.0002450810   0.0012157543   0.0004064188   0.0000522661
       -0.0017663472   0.0006412151   0.0018431734  -0.0017236737   0.0008463335
       -0.0018410356  -0.0000984892  -0.0009534550  -0.0000465465  -0.0000555133
        0.0003499291   0.0000739264   0.0001906503  -0.0019421480  -0.0000844390
       -0.1343440898  -0.0802885239  -0.0061639956  -0.0018012970   0.0004498175
       -0.0000027263   0.0013976097   0.0012822166  -0.0015871124   0.0013473105
        0.0010866787   0.0017488696
        0.0001268395   0.0002778858  -0.0026628429  -0.0006017675  -0.0030998864
        0.0031675029  -0.0003466523  -0.0001647843   0.0055637039   0.0000961753
       -0.0001200326  -0.0001225772  -0.0000132335  -0.0004114449   0.0071799719
        0.0002471842  -0.0021306514   0.0046297118   0.0013488780  -0.0127505733
       -0.0363917854   0.0127175990   0.0235731101   0.0275788954  -0.0001718941
        0.0003889792  -0.0024789057   0.0000684599   0.0000050715   0.0001914404
       -0.0002318199   0.0000813208   0.0000978370   0.0000578492  -0.0000028945
       -0.0001035576  -0.0000040676  -0.0000738745  -0.0000530888   0.0000223059
        0.0000991468  -0.0014245554   0.0000078993  -0.0000672894  -0.0001674214
       -0.0133683890  -0.0057372901  -0.0057833467  -0.0000982064   0.0000206507
        0.0002636191   0.0002185074  -0.0002249397   0.0001517412  -0.0000756674
        0.0003374960   0.0003636574
       -0.0013336547  -0.0007465481  -0.0000564899  -0.0022195237   0.0038798474
        0.0000518249  -0.0002799361  -0.0004352390  -0.0000275076   0.0008614161
        0.0001010501  -0.0001059042  -0.0047757176  -0.0071880427  -0.0004885060
       -0.1727439585  -0.0659253915  -0.0053657741  -0.0334575591  -0.0082005179
       -0.0009945136  -0.0012136621  -0.0036177254  -0.0001718941   0.4830694096
       -0.0302778914  -0.0015877680  -0.0003689183   0.0001826804   0.0000075743
        0.0000577882  -0.0001111405  -0.0001336685   0.0000555022  -0.0001257336
        0.0001287355   0.0000752197   0.0000337970   0.0000258972  -0.0001260364
        0.0000289309  -0.0000005882   0.0012965414   0.0017815340   0.0001657098
        0.0009168468  -0.0002575053  -0.0000158056  -0.1846166536   0.1208876727
        0.0036811069  -0.0430414752  -0.0074721600   0.0133930085  -0.0421556285
       -0.0025376172  -0.0085054373
        0.0006106773   0.0003726457   0.0000433941   0.0033853444  -0.0000539314
       -0.0003222287  -0.0003218890  -0.0010147863  -0.0000490421   0.0008264838
       -0.0045394389  -0.0006198956  -0.0262262395  -0.0218715915  -0.0016694371
       -0.0590037117  -0.1021616507  -0.0032508729   0.0060239024   0.0033799066
        0.0002437994   0.0036619300   0.0038128066   0.0003889792  -0.0302778914
        0.4975723950   0.0001470384   0.0002555515  -0.0000382738   0.0000103131
       -0.0000540673   0.0000083420  -0.0000038616  -0.0000483640   0.0000070783
        0.0000089887   0.0000108885   0.0001378821   0.0000882916  -0.0012900878
       -0.0008558812  -0.0000767909  -0.0017533036   0.0008878250   0.0001509514
       -0.0011400823   0.0004205970  -0.0000338630   0.1212751106  -0.1443803993
       -0.0029666100  -0.0105975034  -0.1268311145   0.1106556516  -0.0053367484
       -0.1048524107  -0.1027448055
        0.0000135819   0.0000182248  -0.0002054149   0.0000237627  -0.0003241053
        0.0069013968  -0.0000129879  -0.0000382081  -0.0002193807  -0.0000634192
       -0.0006324228   0.0073271548  -0.0015124421  -0.0013841469   0.0013586814
       -0.0050196357  -0.0033755906  -0.0595775621  -0.0002431760   0.0000492840
        0.0005969255   0.0002035401   0.0002450810  -0.0024789057  -0.0015877680
        0.0001470384   0.4859179267   0.0000101080   0.0000071696  -0.0001063720
        0.0000604402  -0.0000169379  -0.0000259329  -0.0000631854   0.0000167444
       -0.0000202848   0.0000269500   0.0000916104  -0.0015604990  -0.0000727864
       -0.0000542213   0.0001821100  -0.0000331248   0.0002110092  -0.0024305711
       -0.0000424553  -0.0000315072   0.0009205318   0.0037084492  -0.0029742549
       -0.0444842366   0.0169083123   0.1120579762  -0.1845997396  -0.0123041633
       -0.1040127429  -0.2074958276
       -0.1887258569  -0.1186871785  -0.0090683251  -0.0273747991  -0.0147822439
       -0.0012889471   0.0009486554  -0.0021624256  -0.0000961757   0.0000983164
       -0.0003865642  -0.0000176713   0.0003410311  -0.0001770150  -0.0000047830
       -0.0010831811  -0.0008052919  -0.0000603545  -0.0051688581   0.0023900923
        0.0000191372   0.0003345567   0.0012157543   0.0000684599  -0.0003689183
        0.0002555515   0.0000101080   0.2212846444   0.1363097845   0.0105720776
       -0.0001578238  -0.0019807887  -0.0012720099  -0.0009049419  -0.0027575566
        0.0010439881   0.0003744698   0.0013424453   0.0000763431   0.0001855576
       -0.0000453534   0.0000000642   0.0000521046   0.0000494603   0.0000032014
        0.0001956917   0.0002090687   0.0000132885  -0.0001289581  -0.0000192730
       -0.0000026235   0.0000492120   0.0000164475  -0.0000138540   0.0000490975
        0.0000150864   0.0000180760
       -0.1192250438  -0.1393121116  -0.0073136042   0.0096518018   0.0090317318
        0.0006595123   0.0021440509   0.0011193571   0.0001027286  -0.0001774750
        0.0000519951   0.0000008154   0.0000647727   0.0000870267   0.0000039941
        0.0005911298   0.0003571776   0.0000122671   0.0026799837  -0.0025218486
       -0.0001482347  -0.0005468772   0.0004064188   0.0000050715   0.0001826804
       -0.0000382738   0.0000071696   0.1363097845   0.1602597024   0.0086762315
       -0.0147580298  -0.0133908773  -0.0030546696  -0.0170856070  -0.0156966785
        0.0010621237   0.0002535380  -0.0005071457  -0.0000249988  -0.0000115814
        0.0000433143   0.0000026000  -0.0000471838   0.0000255368   0.0000014856
       -0.0000465594   0.0000771192   0.0000055170   0.0000160702   0.0000451805
        0.0000031424   0.0000018945  -0.0000194067   0.0000019500   0.0000026508
       -0.0000182182  -0.0000031016
       -0.0091102466  -0.0072932411  -0.0448671586   0.0000741419   0.0002208471
        0.0002008445   0.0001478109   0.0000195786  -0.0001324986  -0.0000134295
        0.0000114862  -0.0000193643  -0.0000007737  -0.0000035842   0.0000369241
        0.0000153471  -0.0000161024   0.0002689115   0.0000414060  -0.0001639512
        0.0010264160  -0.0000256875   0.0000522661   0.0001914404   0.0000075743
        0.0000103131  -0.0001063720   0.0105720776   0.0086762315   0.0467048819
       -0.0212582677  -0.0194925606  -0.0031567493   0.0195287657   0.0179665731
       -0.0000941007   0.0000161409  -0.0000038275   0.0000538937   0.0000028947
        0.0000002711  -0.0000173670   0.0000008180   0.0000042924  -0.0000180089
        0.0000015351   0.0000095417  -0.0000626791  -0.0000026289   0.0000027486
       -0.0000042508   0.0000082081   0.0000093051  -0.0000018461  -0.0000056865
       -0.0000101876  -0.0000029170
       -0.0422123819   0.0047475412   0.0111652259  -0.0052007563   0.0169695240
        0.0217815864  -0.0024874384   0.0006492488   0.0007442893  -0.0004661653
        0.0006605376  -0.0011986285   0.0002180834   0.0004715372   0.0000366257
        0.0006190948  -0.0002802621  -0.0010027867  -0.0008816319   0.0029393236
        0.0006406905   0.0003907947  -0.0017663472  -0.0002318199   0.0000577882
       -0.0000540673   0.0000604402  -0.0001578238  -0.0147580298  -0.0212582677
        0.0487460931  -0.0092880850  -0.0113579553   0.0014418699  -0.0004079697
        0.0001866481  -0.0001164331  -0.0000606444   0.0002469114  -0.0001506594
        0.0000953700  -0.0000521694   0.0000327772  -0.0000590632   0.0002175081
        0.0001571855   0.0001708567   0.0000421181   0.0000564232  -0.0000057767
        0.0000047308  -0.0000078696   0.0000020798   0.0000140905  -0.0000389504
       -0.0000257736  -0.0000392375
        0.0022779503  -0.1098193022  -0.1101571820   0.0087126700  -0.0135823201
       -0.0140315489   0.0021530695  -0.0003727618  -0.0005469851   0.0005174071
       -0.0006184641   0.0010624204  -0.0001882715   0.0000139443   0.0000168165
       -0.0000116589  -0.0004296348   0.0004772785  -0.0012044889  -0.0004695682
       -0.0000655969   0.0002159557   0.0006412151   0.0000813208  -0.0001111405
        0.0000083420  -0.0000169379  -0.0019807887  -0.0133908773  -0.0194925606
       -0.0092880850   0.1281259881   0.1266703140  -0.0009462938   0.0096943445
        0.0166812818   0.0001069559   0.0002578878  -0.0003510779   0.0000894945
       -0.0000556115   0.0000304108  -0.0000047631   0.0000170977  -0.0001780493
       -0.0003138390  -0.0000389800  -0.0001866798  -0.0000252545  -0.0000191370
       -0.0000130684  -0.0000093184   0.0000034159  -0.0000050812   0.0000103993
        0.0000344214   0.0000249252
        0.0087375635  -0.1085677939  -0.2095370805   0.0039079180  -0.0033481761
       -0.0002242980   0.0000825599   0.0004104207  -0.0003107179  -0.0000473397
        0.0001994850   0.0001730968  -0.0000843575   0.0000703506   0.0000121681
       -0.0001931606  -0.0000796041   0.0000828337  -0.0001097755  -0.0019584406
        0.0005557122   0.0000131151   0.0018431734   0.0000978370  -0.0001336685
       -0.0000038616  -0.0000259329  -0.0012720099  -0.0030546696  -0.0031567493
       -0.0113579553   0.1266703140   0.2421434516   0.0008192238  -0.0123417076
       -0.0295989037   0.0000784884   0.0001614306  -0.0000799925  -0.0000247548
        0.0000266314   0.0000253911   0.0000096653   0.0000256989  -0.0000303614
       -0.0004367951  -0.0001052877  -0.0001414309  -0.0000217000  -0.0000046928
       -0.0000048720   0.0000115986   0.0000206670  -0.0000430799   0.0000213842
        0.0000360623   0.0000629285
       -0.0417435921   0.0017270419  -0.0054017281  -0.0043367311   0.0191650708
       -0.0199564841  -0.0024794684   0.0007558448  -0.0007386047  -0.0005043802
        0.0005415980   0.0012409766   0.0002156503   0.0004749112   0.0000201669
        0.0005819417  -0.0003882984   0.0009802745  -0.0008568205   0.0029283589
       -0.0003792581   0.0003782914  -0.0017236737   0.0000578492   0.0000555022
       -0.0000483640  -0.0000631854  -0.0009049419  -0.0170856070   0.0195287657
        0.0014418699  -0.0009462938   0.0008192238   0.0482209447  -0.0055678838
        0.0043032226  -0.0001067893  -0.0000286129  -0.0002506401  -0.0001546208
        0.0000910611   0.0000561175   0.0000408175  -0.0000354734  -0.0002200633
        0.0001423680   0.0001695151  -0.0000144414   0.0000564377  -0.0000057050
       -0.0000033272  -0.0000394252  -0.0000275890   0.0000334949  -0.0000070539
        0.0000040991  -0.0000123596
       -0.0010393378  -0.1350572793   0.1185051550   0.0086266924  -0.0153866306
        0.0127015079   0.0021425547  -0.0003964720   0.0006162562   0.0005463976
       -0.0004796924  -0.0011139268  -0.0001972301   0.0000200818  -0.0000211909
       -0.0000186859  -0.0003804695  -0.0005276306  -0.0012074597  -0.0006762977
       -0.0001083744   0.0002141444   0.0008463335  -0.0000028945  -0.0001257336
        0.0000070783   0.0000167444  -0.0027575566  -0.0156966785   0.0179665731
       -0.0004079697   0.0096943445  -0.0123417076  -0.0055678838   0.1573626744
       -0.1364019780   0.0001039833   0.0002367593   0.0003874693   0.0000888001
       -0.0000492966  -0.0000361841  -0.0000093694   0.0000008885   0.0001816820
       -0.0003686354  -0.0000704001   0.0001868352  -0.0000284417  -0.0000207187
        0.0000100067   0.0000140112   0.0000409180  -0.0000277100  -0.0000082799
        0.0000048571   0.0000093673
       -0.0032764153   0.1170098107  -0.1848450583  -0.0031142660   0.0023382607
        0.0007249687   0.0000777027  -0.0003823557  -0.0003144023   0.0000839111
       -0.0002529473   0.0000726281   0.0000710319  -0.0000672687   0.0000035713
        0.0002068047   0.0000245673   0.0000740234  -0.0000796316   0.0019395976
        0.0007475936   0.0000225457  -0.0018410356  -0.0001035576   0.0001287355
        0.0000089887  -0.0000202848   0.0010439881   0.0010621237  -0.0000941007
        0.0001866481   0.0166812818  -0.0295989037   0.0043032226  -0.1364019780
        0.2135059483  -0.0000687616  -0.0001299016  -0.0000650099   0.0000297152
       -0.0000317035   0.0000209457  -0.0000091782  -0.0000221216  -0.0000216385
        0.0004081963   0.0001186500  -0.0000968459   0.0000205262   0.0000026475
       -0.0000025789  -0.0000231867  -0.0000396346   0.0000583779  -0.0000115887
       -0.0000169812  -0.0000456762
        0.0012602144   0.0015857654   0.0001450899  -0.0031851884  -0.0033890680
       -0.0002408218  -0.2325131941  -0.1116279912  -0.0092098105  -0.0263881380
       -0.0130127614  -0.0011318638  -0.0043583971   0.0033169895  -0.0000157516
        0.0004999040   0.0007172218   0.0000448247   0.0007649349  -0.0001384266
       -0.0001285975  -0.0001275727  -0.0000984892  -0.0000040676   0.0000752197
        0.0000108885   0.0000269500   0.0003744698   0.0002535380   0.0000161409
       -0.0001164331   0.0001069559   0.0000784884  -0.0001067893   0.0001039833
       -0.0000687616   0.2641642758   0.1232793368   0.0105090711   0.0008225484
       -0.0006039651   0.0000237490  -0.0013739571  -0.0006610979  -0.0000603453
        0.0000766472   0.0001176196   0.0000105509   0.0000657108   0.0000454205
        0.0000030774   0.0000285946  -0.0000057067   0.0000071963   0.0000371502
       -0.0000002133  -0.0000051190
       -0.0017173644   0.0009458567   0.0001514453  -0.0263724486  -0.0185941237
       -0.0014519219  -0.1116211048  -0.1102090016  -0.0059140027   0.0111168158
        0.0066571349   0.0005177891   0.0027430939  -0.0005224787  -0.0003827115
        0.0006075401  -0.0003119325  -0.0000112873   0.0008536762  -0.0052592055
       -0.0006998489  -0.0015468122  -0.0009534550  -0.0000738745   0.0000337970
        0.0001378821   0.0000916104   0.0013424453  -0.0005071457  -0.0000038275
       -0.0000606444   0.0002578878   0.0001614306  -0.0000286129   0.0002367593
       -0.0001299016   0.1232793368   0.1273293174   0.0075387793   0.0008543317
        0.0009380426   0.0001980760   0.0006366499   0.0002629059   0.0000191637
       -0.0001616965  -0.0004401257  -0.0000181537  -0.0000394739   0.0000228482
        0.0000017425   0.0000276177  -0.0000028113  -0.0000228550   0.0000528532
        0.0000116448   0.0000283477
       -0.0000303227   0.0002044574  -0.0024299230  -0.0014719670  -0.0010650965
        0.0004283443  -0.0092138474  -0.0059215695  -0.0340553859   0.0001603838
        0.0001234267   0.0003544288  -0.0000453075  -0.0003657662   0.0074324606
        0.0000382282  -0.0000126988   0.0001102274  -0.0000696132  -0.0007211588
        0.0080597773  -0.0000851404  -0.0000465465  -0.0000530888   0.0000258972
        0.0000882916  -0.0015604990   0.0000763431  -0.0000249988   0.0000538937
        0.0002469114  -0.0003510779  -0.0000799925  -0.0002506401   0.0003874693
       -0.0000650099   0.0105090711   0.0075387793   0.0244408184   0.0000993761
        0.0001757671  -0.0025139268   0.0000096188  -0.0000028216   0.0000971197
       -0.0000040236  -0.0000126383  -0.0001711696  -0.0000011934   0.0000025086
       -0.0000095120   0.0002498740   0.0001629143  -0.0000081221  -0.0002436484
       -0.0001592414  -0.0000304407
       -0.0000855981   0.0012838657   0.0000652310  -0.0041816334   0.0026645601
       -0.0000447661  -0.0014088241   0.0262188903   0.0013763769  -0.0440720470
        0.0026759156  -0.0000476429  -0.0009259007  -0.0259990581  -0.0014015498
       -0.0039878631  -0.0026080554  -0.0003255948  -0.0007209157   0.0000039544
       -0.0000205753   0.0000725269  -0.0000555133   0.0000223059  -0.0001260364
       -0.0012900878  -0.0000727864   0.0001855576  -0.0000115814   0.0000028947
       -0.0001506594   0.0000894945  -0.0000247548  -0.0001546208   0.0000888001
        0.0000297152   0.0008225484   0.0008543317   0.0000993761   0.0539778057
       -0.0029082316   0.0003405279   0.0008240785  -0.0008781996   0.0000103520
        0.0000378569   0.0000650818   0.0000058194   0.0001916561   0.0000001821
        0.0000026650  -0.0001470015  -0.0000950830  -0.0000284839  -0.0001509298
       -0.0000992663   0.0000108897
       -0.0000837102  -0.0008489426  -0.0000508025   0.0032527358  -0.0004415873
       -0.0003573010   0.0021663249  -0.0184180041  -0.0009516143   0.0025470598
       -0.3005782525  -0.0142918644  -0.0017699508  -0.0190657023  -0.0010436377
       -0.0032154319  -0.0004800422  -0.0004723610  -0.0000037112   0.0007110706
        0.0000059896   0.0000151839   0.0003499291   0.0000991468   0.0000289309
       -0.0008558812  -0.0000542213  -0.0000453534   0.0000433143   0.0000002711
        0.0000953700  -0.0000556115   0.0000266314   0.0000910611  -0.0000492966
       -0.0000317035  -0.0006039651   0.0009380426   0.0001757671  -0.0029082316
        0.3377933273   0.0167452953   0.0005740960   0.0009385080   0.0001978893
       -0.0000151632   0.0001337804   0.0000132442   0.0000597978   0.0000326243
        0.0000028660  -0.0000872533  -0.0000699728  -0.0000330645  -0.0000977895
       -0.0000773035   0.0000194694
       -0.0000060652  -0.0000298377   0.0000831132  -0.0000084234  -0.0003645643
        0.0072325579   0.0000842333  -0.0005503983   0.0000196969  -0.0000534144
       -0.0143011146  -0.0331869433  -0.0001013478  -0.0014354610  -0.0001650267
       -0.0003641727  -0.0004591259   0.0073435576  -0.0000244328   0.0000231533
        0.0005460961   0.0000275418   0.0000739264  -0.0014245554  -0.0000005882
       -0.0000767909   0.0001821100   0.0000000642   0.0000026000  -0.0000173670
       -0.0000521694   0.0000304108   0.0000253911   0.0000561175  -0.0000361841
        0.0000209457   0.0000237490   0.0001980760  -0.0025139268   0.0003405279
        0.0167452953   0.0245469366   0.0000850732   0.0001744482  -0.0025905724
        0.0000020280   0.0000156570  -0.0001219430   0.0000069971   0.0000034639
       -0.0000275689  -0.0000920597  -0.0000453594   0.0000185906   0.0000763415
        0.0000318055   0.0000289080
        0.0001109422  -0.0000292395   0.0000249862   0.0004694567  -0.0007161678
       -0.0000334148  -0.0042715912  -0.0034130201  -0.0003756092  -0.0266403622
        0.0124508697   0.0002245559  -0.2356640607   0.1093853697   0.0025265276
       -0.0041069482   0.0036111082   0.0001171334   0.0009161413   0.0002472526
       -0.0000957218  -0.0001939546   0.0001906503   0.0000078993   0.0012965414
       -0.0017533036  -0.0000331248   0.0000521046  -0.0000471838   0.0000008180
        0.0000327772  -0.0000047631   0.0000096653   0.0000408175  -0.0000093694
       -0.0000091782  -0.0013739571   0.0006366499   0.0000096188   0.0008240785
        0.0005740960   0.0000850732   0.2682577596  -0.1204716626  -0.0024289248
        0.0000549124  -0.0000870112  -0.0000046485   0.0003914239  -0.0003654280
       -0.0000140674  -0.0001028776  -0.0001081700   0.0000674710  -0.0000932037
       -0.0000906774  -0.0000790590
       -0.0000517998   0.0001361595   0.0000865748  -0.0005615138  -0.0002914584
       -0.0000321889  -0.0027515112  -0.0006352089  -0.0004833815  -0.0118036737
        0.0067229749   0.0001471380   0.1093605159  -0.1063969952  -0.0021223802
        0.0266444951  -0.0183058211  -0.0005671588  -0.0010339199  -0.0048216289
       -0.0006814505   0.0016269715  -0.0019421480  -0.0000672894   0.0017815340
        0.0008878250   0.0002110092   0.0000494603   0.0000255368   0.0000042924
       -0.0000590632   0.0000170977   0.0000256989  -0.0000354734   0.0000008885
       -0.0000221216  -0.0006610979   0.0002629059  -0.0000028216  -0.0008781996
        0.0009385080   0.0001744482  -0.1204716626   0.1234778587   0.0033628696
        0.0001916932   0.0001707456   0.0000065208  -0.0014319346  -0.0007179183
       -0.0000739242   0.0000308408   0.0002217270  -0.0001195426   0.0000543389
        0.0002489512   0.0001537074
        0.0000270550   0.0000855845  -0.0014919862  -0.0000279201  -0.0000406156
        0.0001056418  -0.0003341145  -0.0004893270   0.0075236235  -0.0010751359
        0.0005513687   0.0003619809   0.0025208759  -0.0021399554  -0.0332413452
        0.0013449519  -0.0009381447   0.0004678586  -0.0001703777  -0.0006640495
        0.0075769672   0.0000885381  -0.0000844390  -0.0001674214   0.0001657098
        0.0001509514  -0.0024305711   0.0000032014   0.0000014856  -0.0000180089
        0.0002175081  -0.0001780493  -0.0000303614  -0.0002200633   0.0001816820
       -0.0000216385  -0.0000603453   0.0000191637   0.0000971197   0.0000103520
        0.0001978893  -0.0025905724  -0.0024289248   0.0033628696   0.0238010300
        0.0000101687   0.0000035629   0.0000771848  -0.0000759855  -0.0000508488
        0.0001253328   0.0002659125   0.0003700424  -0.0000555505  -0.0002614063
       -0.0003391710  -0.0000892836
        0.0000212698  -0.0000221022  -0.0000092154   0.0002372851  -0.0003485732
       -0.0000414225  -0.0006101443  -0.0000025126  -0.0000271378   0.0004051527
        0.0003510680   0.0000268524  -0.0002563306  -0.0007129694  -0.0000390240
        0.0007407306   0.0028018552   0.0001627720   0.0031004952  -0.0114657728
       -0.0005417766  -0.3904148941  -0.1343440898  -0.0133683890   0.0009168468
       -0.0011400823  -0.0000424553   0.0001956917  -0.0000465594   0.0000015351
        0.0001571855  -0.0003138390  -0.0004367951   0.0001423680  -0.0003686354
        0.0004081963   0.0000766472  -0.0001616965  -0.0000040236   0.0000378569
       -0.0000151632   0.0000020280   0.0000549124   0.0001916932   0.0000101687
        0.3877234046   0.1443381545   0.0138640790   0.0003018178  -0.0002156002
       -0.0000038026  -0.0014587895   0.0006386206   0.0018589010  -0.0013715059
        0.0008362047  -0.0018204905
        0.0006337933  -0.0001283725  -0.0000180936  -0.0000759035  -0.0060834196
       -0.0004036993  -0.0015432080  -0.0011827117  -0.0001483881  -0.0001264604
        0.0002971277   0.0000167540  -0.0003164510  -0.0004054758  -0.0000211950
       -0.0016022789   0.0000177346  -0.0000148204  -0.0358469550  -0.0222932822
       -0.0017022593  -0.1081501567  -0.0802885239  -0.0057372901  -0.0002575053
        0.0004205970  -0.0000315072   0.0002090687   0.0000771192   0.0000095417
        0.0001708567  -0.0000389800  -0.0001052877   0.0001695151  -0.0000704001
        0.0001186500   0.0001176196  -0.0004401257  -0.0000126383   0.0000650818
        0.0001337804   0.0000156570  -0.0000870112   0.0001707456   0.0000035629
        0.1443381545   0.1090791098   0.0078370853  -0.0001239892   0.0002704433
        0.0000370573   0.0011656479   0.0002642228  -0.0007518695   0.0012601816
        0.0002004110   0.0009087402
        0.0000314827  -0.0000352078   0.0003912696  -0.0000243703  -0.0003985884
        0.0014504637  -0.0001161890  -0.0001216090   0.0011190288   0.0000013313
        0.0000176977  -0.0000551393  -0.0000145371  -0.0000207217  -0.0000879058
       -0.0000745644   0.0000554797  -0.0002117647  -0.0018394475  -0.0013114319
       -0.0012912052  -0.0119759786  -0.0061639956  -0.0057833467  -0.0000158056
       -0.0000338630   0.0009205318   0.0000132885   0.0000055170  -0.0000626791
        0.0000421181  -0.0001866798  -0.0001414309  -0.0000144414   0.0001868352
       -0.0000968459   0.0000105509  -0.0000181537  -0.0001711696   0.0000058194
        0.0000132442  -0.0001219430  -0.0000046485   0.0000065208   0.0000771848
        0.0138640790   0.0078370853   0.0062006874   0.0000055848   0.0000371629
       -0.0004810877   0.0010937679   0.0002692244  -0.0008165075  -0.0009880400
       -0.0001385161  -0.0008381408
       -0.0003078237  -0.0002634932  -0.0000181917  -0.0011310325   0.0007030346
        0.0000214795   0.0003174357   0.0001897696   0.0000145049   0.0001059016
        0.0003628235   0.0000245654   0.0007757917   0.0020391987   0.0001255599
       -0.0273556943   0.0147125741   0.0002681634  -0.0050057254  -0.0018065309
       -0.0001986581   0.0001484095  -0.0018012970  -0.0000982064  -0.1846166536
        0.1212751106   0.0037084492  -0.0001289581   0.0000160702  -0.0000026289
        0.0000564232  -0.0000252545  -0.0000217000   0.0000564377  -0.0000284417
        0.0000205262   0.0000657108  -0.0000394739  -0.0000011934   0.0001916561
        0.0000597978   0.0000069971   0.0003914239  -0.0014319346  -0.0000759855
        0.0003018178  -0.0001239892   0.0000055848   0.2160438444  -0.1382258193
       -0.0040740484   0.0004303659   0.0019027651  -0.0011185555  -0.0003393308
        0.0024850901   0.0014133375
       -0.0001812633  -0.0000614750  -0.0000014320  -0.0005990477   0.0003861370
        0.0000043359  -0.0000620559   0.0000636868  -0.0000005189   0.0001349141
        0.0000194453   0.0000022643  -0.0024625549   0.0010784564   0.0000205394
       -0.0090502235   0.0089248225   0.0002702708  -0.0023474169  -0.0027893749
       -0.0002350786   0.0006046434   0.0004498175   0.0000206507   0.1208876727
       -0.1443803993  -0.0029742549  -0.0000192730   0.0000451805   0.0000027486
       -0.0000057767  -0.0000191370  -0.0000046928  -0.0000057050  -0.0000207187
        0.0000026475   0.0000454205   0.0000228482   0.0000025086   0.0000001821
        0.0000326243   0.0000034639  -0.0003654280  -0.0007179183  -0.0000508488
       -0.0002156002   0.0002704433   0.0000371629  -0.1382258193   0.1677514060
        0.0037240929   0.0169353832  -0.0167020324   0.0023071098   0.0149319484
       -0.0143538122  -0.0031309692
       -0.0000158585  -0.0000009306  -0.0000906461  -0.0000498396   0.0000281588
        0.0001744469   0.0000039868  -0.0000045778   0.0000440278   0.0000124060
        0.0000123584  -0.0000142270  -0.0001202337   0.0001058446  -0.0000861875
       -0.0009402187   0.0006871405   0.0004476949  -0.0002164700  -0.0002414764
        0.0008568368   0.0000347707  -0.0000027263   0.0002636191   0.0036811069
       -0.0029666100  -0.0444842366  -0.0000026235   0.0000031424  -0.0000042508
        0.0000047308  -0.0000130684  -0.0000048720  -0.0000033272   0.0000100067
       -0.0000025789   0.0000030774   0.0000017425  -0.0000095120   0.0000026650
        0.0000028660  -0.0000275689  -0.0000140674  -0.0000739242   0.0001253328
       -0.0000038026   0.0000370573  -0.0004810877  -0.0040740484   0.0037240929
        0.0472099877  -0.0197272943   0.0195683928  -0.0011690036   0.0214250402
       -0.0208774890  -0.0027477749
        0.0000413129   0.0000497193   0.0000518559   0.0005435792   0.0003614887
       -0.0011716827   0.0003114248  -0.0004689184   0.0000008187  -0.0005798549
       -0.0005892145  -0.0012190450  -0.0024285452  -0.0004319523   0.0008361369
       -0.0056577885  -0.0192510666   0.0198371658  -0.0004148292  -0.0025847193
        0.0001096069   0.0002578178   0.0013976097   0.0002185074  -0.0430414752
       -0.0105975034   0.0169083123   0.0000492120   0.0000018945   0.0000082081
       -0.0000078696  -0.0000093184   0.0000115986  -0.0000394252   0.0000140112
       -0.0000231867   0.0000285946   0.0000276177   0.0002498740  -0.0001470015
       -0.0000872533  -0.0000920597  -0.0001028776   0.0000308408   0.0002659125
       -0.0014587895   0.0011656479   0.0010937679   0.0004303659   0.0169353832
       -0.0197272943   0.0510078937   0.0134859382  -0.0174653903   0.0012082554
        0.0005497949   0.0001068935
        0.0001065444   0.0000255140   0.0000120457   0.0001626157  -0.0002510873
       -0.0003643536   0.0001802795  -0.0000282450  -0.0000205957  -0.0004722629
       -0.0004331120  -0.0011060823  -0.0022964152  -0.0005011902   0.0005652190
       -0.0085247909  -0.0142147109   0.0115184282   0.0013087345  -0.0014418223
        0.0000215433   0.0001760706   0.0012822166  -0.0002249397  -0.0074721600
       -0.1268311145   0.1120579762   0.0000164475  -0.0000194067   0.0000093051
        0.0000020798   0.0000034159   0.0000206670  -0.0000275890   0.0000409180
       -0.0000396346  -0.0000057067  -0.0000028113   0.0001629143  -0.0000950830
       -0.0000699728  -0.0000453594  -0.0001081700   0.0002217270   0.0003700424
        0.0006386206   0.0002642228   0.0002692244   0.0019027651  -0.0167020324
        0.0195683928   0.0134859382   0.1489560176  -0.1300871152   0.0010220818
        0.0097014735  -0.0126876780
       -0.0001166527  -0.0000044104  -0.0000160449  -0.0001771468   0.0000061322
       -0.0000439745  -0.0000924179  -0.0000521228   0.0000078825  -0.0000198686
       -0.0002401258   0.0000522043  -0.0001301021  -0.0004647772  -0.0003333752
        0.0034495156   0.0019166143   0.0019558698  -0.0002388092   0.0018575143
        0.0006039824  -0.0004601791  -0.0015871124   0.0001517412   0.0133930085
        0.1106556516  -0.1845997396  -0.0000138540   0.0000019500  -0.0000018461
        0.0000140905  -0.0000050812  -0.0000430799   0.0000334949  -0.0000277100
        0.0000583779   0.0000071963  -0.0000228550  -0.0000081221  -0.0000284839
       -0.0000330645   0.0000185906   0.0000674710  -0.0001195426  -0.0000555505
        0.0018589010  -0.0007518695  -0.0008165075  -0.0011185555   0.0023071098
       -0.0011690036  -0.0174653903  -0.1300871152   0.2130164482   0.0010377823
        0.0166508142  -0.0287778529
        0.0000417613   0.0000531680  -0.0000438663   0.0004978338   0.0002300954
        0.0012169580   0.0003087694  -0.0004612314  -0.0000403837  -0.0006141609
       -0.0007260895   0.0011224884  -0.0024168921  -0.0003744232  -0.0009452446
       -0.0047533162  -0.0169892201  -0.0219004417  -0.0004085364  -0.0024731750
       -0.0004106061   0.0002310011   0.0013473105  -0.0000756674  -0.0421556285
       -0.0053367484  -0.0123041633   0.0000490975   0.0000026508  -0.0000056865
       -0.0000389504   0.0000103993   0.0000213842  -0.0000070539  -0.0000082799
       -0.0000115887   0.0000371502   0.0000528532  -0.0002436484  -0.0001509298
       -0.0000977895   0.0000763415  -0.0000932037   0.0000543389  -0.0002614063
       -0.0013715059   0.0012601816  -0.0009880400  -0.0003393308   0.0149319484
        0.0214250402   0.0012082554   0.0010220818   0.0010377823   0.0499756399
        0.0075019291   0.0123307486
        0.0000954686   0.0000255375  -0.0000045837   0.0001328453  -0.0002877073
        0.0003369643   0.0001696109  -0.0000327111   0.0000225680  -0.0005070329
       -0.0005715741   0.0010197556  -0.0022821446  -0.0004911472  -0.0006638220
       -0.0076643520  -0.0126479284  -0.0132599170   0.0012832104  -0.0012266164
       -0.0001708034   0.0001337379   0.0010866787   0.0003374960  -0.0025376172
       -0.1048524107  -0.1040127429   0.0000150864  -0.0000182182  -0.0000101876
       -0.0000257736   0.0000344214   0.0000360623   0.0000040991   0.0000048571
       -0.0000169812  -0.0000002133   0.0000116448  -0.0001592414  -0.0000992663
       -0.0000773035   0.0000318055  -0.0000906774   0.0002489512  -0.0003391710
        0.0008362047   0.0002004110  -0.0001385161   0.0024850901  -0.0143538122
       -0.0208774890   0.0005497949   0.0097014735   0.0166508142   0.0075019291
        0.1232454538   0.1212179894
        0.0001261246   0.0000119815  -0.0000136946   0.0002117128  -0.0000152974
        0.0000394024   0.0001172096   0.0000228079   0.0000172509  -0.0000485622
        0.0001509382   0.0002252945  -0.0001830481   0.0004401122  -0.0003805152
       -0.0044717743  -0.0040046787  -0.0004995435   0.0003531871  -0.0021507255
        0.0003853798   0.0004769081   0.0017488696   0.0003636574  -0.0085054373
       -0.1027448055  -0.2074958276   0.0000180760  -0.0000031016  -0.0000029170
       -0.0000392375   0.0000249252   0.0000629285  -0.0000123596   0.0000093673
       -0.0000456762  -0.0000051190   0.0000283477  -0.0000304407   0.0000108897
        0.0000194694   0.0000289080  -0.0000790590   0.0001537074  -0.0000892836
       -0.0018204905   0.0009087402  -0.0008381408   0.0014133375  -0.0031309692
       -0.0027477749   0.0001068935  -0.0126876780  -0.0287778529   0.0123307486
        0.1212179894   0.2397988453
