           1           2   1.0276449294353034     
           2           3   1.4276395620735352     
           3           4   1.4293519080128743     
           2           5  0.10234709921099594     
           4           5   1.4410675588463000     
           5           6   1.4148694090006992     
           2           7   1.3411077930100883     
           6           7   1.3592348800960898     
           7           8   1.0642550473354730     
           6           9   1.0199340221630155     
           1          10  0.98624858006504357     
           1          11  0.97071682542165494     
           1          12  0.97077945484062900     
           3          13  0.96893215611648376     
           4          14  0.97119090407497155     
           5          15  0.96906901439549087     
           8          16  0.88301993675486379     
           9          17  0.98346812525788119     
           9          18  0.97276277916573894     
           9          19  0.97277957198818066     
