           1           2   1.0205959293458218     
           2           3  0.97350132667811173     
           3           4   1.7500040383043431     
           3           5   1.1330784859766578     
           4           5  0.17173944912661496     
           5           6  0.95884661411352801     
           1           7  0.98703000538148722     
           1           8  0.98616915527250049     
           1           9  0.98626477045965943     
           2          10  0.94911134664990104     
           2          11  0.95962896628483818     
           6          12  0.97717209010639605     
           6          13  0.98195521397103103     
           6          14  0.97727272681943067     
