           1           2   1.4406250896504993     
           2           3   1.4440438015274366     
           3           4   1.3773467360205653     
           2           5  0.10983337537690351     
           4           5   1.3638524426769143     
           1           6   1.4282804639908422     
           3           6  0.10644200280540780     
           5           6   1.4593829463316388     
           4           7   1.0697471796579907     
           1           8  0.97153815072159599     
           2           9  0.97134646963581628     
           3          10  0.96669512472972241     
           5          11  0.96852057851578888     
           6          12  0.97098426377001024     
           7          13  0.88993914881519098     
