$hessian                                                                        
        0.4883483047  -0.0193508325  -0.0279158068  -0.1527604253  -0.0365968768
       -0.0577011612  -0.0281158035  -0.0026855674  -0.0082658858   0.0006283437
       -0.0034706235  -0.0030796299  -0.0061704898   0.0019474372   0.0011710957
       -0.0016477637  -0.0004174201  -0.0004848286  -0.0448052659  -0.0045124011
        0.0201557298  -0.0437083883  -0.0147172944   0.0019271891  -0.2052262470
        0.0841542034   0.0801684743  -0.0010396509   0.0000546497  -0.0031085901
       -0.0051716692  -0.0044506135  -0.0028966489   0.0000200743  -0.0001081366
        0.0000047828  -0.0003650800   0.0001566945   0.0001290673   0.0000140610
       -0.0000032189  -0.0001037878
       -0.0193508325   0.5210015632  -0.0081892732  -0.0360354164  -0.0816693868
       -0.0224261358   0.0063021364   0.0037385203   0.0051159515   0.0008115570
        0.0004250636   0.0010325441   0.0033793462   0.0000021197  -0.0007982116
        0.0007688789   0.0004468759   0.0000456607  -0.0049177618  -0.0613738686
        0.0607696363  -0.0139233933  -0.2869662342   0.0159475678   0.0836056112
       -0.0861516407  -0.0392226472   0.0043312631   0.0025514570   0.0025480761
       -0.0250501365  -0.0120152606  -0.0148443370  -0.0001106484   0.0000616686
        0.0000347991   0.0001928288  -0.0000530917  -0.0000302272  -0.0000034327
        0.0000022142   0.0000165963
       -0.0279158068  -0.0081892732   0.5114664759  -0.0569271812  -0.0226063023
       -0.1021920326   0.0035130918   0.0029629673   0.0047894723   0.0012519451
        0.0006582462   0.0003381304   0.0028305960  -0.0009402826   0.0000734010
        0.0007215208   0.0000679861   0.0003879256   0.0208657298   0.0612038532
       -0.2700990248   0.0016154906   0.0156872116  -0.0457074280   0.0794920044
       -0.0391169946  -0.0812691615  -0.0248685480  -0.0084601745  -0.0184271747
       -0.0006446377  -0.0012776934   0.0006252895  -0.0000191040   0.0000119562
        0.0000003545   0.0001802954  -0.0000361741  -0.0000251422  -0.0000953963
        0.0000346741   0.0000389145
       -0.1527604253  -0.0360354164  -0.0569271812   0.4604407881   0.0190132137
        0.0138279348  -0.1350851967   0.0430965312   0.0389591678  -0.0034667162
        0.0088466062   0.0066531709  -0.0502388551   0.0069408702   0.0026540069
       -0.0028978764  -0.0018942655  -0.0025648064  -0.0007544622   0.0003114811
       -0.0040887301  -0.0047867332  -0.0057174410  -0.0028744734  -0.0262705941
       -0.0078884114  -0.0132824989  -0.0409010782  -0.0055109287   0.0173524754
       -0.0417641649  -0.0217589044  -0.0001524616  -0.0002207454  -0.0000996645
        0.0001025407  -0.0012328790   0.0006022606   0.0004785631  -0.0000610614
        0.0000940688  -0.0001377080
       -0.0365968768  -0.0816693868  -0.0226063023   0.0190132137   0.5031536306
       -0.0019618054   0.0336956109  -0.0844698476  -0.0090563798   0.0266746760
       -0.0151008919  -0.0323941667  -0.0027281488   0.0082481361   0.0029438486
       -0.0023445172   0.0017869697  -0.0033034222   0.0055328770   0.0024156636
        0.0027074986  -0.0264407843  -0.0131641800  -0.0163111425   0.0094582231
        0.0037944297   0.0056148724  -0.0066409815  -0.0523321254   0.0578987224
       -0.0190472660  -0.2727458560   0.0165344126  -0.0005879254  -0.0000329259
       -0.0000627403  -0.0005803034   0.0003027686   0.0000821305   0.0005922028
       -0.0001863846  -0.0000855258
       -0.0577011612  -0.0224261358  -0.1021920326   0.0138279348  -0.0019618054
        0.4947894694   0.0278307192  -0.0076506141  -0.0775233548   0.0242634580
       -0.0335918504  -0.0136230160  -0.0068379950   0.0042692945   0.0091769809
       -0.0032263326  -0.0035185314   0.0014626627  -0.0257367798  -0.0095123363
       -0.0194719918  -0.0001751417  -0.0019255089   0.0000894296   0.0073978684
        0.0030674735   0.0051168974   0.0211016891   0.0540349669  -0.2580587568
        0.0000151101   0.0191919638  -0.0398444434   0.0006402235  -0.0001931948
       -0.0001426313  -0.0007738373   0.0002175206   0.0003061360  -0.0006257554
       -0.0000012423  -0.0000853492
       -0.0281158035   0.0063021364   0.0035130918  -0.1350851967   0.0336956109
        0.0278307192   0.4753343463  -0.0487006560  -0.0254170603  -0.0824210916
        0.0466746701   0.0455169527  -0.1704316862  -0.0370539015  -0.0473389519
       -0.0499043789  -0.0060220178  -0.0102563831  -0.0001951821   0.0002763828
        0.0000329276  -0.0006178254  -0.0001031458   0.0002160011  -0.0033551118
       -0.0013469889  -0.0023781387  -0.0024885263   0.0037880196   0.0057316404
        0.0023990079   0.0019163514   0.0025979182   0.0008190242  -0.0012452908
       -0.0000659038  -0.0066632167   0.0019208530   0.0012497051   0.0007256408
       -0.0001020234  -0.0012325181
       -0.0026855674   0.0037385203   0.0029629673   0.0430965312  -0.0844698476
       -0.0076506141  -0.0487006560   0.5737795807   0.3776096427   0.0347972893
       -0.3896931818  -0.3220383811  -0.0509611607  -0.0964898892  -0.0454199977
        0.0022788222   0.0091227905   0.0086042840  -0.0006082714   0.0010133176
       -0.0007129885  -0.0024182010  -0.0007601440   0.0006091989  -0.0018094580
       -0.0006163320  -0.0016624725  -0.0056415047   0.0037401262   0.0008555727
        0.0250162085  -0.0197621107  -0.0122663664   0.0037530657  -0.0002564952
        0.0018432783   0.0020344448  -0.0013966054  -0.0017584385   0.0018484575
        0.0020502705  -0.0009756853
       -0.0082658858   0.0051159515   0.0047894723   0.0389591678  -0.0090563798
       -0.0775233548  -0.0254170603   0.3776096427   0.5729135868   0.0338005021
       -0.3209869776  -0.3864513555  -0.0613810864  -0.0444919434  -0.1054042691
       -0.0021433278   0.0079583886   0.0085116393  -0.0021910794   0.0012059479
       -0.0008213116  -0.0011584263  -0.0008097716   0.0009420641  -0.0028169224
       -0.0015719577  -0.0016678878   0.0259290639  -0.0121879385  -0.0175222970
       -0.0024114964  -0.0012751890   0.0011793451   0.0015742274  -0.0011975160
        0.0021633924   0.0015630092  -0.0017838694  -0.0011111967   0.0039593144
        0.0014716122   0.0000021726
        0.0006283437   0.0008115570   0.0012519451  -0.0034667162   0.0266746760
        0.0242634580  -0.0824210916   0.0347972893   0.0338005021   0.0941542770
       -0.0256928981  -0.0202192767  -0.0085252152  -0.0381352348  -0.0412056075
        0.0012842313  -0.0029910630  -0.0024862273   0.0003888775  -0.0002983210
        0.0003743899   0.0004871949   0.0004925505  -0.0001307725   0.0006926707
        0.0003688776   0.0005118602  -0.0028689444   0.0017793108   0.0016484842
       -0.0038426825   0.0025423183   0.0021832535   0.0009588125  -0.0002985784
        0.0009135352   0.0014857244  -0.0008091258  -0.0007299781   0.0010445177
        0.0007586418  -0.0001755663
       -0.0034706235   0.0004250636   0.0006582462   0.0088466062  -0.0151008919
       -0.0335918504   0.0466746701  -0.3896931818  -0.3209869776  -0.0256928981
        0.4364251466   0.4101594990  -0.0330586201  -0.0294559208  -0.0585141347
        0.0019924381  -0.0010649236   0.0029408035   0.0001032310  -0.0003255324
        0.0007242076   0.0011215963   0.0009594248  -0.0002002026  -0.0005456284
        0.0002874977   0.0002573108   0.0035711144  -0.0028382228  -0.0016114799
        0.0015468583  -0.0000605882  -0.0008096859  -0.0011096482   0.0003951022
       -0.0007962985   0.0007771773   0.0007402852   0.0007159752  -0.0007562733
       -0.0006932586   0.0010545874
       -0.0030796299   0.0010325441   0.0003381304   0.0066531709  -0.0323941667
       -0.0136230160   0.0455169527  -0.3220383811  -0.3864513555  -0.0202192767
        0.4101594990   0.4372816061  -0.0358569199  -0.0587965164  -0.0362886818
        0.0025003754   0.0025187476  -0.0011076426   0.0009013173  -0.0007129469
        0.0010333274   0.0004178428   0.0009615659  -0.0003428878  -0.0004226574
        0.0004024062   0.0003929580   0.0002596578  -0.0003592788   0.0006100240
        0.0040662653  -0.0018305167  -0.0022585255  -0.0004995308   0.0010512566
       -0.0006137074   0.0009017369   0.0005858258   0.0007274487  -0.0011393043
       -0.0005800388   0.0003023222
       -0.0061704898   0.0033793462   0.0028305960  -0.0502388551  -0.0027281488
       -0.0068379950  -0.1704316862  -0.0509611607  -0.0613810864  -0.0085252152
       -0.0330586201  -0.0358569199   0.4619681319  -0.0051304097   0.0292609224
       -0.1549726034   0.0572032044   0.0483936246   0.0005759266  -0.0001116956
        0.0002261110   0.0008897333   0.0002802237   0.0000159181  -0.0021661684
       -0.0003481395  -0.0007558412  -0.0012412107  -0.0010512140  -0.0000668281
       -0.0009247746   0.0002174238  -0.0013820250  -0.0163203135   0.0170151706
        0.0035071783  -0.0322743824   0.0086628589   0.0058591606  -0.0201680926
        0.0066311609   0.0161871846
        0.0019474372   0.0000021197  -0.0009402826   0.0069408702   0.0082481361
        0.0042692945  -0.0370539015  -0.0964898892  -0.0444919434  -0.0381352348
       -0.0294559208  -0.0587965164  -0.0051304097   0.2175894294   0.1457177249
        0.0458800201  -0.0918083687  -0.0329351017   0.0001201483  -0.0003092379
       -0.0000630500   0.0005258088   0.0002020868  -0.0001480490   0.0003399422
        0.0002857430   0.0003637915   0.0004502980  -0.0001664937  -0.0002030911
       -0.0011589672   0.0014012919  -0.0004867616   0.0359947002  -0.0167840891
       -0.0119569439  -0.0113402834   0.0062389546   0.0044265708   0.0006195717
        0.0010462379  -0.0047556419
        0.0011710957  -0.0007982116   0.0000734010   0.0026540069   0.0029438486
        0.0091769809  -0.0473389519  -0.0454199977  -0.1054042691  -0.0412056075
       -0.0585141347  -0.0362886818   0.0292609224   0.1457177249   0.2201208916
        0.0369055499  -0.0317518554  -0.0835539023   0.0004409688  -0.0002260243
        0.0002077719   0.0003865253   0.0000489413  -0.0002716471   0.0001525168
        0.0002486254   0.0003490816  -0.0015365081  -0.0006431501   0.0009627835
        0.0005031590   0.0001184107  -0.0003773620  -0.0022428907  -0.0028770011
        0.0018664137  -0.0137626491   0.0060214998   0.0055161560   0.0346118625
       -0.0148686758  -0.0123776181
       -0.0016477637   0.0007688789   0.0007215208  -0.0028978764  -0.0023445172
       -0.0032263326  -0.0499043789   0.0022788222  -0.0021433278   0.0012842313
        0.0019924381   0.0025003754  -0.1549726034   0.0458800201   0.0369055499
        0.4383722388   0.0430033234   0.0376765492   0.0000089954  -0.0000320953
        0.0002490459   0.0000090396   0.0002377523   0.0000276163  -0.0004125675
       -0.0002721843  -0.0003965033  -0.0002920797   0.0000855502  -0.0001380326
       -0.0002181156  -0.0001765076   0.0000489505  -0.0395460847   0.0015271822
       -0.0023821396  -0.1480253160  -0.0867467682  -0.0925848491  -0.0417577194
       -0.0062018948   0.0227415769
       -0.0004174201   0.0004468759   0.0000679861  -0.0018942655   0.0017869697
       -0.0035185314  -0.0060220178   0.0091227905   0.0079583886  -0.0029910630
       -0.0010649236   0.0025187476   0.0572032044  -0.0918083687  -0.0317518554
        0.0430033234   0.4994074597   0.0067671730   0.0000238752   0.0000295334
       -0.0000001132   0.0000098946  -0.0000895722   0.0000235268  -0.0001625235
       -0.0000036938  -0.0000115342   0.0006023238  -0.0003006134  -0.0001131761
        0.0000264862   0.0003459892   0.0002403243  -0.0019135091  -0.2629844873
        0.0457723623  -0.0822485468  -0.1052489753  -0.0663202869  -0.0052197620
       -0.0496389841   0.0383669886
       -0.0004848286   0.0000456607   0.0003879256  -0.0025648064  -0.0033034222
        0.0014626627  -0.0102563831   0.0086042840   0.0085116393  -0.0024862273
        0.0029408035  -0.0011076426   0.0483936246  -0.0329351017  -0.0835539023
        0.0376765492   0.0067671730   0.5061013184  -0.0000023955   0.0000511366
       -0.0000735214   0.0000235939   0.0000057821   0.0000341828  -0.0001515914
       -0.0000038884  -0.0000486895  -0.0001910610   0.0002720133   0.0003516043
        0.0004110827  -0.0001431083  -0.0002288326  -0.0013704936   0.0454100359
       -0.0525813349  -0.0882218621  -0.0666891952  -0.1154718243   0.0192247988
        0.0389778267  -0.2637835855
       -0.0448052659  -0.0049177618   0.0208657298  -0.0007544622   0.0055328770
       -0.0257367798  -0.0001951821  -0.0006082714  -0.0021910794   0.0003888775
        0.0001032310   0.0009013173   0.0005759266   0.0001201483   0.0004409688
        0.0000089954   0.0000238752  -0.0000023955   0.0516337789   0.0074992481
       -0.0200049088   0.0007033066  -0.0004787313   0.0018896748  -0.0041172201
       -0.0062537472   0.0272490091  -0.0041160623  -0.0014057947  -0.0035013066
        0.0006691733   0.0003929596   0.0000510198   0.0000111830  -0.0000100594
       -0.0000010389   0.0000422322   0.0000029226   0.0000145379  -0.0000452809
       -0.0000008960   0.0000252514
       -0.0045124011  -0.0613738686   0.0612038532   0.0003114811   0.0024156636
       -0.0095123363   0.0002763828   0.0010133176   0.0012059479  -0.0002983210
       -0.0003255324  -0.0007129469  -0.0001116956  -0.0003092379  -0.0002260243
       -0.0000320953   0.0000295334   0.0000511366   0.0074992481   0.0669148645
       -0.0698419428  -0.0038056052  -0.0127835122   0.0332866720   0.0022991670
        0.0036777567  -0.0132149535  -0.0017142228   0.0002866950  -0.0015178067
        0.0000825431   0.0004511592  -0.0007209875  -0.0000004733  -0.0000116173
        0.0000140702   0.0000014590  -0.0000092745  -0.0000144687   0.0000045330
        0.0000240528  -0.0000002133
        0.0201557298   0.0607696363  -0.2700990248  -0.0040887301   0.0027074986
       -0.0194719918   0.0000329276  -0.0007129885  -0.0008213116   0.0003743899
        0.0007242076   0.0010333274   0.0002261110  -0.0000630500   0.0002077719
        0.0002490459  -0.0000001132  -0.0000735214  -0.0200049088  -0.0698419428
        0.3121727178   0.0011927582   0.0041838244  -0.0052957878   0.0046694960
        0.0035070885  -0.0166196589  -0.0033382166  -0.0013846369  -0.0014049126
        0.0005027778   0.0001136457   0.0003394765   0.0000097089   0.0000023963
       -0.0000191040   0.0000414143   0.0000042749  -0.0000015520  -0.0000225038
       -0.0000098408   0.0000535714
       -0.0437083883  -0.0139233933   0.0016154906  -0.0047867332  -0.0264407843
       -0.0001751417  -0.0006178254  -0.0024182010  -0.0011584263   0.0004871949
        0.0011215963   0.0004178428   0.0008897333   0.0005258088   0.0003865253
        0.0000090396   0.0000098946   0.0000235939   0.0007033066  -0.0038056052
        0.0011927582   0.0506498531   0.0195312977   0.0010557216   0.0001067447
        0.0276936629  -0.0009990958   0.0006109943   0.0000325630   0.0003985612
       -0.0043570011  -0.0023573154  -0.0027515112  -0.0000404330   0.0000285883
       -0.0000174844   0.0000501551   0.0000139462   0.0000113405   0.0000033594
       -0.0000120585  -0.0000001746
       -0.0147172944  -0.2869662342   0.0156872116  -0.0057174410  -0.0131641800
       -0.0019255089  -0.0001031458  -0.0007601440  -0.0008097716   0.0004925505
        0.0009594248   0.0009615659   0.0002802237   0.0002020868   0.0000489413
        0.0002377523  -0.0000895722   0.0000057821  -0.0004787313  -0.0127835122
        0.0041838244   0.0195312977   0.3303500958  -0.0170250864   0.0021358626
       -0.0180955748   0.0004043397   0.0003969716   0.0003518606   0.0000985088
       -0.0020835387  -0.0000352678  -0.0016281271  -0.0000092940   0.0000510243
       -0.0000160278   0.0000373621   0.0000000324   0.0000066565  -0.0000025752
       -0.0000200395   0.0000076915
        0.0019271891   0.0159475678  -0.0457074280  -0.0028744734  -0.0163111425
        0.0000894296   0.0002160011   0.0006091989   0.0009420641  -0.0001307725
       -0.0002002026  -0.0003428878   0.0000159181  -0.0001480490  -0.0002716471
        0.0000276163   0.0000235268   0.0000341828   0.0018896748   0.0332866720
       -0.0052957878   0.0010557216  -0.0170250864   0.0500503169   0.0006974693
       -0.0138728142   0.0010780375   0.0000872490  -0.0007074078   0.0003429728
       -0.0029178728  -0.0016195881  -0.0009219435  -0.0000120391   0.0000133070
        0.0000185246   0.0000149431  -0.0000095057  -0.0000090325   0.0000033752
        0.0000135239  -0.0000068014
       -0.2052262470   0.0836056112   0.0794920044  -0.0262705941   0.0094582231
        0.0073978684  -0.0033551118  -0.0018094580  -0.0028169224   0.0006926707
       -0.0005456284  -0.0004226574  -0.0021661684   0.0003399422   0.0001525168
       -0.0004125675  -0.0001625235  -0.0001515914  -0.0041172201   0.0022991670
        0.0046694960   0.0001067447   0.0021358626   0.0006974693   0.2397078441
       -0.0959034095  -0.0898661027   0.0006381530   0.0003964101   0.0003288586
        0.0004314508   0.0001762622   0.0005127018   0.0000475306  -0.0000217006
        0.0000037319  -0.0001220100   0.0000299735   0.0000205162   0.0000455250
        0.0000012681  -0.0000178896
        0.0841542034  -0.0861516407  -0.0391169946  -0.0078884114   0.0037944297
        0.0030674735  -0.0013469889  -0.0006163320  -0.0015719577   0.0003688776
        0.0002874977   0.0004024062  -0.0003481395   0.0002857430   0.0002486254
       -0.0002721843  -0.0000036938  -0.0000038884  -0.0062537472   0.0036777567
        0.0035070885   0.0276936629  -0.0180955748  -0.0138728142  -0.0959034095
        0.0962767662   0.0470239251   0.0002737152   0.0000740314   0.0001650309
       -0.0004459734   0.0004688463   0.0001507402  -0.0000061665  -0.0000085697
       -0.0000120947  -0.0000202049   0.0000197288   0.0000171060  -0.0000052335
       -0.0000089888  -0.0000046465
        0.0801684743  -0.0392226472  -0.0812691615  -0.0132824989   0.0056148724
        0.0051168974  -0.0023781387  -0.0016624725  -0.0016678878   0.0005118602
        0.0002573108   0.0003929580  -0.0007558412   0.0003637915   0.0003490816
       -0.0003965033  -0.0000115342  -0.0000486895   0.0272490091  -0.0132149535
       -0.0166196589  -0.0009990958   0.0004043397   0.0010780375  -0.0898661027
        0.0470239251   0.0918579112  -0.0004459159   0.0002162237   0.0006124223
        0.0002388855   0.0002287767   0.0001949055   0.0000055482  -0.0000138772
       -0.0000071921  -0.0000435595   0.0000262155   0.0000240730  -0.0000061214
       -0.0000099708  -0.0000136967
       -0.0010396509   0.0043312631  -0.0248685480  -0.0409010782  -0.0066409815
        0.0211016891  -0.0024885263  -0.0056415047   0.0259290639  -0.0028689444
        0.0035711144   0.0002596578  -0.0012412107   0.0004502980  -0.0015365081
       -0.0002920797   0.0006023238  -0.0001910610  -0.0041160623  -0.0017142228
       -0.0033382166   0.0006109943   0.0003969716   0.0000872490   0.0006381530
        0.0002737152  -0.0004459159   0.0498361142   0.0057729712  -0.0192977546
        0.0016715117  -0.0013388703   0.0024361329  -0.0000686184  -0.0000013009
        0.0000148828   0.0000791479  -0.0000415186  -0.0000376433   0.0001802498
       -0.0000202586  -0.0001130281
        0.0000546497   0.0025514570  -0.0084601745  -0.0055109287  -0.0523321254
        0.0540349669   0.0037880196   0.0037401262  -0.0121879385   0.0017793108
       -0.0028382228  -0.0003592788  -0.0010512140  -0.0001664937  -0.0006431501
        0.0000855502  -0.0003006134   0.0002720133  -0.0014057947   0.0002866950
       -0.0013846369   0.0000325630   0.0003518606  -0.0007074078   0.0003964101
        0.0000740314   0.0002162237   0.0057729712   0.0611322166  -0.0631518762
       -0.0040029039  -0.0124199972   0.0324015743   0.0001125562  -0.0000297372
       -0.0000413454  -0.0000219163  -0.0000060515   0.0000152327  -0.0000292731
       -0.0000431456  -0.0000042028
       -0.0031085901   0.0025480761  -0.0184271747   0.0173524754   0.0578987224
       -0.2580587568   0.0057316404   0.0008555727  -0.0175222970   0.0016484842
       -0.0016114799   0.0006100240  -0.0000668281  -0.0002030911   0.0009627835
       -0.0001380326  -0.0001131761   0.0003516043  -0.0035013066  -0.0015178067
       -0.0014049126   0.0003985612   0.0000985088   0.0003429728   0.0003288586
        0.0001650309   0.0006124223  -0.0192977546  -0.0631518762   0.2983501161
        0.0009757448   0.0049361107  -0.0059890103  -0.0000117257   0.0000332158
        0.0000055387  -0.0000772446   0.0000220229   0.0000392642  -0.0002342824
        0.0000401699   0.0001274255
       -0.0051716692  -0.0250501365  -0.0006446377  -0.0417641649  -0.0190472660
        0.0000151101   0.0023990079   0.0250162085  -0.0024114964  -0.0038426825
        0.0015468583   0.0040662653  -0.0009247746  -0.0011589672   0.0005031590
       -0.0002181156   0.0000264862   0.0004110827   0.0006691733   0.0000825431
        0.0005027778  -0.0043570011  -0.0020835387  -0.0029178728   0.0004314508
       -0.0004459734   0.0002388855   0.0016715117  -0.0040029039   0.0009757448
        0.0509205611   0.0252466279  -0.0006727079   0.0001201682  -0.0000946294
        0.0000081914   0.0000749914  -0.0000462964  -0.0000443518  -0.0000084564
        0.0000109875  -0.0000301499
       -0.0044506135  -0.0120152606  -0.0012776934  -0.0217589044  -0.2727458560
        0.0191919638   0.0019163514  -0.0197621107  -0.0012751890   0.0025423183
       -0.0000605882  -0.0018305167   0.0002174238   0.0014012919   0.0001184107
       -0.0001765076   0.0003459892  -0.0001431083   0.0003929596   0.0004511592
        0.0001136457  -0.0023573154  -0.0000352678  -0.0016195881   0.0001762622
        0.0004688463   0.0002287767  -0.0013388703  -0.0124199972   0.0049361107
        0.0252466279   0.3141395704  -0.0185514879  -0.0002578836   0.0001618349
        0.0000161533  -0.0000930448   0.0000604732   0.0000376975  -0.0000588036
        0.0000099157   0.0000548251
       -0.0028966489  -0.0148443370   0.0006252895  -0.0001524616   0.0165344126
       -0.0398444434   0.0025979182  -0.0122663664   0.0011793451   0.0021832535
       -0.0008096859  -0.0022585255  -0.0013820250  -0.0004867616  -0.0003773620
        0.0000489505   0.0002403243  -0.0002288326   0.0000510198  -0.0007209875
        0.0003394765  -0.0027515112  -0.0016281271  -0.0009219435   0.0005127018
        0.0001507402   0.0001949055   0.0024361329   0.0324015743  -0.0059890103
       -0.0006727079  -0.0185514879   0.0473465592  -0.0000354654   0.0000210250
       -0.0000392039  -0.0000357056   0.0000143400   0.0000043468   0.0000965489
       -0.0000546631  -0.0000306013
        0.0000200743  -0.0001106484  -0.0000191040  -0.0002207454  -0.0005879254
        0.0006402235   0.0008190242   0.0037530657   0.0015742274   0.0009588125
       -0.0011096482  -0.0004995308  -0.0163203135   0.0359947002  -0.0022428907
       -0.0395460847  -0.0019135091  -0.0013704936   0.0000111830  -0.0000004733
        0.0000097089  -0.0000404330  -0.0000092940  -0.0000120391   0.0000475306
       -0.0000061665   0.0000055482  -0.0000686184   0.0001125562  -0.0000117257
        0.0001201682  -0.0002578836  -0.0000354654   0.0524388628  -0.0123122078
       -0.0015804215   0.0001155211  -0.0209549124   0.0036255973   0.0016650180
       -0.0025976532  -0.0000836345
       -0.0001081366   0.0000616686   0.0000119562  -0.0000996645  -0.0000329259
       -0.0001931948  -0.0012452908  -0.0002564952  -0.0011975160  -0.0002985784
        0.0003951022   0.0010512566   0.0170151706  -0.0167840891  -0.0028770011
        0.0015271822  -0.2629844873   0.0454100359  -0.0000100594  -0.0000116173
        0.0000023963   0.0000285883   0.0000510243   0.0000133070  -0.0000217006
       -0.0000085697  -0.0000138772  -0.0000013009  -0.0000297372   0.0000332158
       -0.0000946294   0.0001618349   0.0000210250  -0.0123122078   0.3073145743
       -0.0500519499  -0.0029771881  -0.0186925707   0.0028250324  -0.0014021846
       -0.0091837117   0.0049653139
        0.0000047828   0.0000347991   0.0000003545   0.0001025407  -0.0000627403
       -0.0001426313  -0.0000659038   0.0018432783   0.0021633924   0.0009135352
       -0.0007962985  -0.0006137074   0.0035071783  -0.0119569439   0.0018664137
       -0.0023821396   0.0457723623  -0.0525813349  -0.0000010389   0.0000140702
       -0.0000191040  -0.0000174844  -0.0000160278   0.0000185246   0.0000037319
       -0.0000120947  -0.0000071921   0.0000148828  -0.0000413454   0.0000055387
        0.0000081914   0.0000161533  -0.0000392039  -0.0015804215  -0.0500519499
        0.0563459306  -0.0014051648  -0.0170899069   0.0033082786   0.0008973099
        0.0323466443  -0.0103052593
       -0.0003650800   0.0001928288   0.0001802954  -0.0012328790  -0.0005803034
       -0.0007738373  -0.0066632167   0.0020344448   0.0015630092   0.0014857244
        0.0007771773   0.0009017369  -0.0322743824  -0.0113402834  -0.0137626491
       -0.1480253160  -0.0822485468  -0.0882218621   0.0000422322   0.0000014590
        0.0000414143   0.0000501551   0.0000373621   0.0000149431  -0.0001220100
       -0.0000202049  -0.0000435595   0.0000791479  -0.0000219163  -0.0000772446
        0.0000749914  -0.0000930448  -0.0000357056   0.0001155211  -0.0029771881
       -0.0014051648   0.1846933867   0.0942223971   0.1027193876   0.0021417253
        0.0000158186  -0.0011007634
        0.0001566945  -0.0000530917  -0.0000361741   0.0006022606   0.0003027686
        0.0002175206   0.0019208530  -0.0013966054  -0.0017838694  -0.0008091258
        0.0007402852   0.0005858258   0.0086628589   0.0062389546   0.0060214998
       -0.0867467682  -0.1052489753  -0.0666891952   0.0000029226  -0.0000092745
        0.0000042749   0.0000139462   0.0000000324  -0.0000095057   0.0000299735
        0.0000197288   0.0000262155  -0.0000415186  -0.0000060515   0.0000220229
       -0.0000462964   0.0000604732   0.0000143400  -0.0209549124  -0.0186925707
       -0.0170899069   0.0942223971   0.1153266302   0.0760854325   0.0029867151
        0.0027176963   0.0026315194
        0.0001290673  -0.0000302272  -0.0000251422   0.0004785631   0.0000821305
        0.0003061360   0.0012497051  -0.0017584385  -0.0011111967  -0.0007299781
        0.0007159752   0.0007274487   0.0058591606   0.0044265708   0.0055161560
       -0.0925848491  -0.0663202869  -0.1154718243   0.0000145379  -0.0000144687
       -0.0000015520   0.0000113405   0.0000066565  -0.0000090325   0.0000205162
        0.0000171060   0.0000240730  -0.0000376433   0.0000152327   0.0000392642
       -0.0000443518   0.0000376975   0.0000043468   0.0036255973   0.0028250324
        0.0033082786   0.1027193876   0.0760854325   0.1267284676  -0.0207110532
       -0.0160884129  -0.0200354231
        0.0000140610  -0.0000034327  -0.0000953963  -0.0000610614   0.0005922028
       -0.0006257554   0.0007256408   0.0018484575   0.0039593144   0.0010445177
       -0.0007562733  -0.0011393043  -0.0201680926   0.0006195717   0.0346118625
       -0.0417577194  -0.0052197620   0.0192247988  -0.0000452809   0.0000045330
       -0.0000225038   0.0000033594  -0.0000025752   0.0000033752   0.0000455250
       -0.0000052335  -0.0000061214   0.0001802498  -0.0000292731  -0.0002342824
       -0.0000084564  -0.0000588036   0.0000965489   0.0016650180  -0.0014021846
        0.0008973099   0.0021417253   0.0029867151  -0.0207110532   0.0562205136
        0.0014260579  -0.0359587928
       -0.0000032189   0.0000022142   0.0000346741   0.0000940688  -0.0001863846
       -0.0000012423  -0.0001020234   0.0020502705   0.0014716122   0.0007586418
       -0.0006932586  -0.0005800388   0.0066311609   0.0010462379  -0.0148686758
       -0.0062018948  -0.0496389841   0.0389778267  -0.0000008960   0.0000240528
       -0.0000098408  -0.0000120585  -0.0000200395   0.0000135239   0.0000012681
       -0.0000089888  -0.0000099708  -0.0000202586  -0.0000431456   0.0000401699
        0.0000109875   0.0000099157  -0.0000546631  -0.0025976532  -0.0091837117
        0.0323466443   0.0000158186   0.0027176963  -0.0160884129   0.0014260579
        0.0539241253  -0.0412716066
       -0.0001037878   0.0000165963   0.0000389145  -0.0001377080  -0.0000855258
       -0.0000853492  -0.0012325181  -0.0009756853   0.0000021726  -0.0001755663
        0.0010545874   0.0003023222   0.0161871846  -0.0047556419  -0.0123776181
        0.0227415769   0.0383669886  -0.2637835855   0.0000252514  -0.0000002133
        0.0000535714  -0.0000001746   0.0000076915  -0.0000068014  -0.0000178896
       -0.0000046465  -0.0000136967  -0.0001130281  -0.0000042028   0.0001274255
       -0.0000301499   0.0000548251  -0.0000306013  -0.0000836345   0.0049653139
       -0.0103052593  -0.0011007634   0.0026315194  -0.0200354231  -0.0359587928
       -0.0412716066   0.3061139284
