$hessian                                                                        
        0.3606537268   0.1878115556  -0.0000108790  -0.0206835293  -0.0256823815
        0.0000015345  -0.2022031586  -0.0791181201   0.0000012635  -0.0563069885
       -0.0365519691   0.0636047687  -0.0563034678  -0.0365544194  -0.0635968689
        0.0011297960   0.0055862775   0.0007455983   0.0011295006   0.0055856479
       -0.0007459802  -0.0137077172  -0.0105380857  -0.0015626731  -0.0137081620
       -0.0105385052   0.0015632363
        0.1878115556   0.5305149025   0.0000046148   0.0029677497  -0.2495979879
        0.0000078575  -0.1077736920  -0.0680759414  -0.0000010354  -0.0365520839
       -0.0893549303   0.0985586211  -0.0365544370  -0.0893708304  -0.0985712104
       -0.0038325507  -0.0159466396  -0.0013767465  -0.0038316034  -0.0159447432
        0.0013778900  -0.0011180721  -0.0011127216   0.0001136369  -0.0011168662
       -0.0011111081  -0.0001136279
       -0.0000108790   0.0000046148   0.5827930255   0.0000003789   0.0000074453
       -0.0579562004   0.0000025000  -0.0000006128  -0.0579567214   0.0628609164
        0.0974063181  -0.2322590736  -0.0628530261  -0.0974188900  -0.2322465876
       -0.0118610999  -0.0215932569  -0.0005927092   0.0118614546   0.0215946249
       -0.0005942812  -0.0147878111  -0.0197041585  -0.0005931373   0.0147875662
        0.0197039151  -0.0005943149
       -0.0206835293   0.0029677497   0.0000003789   0.3254033450  -0.1674590370
        0.0000035406  -0.1825344489   0.0904742426  -0.0000053214   0.0007905512
       -0.0072464421   0.0008781648   0.0007903041  -0.0072458955  -0.0008775420
       -0.0494462836   0.0325957744   0.0535577260  -0.0494435357   0.0325888161
       -0.0535556455  -0.0124380109   0.0116620550  -0.0015672178  -0.0124383919
        0.0116627369   0.0015659165
       -0.0256823815  -0.2495979879   0.0000074453  -0.1674590370   0.5657673098
       -0.0000017410   0.1191326472  -0.0877450314   0.0000027870   0.0021718070
       -0.0156056617   0.0012975944   0.0021726391  -0.0156076275  -0.0012962840
        0.0325949042  -0.0962322586  -0.1043683493   0.0325879651  -0.0962156230
        0.1043583270   0.0022402051  -0.0023806877   0.0000412599   0.0022412508
       -0.0023824321  -0.0000410392
        0.0000015345   0.0000078575  -0.0579562004   0.0000035406  -0.0000017410
        0.5827934939  -0.0000065257   0.0000024399  -0.0579568898  -0.0096711179
        0.0226602665  -0.0005945530   0.0096709860  -0.0226592574  -0.0005923575
        0.0529311804  -0.1031486481  -0.2322432398  -0.0529291059   0.1031386439
       -0.2322627789  -0.0127702318   0.0210678330  -0.0005947942   0.0127697399
       -0.0210673943  -0.0005926803
       -0.2022031586  -0.1077736920   0.0000025000  -0.1825344489   0.1191326472
       -0.0000065257   0.6506945622  -0.0203514212   0.0000018428  -0.0109179487
       -0.0031214002   0.0008198620  -0.0109172817  -0.0031214573  -0.0008199046
       -0.0093108026   0.0036580791   0.0006835872  -0.0093101075   0.0036579418
       -0.0006841209  -0.1127473790   0.0039547484  -0.1171563194  -0.1127534352
        0.0039645542   0.1171590785
       -0.0791181201  -0.0680759414  -0.0000006128   0.0904742426  -0.0877450314
        0.0000024399  -0.0203514212   0.2404668251   0.0000139166  -0.0125373705
       -0.0038993128   0.0013343820  -0.0125393663  -0.0038994535  -0.0013344962
        0.0130757436  -0.0055070959  -0.0014092392   0.0130736958  -0.0055067444
        0.0014099514   0.0039564533  -0.0329161479   0.0057886277   0.0039661428
       -0.0329170978  -0.0058049693
        0.0000012635  -0.0000010354  -0.0579567214  -0.0000053214   0.0000027870
       -0.0579568898   0.0000018428   0.0000139166   0.5827943634   0.0246318189
        0.0005252220  -0.0005935195  -0.0246310839  -0.0005250511  -0.0005940620
        0.0244587515  -0.0029541751  -0.0005938395  -0.0244600238   0.0029546552
       -0.0005948564  -0.1157876210   0.0057198416  -0.2322557721   0.1157903734
       -0.0057361609  -0.2322487028
       -0.0563069885  -0.0365520839   0.0628609164   0.0007905512   0.0021718070
       -0.0096711179  -0.0109179487  -0.0125373705   0.0246318189   0.0650108066
        0.0452361166  -0.0714154201   0.0026759163   0.0034640637  -0.0067450490
       -0.0000744856  -0.0011860489  -0.0003074125   0.0009896308   0.0030275625
       -0.0003597255   0.0010567734   0.0018376799   0.0008035593  -0.0032242556
       -0.0054617264   0.0002024304
       -0.0365519691  -0.0893549303   0.0974063181  -0.0072464421  -0.0156056617
        0.0226602665  -0.0031214002  -0.0038993128   0.0005252220   0.0452361166
        0.1059144911  -0.1106616558   0.0034649001   0.0058090362  -0.0104546238
        0.0013273464   0.0013509086   0.0007424094  -0.0035550782  -0.0043252358
        0.0000594338  -0.0006750233   0.0002210714   0.0000256366   0.0011215499
       -0.0001103667  -0.0003030069
        0.0636047687   0.0985586211  -0.2322590736   0.0008781648   0.0012975944
       -0.0005945530   0.0008198620   0.0013343820  -0.0005935195  -0.0714154201
       -0.1106616558   0.2560947703   0.0067455563   0.0104521293  -0.0260996264
       -0.0003791368  -0.0007085785   0.0010729258   0.0003640345   0.0000237530
        0.0006528506  -0.0004895909  -0.0006379738   0.0010732792  -0.0001282386
        0.0003417283   0.0006529466
       -0.0563034678  -0.0365544370  -0.0628530261   0.0007903041   0.0021726391
        0.0096709860  -0.0109172817  -0.0125393663  -0.0246310839   0.0026759163
        0.0034649001   0.0067455563   0.0650068780   0.0452388504   0.0714064165
        0.0009896317   0.0030275922   0.0003594849  -0.0000745013  -0.0011860406
        0.0003074785  -0.0032242520  -0.0054617353  -0.0002020930   0.0010567728
        0.0018375975  -0.0008037192
       -0.0365544194  -0.0893708304  -0.0974188900  -0.0072458955  -0.0156076275
       -0.0226592574  -0.0031214573  -0.0038994535  -0.0005250511   0.0034640637
        0.0058090362   0.0104521293   0.0452388504   0.1059324685   0.1106750664
       -0.0035551048  -0.0043252452  -0.0000591214   0.0013273978   0.0013509091
       -0.0007423963   0.0011215507  -0.0001103713   0.0003031016  -0.0006749856
        0.0002211141  -0.0000255811
       -0.0635968689  -0.0985712104  -0.2322465876  -0.0008775420  -0.0012962840
       -0.0005923575  -0.0008199046  -0.0013344962  -0.0005940620  -0.0067450490
       -0.0104546238  -0.0260996264   0.0714064165   0.1106750664   0.2560806698
       -0.0003637366  -0.0000232673   0.0006528524   0.0003789923   0.0007085202
        0.0010729493   0.0001280443  -0.0003418058   0.0006529471   0.0004896480
        0.0006381009   0.0010732148
        0.0011297960  -0.0038325507  -0.0118610999  -0.0494462836   0.0325949042
        0.0529311804  -0.0093108026   0.0130757436   0.0244587515  -0.0000744856
        0.0013273464  -0.0003791368   0.0009896317  -0.0035551048  -0.0003637366
        0.0565195452  -0.0403385846  -0.0601345792   0.0020258617  -0.0030891032
       -0.0056797051   0.0009343033  -0.0019083449   0.0007974627  -0.0027675661
        0.0057256941   0.0002308630
        0.0055862775  -0.0159466396  -0.0215932569   0.0325957744  -0.0962322586
       -0.1031486481   0.0036580791  -0.0055070959  -0.0029541751  -0.0011860489
        0.0013509086  -0.0007085785   0.0030275922  -0.0043252452  -0.0000232673
       -0.0403385846   0.1144242417   0.1171842915  -0.0030889340   0.0064593389
        0.0110670617   0.0006039285   0.0003438763  -0.0001049243  -0.0008580843
       -0.0005671262   0.0002814970
        0.0007455983  -0.0013767465  -0.0005927092   0.0535577260  -0.1043683493
       -0.2322432398   0.0006835872  -0.0014092392  -0.0005938395  -0.0003074125
        0.0007424094   0.0010729258   0.0003594849  -0.0000591214   0.0006528524
       -0.0601345792   0.1171842915   0.2560765333   0.0056806869  -0.0110697632
       -0.0260989952  -0.0004240364   0.0006838842   0.0010734160  -0.0001610552
       -0.0003273655   0.0006530561
        0.0011295006  -0.0038316034   0.0118614546  -0.0494435357   0.0325879651
       -0.0529291059  -0.0093101075   0.0130736958  -0.0244600238   0.0009896308
       -0.0035550782   0.0003640345  -0.0000745013   0.0013273978   0.0003789923
        0.0020258617  -0.0030889340   0.0056806869   0.0565163962  -0.0403307171
        0.0601326818  -0.0027675640   0.0057256653  -0.0002314184   0.0009343192
       -0.0019083912  -0.0007973021
        0.0055856479  -0.0159447432   0.0215946249   0.0325888161  -0.0962156230
        0.1031386439   0.0036579418  -0.0055067444   0.0029546552   0.0030275625
       -0.0043252358   0.0000237530  -0.0011860406   0.0013509091   0.0007085202
       -0.0030891032   0.0064593389  -0.0110697632  -0.0403307171   0.1144053870
       -0.1171740171  -0.0008580661  -0.0005671211  -0.0002814197   0.0006039588
        0.0003438325   0.0001050029
       -0.0007459802   0.0013778900  -0.0005942812  -0.0535556455   0.1043583270
       -0.2322627789  -0.0006841209   0.0014099514  -0.0005948564  -0.0003597255
        0.0000594338   0.0006528506   0.0003074785  -0.0007423963   0.0010729493
       -0.0056797051   0.0110670617  -0.0260989952   0.0601326818  -0.1171740171
        0.2560986003   0.0001610344   0.0003276219   0.0006530542   0.0004239826
       -0.0006838723   0.0010734572
       -0.0137077172  -0.0011180721  -0.0147878111  -0.0124380109   0.0022402051
       -0.0127702318  -0.1127473790   0.0039564533  -0.1157876210   0.0010567734
       -0.0006750233  -0.0004895909  -0.0032242520   0.0011215507   0.0001280443
        0.0009343033   0.0006039285  -0.0004240364  -0.0027675640  -0.0008580661
        0.0001610344   0.1348671085  -0.0048958623   0.1315439941   0.0080267379
       -0.0003751139   0.0124262185
       -0.0105380857  -0.0011127216  -0.0197041585   0.0116620550  -0.0023806877
        0.0210678330   0.0039547484  -0.0329161479   0.0057198416   0.0018376799
        0.0002210714  -0.0006379738  -0.0054617353  -0.0001103713  -0.0003418058
       -0.0019083449   0.0003438763   0.0006838842   0.0057256653  -0.0005671211
        0.0003276219  -0.0048958623   0.0360624857  -0.0064994875  -0.0003761202
        0.0004596162  -0.0006157552
       -0.0015626731   0.0001136369  -0.0005931373  -0.0015672178   0.0000412599
       -0.0005947942  -0.1171563194   0.0057886277  -0.2322557721   0.0008035593
        0.0000256366   0.0010732792  -0.0002020930   0.0003031016   0.0006529471
        0.0007974627  -0.0001049243   0.0010734160  -0.0002314184  -0.0002814197
        0.0006530542   0.1315439941  -0.0064994875   0.2560890220  -0.0124252944
        0.0006135688  -0.0260980150
       -0.0137081620  -0.0011168662   0.0147875662  -0.0124383919   0.0022412508
        0.0127697399  -0.1127534352   0.0039661428   0.1157903734  -0.0032242556
        0.0011215499  -0.0001282386   0.0010567728  -0.0006749856   0.0004896480
       -0.0027675661  -0.0008580843  -0.0001610552   0.0009343192   0.0006039588
        0.0004239826   0.0080267379  -0.0003761202  -0.0124252944   0.1348739808
       -0.0049068461  -0.1315467219
       -0.0105385052  -0.0011111081   0.0197039151   0.0116627369  -0.0023824321
       -0.0210673943   0.0039645542  -0.0329170978  -0.0057361609  -0.0054617264
       -0.0001103667   0.0003417283   0.0018375975   0.0002211141   0.0006381009
        0.0057256941  -0.0005671262  -0.0003273655  -0.0019083912   0.0003438325
       -0.0006838723  -0.0003751139   0.0004596162   0.0006135688  -0.0049068461
        0.0360635681   0.0065174798
        0.0015632363  -0.0001136279  -0.0005943149   0.0015659165  -0.0000410392
       -0.0005926803   0.1171590785  -0.0058049693  -0.2322487028   0.0002024304
       -0.0003030069   0.0006529466  -0.0008037192  -0.0000255811   0.0010732148
        0.0002308630   0.0002814970   0.0006530561  -0.0007973021   0.0001050029
        0.0010734572   0.0124262185  -0.0006157552  -0.0260980150  -0.1315467219
        0.0065174798   0.2560810384
