           1           2  0.97897396291694139     
           2           3  0.95778514772098799     
           2           4  0.96069223992387620     
           4           5  0.95693159837659347     
           4           6  0.96494506689223469     
           6           7  0.95995418176845715     
           6           8  0.94781703122267402     
           8           9  0.94976343133071672     
           1          10  0.99480892170363777     
           8          10  0.94674930614208685     
           8          11   1.0339447813431115     
           6          12   1.0105819123628448     
           4          13  0.99747492237773738     
           2          14  0.99429294424963732     
           1          15  0.96419265818845956     
           1          16  0.96551872786397752     
          11          17  0.87223679153561673     
          12          18  0.86439190217302919     
          13          19  0.89255786778454915     
          14          20  0.89251423482886627     
