$hessian                                                                        
        0.4417415870   0.0460069303  -0.0288523099  -0.0774449650   0.0411846957
        0.0169769998  -0.0038669484   0.0083751633   0.0037922842   0.0086192817
       -0.0054914267  -0.0027927402   0.0002263570  -0.0004631437  -0.0001882186
        0.0026254850  -0.0000734484  -0.0001518633  -0.0002124060  -0.0000875900
       -0.0000709539  -0.0378878552  -0.0176389135  -0.0027495975  -0.0035683485
       -0.0037251942   0.0003021175  -0.1602096853   0.0015490688  -0.0677705327
       -0.0008894391   0.0007043283  -0.0028316565  -0.0004109204   0.0017493401
       -0.0002354471  -0.0021131437  -0.0054093271   0.0006036569  -0.0234830675
        0.0242628793  -0.0028571858  -0.0944596860  -0.0931977175   0.0472872177
       -0.0457486241   0.0027398143   0.0407597371   0.0006273620  -0.0002467605
        0.0001081518  -0.0001463421  -0.0004494068  -0.0000564434   0.0007140744
       -0.0011760799   0.0001468825  -0.0041127158   0.0013867882  -0.0014200985
        0.0460069303   0.4978514409  -0.0312628774   0.0433512914  -0.1505221145
       -0.0221419937   0.0043215928  -0.0062222772  -0.0036833608   0.0081728798
       -0.0295650147  -0.0025882593   0.0005202950   0.0008520981  -0.0006405521
       -0.0008004774   0.0021315447  -0.0003414113  -0.0000197999  -0.0003691179
       -0.0004790715  -0.0243671570  -0.0026026762  -0.0161846589  -0.0044118894
       -0.0031989465   0.0009689992   0.0125340255  -0.0675156178   0.0243326209
        0.0000221185   0.0009159959   0.0000773320   0.0008580626   0.0005015844
       -0.0002814219  -0.0032516915  -0.0045812504   0.0011308306   0.0039811600
        0.0012602123   0.0021472307  -0.0897697667  -0.1893108741   0.0731453001
        0.0025425199  -0.0477974433  -0.0233804771  -0.0001837006  -0.0000409015
       -0.0001407925  -0.0000442183  -0.0000013970   0.0000677647   0.0005192594
       -0.0015404073  -0.0000304564   0.0000185655  -0.0002448380  -0.0007147453
       -0.0288523099  -0.0312628774   0.5082304856   0.0185756254  -0.0242073933
       -0.0718708963   0.0151782617  -0.0260516164  -0.0092197690  -0.0022796246
        0.0069068035   0.0023450943  -0.0001549078   0.0012611451   0.0001129478
       -0.0005442078  -0.0007514031   0.0003673605  -0.0000485119  -0.0003038775
       -0.0003919305   0.0032546874  -0.0095127817   0.0087983923   0.0007059816
        0.0017400186   0.0012604924  -0.0782721274   0.0154417448  -0.1112682624
        0.0001558530   0.0004024205  -0.0008887691   0.0003651666   0.0008876069
       -0.0006748016   0.0000803425   0.0020367967  -0.0002065473  -0.0122377881
        0.0144718265   0.0018936966   0.0440076314   0.0698162535  -0.0779798862
        0.0427578102  -0.0216075160  -0.2510839513   0.0008611368  -0.0000607844
        0.0007543408  -0.0002191381  -0.0002472736   0.0000650218  -0.0000661867
        0.0002543702   0.0003681190  -0.0032676945   0.0007865372  -0.0006111375
       -0.0774449650   0.0433512914   0.0185756254   0.4629982492  -0.0182311153
       -0.0002519288  -0.0498726621   0.0048406908   0.0502820097  -0.0834682996
       -0.0511681901   0.0245332007  -0.0033593371  -0.0047477722   0.0038462607
       -0.0197301677  -0.0171320299   0.0035230720   0.0006096782  -0.0001249446
        0.0004041103   0.0009234543   0.0021991303   0.0009557513   0.0005088027
       -0.0001880745  -0.0000717520  -0.0341271804   0.0237089300  -0.0072195066
        0.0007537151  -0.0005045508  -0.0004518679  -0.0032116750   0.0004302650
       -0.0023472352   0.0054087154   0.0123077499  -0.0038004883  -0.1801576430
        0.0034058392  -0.0822454394   0.0069918646  -0.0108607476  -0.0017693052
       -0.0032617730   0.0074673572   0.0046282839  -0.0006995351   0.0000195967
        0.0004685315  -0.0009405900  -0.0009908952   0.0002774863  -0.0010897142
        0.0023387150   0.0007561935  -0.0208309375   0.0038787547  -0.0100930019
        0.0411846957  -0.1505221145  -0.0242073933  -0.0182311153   0.4631476484
        0.0130825314   0.0044320620  -0.0451850262  -0.0162572774  -0.0388531577
       -0.1179069016   0.0285906520  -0.0030493121  -0.0019749037   0.0030894490
       -0.0066424493  -0.0016096058  -0.0018000071   0.0005915215   0.0001411642
        0.0002242065   0.0000404239   0.0041571417   0.0005662214  -0.0002915795
       -0.0005278791  -0.0000067378   0.0067996202   0.0001457999   0.0037308425
       -0.0000484986  -0.0009275129  -0.0003141986   0.0020613113   0.0014427800
       -0.0000030724  -0.0124094759  -0.0395369886   0.0059738164  -0.0217255500
       -0.0747453267  -0.0231423463   0.0107885155  -0.0263793709  -0.0040754930
        0.0047356488  -0.0068914296  -0.0049757817  -0.0003101216   0.0002120023
        0.0002854883   0.0003916035   0.0002425980   0.0000319419   0.0018203458
       -0.0062893042  -0.0000343371   0.0287155118   0.0030072291   0.0192414952
        0.0169769998  -0.0221419937  -0.0718708963  -0.0002519288   0.0130825314
        0.5083756379   0.0477750086  -0.0170884059  -0.2300405248   0.0254524181
        0.0289757007  -0.0798473462   0.0189212740   0.0230273681  -0.0144729633
       -0.0064908398  -0.0084100743   0.0035908111  -0.0013590214  -0.0008153531
       -0.0004515267   0.0000115534   0.0001389288   0.0016630626  -0.0000824201
       -0.0001427081  -0.0000955573  -0.0164299728   0.0136256774   0.0002589103
        0.0000527481  -0.0001187777  -0.0007470633  -0.0031589210  -0.0006054640
       -0.0012074278  -0.0053280793  -0.0055069689   0.0026260649  -0.0867502371
       -0.0081926939  -0.1102833710  -0.0040686670   0.0094109484   0.0022673831
        0.0156962949  -0.0268138909  -0.0107186347   0.0001976625   0.0001664961
        0.0000258049  -0.0006306248  -0.0004281440   0.0005025106   0.0006355102
       -0.0017408464   0.0010251873  -0.0011687575   0.0035776701  -0.0006000614
       -0.0038669484   0.0043215928   0.0151782617  -0.0498726621   0.0044320620
        0.0477750086   0.0670946166  -0.0027610842  -0.0440794169  -0.0054581914
       -0.0015347408   0.0184293794  -0.0018706655  -0.0028372768   0.0013690067
        0.0001830313  -0.0001702159   0.0014704863  -0.0005280263  -0.0004920366
       -0.0004083842  -0.0004385906  -0.0000205154   0.0007889152  -0.0000120775
        0.0000199807  -0.0000254642   0.0015108937  -0.0009019578  -0.0004030552
       -0.0000038166  -0.0000681692  -0.0006014797   0.0004602941   0.0003732250
       -0.0005650231   0.0004697762   0.0008191975  -0.0010279099  -0.0073155837
       -0.0035661966  -0.0372334676   0.0005131161  -0.0007697485  -0.0001858804
       -0.0013793250   0.0027750644   0.0005250278   0.0001410690   0.0000454612
        0.0000048277  -0.0000755912   0.0000416278  -0.0000172910   0.0000372646
        0.0002353412   0.0001052500   0.0004114164   0.0000583893  -0.0010987912
        0.0083751633  -0.0062222772  -0.0260516164   0.0048406908  -0.0451850262
       -0.0170884059  -0.0027610842   0.0532582680   0.0209307742  -0.0090647262
       -0.0014937985   0.0237356834  -0.0027265744  -0.0036155627   0.0016776055
        0.0004619074   0.0001243904   0.0007864613  -0.0002963042   0.0000086107
       -0.0001317941  -0.0000457929  -0.0005535971  -0.0003290301   0.0000019882
       -0.0000378631  -0.0000046283  -0.0009265146   0.0013373827   0.0009786383
        0.0000759489   0.0000385564   0.0001574568   0.0001764100   0.0000654986
       -0.0001777358   0.0001789336   0.0019417072  -0.0007688978  -0.0015243062
        0.0032717770  -0.0024300240  -0.0000246504   0.0007803787  -0.0008436589
        0.0030514997  -0.0043586077  -0.0015697894   0.0000313831   0.0000411446
       -0.0000032181  -0.0000691802   0.0000062069  -0.0000811274   0.0000970972
        0.0003147008   0.0001277336   0.0001481110   0.0002781107   0.0010855731
        0.0037922842  -0.0036833608  -0.0092197690   0.0502820097  -0.0162572774
       -0.2300405248  -0.0440794169   0.0209307742   0.2814512873   0.0080383281
        0.0022265122  -0.0163311507   0.0013692944   0.0020339109  -0.0005831256
       -0.0003385182  -0.0002424279  -0.0001285242   0.0001791577   0.0001337136
        0.0005476605   0.0005581112  -0.0002610628  -0.0008865788  -0.0000510970
       -0.0000111973   0.0000529776   0.0000428225   0.0007460156   0.0013295690
        0.0000866205   0.0001007260   0.0005149428  -0.0003177998  -0.0001953197
        0.0004461724  -0.0006470987  -0.0005740265   0.0017176190  -0.0180594137
       -0.0029749261  -0.0291031005  -0.0003487676   0.0002765329   0.0003503295
        0.0002801485  -0.0014253659   0.0001278684  -0.0001587002  -0.0000830758
       -0.0000523950   0.0000668053  -0.0000235298  -0.0000488072  -0.0004317394
       -0.0004812725  -0.0001967916  -0.0002630306  -0.0002353429   0.0000523408
        0.0086192817   0.0081728798  -0.0022796246  -0.0834682996  -0.0388531577
        0.0254524181  -0.0054581914  -0.0090647262   0.0080383281   0.4571254105
        0.0103356613  -0.0151653667  -0.0450954942  -0.0029859983   0.0248483754
       -0.1327625954  -0.0080609221  -0.0466592437  -0.0000942186   0.0005439203
       -0.0021746681  -0.0138523859   0.0131041557  -0.0041091578  -0.0002411536
        0.0006916335   0.0003191836  -0.0019791747  -0.0036748308   0.0002739226
        0.0004834175  -0.0009310061  -0.0019581723  -0.0312584606  -0.0080748819
       -0.0082119154  -0.1166448754   0.0796702514   0.0337088438  -0.0418967495
       -0.0261481655  -0.0054728273  -0.0014879333   0.0031430101   0.0000884559
        0.0002756159   0.0008034379  -0.0005298621  -0.0006867900  -0.0001384442
        0.0005637910  -0.0041676243  -0.0030020191   0.0005871459   0.0132738723
       -0.0137750538  -0.0065835636  -0.0006836516  -0.0017557444  -0.0007360629
       -0.0054914267  -0.0295650147   0.0069068035  -0.0511681901  -0.1179069016
        0.0289757007  -0.0015347408  -0.0014937985   0.0022265122   0.0103356613
        0.4598920532   0.0038980552  -0.0030793542  -0.0390197675  -0.0013203827
        0.0049233520  -0.0515303293   0.0003919061  -0.0044991131   0.0009953305
       -0.0038639478   0.0214176355  -0.0069558083   0.0090882424   0.0022212049
       -0.0038177072  -0.0003282057  -0.0027723462   0.0033720385  -0.0010661110
       -0.0007809196   0.0006590481   0.0012696151  -0.0262621720  -0.0076465607
       -0.0092823650   0.0526199514  -0.1693090233  -0.0296844081  -0.0095830912
       -0.0039513131  -0.0013480400   0.0019877982  -0.0035141136  -0.0007083469
       -0.0007582665   0.0005152771   0.0005643617   0.0003914376   0.0004127888
       -0.0003165045  -0.0045786077  -0.0022808954   0.0019428537   0.0142303170
       -0.0312062643  -0.0066547601   0.0023808701   0.0023509612  -0.0006909787
       -0.0027927402  -0.0025882593   0.0023450943   0.0245332007   0.0285906520
       -0.0798473462   0.0184293794   0.0237356834  -0.0163311507  -0.0151653667
        0.0038980552   0.5064241647   0.0259604762  -0.0029218121  -0.2434192418
       -0.0484075047  -0.0027827688  -0.0986346578  -0.0267391734   0.0005201838
       -0.0203342326   0.0016380966   0.0039985275   0.0057881421   0.0007133620
       -0.0010221691   0.0004230430  -0.0001680978  -0.0006048693  -0.0003587994
        0.0000866388  -0.0003787875  -0.0030015550   0.0095513942  -0.0003017239
        0.0059747537   0.0311871165  -0.0391647778  -0.0654266732  -0.0176846592
       -0.0136900307   0.0025125240   0.0003870581  -0.0011750413   0.0003862409
       -0.0000730570  -0.0017436478   0.0002585951   0.0015786580  -0.0001638194
        0.0007862529   0.0016891309   0.0018794909   0.0003479827  -0.0047970521
        0.0041783971   0.0002852781   0.0000731398  -0.0002632828   0.0018215854
        0.0002263570   0.0005202950  -0.0001549078  -0.0033593371  -0.0030493121
        0.0189212740  -0.0018706655  -0.0027265744   0.0013692944  -0.0450954942
       -0.0030793542   0.0259604762   0.0590766881  -0.0064402561  -0.0361776154
       -0.0003032303  -0.0003309236  -0.0273851869  -0.0047223630   0.0001479733
       -0.0029016972   0.0006575981  -0.0004326354  -0.0004789795   0.0001255934
       -0.0000644530   0.0003130112  -0.0002634764  -0.0001403485   0.0000423707
       -0.0000949964   0.0004830591   0.0000505108   0.0017248839   0.0009033603
        0.0008074177  -0.0069512024   0.0130298985   0.0202267991   0.0018164324
        0.0013470886  -0.0005102417  -0.0000346010   0.0001146854  -0.0000938171
        0.0002530746  -0.0000116790  -0.0001020169  -0.0014963965  -0.0000661416
       -0.0000470678   0.0004207159   0.0000920594  -0.0000293586   0.0004673859
       -0.0002476909  -0.0003197390  -0.0005769664  -0.0000490509   0.0005094736
       -0.0004631437   0.0008520981   0.0012611451  -0.0047477722  -0.0019749037
        0.0230273681  -0.0028372768  -0.0036155627   0.0020339109  -0.0029859983
       -0.0390197675  -0.0029218121  -0.0064402561   0.0571636930   0.0118268858
       -0.0009431915   0.0013629557  -0.0005074250   0.0001292259   0.0002079183
        0.0001318190   0.0000866195   0.0003232779   0.0007225400  -0.0001550117
        0.0000310564  -0.0001334670  -0.0000658923  -0.0001903992  -0.0003059709
       -0.0001352603  -0.0003717680  -0.0001260607   0.0003545896   0.0001469837
       -0.0003271890   0.0155304521  -0.0157974974  -0.0320209193   0.0017321902
        0.0012555649  -0.0008495785   0.0000739949   0.0002077265  -0.0002763069
       -0.0000011225  -0.0006947218  -0.0002098371   0.0005093172   0.0005414915
        0.0000057908   0.0001038255  -0.0000474106   0.0000688711   0.0002425077
       -0.0001588956  -0.0014135979   0.0000122028  -0.0002218393   0.0000138336
       -0.0001882186  -0.0006405521   0.0001129478   0.0038462607   0.0030894490
       -0.0144729633   0.0013690067   0.0016776055  -0.0005831256   0.0248483754
       -0.0013203827  -0.2434192418  -0.0361776154   0.0118268858   0.2881411434
       -0.0026406687   0.0011133392  -0.0223689712  -0.0030192395  -0.0000021457
       -0.0016216459   0.0002621309  -0.0003388909  -0.0016752809   0.0002670988
       -0.0000821488   0.0001954752  -0.0002242572   0.0003029177   0.0001431925
        0.0010178920  -0.0004182761   0.0013787255   0.0007685520   0.0004003236
        0.0017158652   0.0103072658  -0.0146067979  -0.0104400504  -0.0008672631
       -0.0009552675   0.0018090436  -0.0000358011  -0.0002569075   0.0002068901
       -0.0000543863   0.0004422857   0.0003927705  -0.0009637394  -0.0000153687
        0.0001702812   0.0007846039  -0.0000299452   0.0002237763   0.0003167966
       -0.0001549462   0.0006156750   0.0003832065  -0.0000311770  -0.0005245070
        0.0026254850  -0.0008004774  -0.0005442078  -0.0197301677  -0.0066424493
       -0.0064908398   0.0001830313   0.0004619074  -0.0003385182  -0.1327625954
        0.0049233520  -0.0484075047  -0.0003032303  -0.0009431915  -0.0026406687
        0.4490567485   0.0072486044  -0.0076150321  -0.0449918620   0.0062461185
        0.0244610673  -0.0823548854   0.0393707671  -0.0017070052  -0.0153943937
        0.0240235653  -0.0002933449   0.0045412090  -0.0217358629   0.0005100522
       -0.0063490342   0.0090165177   0.0147521401  -0.1041376596  -0.0550757301
        0.0179579379  -0.0301766515   0.0180130677  -0.0075920393  -0.0014098787
       -0.0027139979   0.0009665416  -0.0002325033   0.0002115792  -0.0000534853
       -0.0003152398  -0.0001100847  -0.0000759064   0.0013382796   0.0021072962
        0.0022793502  -0.0214025180  -0.0232608167   0.0136045150   0.0018531889
       -0.0007017574   0.0011677075  -0.0000373229   0.0003615924   0.0000592405
       -0.0000734484   0.0021315447  -0.0007514031  -0.0171320299  -0.0016096058
       -0.0084100743  -0.0001702159   0.0001243904  -0.0002424279  -0.0080609221
       -0.0515303293  -0.0027827688  -0.0003309236   0.0013629557   0.0011133392
        0.0072486044   0.4321104015   0.0046047116   0.0069701394  -0.0464035487
       -0.0369977443   0.0457274299  -0.1143827621  -0.0187462234   0.0060068659
       -0.0067338629   0.0001361862  -0.0020954189  -0.0372000437   0.0037806726
        0.0065438801  -0.0099898364  -0.0106071930  -0.0739358905  -0.1424479381
        0.0580909116   0.0376268618  -0.0189609607   0.0092288428  -0.0051644758
       -0.0037361976   0.0002888623   0.0004415651   0.0002796047   0.0001128694
       -0.0000425013  -0.0002805687   0.0000391069  -0.0009613999   0.0002815457
        0.0015961851  -0.0050059856  -0.0031959904  -0.0010330211   0.0024654731
        0.0002886368   0.0006226597  -0.0000576080  -0.0001074351  -0.0000434914
       -0.0001518633  -0.0003414113   0.0003673605   0.0035230720  -0.0018000071
        0.0035908111   0.0014704863   0.0007864613  -0.0001285242  -0.0466592437
        0.0003919061  -0.0986346578  -0.0273851869  -0.0005074250  -0.0223689712
       -0.0076150321   0.0046047116   0.5299902882   0.0237427118  -0.0368286174
       -0.2467987032  -0.0032507508  -0.0103702273  -0.0559661552  -0.0083451542
        0.0127837302   0.0018328860   0.0016419270   0.0107040047   0.0016359484
        0.0231415368  -0.0301863168  -0.0304905497   0.0372040702   0.0654271827
       -0.0963572194   0.0047101076   0.0009306430   0.0052328294   0.0029867790
        0.0015743998   0.0010037729   0.0000768625   0.0000613803  -0.0000206412
        0.0000294521  -0.0001776465  -0.0002269183   0.0018729731  -0.0034751136
       -0.0020188409  -0.0063298295  -0.0142466876   0.0076780653  -0.0005732983
        0.0006480323   0.0015761518  -0.0000896197   0.0000210002   0.0001030674
       -0.0002124060  -0.0000197999  -0.0000485119   0.0006096782   0.0005915215
       -0.0013590214  -0.0005280263  -0.0002963042   0.0001791577  -0.0000942186
       -0.0044991131  -0.0267391734  -0.0047223630   0.0001292259  -0.0030192395
       -0.0449918620   0.0069701394   0.0237427118   0.0580714848  -0.0017579243
       -0.0349539704  -0.0013998103   0.0042322113   0.0125171893   0.0000535354
        0.0000000071   0.0006098442   0.0002840227  -0.0000012708  -0.0002888297
       -0.0014590115   0.0033033750   0.0027588309  -0.0077147362  -0.0075735066
        0.0232886819   0.0023093882  -0.0009342265   0.0014483858   0.0001763230
       -0.0000665295   0.0006238012  -0.0000439113   0.0000107617  -0.0000186921
       -0.0001469962   0.0001116910   0.0001030549  -0.0000928851  -0.0002810178
       -0.0001822886   0.0000360373   0.0000465338   0.0016613009  -0.0002276773
        0.0000174022  -0.0002045908   0.0000934342   0.0000168237  -0.0001186408
       -0.0000875900  -0.0003691179  -0.0003038775  -0.0001249446   0.0001411642
       -0.0008153531  -0.0004920366   0.0000086107   0.0001337136   0.0005439203
        0.0009953305   0.0005201838   0.0001479733   0.0002079183  -0.0000021457
        0.0062461185  -0.0464035487  -0.0368286174  -0.0017579243   0.0580780812
        0.0340458533   0.0040167064  -0.0046346397  -0.0236890265  -0.0002434014
        0.0007490939  -0.0004197105  -0.0003626060   0.0011501915   0.0007079381
        0.0038233757  -0.0059235279  -0.0044997348  -0.0113993776  -0.0048774073
        0.0292387592  -0.0005707246   0.0005126495   0.0004068641   0.0002393782
       -0.0000793735   0.0003676722   0.0000445208  -0.0000203421   0.0000194777
        0.0001370421   0.0000903035   0.0002081673  -0.0002458927  -0.0001852798
        0.0003231872  -0.0000312758   0.0007810854   0.0002885836   0.0000684484
       -0.0002501976   0.0003130063   0.0000482897   0.0000290060  -0.0000149408
       -0.0000709539  -0.0004790715  -0.0003919305   0.0004041103   0.0002242065
       -0.0004515267  -0.0004083842  -0.0001317941   0.0005476605  -0.0021746681
       -0.0038639478  -0.0203342326  -0.0029016972   0.0001318190  -0.0016216459
        0.0244610673  -0.0369977443  -0.2467987032  -0.0349539704   0.0340458533
        0.2928041630   0.0015864721  -0.0027462893  -0.0094628851  -0.0000420423
        0.0004841725   0.0005437999  -0.0007734334  -0.0001248233   0.0009833681
        0.0014782721  -0.0020090296  -0.0003810901   0.0120171507   0.0098333635
       -0.0191616315   0.0014786777   0.0001494526   0.0023104844   0.0003401870
        0.0000312092   0.0007013449   0.0000374033   0.0000633831   0.0000083147
        0.0000286348   0.0002021085   0.0001659501  -0.0000768499   0.0004266042
        0.0001149044  -0.0003239713   0.0005115520   0.0013954315  -0.0001819939
        0.0002603901  -0.0007815272   0.0000759893  -0.0000114146  -0.0001902485
       -0.0378878552  -0.0243671570   0.0032546874   0.0009234543   0.0000404239
        0.0000115534  -0.0004385906  -0.0000457929   0.0005581112  -0.0138523859
        0.0214176355   0.0016380966   0.0006575981   0.0000866195   0.0002621309
       -0.0823548854   0.0457274299  -0.0032507508  -0.0013998103   0.0040167064
        0.0015864721   0.4754941002  -0.0013772878   0.0548592278  -0.1690580477
        0.0268348172  -0.0938414570  -0.1028831156  -0.0520586403   0.0025348545
       -0.0613389133   0.0046312853   0.0255889752   0.0008923842  -0.0199099799
        0.0051487131  -0.0076630091   0.0023529784  -0.0023139317   0.0013155472
       -0.0005124975   0.0007377373  -0.0059322444  -0.0009319977  -0.0028382763
        0.0016904813   0.0001462807   0.0011489243  -0.0001487349  -0.0035006873
        0.0058424421   0.0018605963  -0.0025676713  -0.0007413466   0.0001652719
       -0.0001942682  -0.0000285851  -0.0000418412   0.0002118028  -0.0001575781
       -0.0176389135  -0.0026026762  -0.0095127817   0.0021991303   0.0041571417
        0.0001389288  -0.0000205154  -0.0005535971  -0.0002610628   0.0131041557
       -0.0069558083   0.0039985275  -0.0004326354   0.0003232779  -0.0003388909
        0.0393707671  -0.1143827621  -0.0103702273   0.0042322113  -0.0046346397
       -0.0027462893  -0.0013772878   0.4372087251  -0.0180091050   0.0221740734
       -0.0450482657   0.0147462248  -0.0655887027  -0.1609344360   0.0438598722
        0.0159181002  -0.0794720575  -0.0538148651   0.0002989187  -0.0347181641
        0.0022599224  -0.0033287432   0.0028566611  -0.0002965728  -0.0011276541
       -0.0019017859  -0.0002698806  -0.0013285615   0.0004081191  -0.0005483090
        0.0001945003   0.0005137698   0.0009261679  -0.0063705069   0.0064137927
        0.0300387036  -0.0013858059  -0.0000441805  -0.0000877947   0.0003368491
       -0.0008729160   0.0003678741   0.0007706202   0.0002398017  -0.0000804420
       -0.0027495975  -0.0161846589   0.0087983923   0.0009557513   0.0005662214
        0.0016630626   0.0007889152  -0.0003290301  -0.0008865788  -0.0041091578
        0.0090882424   0.0057881421  -0.0004789795   0.0007225400  -0.0016752809
       -0.0017070052  -0.0187462234  -0.0559661552   0.0125171893  -0.0236890265
       -0.0094628851   0.0548592278  -0.0180091050   0.4508202147  -0.0904115833
        0.0159865397  -0.0973248990   0.0068803859   0.0463622841  -0.0765008846
        0.0288920376  -0.0155546628  -0.1986950618   0.0017940454   0.0105931033
       -0.0053574805  -0.0042400659   0.0023163455  -0.0022460586  -0.0003006775
        0.0001686356  -0.0014636922  -0.0032418951  -0.0000340335  -0.0013549279
       -0.0015046103  -0.0015673936  -0.0007413967   0.0021924437   0.0089882876
       -0.0181763822  -0.0001733337  -0.0006352127   0.0017966486   0.0000836246
        0.0000438271   0.0005199645  -0.0000467148  -0.0000866800   0.0004652587
       -0.0035683485  -0.0044118894   0.0007059816   0.0005088027  -0.0002915795
       -0.0000824201  -0.0000120775   0.0000019882  -0.0000510970  -0.0002411536
        0.0022212049   0.0007133620   0.0001255934  -0.0001550117   0.0002670988
       -0.0153943937   0.0060068659  -0.0083451542   0.0000535354  -0.0002434014
       -0.0000420423  -0.1690580477   0.0221740734  -0.0904115833   0.2083639334
       -0.0180659964   0.1076222417  -0.0301795549  -0.0073736830  -0.0111421109
        0.0104757565  -0.0004968424   0.0009431303   0.0012512529  -0.0003944017
        0.0001761974  -0.0012195961   0.0007600723  -0.0001456767   0.0001646337
       -0.0000440638   0.0001034176  -0.0009506655   0.0000484118  -0.0005702947
        0.0002788518   0.0001199695   0.0005778227  -0.0008065525  -0.0003246452
       -0.0000802038   0.0000633651   0.0005495988  -0.0002346578   0.0000156187
       -0.0001163421  -0.0000337898   0.0001290465   0.0000356718   0.0000297784
       -0.0037251942  -0.0031989465   0.0017400186  -0.0001880745  -0.0005278791
       -0.0001427081   0.0000199807  -0.0000378631  -0.0000111973   0.0006916335
       -0.0038177072  -0.0010221691  -0.0000644530   0.0000310564  -0.0000821488
        0.0240235653  -0.0067338629   0.0127837302   0.0000000071   0.0007490939
        0.0004841725   0.0268348172  -0.0450482657   0.0159865397  -0.0180659964
        0.0558266234  -0.0151814096  -0.0280604502  -0.0023484297  -0.0123920526
       -0.0013755396   0.0049060587  -0.0019840731   0.0002508297   0.0016116101
       -0.0004020352   0.0021550684  -0.0011017134   0.0005098439  -0.0000031127
        0.0001696644  -0.0000430880  -0.0011216432  -0.0000620626  -0.0005844662
        0.0002356749  -0.0000149252   0.0002339442  -0.0008496874  -0.0002340550
        0.0001744179  -0.0006299571  -0.0003487436  -0.0000551836   0.0000054716
        0.0001770863  -0.0000391787  -0.0001329400   0.0000032610   0.0000270432
        0.0003021175   0.0009689992   0.0012604924  -0.0000717520  -0.0000067378
       -0.0000955573  -0.0000254642  -0.0000046283   0.0000529776   0.0003191836
       -0.0003282057   0.0004230430   0.0003130112  -0.0001334670   0.0001954752
       -0.0002933449   0.0001361862   0.0018328860   0.0006098442  -0.0004197105
        0.0005437999  -0.0938414570   0.0147462248  -0.0973248990   0.1076222417
       -0.0151814096   0.1377714880   0.0013241720  -0.0015450206   0.0034995663
       -0.0153392531   0.0018460851  -0.0462339941   0.0003209683  -0.0002341694
        0.0001661103   0.0000590688   0.0000331372   0.0001587157   0.0000423841
       -0.0000254269   0.0001201666   0.0002315093   0.0000357867   0.0001124639
        0.0005546944   0.0001838688   0.0001489960  -0.0020905491  -0.0005903641
       -0.0024778409  -0.0000505992   0.0005542775  -0.0000351262  -0.0000367597
       -0.0000477734  -0.0000860917   0.0000499838   0.0000123478  -0.0000326718
       -0.1602096853   0.0125340255  -0.0782721274  -0.0341271804   0.0067996202
       -0.0164299728   0.0015108937  -0.0009265146   0.0000428225  -0.0019791747
       -0.0027723462  -0.0001680978  -0.0002634764  -0.0000658923  -0.0002242572
        0.0045412090  -0.0020954189   0.0016419270   0.0002840227  -0.0003626060
       -0.0007734334  -0.1028831156  -0.0655887027   0.0068803859  -0.0301795549
       -0.0280604502   0.0013241720   0.3727535116   0.0943022940   0.0812711630
       -0.0087669052  -0.0168043946   0.0290998955   0.0008681786  -0.0014612273
       -0.0005884699   0.0020680165  -0.0002636384   0.0003508621  -0.0047855853
        0.0086076265   0.0001476304  -0.0237032876  -0.0057281744  -0.0091706562
       -0.0084145452  -0.0009410016  -0.0162771897  -0.0044366664   0.0018413021
        0.0015609676   0.0001455317   0.0009443572   0.0004082685  -0.0003966068
        0.0002202111  -0.0002414818  -0.0020255800  -0.0001790693  -0.0005824086
        0.0015490688  -0.0675156178   0.0154417448   0.0237089300   0.0001457999
        0.0136256774  -0.0009019578   0.0013373827   0.0007460156  -0.0036748308
        0.0033720385  -0.0006048693  -0.0001403485  -0.0001903992   0.0003029177
       -0.0217358629  -0.0372000437   0.0107040047  -0.0000012708   0.0011501915
       -0.0001248233  -0.0520586403  -0.1609344360   0.0463622841  -0.0073736830
       -0.0023484297  -0.0015450206   0.0943022940   0.2868179982  -0.0979118826
       -0.0105607716  -0.0050723283   0.0219576554  -0.0001018880  -0.0164329061
        0.0029188948   0.0010457389   0.0004428828  -0.0000906537   0.0058138388
       -0.0054077840   0.0002809032  -0.0246545580  -0.0021624739  -0.0120256652
       -0.0034446567   0.0025331051  -0.0021359894  -0.0033480325   0.0005493701
        0.0014853445   0.0008383036   0.0005868792   0.0000821226  -0.0004715328
        0.0006044278  -0.0001261389   0.0012098594  -0.0002756570   0.0006574783
       -0.0677705327   0.0243326209  -0.1112682624  -0.0072195066   0.0037308425
        0.0002589103  -0.0004030552   0.0009786383   0.0013295690   0.0002739226
       -0.0010661110  -0.0003587994   0.0000423707  -0.0003059709   0.0001431925
        0.0005100522   0.0037806726   0.0016359484  -0.0002888297   0.0007079381
        0.0009833681   0.0025348545   0.0438598722  -0.0765008846  -0.0111421109
       -0.0123920526   0.0034995663   0.0812711630  -0.0979118826   0.2278493378
        0.0274727806   0.0341536789  -0.0240735439   0.0000934580   0.0007101412
        0.0014693350   0.0002020605   0.0001095808   0.0005950350  -0.0003491203
        0.0009337170   0.0017996324   0.0071411889  -0.0008042617   0.0057139567
       -0.0376198735  -0.0006353596  -0.0254952851   0.0054884070  -0.0002444290
       -0.0066692598   0.0002013740   0.0000645568  -0.0003651872  -0.0001063462
       -0.0000677718  -0.0002897368  -0.0003322570   0.0000655798  -0.0002568925
       -0.0008894391   0.0000221185   0.0001558530   0.0007537151  -0.0000484986
        0.0000527481  -0.0000038166   0.0000759489   0.0000866205   0.0004834175
       -0.0007809196   0.0000866388  -0.0000949964  -0.0001352603   0.0010178920
       -0.0063490342   0.0065438801   0.0231415368  -0.0014590115   0.0038233757
        0.0014782721  -0.0613389133   0.0159181002   0.0288920376   0.0104757565
       -0.0013755396  -0.0153392531  -0.0087669052  -0.0105607716   0.0274727806
        0.0697185916   0.0180952439  -0.0898243097   0.0033696673  -0.0015217374
       -0.0021069844  -0.0002951274   0.0007740062   0.0003941791  -0.0005212353
       -0.0001016020  -0.0000163680   0.0007731835   0.0002733071   0.0006474409
       -0.0003327924   0.0003746784   0.0010961420  -0.0054834214  -0.0316560942
        0.0218766754  -0.0003702290   0.0005860465   0.0008868084   0.0000146617
       -0.0003458135  -0.0000136956   0.0003159285   0.0000395312   0.0000149856
        0.0007043283   0.0009159959   0.0004024205  -0.0005045508  -0.0009275129
       -0.0001187777  -0.0000681692   0.0000385564   0.0001007260  -0.0009310061
        0.0006590481  -0.0003787875   0.0004830591  -0.0003717680  -0.0004182761
        0.0090165177  -0.0099898364  -0.0301863168   0.0033033750  -0.0059235279
       -0.0020090296   0.0046312853  -0.0794720575  -0.0155546628  -0.0004968424
        0.0049060587   0.0018460851  -0.0168043946  -0.0050723283   0.0341536789
        0.0180952439   0.4708675884  -0.0891279540   0.0020829327  -0.0033495877
       -0.0057717958   0.0004294047   0.0001641548   0.0002340032   0.0004952654
        0.0004082016   0.0002331932   0.0005368722   0.0001409345   0.0000290558
       -0.0000668822  -0.0000474646  -0.0002202660  -0.0208419813  -0.3732979688
        0.1068780267   0.0005493437   0.0001077305   0.0000703450  -0.0003696392
        0.0003429347  -0.0001408524  -0.0002441622  -0.0000991512  -0.0000208157
       -0.0028316565   0.0000773320  -0.0008887691  -0.0004518679  -0.0003141986
       -0.0007470633  -0.0006014797   0.0001574568   0.0005149428  -0.0019581723
        0.0012696151  -0.0030015550   0.0000505108  -0.0001260607   0.0013787255
        0.0147521401  -0.0106071930  -0.0304905497   0.0027588309  -0.0044997348
       -0.0003810901   0.0255889752  -0.0538148651  -0.1986950618   0.0009431303
       -0.0019840731  -0.0462339941   0.0290998955   0.0219576554  -0.0240735439
       -0.0898243097  -0.0891279540   0.3733500880  -0.0020512763   0.0049126028
        0.0057500498   0.0004251958  -0.0003166854   0.0017148186   0.0006108487
       -0.0000124270   0.0011127330  -0.0004043859  -0.0002985121   0.0003902202
        0.0008982315   0.0001552151   0.0017561145   0.0229253939   0.1321104819
       -0.0794703464   0.0002589526   0.0003163549  -0.0009560106  -0.0001405687
        0.0001347477  -0.0006403821  -0.0000483884   0.0000102420  -0.0003893263
       -0.0004109204   0.0008580626   0.0003651666  -0.0032116750   0.0020613113
       -0.0031589210   0.0004602941   0.0001764100  -0.0003177998  -0.0312584606
       -0.0262621720   0.0095513942   0.0017248839   0.0003545896   0.0007685520
       -0.1041376596  -0.0739358905   0.0372040702  -0.0077147362  -0.0113993776
        0.0120171507   0.0008923842   0.0002989187   0.0017940454   0.0012512529
        0.0002508297   0.0003209683   0.0008681786  -0.0001018880   0.0000934580
        0.0033696673   0.0020829327  -0.0020512763   0.4535260750   0.1192918025
        0.1491745987   0.0010714992  -0.0023467829  -0.0004644895  -0.0032784699
       -0.0019983601  -0.0008613813   0.0001103213   0.0001608213  -0.0000081727
       -0.0000247567  -0.0000517541  -0.0000674811  -0.0018025642  -0.0004964110
       -0.0019499000  -0.3128902549  -0.0093271071  -0.2029855770   0.0010295646
        0.0004423393   0.0004279606   0.0004253763  -0.0000582744   0.0001476341
        0.0017493401   0.0005015844   0.0008876069   0.0004302650   0.0014427800
       -0.0006054640   0.0003732250   0.0000654986  -0.0001953197  -0.0080748819
       -0.0076465607  -0.0003017239   0.0009033603   0.0001469837   0.0004003236
       -0.0550757301  -0.1424479381   0.0654271827  -0.0075735066  -0.0048774073
        0.0098333635  -0.0199099799  -0.0347181641   0.0105931033  -0.0003944017
        0.0016116101  -0.0002341694  -0.0014612273  -0.0164329061   0.0007101412
       -0.0015217374  -0.0033495877   0.0049126028   0.1192918025   0.2231336497
       -0.0961480294   0.0006542980   0.0039490886   0.0007539669  -0.0012372681
        0.0000025322  -0.0005269389  -0.0000117707   0.0002656593   0.0000353613
        0.0000617099   0.0001846653   0.0000185775  -0.0003416050   0.0034840909
        0.0015389856  -0.0258795012  -0.0254453093   0.0032701030  -0.0020049848
        0.0003416205  -0.0004269695   0.0000225941  -0.0002118898   0.0000572962
       -0.0002354471  -0.0002814219  -0.0006748016  -0.0023472352  -0.0000030724
       -0.0012074278  -0.0005650231  -0.0001777358   0.0004461724  -0.0082119154
       -0.0092823650   0.0059747537   0.0008074177  -0.0003271890   0.0017158652
        0.0179579379   0.0580909116  -0.0963572194   0.0232886819   0.0292387592
       -0.0191616315   0.0051487131   0.0022599224  -0.0053574805   0.0001761974
       -0.0004020352   0.0001661103  -0.0005884699   0.0029188948   0.0014693350
       -0.0021069844  -0.0057717958   0.0057500498   0.1491745987  -0.0961480294
        0.2527709240   0.0007943079  -0.0007213751   0.0018413507  -0.0005852419
       -0.0005274187   0.0005921199  -0.0000624037  -0.0000216107   0.0000331620
        0.0000640798   0.0001438628   0.0001867927   0.0000556938   0.0039342509
        0.0007549295  -0.1827883086   0.0167737364  -0.1471054676   0.0000322828
        0.0003390273  -0.0015715599  -0.0000088818  -0.0000353163  -0.0002659771
       -0.0021131437  -0.0032516915   0.0000803425   0.0054087154  -0.0124094759
       -0.0053280793   0.0004697762   0.0001789336  -0.0006470987  -0.1166448754
        0.0526199514   0.0311871165  -0.0069512024   0.0155304521   0.0103072658
       -0.0301766515   0.0376268618   0.0047101076   0.0023093882  -0.0005707246
        0.0014786777  -0.0076630091  -0.0033287432  -0.0042400659  -0.0012195961
        0.0021550684   0.0000590688   0.0020680165   0.0010457389   0.0002020605
       -0.0002951274   0.0004294047   0.0004251958   0.0010714992   0.0006542980
        0.0007943079   0.3516730598   0.0871929988  -0.1005044287   0.0037355475
       -0.0020484514   0.0014259515   0.0004395712  -0.0006448750  -0.0001300303
       -0.0001988247  -0.0003240319   0.0001333588   0.0005701062  -0.0000776382
       -0.0004135773   0.0007282169   0.0006025938  -0.0001558203  -0.2038573402
       -0.1773678373   0.0603282703   0.0006458735   0.0019871674   0.0002873766
       -0.0054093271  -0.0045812504   0.0020367967   0.0123077499  -0.0395369886
       -0.0055069689   0.0008191975   0.0019417072  -0.0005740265   0.0796702514
       -0.1693090233  -0.0391647778   0.0130298985  -0.0157974974  -0.0146067979
        0.0180130677  -0.0189609607   0.0009306430  -0.0009342265   0.0005126495
        0.0001494526   0.0023529784   0.0028566611   0.0023163455   0.0007600723
       -0.0011017134   0.0000331372  -0.0002636384   0.0004428828   0.0001095808
        0.0007740062   0.0001641548  -0.0003166854  -0.0023467829   0.0039490886
       -0.0007213751   0.0871929988   0.4981398486  -0.0036543180   0.0006671945
        0.0007378961   0.0001992825   0.0008907585  -0.0015331760  -0.0000675923
       -0.0002131128   0.0005547461   0.0004659236  -0.0005543957  -0.0005467415
        0.0001923345  -0.0002065627  -0.0005897722  -0.0001812576  -0.2061456122
       -0.2576072860   0.0585733973  -0.0004045156   0.0002647748  -0.0002130940
        0.0006036569   0.0011308306  -0.0002065473  -0.0038004883   0.0059738164
        0.0026260649  -0.0010279099  -0.0007688978   0.0017176190   0.0337088438
       -0.0296844081  -0.0654266732   0.0202267991  -0.0320209193  -0.0104400504
       -0.0075920393   0.0092288428   0.0052328294   0.0014483858   0.0004068641
        0.0023104844  -0.0023139317  -0.0002965728  -0.0022460586  -0.0001456767
        0.0005098439   0.0001587157   0.0003508621  -0.0000906537   0.0005950350
        0.0003941791   0.0002340032   0.0017148186  -0.0004644895   0.0007539669
        0.0018413507  -0.1005044287  -0.0036543180   0.0851407560  -0.0003981563
       -0.0009932791   0.0021053830  -0.0001735818   0.0002040632   0.0002087925
       -0.0001358378   0.0005842353   0.0002557647  -0.0008157079  -0.0001105906
       -0.0003352231   0.0003933097  -0.0002624277  -0.0004352049   0.0594046244
        0.0483753889  -0.0230429403   0.0008415871   0.0004802117  -0.0017749161
       -0.0234830675   0.0039811600  -0.0122377881  -0.1801576430  -0.0217255500
       -0.0867502371  -0.0073155837  -0.0015243062  -0.0180594137  -0.0418967495
       -0.0095830912  -0.0176846592   0.0018164324   0.0017321902  -0.0008672631
       -0.0014098787  -0.0051644758   0.0029867790   0.0001763230   0.0002393782
        0.0003401870   0.0013155472  -0.0011276541  -0.0003006775   0.0001646337
       -0.0000031127   0.0000423841  -0.0047855853   0.0058138388  -0.0003491203
       -0.0005212353   0.0004952654   0.0006108487  -0.0032784699  -0.0012372681
       -0.0005852419   0.0037355475   0.0006671945  -0.0003981563   0.3387502927
       -0.1240607612   0.1341352632   0.0004240529  -0.0001563596  -0.0002497820
        0.0012760477  -0.0014909570  -0.0000117716   0.0003757401  -0.0001752492
       -0.0004667285  -0.0005330662  -0.0000848991   0.0000393175  -0.0000359546
        0.0011383755   0.0000367025  -0.0846173834   0.1522662817  -0.0002306427
        0.0242628793   0.0012602123   0.0144718265   0.0034058392  -0.0747453267
       -0.0081926939  -0.0035661966   0.0032717770  -0.0029749261  -0.0261481655
       -0.0039513131  -0.0136900307   0.0013470886   0.0012555649  -0.0009552675
       -0.0027139979  -0.0037361976   0.0015743998  -0.0000665295  -0.0000793735
        0.0000312092  -0.0005124975  -0.0019017859   0.0001686356  -0.0000440638
        0.0001696644  -0.0000254269   0.0086076265  -0.0054077840   0.0009337170
       -0.0001016020   0.0004082016  -0.0000124270  -0.0019983601   0.0000025322
       -0.0005274187  -0.0020484514   0.0007378961  -0.0009932791  -0.1240607612
        0.4567726201   0.0509295791  -0.0007842857   0.0012924566  -0.0000962668
       -0.0008065090   0.0009294371   0.0004365943   0.0002251840  -0.0000717987
       -0.0001106596  -0.0004508649  -0.0003740484  -0.0000023352  -0.0000881604
        0.0005656574   0.0001041556   0.1255418281  -0.3763983917  -0.0410693853
       -0.0028571858   0.0021472307   0.0018936966  -0.0822454394  -0.0231423463
       -0.1102833710  -0.0372334676  -0.0024300240  -0.0291031005  -0.0054728273
       -0.0013480400   0.0025125240  -0.0005102417  -0.0008495785   0.0018090436
        0.0009665416   0.0002888623   0.0010037729   0.0006238012   0.0003676722
        0.0007013449   0.0007377373  -0.0002698806  -0.0014636922   0.0001034176
       -0.0000430880   0.0001201666   0.0001476304   0.0002809032   0.0017996324
       -0.0000163680   0.0002331932   0.0011127330  -0.0008613813  -0.0005269389
        0.0005921199   0.0014259515   0.0001992825   0.0021053830   0.1341352632
        0.0509295791   0.1455663338   0.0004410707  -0.0004693917  -0.0001317174
       -0.0006135732   0.0007848642   0.0011827495  -0.0001765776  -0.0001841266
       -0.0002854332   0.0001146225   0.0000460275  -0.0001003093  -0.0001165857
        0.0003662575  -0.0006574379  -0.0085923886  -0.0263804577  -0.0183744386
       -0.0944596860  -0.0897697667   0.0440076314   0.0069918646   0.0107885155
       -0.0040686670   0.0005131161  -0.0000246504  -0.0003487676  -0.0014879333
        0.0019877982   0.0003870581  -0.0000346010   0.0000739949  -0.0000358011
       -0.0002325033   0.0004415651   0.0000768625  -0.0000439113   0.0000445208
        0.0000374033  -0.0059322444  -0.0013285615  -0.0032418951  -0.0009506655
       -0.0011216432   0.0002315093  -0.0237032876  -0.0246545580   0.0071411889
        0.0007731835   0.0005368722  -0.0004043859   0.0001103213  -0.0000117707
       -0.0000624037   0.0004395712   0.0008907585  -0.0001735818   0.0004240529
       -0.0007842857   0.0004410707   0.1198524652   0.1084369553  -0.0488238335
       -0.0022228015  -0.0059969314   0.0050423509  -0.0000114179   0.0000064769
       -0.0002166728   0.0000232616   0.0001089335   0.0000362262  -0.0000759455
        0.0003109355  -0.0000203124   0.0000271608   0.0000648411  -0.0000049803
       -0.0931977175  -0.1893108741   0.0698162535  -0.0108607476  -0.0263793709
        0.0094109484  -0.0007697485   0.0007803787   0.0002765329   0.0031430101
       -0.0035141136  -0.0011750413   0.0001146854   0.0002077265  -0.0002569075
        0.0002115792   0.0002796047   0.0000613803   0.0000107617  -0.0000203421
        0.0000633831  -0.0009319977   0.0004081191  -0.0000340335   0.0000484118
       -0.0000620626   0.0000357867  -0.0057281744  -0.0021624739  -0.0008042617
        0.0002733071   0.0001409345  -0.0002985121   0.0001608213   0.0002656593
       -0.0000216107  -0.0006448750  -0.0015331760   0.0002040632  -0.0001563596
        0.0012924566  -0.0004693917   0.1084369553   0.2181750591  -0.0778408944
       -0.0001097312   0.0012028689   0.0010849221   0.0001154461   0.0000537878
       -0.0001265211   0.0000243740   0.0000546382  -0.0000339326   0.0000930048
       -0.0003065829  -0.0000140581  -0.0002330054   0.0004277629   0.0001218947
        0.0472872177   0.0731453001  -0.0779798862  -0.0017693052  -0.0040754930
        0.0022673831  -0.0001858804  -0.0008436589   0.0003503295   0.0000884559
       -0.0007083469   0.0003862409  -0.0000938171  -0.0002763069   0.0002068901
       -0.0000534853   0.0001128694  -0.0000206412  -0.0000186921   0.0000194777
        0.0000083147  -0.0028382763  -0.0005483090  -0.0013549279  -0.0005702947
       -0.0005844662   0.0001124639  -0.0091706562  -0.0120256652   0.0057139567
        0.0006474409   0.0000290558   0.0003902202  -0.0000081727   0.0000353613
        0.0000331620  -0.0001300303  -0.0000675923   0.0002087925  -0.0002497820
       -0.0000962668  -0.0001317174  -0.0488238335  -0.0778408944   0.0848471651
        0.0160262554   0.0240813006  -0.0149554065  -0.0002867111  -0.0000633786
       -0.0000015119   0.0000122541  -0.0000061652   0.0000070170   0.0000058227
       -0.0001208849  -0.0000103576   0.0001314900  -0.0001659365  -0.0000774869
       -0.0457486241   0.0025425199   0.0427578102  -0.0032617730   0.0047356488
        0.0156962949  -0.0013793250   0.0030514997   0.0002801485   0.0002756159
       -0.0007582665  -0.0000730570   0.0002530746  -0.0000011225  -0.0000543863
       -0.0003152398  -0.0000425013   0.0000294521  -0.0001469962   0.0001370421
        0.0000286348   0.0016904813   0.0001945003  -0.0015046103   0.0002788518
        0.0002356749   0.0005546944  -0.0084145452  -0.0034446567  -0.0376198735
       -0.0003327924  -0.0000668822   0.0008982315  -0.0000247567   0.0000617099
        0.0000640798  -0.0001988247  -0.0002131128  -0.0001358378   0.0012760477
       -0.0008065090  -0.0006135732  -0.0022228015  -0.0001097312   0.0160262554
        0.0580859865  -0.0051885351  -0.0364216079  -0.0000146142  -0.0000294706
       -0.0001117116   0.0000187591  -0.0000101391  -0.0000053148   0.0000736290
       -0.0000289434   0.0000014505   0.0001078469  -0.0002587252   0.0002029204
        0.0027398143  -0.0477974433  -0.0216075160   0.0074673572  -0.0068914296
       -0.0268138909   0.0027750644  -0.0043586077  -0.0014253659   0.0008034379
        0.0005152771  -0.0017436478  -0.0000116790  -0.0006947218   0.0004422857
       -0.0001100847  -0.0002805687  -0.0001776465   0.0001116910   0.0000903035
        0.0002021085   0.0001462807   0.0005137698  -0.0015673936   0.0001199695
       -0.0000149252   0.0001838688  -0.0009410016   0.0025331051  -0.0006353596
        0.0003746784  -0.0000474646   0.0001552151  -0.0000517541   0.0001846653
        0.0001438628  -0.0003240319   0.0005547461   0.0005842353  -0.0014909570
        0.0009294371   0.0007848642  -0.0059969314   0.0012028689   0.0240813006
       -0.0051885351   0.0537082482   0.0276697209  -0.0003345023  -0.0002892203
       -0.0000429472   0.0000559117  -0.0000473335  -0.0000217111  -0.0000319178
       -0.0000306695  -0.0000309899  -0.0001128103   0.0002199632  -0.0001809935
        0.0407597371  -0.0233804771  -0.2510839513   0.0046282839  -0.0049757817
       -0.0107186347   0.0005250278  -0.0015697894   0.0001278684  -0.0005298621
        0.0005643617   0.0002585951  -0.0001020169  -0.0002098371   0.0003927705
       -0.0000759064   0.0000391069  -0.0002269183   0.0001030549   0.0002081673
        0.0001659501   0.0011489243   0.0009261679  -0.0007413967   0.0005778227
        0.0002339442   0.0001489960  -0.0162771897  -0.0021359894  -0.0254952851
        0.0010961420  -0.0002202660   0.0017561145  -0.0000674811   0.0000185775
        0.0001867927   0.0001333588   0.0004659236   0.0002557647  -0.0000117716
        0.0004365943   0.0011827495   0.0050423509   0.0010849221  -0.0149554065
       -0.0364216079   0.0276697209   0.2988843118  -0.0004404299   0.0001920718
        0.0000329970   0.0001018880   0.0000524372  -0.0000252814  -0.0000437296
        0.0000941121  -0.0000602970  -0.0001465951   0.0005060331  -0.0000857392
        0.0006273620  -0.0001837006   0.0008611368  -0.0006995351  -0.0003101216
        0.0001976625   0.0001410690   0.0000313831  -0.0001587002  -0.0006867900
        0.0003914376   0.0015786580  -0.0014963965   0.0005093172  -0.0009637394
        0.0013382796  -0.0009613999   0.0018729731  -0.0000928851  -0.0002458927
       -0.0000768499  -0.0001487349  -0.0063705069   0.0021924437  -0.0008065525
       -0.0008496874  -0.0020905491  -0.0044366664  -0.0033480325   0.0054884070
       -0.0054834214  -0.0208419813   0.0229253939  -0.0018025642  -0.0003416050
        0.0000556938   0.0005701062  -0.0005543957  -0.0008157079   0.0003757401
        0.0002251840  -0.0001765776  -0.0000114179   0.0001154461  -0.0002867111
       -0.0000146142  -0.0003345023  -0.0004404299   0.0128203452   0.0330382862
       -0.0292981960   0.0001052994  -0.0002515939  -0.0011714047  -0.0000424958
        0.0003507695   0.0002159446  -0.0002561274  -0.0000684039   0.0000905523
       -0.0002467605  -0.0000409015  -0.0000607844   0.0000195967   0.0002120023
        0.0001664961   0.0000454612   0.0000411446  -0.0000830758  -0.0001384442
        0.0004127888  -0.0001638194  -0.0000661416   0.0005414915  -0.0000153687
        0.0021072962   0.0002815457  -0.0034751136  -0.0002810178  -0.0001852798
        0.0004266042  -0.0035006873   0.0064137927   0.0089882876  -0.0003246452
       -0.0002340550  -0.0005903641   0.0018413021   0.0005493701  -0.0002444290
       -0.0316560942  -0.3732979688   0.1321104819  -0.0004964110   0.0034840909
        0.0039342509  -0.0000776382  -0.0005467415  -0.0001105906  -0.0001752492
       -0.0000717987  -0.0001841266   0.0000064769   0.0000537878  -0.0000633786
       -0.0000294706  -0.0002892203   0.0001920718   0.0330382862   0.3627667155
       -0.1403221592  -0.0005245076   0.0000037867  -0.0004474563   0.0003996130
       -0.0001594573  -0.0000734781   0.0000590352   0.0000649064   0.0000159518
        0.0001081518  -0.0001407925   0.0007543408   0.0004685315   0.0002854883
        0.0000258049   0.0000048277  -0.0000032181  -0.0000523950   0.0005637910
       -0.0003165045   0.0007862529  -0.0000470678   0.0000057908   0.0001702812
        0.0022793502   0.0015961851  -0.0020188409  -0.0001822886   0.0003231872
        0.0001149044   0.0058424421   0.0300387036  -0.0181763822  -0.0000802038
        0.0001744179  -0.0024778409   0.0015609676   0.0014853445  -0.0066692598
        0.0218766754   0.1068780267  -0.0794703464  -0.0019499000   0.0015389856
        0.0007549295  -0.0004135773   0.0001923345  -0.0003352231  -0.0004667285
       -0.0001106596  -0.0002854332  -0.0002166728  -0.0001265211  -0.0000015119
       -0.0001117116  -0.0000429472   0.0000329970  -0.0292981960  -0.1403221592
        0.1073056784  -0.0002747681  -0.0012917599  -0.0007624566   0.0002630043
       -0.0001848720   0.0002222533   0.0000733729   0.0000209700   0.0000822476
       -0.0001463421  -0.0000442183  -0.0002191381  -0.0009405900   0.0003916035
       -0.0006306248  -0.0000755912  -0.0000691802   0.0000668053  -0.0041676243
       -0.0045786077   0.0016891309   0.0004207159   0.0001038255   0.0007846039
       -0.0214025180  -0.0050059856  -0.0063298295   0.0000360373  -0.0000312758
       -0.0003239713   0.0018605963  -0.0013858059  -0.0001733337   0.0000633651
       -0.0006299571  -0.0000505992   0.0001455317   0.0008383036   0.0002013740
       -0.0003702290   0.0005493437   0.0002589526  -0.3128902549  -0.0258795012
       -0.1827883086   0.0007282169  -0.0002065627   0.0003933097  -0.0005330662
       -0.0004508649   0.0001146225   0.0000232616   0.0000243740   0.0000122541
        0.0000187591   0.0000559117   0.0001018880   0.0001052994  -0.0005245076
       -0.0002747681   0.3368582539   0.0370093535   0.1876922725   0.0001928226
       -0.0001128928  -0.0004913064   0.0000733559  -0.0000533556  -0.0000333338
       -0.0004494068  -0.0000013970  -0.0002472736  -0.0009908952   0.0002425980
       -0.0004281440   0.0000416278   0.0000062069  -0.0000235298  -0.0030020191
       -0.0022808954   0.0018794909   0.0000920594  -0.0000474106  -0.0000299452
       -0.0232608167  -0.0031959904  -0.0142466876   0.0000465338   0.0007810854
        0.0005115520  -0.0025676713  -0.0000441805  -0.0006352127   0.0005495988
       -0.0003487436   0.0005542775   0.0009443572   0.0005868792   0.0000645568
        0.0005860465   0.0001077305   0.0003163549  -0.0093271071  -0.0254453093
        0.0167737364   0.0006025938  -0.0005897722  -0.0002624277  -0.0000848991
       -0.0003740484   0.0000460275   0.0001089335   0.0000546382  -0.0000061652
       -0.0000101391  -0.0000473335   0.0000524372  -0.0002515939   0.0000037867
       -0.0012917599   0.0370093535   0.0302871099  -0.0032833380  -0.0000698182
        0.0002783890   0.0002403371   0.0000332623   0.0000266572   0.0000157135
       -0.0000564434   0.0000677647   0.0000650218   0.0002774863   0.0000319419
        0.0005025106  -0.0000172910  -0.0000811274  -0.0000488072   0.0005871459
        0.0019428537   0.0003479827  -0.0000293586   0.0000688711   0.0002237763
        0.0136045150  -0.0010330211   0.0076780653   0.0016613009   0.0002885836
        0.0013954315  -0.0007413466  -0.0000877947   0.0017966486  -0.0002346578
       -0.0000551836  -0.0000351262   0.0004082685   0.0000821226  -0.0003651872
        0.0008868084   0.0000703450  -0.0009560106  -0.2029855770   0.0032701030
       -0.1471054676  -0.0001558203  -0.0001812576  -0.0004352049   0.0000393175
       -0.0000023352  -0.0001003093   0.0000362262  -0.0000339326   0.0000070170
       -0.0000053148  -0.0000217111  -0.0000252814  -0.0011714047  -0.0004474563
       -0.0007624566   0.1876922725  -0.0032833380   0.1375184694   0.0001396149
       -0.0006325245   0.0002382784   0.0000642584   0.0000370964   0.0000606495
        0.0007140744   0.0005192594  -0.0000661867  -0.0010897142   0.0018203458
        0.0006355102   0.0000372646   0.0000970972  -0.0004317394   0.0132738723
        0.0142303170  -0.0047970521   0.0004673859   0.0002425077   0.0003167966
        0.0018531889   0.0024654731  -0.0005732983  -0.0002276773   0.0000684484
       -0.0001819939   0.0001652719   0.0003368491   0.0000836246   0.0000156187
        0.0000054716  -0.0000367597  -0.0003966068  -0.0004715328  -0.0001063462
        0.0000146617  -0.0003696392  -0.0001405687   0.0010295646  -0.0020049848
        0.0000322828  -0.2038573402  -0.2061456122   0.0594046244  -0.0000359546
       -0.0000881604  -0.0001165857  -0.0000759455   0.0000930048   0.0000058227
        0.0000736290  -0.0000319178  -0.0000437296  -0.0000424958   0.0003996130
        0.0002630043   0.0001928226  -0.0000698182   0.0001396149   0.1872914594
        0.1889893932  -0.0548267115   0.0005969204  -0.0000861152   0.0004396911
       -0.0011760799  -0.0015404073   0.0002543702   0.0023387150  -0.0062893042
       -0.0017408464   0.0002353412   0.0003147008  -0.0004812725  -0.0137750538
       -0.0312062643   0.0041783971  -0.0002476909  -0.0001588956  -0.0001549462
       -0.0007017574   0.0002886368   0.0006480323   0.0000174022  -0.0002501976
        0.0002603901  -0.0001942682  -0.0008729160   0.0000438271  -0.0001163421
        0.0001770863  -0.0000477734   0.0002202111   0.0006044278  -0.0000677718
       -0.0003458135   0.0003429347   0.0001347477   0.0004423393   0.0003416205
        0.0003390273  -0.1773678373  -0.2576072860   0.0483753889   0.0011383755
        0.0005656574   0.0003662575   0.0003109355  -0.0003065829  -0.0001208849
       -0.0000289434  -0.0000306695   0.0000941121   0.0003507695  -0.0001594573
       -0.0001848720  -0.0001128928   0.0002783890  -0.0006325245   0.1889893932
        0.2953108668  -0.0514742012   0.0000231966   0.0001976607   0.0002105424
        0.0001468825  -0.0000304564   0.0003681190   0.0007561935  -0.0000343371
        0.0010251873   0.0001052500   0.0001277336  -0.0001967916  -0.0065835636
       -0.0066547601   0.0002852781  -0.0003197390  -0.0014135979   0.0006156750
        0.0011677075   0.0006226597   0.0015761518  -0.0002045908   0.0003130063
       -0.0007815272  -0.0000285851   0.0003678741   0.0005199645  -0.0000337898
       -0.0000391787  -0.0000860917  -0.0002414818  -0.0001261389  -0.0002897368
       -0.0000136956  -0.0001408524  -0.0006403821   0.0004279606  -0.0004269695
       -0.0015715599   0.0603282703   0.0585733973  -0.0230429403   0.0000367025
        0.0001041556  -0.0006574379  -0.0000203124  -0.0000140581  -0.0000103576
        0.0000014505  -0.0000309899  -0.0000602970   0.0002159446  -0.0000734781
        0.0002222533  -0.0004913064   0.0002403371   0.0002382784  -0.0548267115
       -0.0514742012   0.0221318449  -0.0004225860   0.0001098546   0.0003543699
       -0.0041127158   0.0000185655  -0.0032676945  -0.0208309375   0.0287155118
       -0.0011687575   0.0004114164   0.0001481110  -0.0002630306  -0.0006836516
        0.0023808701   0.0000731398  -0.0005769664   0.0000122028   0.0003832065
       -0.0000373229  -0.0000576080  -0.0000896197   0.0000934342   0.0000482897
        0.0000759893  -0.0000418412   0.0007706202  -0.0000467148   0.0001290465
       -0.0001329400   0.0000499838  -0.0020255800   0.0012098594  -0.0003322570
        0.0003159285  -0.0002441622  -0.0000483884   0.0004253763   0.0000225941
       -0.0000088818   0.0006458735  -0.0004045156   0.0008415871  -0.0846173834
        0.1255418281  -0.0085923886   0.0000271608  -0.0002330054   0.0001314900
        0.0001078469  -0.0001128103  -0.0001465951  -0.0002561274   0.0000590352
        0.0000733729   0.0000733559   0.0000332623   0.0000642584   0.0005969204
        0.0000231966  -0.0004225860   0.1103561667  -0.1577989054   0.0126938862
        0.0013867882  -0.0002448380   0.0007865372   0.0038787547   0.0030072291
        0.0035776701   0.0000583893   0.0002781107  -0.0002353429  -0.0017557444
        0.0023509612  -0.0002632828  -0.0000490509  -0.0002218393  -0.0000311770
        0.0003615924  -0.0001074351   0.0000210002   0.0000168237   0.0000290060
       -0.0000114146   0.0002118028   0.0002398017  -0.0000866800   0.0000356718
        0.0000032610   0.0000123478  -0.0001790693  -0.0002756570   0.0000655798
        0.0000395312  -0.0000991512   0.0000102420  -0.0000582744  -0.0002118898
       -0.0000353163   0.0019871674   0.0002647748   0.0004802117   0.1522662817
       -0.3763983917  -0.0263804577   0.0000648411   0.0004277629  -0.0001659365
       -0.0002587252   0.0002199632   0.0005060331  -0.0000684039   0.0000649064
        0.0000209700  -0.0000533556   0.0000266572   0.0000370964  -0.0000861152
        0.0001976607   0.0001098546  -0.1577989054   0.3704491072   0.0215820649
       -0.0014200985  -0.0007147453  -0.0006111375  -0.0100930019   0.0192414952
       -0.0006000614  -0.0010987912   0.0010855731   0.0000523408  -0.0007360629
       -0.0006909787   0.0018215854   0.0005094736   0.0000138336  -0.0005245070
        0.0000592405  -0.0000434914   0.0001030674  -0.0001186408  -0.0000149408
       -0.0001902485  -0.0001575781  -0.0000804420   0.0004652587   0.0000297784
        0.0000270432  -0.0000326718  -0.0005824086   0.0006574783  -0.0002568925
        0.0000149856  -0.0000208157  -0.0003893263   0.0001476341   0.0000572962
       -0.0002659771   0.0002873766  -0.0002130940  -0.0017749161  -0.0002306427
       -0.0410693853  -0.0183744386  -0.0000049803   0.0001218947  -0.0000774869
        0.0002029204  -0.0001809935  -0.0000857392   0.0000905523   0.0000159518
        0.0000822476  -0.0000333338   0.0000157135   0.0000606495   0.0004396911
        0.0002105424   0.0003543699   0.0126938862   0.0215820649   0.0202438839
