           1           2   1.4556672545135021     
           2           3   1.4128906460057200     
           1           4  0.10255078631753051     
           3           4   1.4332396886085839     
           2           5  0.10255079514561097     
           4           5   1.3278432262998763     
           1           6   1.4128906891511588     
           5           6   1.4332396320200063     
           5           7  0.99064841340953202     
           7           8   1.7618634456071485     
           7           9   1.1162594202601013     
           8           9  0.13531586927630093     
           4          10  0.99064828220307954     
           9          10   1.1162596605150470     
           9          11  0.13531590889405931     
          10          11   1.7618633666760815     
           1          12  0.96929654925732223     
           2          13  0.96929655256523162     
           3          14  0.96613157837695363     
           6          15  0.96613157422481755     
           9          16  0.92612988911823713     
