$hessian                                                                        
        0.5029268189   0.0347651284   0.0086588460  -0.0919452697   0.0463310731
        0.0138238634  -0.0211995528   0.0233687821   0.0046554228   0.0042234925
       -0.0096900008  -0.0022964669  -0.0008927696   0.0065171494   0.0079834934
       -0.2469875552  -0.0025655833  -0.0801030992  -0.0996686153  -0.0947508677
        0.0385359872  -0.0435188554  -0.0004065826   0.0095232025   0.0007787796
        0.0010093550   0.0003299563   0.0004123947   0.0003282241   0.0007584357
       -0.0057924143   0.0010500349  -0.0017359130   0.0007391448  -0.0011414659
        0.0000663129   0.0001296108  -0.0001238837  -0.0003164006  -0.0006257256
       -0.0030363421   0.0006461766   0.0014205164  -0.0016550209  -0.0005298172
        0.0347651284   0.4681803774  -0.0216040084   0.0457447423  -0.1420633376
       -0.0234998735   0.0054241487  -0.0037075179  -0.0002241582   0.0097672374
       -0.0310366848  -0.0048871879   0.0041965208  -0.0018353371  -0.0096095629
       -0.0034715346  -0.0435208852  -0.0009192997  -0.0941649874  -0.2011940291
        0.0662095364  -0.0002890842  -0.0427199540  -0.0060349389  -0.0009145612
        0.0007191626  -0.0002769706  -0.0003318372   0.0000057046  -0.0001356062
        0.0002304585   0.0004915370   0.0000724785   0.0011903727   0.0007617325
       -0.0002918145   0.0005181431   0.0001900092  -0.0005997332  -0.0022065163
       -0.0053360153   0.0013431697  -0.0004582311   0.0010652376   0.0004579694
        0.0086588460  -0.0216040084   0.5266732759   0.0112992447  -0.0213428169
       -0.0640154054  -0.0048784130   0.0064320934   0.0026696361  -0.0023014026
        0.0048623878   0.0027157453   0.0217240642  -0.0310422242  -0.0361489460
       -0.0813277431  -0.0008112862  -0.0766320027   0.0386581776   0.0658908295
       -0.0715874754   0.0098888453  -0.0057370635  -0.2852910836   0.0002567272
        0.0001396747   0.0000236395  -0.0004695527   0.0003998461   0.0005158387
       -0.0023682288   0.0004476480  -0.0003884625  -0.0001021565  -0.0001546054
        0.0000336898  -0.0001219503   0.0004205032   0.0004982474   0.0006313815
        0.0018089190  -0.0000094459   0.0004521604   0.0002901029   0.0009427489
       -0.0919452697   0.0457447423   0.0112992447   0.5021353920   0.0000373454
        0.0106047501  -0.1731593122  -0.0001071843  -0.0368307143  -0.0917465238
       -0.0456430576   0.0112272136  -0.0817071304  -0.0000472965   0.0416308495
       -0.0195691011   0.0238636613   0.0065797733   0.0061489342  -0.0108014345
       -0.0034175099  -0.0005871373   0.0008350446   0.0014066956  -0.0196067118
       -0.0043939148  -0.0050986390   0.0000366831   0.0000004492  -0.0013002880
       -0.0196677156   0.0043603133  -0.0051136322  -0.0195104363  -0.0239066921
        0.0065674628  -0.0005819149  -0.0008318966   0.0014008064   0.0061462483
        0.0108739927  -0.0034243391   0.0036139957   0.0000159276  -0.0355316736
        0.0463310731  -0.1420633376  -0.0213428169   0.0000373454   0.4677856018
        0.0000174102  -0.0001056267  -0.0649544214  -0.0000370617  -0.0462302614
       -0.1422888384   0.0213234533  -0.0000395686  -0.0509135038   0.0000892628
        0.0036178437  -0.0018297435   0.0000629377   0.0102095387  -0.0275002022
       -0.0064875650   0.0005078637  -0.0007591129  -0.0017517060  -0.0250361572
       -0.0027614800  -0.0080208652   0.0000040418  -0.0001497044   0.0000012246
        0.0249980087  -0.0027028036   0.0080084203  -0.0036512771  -0.0018824299
       -0.0000517277  -0.0005160898  -0.0007777337   0.0017627688  -0.0101343244
       -0.0274979978   0.0064624427   0.0000075902  -0.0017042927  -0.0000361778
        0.0138238634  -0.0234998735  -0.0640154054   0.0106047501   0.0000174102
        0.4482517282  -0.0410252051  -0.0000411976  -0.0751752149   0.0137483115
        0.0234863630  -0.0639910003   0.0116336106   0.0000534541  -0.2005456767
       -0.0059037184   0.0085259811   0.0024854885  -0.0045844238   0.0081502105
        0.0028668997   0.0132789505  -0.0222173814  -0.0132107064   0.0082538254
        0.0001019052   0.0035985142  -0.0265651661  -0.0000253897  -0.0158765106
        0.0082617877  -0.0000872077   0.0036011720  -0.0058848267  -0.0085376808
        0.0024800366   0.0132296060   0.0222538906  -0.0131971343  -0.0045743910
       -0.0081812013   0.0028666841  -0.0042969741   0.0000007173  -0.0201388748
       -0.0211995528   0.0054241487  -0.0048784130  -0.1731593122  -0.0001056267
       -0.0410252051   0.4583470568  -0.0000709162  -0.0255547041  -0.0211376017
       -0.0054588380  -0.0048669212  -0.0023514177  -0.0000030401  -0.0087254401
       -0.0019694836   0.0028931254   0.0008163922   0.0007328208  -0.0009748965
       -0.0002435793   0.0001405888  -0.0005303448  -0.0005320689  -0.0979165615
       -0.0945535685   0.0391145238  -0.0422062721  -0.0000001257   0.0067257661
       -0.0983078894   0.0947655679   0.0392758383  -0.0019550123  -0.0028898197
        0.0008127612   0.0001398211   0.0005301281  -0.0005305545   0.0007325625
        0.0009746156  -0.0002422962   0.0001102533  -0.0000004096  -0.0001460990
        0.0233687821  -0.0037075179   0.0064320934  -0.0001071843  -0.0649544214
       -0.0000411976  -0.0000709162   0.5286416464  -0.0000282022  -0.0234086514
       -0.0037662516  -0.0064457511   0.0000038699   0.0025329787  -0.0000019174
        0.0038331625  -0.0037948064  -0.0009253508   0.0009051382   0.0007839251
        0.0001980189   0.0001072783   0.0004293103   0.0006146859  -0.0942437113
       -0.2057566708   0.0656496898  -0.0000003415  -0.0430760615   0.0000401126
        0.0944554952  -0.2053282109  -0.0656047901  -0.0038295926  -0.0038106374
        0.0009248463  -0.0001082003   0.0004308845  -0.0006160063  -0.0009051715
        0.0007839221  -0.0001981306   0.0000000429   0.0005919108   0.0000018991
        0.0046554228  -0.0002241582   0.0026696361  -0.0368307143  -0.0000370617
       -0.0751752149  -0.0255547041  -0.0000282022   0.5312987380   0.0046430396
        0.0002310536   0.0026664486  -0.0347614359  -0.0000300422  -0.0273892751
        0.0014489833  -0.0014671648   0.0000543228   0.0000090434   0.0001073539
        0.0000076869   0.0005925211  -0.0002446488   0.0004505649   0.0389486444
        0.0657811065  -0.0705204419   0.0081288235   0.0000412891  -0.2862949296
        0.0391105822  -0.0657370475  -0.0705569750   0.0014440058   0.0014683524
        0.0000558634   0.0005919621   0.0002460416   0.0004505909   0.0000088215
       -0.0001068563   0.0000073262  -0.0024349953  -0.0000000155  -0.0077243415
        0.0042234925   0.0097672374  -0.0023014026  -0.0917465238  -0.0462302614
        0.0137483115  -0.0211376017  -0.0234086514   0.0046430396   0.5030790116
       -0.0346926047   0.0085928435  -0.0008691866  -0.0065196918   0.0079572822
        0.0007390509   0.0011413108   0.0000662727  -0.0006372054   0.0030459282
        0.0006508562   0.0001307151   0.0001239292  -0.0003176462  -0.0057894978
       -0.0010629873  -0.0017365725   0.0004119957  -0.0003273108   0.0007575456
        0.0007792832  -0.0010097532   0.0003289317  -0.2470275903   0.0021896809
       -0.0800737165  -0.0435168187   0.0003997357   0.0094691379  -0.1000552715
        0.0949272395   0.0387432029   0.0014161469   0.0016561989  -0.0005280861
       -0.0096900008  -0.0310366848   0.0048623878  -0.0456430576  -0.1422888384
        0.0234863630  -0.0054588380  -0.0037662516   0.0002310536  -0.0346926047
        0.4680040872   0.0215879756  -0.0042063112  -0.0018831437   0.0096465080
       -0.0011900824   0.0007613276   0.0002922505   0.0022164941  -0.0053227849
       -0.0013445879  -0.0005185004   0.0001893871   0.0005992199  -0.0002424644
        0.0004891628  -0.0000758173   0.0003329671   0.0000059561   0.0001368736
        0.0009147899   0.0007191856   0.0002781752   0.0030960346  -0.0435094865
        0.0007717913   0.0002819511  -0.0427265902   0.0062164288   0.0943412216
       -0.2007059424  -0.0662295052   0.0004584010   0.0010706160  -0.0004591168
       -0.0022964669  -0.0048871879   0.0027157453   0.0112272136   0.0213234533
       -0.0639910003  -0.0048669212  -0.0064457511   0.0026664486   0.0085928435
        0.0215879756   0.5266989824   0.0216542310   0.0311094096  -0.0361258153
       -0.0001031325   0.0001546809   0.0000337234   0.0006366229  -0.0018108758
       -0.0000110828  -0.0001212794  -0.0004211149   0.0004985096  -0.0023670723
       -0.0004522040  -0.0003889926  -0.0004682347  -0.0004010693   0.0005154774
        0.0002576636  -0.0001387785   0.0000240092  -0.0812980366   0.0006611285
       -0.0766035949   0.0098350358   0.0059197553  -0.2852876784   0.0388644419
       -0.0659100770  -0.0716874145   0.0004530912  -0.0002893447   0.0009426828
       -0.0008927696   0.0041965208   0.0217240642  -0.0817071304  -0.0000395686
        0.0116336106  -0.0023514177   0.0000038699  -0.0347614359  -0.0008691866
       -0.0042063112   0.0216542310   0.4778933530   0.0004708609   0.0976321397
        0.0010164664  -0.0007176453   0.0005607701   0.0003833084  -0.0006728324
       -0.0005201414  -0.0017663613   0.0035210816   0.0022516113   0.0013443589
        0.0002259322   0.0003203268  -0.0061112562  -0.0000058803  -0.0044028305
        0.0013465899  -0.0002243209   0.0003205844   0.0010124670   0.0007180746
        0.0005611092  -0.0017517529  -0.0035164572   0.0022412845   0.0003811481
        0.0006678145  -0.0005191449  -0.3879278171  -0.0004211385  -0.1186961789
        0.0065171494  -0.0018353371  -0.0310422242  -0.0000472965  -0.0509135038
        0.0000534541  -0.0000030401   0.0025329787  -0.0000300422  -0.0065196918
       -0.0018831437   0.0311094096   0.0004708609   0.0555411219   0.0000235425
       -0.0010058536   0.0005460386   0.0001075617  -0.0003889638   0.0029208988
        0.0003401880   0.0032301553  -0.0044168681  -0.0037351138   0.0010369724
        0.0004871447   0.0001224717  -0.0000062254   0.0003681076  -0.0000044857
       -0.0010356031   0.0004846345  -0.0001222623   0.0010062543   0.0005502551
       -0.0001067861  -0.0032265698  -0.0044367468   0.0037387185   0.0003842450
        0.0029242962  -0.0003397093  -0.0004123933  -0.0028698766  -0.0001147224
        0.0079834934  -0.0096095629  -0.0361489460   0.0416308495   0.0000892628
       -0.2005456767  -0.0087254401  -0.0000019174  -0.0273892751   0.0079572822
        0.0096465080  -0.0361258153   0.0976321397   0.0000235425   0.3948354746
       -0.0002650657   0.0015704261   0.0013630702  -0.0009394296   0.0006787582
        0.0008050319   0.0038191470  -0.0059181479  -0.0024999210   0.0008173468
       -0.0005940966   0.0006941129  -0.0040898964  -0.0000035958  -0.0012647472
        0.0008151254   0.0005959583   0.0006938103  -0.0002609862  -0.0015708728
        0.0013616467   0.0038049363   0.0059250577  -0.0024945361  -0.0009379362
       -0.0006799717   0.0008046911  -0.1492415660  -0.0001513484  -0.0940889204
       -0.2469875552  -0.0034715346  -0.0813277431  -0.0195691011   0.0036178437
       -0.0059037184  -0.0019694836   0.0038331625   0.0014489833   0.0007390509
       -0.0011900824  -0.0001031325   0.0010164664  -0.0010058536  -0.0002650657
        0.2871398660   0.0016672328   0.0944851065  -0.0194221012  -0.0038406971
       -0.0066641179  -0.0012397566  -0.0004569012  -0.0025382173   0.0004928251
        0.0001938416  -0.0000679245   0.0002320666  -0.0000874746   0.0003555870
       -0.0010588418   0.0002252670  -0.0004113949   0.0006413421   0.0002489888
        0.0001674140  -0.0001110896   0.0000461280  -0.0000365045   0.0000668931
       -0.0004312002  -0.0000007169   0.0000294189   0.0006512792   0.0008614450
       -0.0025655833  -0.0435208852  -0.0008112862   0.0238636613  -0.0018297435
        0.0085259811   0.0028931254  -0.0037948064  -0.0014671648   0.0011413108
        0.0007613276   0.0001546809  -0.0007176453   0.0005460386   0.0015704261
        0.0016672328   0.0498503622   0.0018876133  -0.0262726740  -0.0022690921
       -0.0094023114  -0.0007196293   0.0007428526  -0.0000040571  -0.0000660528
       -0.0001278120  -0.0000933568  -0.0001617862  -0.0000809677  -0.0001170041
        0.0014268634  -0.0000181158   0.0003994607  -0.0002461926  -0.0007591775
       -0.0001929287  -0.0000024443  -0.0000479582   0.0000465880  -0.0001209999
        0.0002888307  -0.0000203810  -0.0001191861   0.0002591469  -0.0004762601
       -0.0801030992  -0.0009192997  -0.0766320027   0.0065797733   0.0000629377
        0.0024854885   0.0008163922  -0.0009253508   0.0000543228   0.0000662727
        0.0002922505   0.0000337234   0.0005607701   0.0001075617   0.0013630702
        0.0944851065   0.0018876133   0.0851172263   0.0094640392   0.0008892150
        0.0041795625  -0.0322370614  -0.0011738598  -0.0166965601   0.0000323249
        0.0000133090  -0.0000892590   0.0000723502  -0.0001072606   0.0001207298
        0.0002961672  -0.0000782454   0.0003076512   0.0001669561   0.0001929610
        0.0003128576  -0.0001648672   0.0000247838  -0.0002073012   0.0001371333
       -0.0000077264  -0.0000870792  -0.0001722576  -0.0002588893  -0.0002624301
       -0.0996686153  -0.0941649874   0.0386581776   0.0061489342   0.0102095387
       -0.0045844238   0.0007328208   0.0009051382   0.0000090434  -0.0006372054
        0.0022164941   0.0006366229   0.0003833084  -0.0003889638  -0.0009394296
       -0.0194221012  -0.0262726740   0.0094640392   0.1136304400   0.1089656700
       -0.0450046810  -0.0007804016  -0.0021552987   0.0017518989  -0.0004708874
        0.0003459344   0.0000329123  -0.0000596063  -0.0000414154  -0.0000070964
       -0.0000327917  -0.0000947810   0.0000141638   0.0000657406   0.0001204309
        0.0001371401  -0.0001061698   0.0000356212  -0.0000783065   0.0004785293
        0.0006667469  -0.0001106420  -0.0002619947  -0.0003474541   0.0000205813
       -0.0947508677  -0.2011940291   0.0658908295  -0.0108014345  -0.0275002022
        0.0081502105  -0.0009748965   0.0007839251   0.0001073539   0.0030459282
       -0.0053227849  -0.0018108758  -0.0006728324   0.0029208988   0.0006787582
       -0.0038406971  -0.0022690921   0.0008892150   0.1089656700   0.2346005472
       -0.0763290277  -0.0014182438  -0.0007495509   0.0024689140   0.0008557665
        0.0002165891  -0.0001121881   0.0000000365  -0.0001154214   0.0000297627
       -0.0003417803   0.0003497092  -0.0000228204   0.0004308222   0.0002900625
        0.0000081556   0.0001009624   0.0002475807  -0.0003217794  -0.0006622565
       -0.0015248717   0.0004037707   0.0000638229  -0.0007333604  -0.0000302787
        0.0385359872   0.0662095364  -0.0715874754  -0.0034175099  -0.0064875650
        0.0028668997  -0.0002435793   0.0001980189   0.0000076869   0.0006508562
       -0.0013445879  -0.0000110828  -0.0005201414   0.0003401880   0.0008050319
       -0.0066641179  -0.0094023114   0.0041795625  -0.0450046810  -0.0763290277
        0.0786618217   0.0170050323   0.0275718283  -0.0151320699  -0.0002419795
        0.0000070996   0.0003214654   0.0000829923   0.0001564751  -0.0002076903
       -0.0000401952  -0.0001239520  -0.0000800501  -0.0000005280   0.0000205872
       -0.0000871395   0.0000334067  -0.0001228964   0.0000933074  -0.0001101121
       -0.0004049915   0.0002981247  -0.0000654302  -0.0002884017  -0.0001283923
       -0.0435188554  -0.0002890842   0.0098888453  -0.0005871373   0.0005078637
        0.0132789505   0.0001405888   0.0001072783   0.0005925211   0.0001307151
       -0.0005185004  -0.0001212794  -0.0017663613   0.0032301553   0.0038191470
       -0.0012397566  -0.0007196293  -0.0322370614  -0.0007804016  -0.0014182438
        0.0170050323   0.0482060746  -0.0012142249  -0.0117316032  -0.0001131016
       -0.0000607427   0.0001163036  -0.0005835896   0.0006003409  -0.0002405358
        0.0001062124  -0.0001716532  -0.0001154377  -0.0001110199   0.0000023702
       -0.0001649128   0.0002673339  -0.0000583647  -0.0000134038  -0.0001059355
       -0.0001018815   0.0000330277  -0.0000447659   0.0001043165  -0.0001095935
       -0.0004065826  -0.0427199540  -0.0057370635   0.0008350446  -0.0007591129
       -0.0222173814  -0.0005303448   0.0004293103  -0.0002446488   0.0001239292
        0.0001893871  -0.0004211149   0.0035210816  -0.0044168681  -0.0059181479
       -0.0004569012   0.0007428526  -0.0011738598  -0.0021552987  -0.0007495509
        0.0275718283  -0.0012142249   0.0481998511   0.0074600666  -0.0000038117
       -0.0000758971   0.0001444105   0.0004331726  -0.0000284242   0.0001196278
       -0.0002377043   0.0000460827  -0.0000061015  -0.0000464120  -0.0000480226
       -0.0000251704   0.0000611393  -0.0008722172   0.0002110719  -0.0000363084
        0.0002471133   0.0001229744   0.0001132213  -0.0001845499   0.0001135087
        0.0095232025  -0.0060349389  -0.2852910836   0.0014066956  -0.0017517060
       -0.0132107064  -0.0005320689   0.0006146859   0.0004505649  -0.0003176462
        0.0005992199   0.0004985096   0.0022516113  -0.0037351138  -0.0024999210
       -0.0025382173  -0.0000040571  -0.0166965601   0.0017518989   0.0024689140
       -0.0151320699  -0.0117316032   0.0074600666   0.3303635670   0.0000830930
        0.0000058403  -0.0002199850   0.0000872175  -0.0000828891   0.0007094632
       -0.0002552784   0.0002399107   0.0000741774  -0.0000366610  -0.0000467217
       -0.0002074898  -0.0000128135  -0.0002120245   0.0007019071  -0.0000790926
        0.0003218067   0.0000935471   0.0003996625   0.0001570069   0.0003660794
        0.0007787796  -0.0009145612   0.0002567272  -0.0196067118  -0.0250361572
        0.0082538254  -0.0979165615  -0.0942437113   0.0389486444  -0.0057894978
       -0.0002424644  -0.0023670723   0.0013443589   0.0010369724   0.0008173468
        0.0004928251  -0.0000660528   0.0000323249  -0.0004708874   0.0008557665
       -0.0002419795  -0.0001131016  -0.0000038117   0.0000830930   0.1151438078
        0.1103418068  -0.0443009513  -0.0004766975  -0.0024534981   0.0023057564
        0.0070773362   0.0117816404  -0.0042307400  -0.0010551830  -0.0014292658
        0.0002950971   0.0001053007   0.0002381279  -0.0002547147  -0.0000337309
        0.0003408885  -0.0000402616   0.0005199632  -0.0002056799   0.0004429041
        0.0010093550   0.0007191626   0.0001396747  -0.0043939148  -0.0027614800
        0.0001019052  -0.0945535685  -0.2057566708   0.0657811065  -0.0010629873
        0.0004891628  -0.0004522040   0.0002259322   0.0004871447  -0.0005940966
        0.0001938416  -0.0001278120   0.0000133090   0.0003459344   0.0002165891
        0.0000070996  -0.0000607427  -0.0000758971   0.0000058403   0.1103418068
        0.2363832887  -0.0761608918  -0.0009661026  -0.0016493486   0.0022470431
       -0.0117073964  -0.0281539638   0.0087019003  -0.0002273710  -0.0000216085
        0.0000787051   0.0001718394   0.0000471099  -0.0002405794   0.0000939763
        0.0003504426   0.0001241986   0.0005893977  -0.0001461198   0.0002469894
        0.0003299563  -0.0002769706   0.0000236395  -0.0050986390  -0.0080208652
        0.0035985142   0.0391145238   0.0656496898  -0.0705204419  -0.0017365725
       -0.0000758173  -0.0003889926   0.0003203268   0.0001224717   0.0006941129
       -0.0000679245  -0.0000933568  -0.0000892590   0.0000329123  -0.0001121881
        0.0003214654   0.0001163036   0.0001444105  -0.0002199850  -0.0443009513
       -0.0761608918   0.0769833155   0.0160217709   0.0279978797  -0.0145244489
       -0.0042159847  -0.0087196010   0.0037664226  -0.0004107426  -0.0004006579
        0.0003074511  -0.0001153038   0.0000057881   0.0000740351   0.0000141518
        0.0000230513  -0.0000798852  -0.0000038270  -0.0000829423   0.0000540563
        0.0004123947  -0.0003318372  -0.0004695527   0.0000366831   0.0000040418
       -0.0265651661  -0.0422062721  -0.0000003415   0.0081288235   0.0004119957
        0.0003329671  -0.0004682347  -0.0061112562  -0.0000062254  -0.0040898964
        0.0002320666  -0.0001617862   0.0000723502  -0.0000596063   0.0000000365
        0.0000829923  -0.0005835896   0.0004331726   0.0000872175  -0.0004766975
       -0.0009661026   0.0160217709   0.0494125707   0.0000036482  -0.0073015982
       -0.0004838335   0.0009642049   0.0160798985   0.0002313904   0.0001623191
        0.0000722046  -0.0005809082  -0.0004345068   0.0000867679  -0.0000597738
        0.0000001673   0.0000833295  -0.0001751640   0.0000002422  -0.0018209068
        0.0003282241   0.0000057046   0.0003998461   0.0000004492  -0.0001497044
       -0.0000253897  -0.0000001257  -0.0430760615   0.0000412891  -0.0003273108
        0.0000059561  -0.0004010693  -0.0000058803   0.0003681076  -0.0000035958
       -0.0000874746  -0.0000809677  -0.0001072606  -0.0000414154  -0.0001154214
        0.0001564751   0.0006003409  -0.0000284242  -0.0000828891  -0.0024534981
       -0.0016493486   0.0279978797   0.0000036482   0.0463685886  -0.0000467193
        0.0024553291  -0.0016340291  -0.0279611809   0.0000879724  -0.0000804823
        0.0001074078  -0.0006015370  -0.0000310050   0.0000828346   0.0000415260
       -0.0001151617  -0.0001560887  -0.0000002479   0.0002122490  -0.0000015391
        0.0007584357  -0.0001356062   0.0005158387  -0.0013002880   0.0000012246
       -0.0158765106   0.0067257661   0.0000401126  -0.2862949296   0.0007575456
        0.0001368736   0.0005154774  -0.0044028305  -0.0000044857  -0.0012647472
        0.0003555870  -0.0001170041   0.0001207298  -0.0000070964   0.0000297627
       -0.0002076903  -0.0002405358   0.0001196278   0.0007094632   0.0023057564
        0.0022470431  -0.0145244489  -0.0073015982  -0.0000467193   0.3311910687
        0.0023111099  -0.0022387118  -0.0145329440   0.0003552037   0.0001176583
        0.0001208140  -0.0002405268  -0.0001206589   0.0007093612  -0.0000069618
       -0.0000293660  -0.0002076173  -0.0000695669   0.0000002493  -0.0009738652
       -0.0057924143   0.0002304585  -0.0023682288  -0.0196677156   0.0249980087
        0.0082617877  -0.0983078894   0.0944554952   0.0391105822   0.0007792832
        0.0009147899   0.0002576636   0.0013465899  -0.0010356031   0.0008151254
       -0.0010588418   0.0014268634   0.0002961672  -0.0000327917  -0.0003417803
       -0.0000401952   0.0001062124  -0.0002377043  -0.0002552784   0.0070773362
       -0.0117073964  -0.0042159847  -0.0004838335   0.0024553291   0.0023111099
        0.1156021527  -0.1105793868  -0.0444889810   0.0004932459   0.0000674840
        0.0000323917  -0.0001133837   0.0000036872   0.0000834224  -0.0004684210
       -0.0008570681  -0.0002428553   0.0005204708   0.0002068228   0.0004432733
        0.0010500349   0.0004915370   0.0004476480   0.0043603133  -0.0027028036
       -0.0000872077   0.0947655679  -0.2053282109  -0.0657370475  -0.0010097532
        0.0007191856  -0.0001387785  -0.0002243209   0.0004846345   0.0005959583
        0.0002252670  -0.0000181158  -0.0000782454  -0.0000947810   0.0003497092
       -0.0001239520  -0.0001716532   0.0000460827   0.0002399107   0.0117816404
       -0.0281539638  -0.0087196010   0.0009642049  -0.0016340291  -0.0022387118
       -0.1105793868   0.2358826304   0.0761128864  -0.0001926640  -0.0001281584
       -0.0000132773   0.0000607143  -0.0000756219  -0.0000056874  -0.0003473740
        0.0002141179  -0.0000077536  -0.0005878096  -0.0001469937  -0.0002461411
       -0.0017359130   0.0000724785  -0.0003884625  -0.0051136322   0.0080084203
        0.0036011720   0.0392758383  -0.0656047901  -0.0705569750   0.0003289317
        0.0002781752   0.0000240092   0.0003205844  -0.0001222623   0.0006938103
       -0.0004113949   0.0003994607   0.0003076512   0.0000141638  -0.0000228204
       -0.0000800501  -0.0001154377  -0.0000061015   0.0000741774  -0.0042307400
        0.0087019003   0.0037664226   0.0160798985  -0.0279611809  -0.0145329440
       -0.0444889810   0.0761128864   0.0770252244  -0.0000680989   0.0000932209
       -0.0000893206   0.0001168219  -0.0001441059  -0.0002202100   0.0000322140
        0.0001119251   0.0003214771  -0.0000042549   0.0000827938   0.0000540178
        0.0007391448   0.0011903727  -0.0001021565  -0.0195104363  -0.0036512771
       -0.0058848267  -0.0019550123  -0.0038295926   0.0014440058  -0.2470275903
        0.0030960346  -0.0812980366   0.0010124670   0.0010062543  -0.0002609862
        0.0006413421  -0.0002461926   0.0001669561   0.0000657406   0.0004308222
       -0.0000005280  -0.0001110199  -0.0000464120  -0.0000366610  -0.0010551830
       -0.0002273710  -0.0004107426   0.0002313904   0.0000879724   0.0003552037
        0.0004932459  -0.0001926640  -0.0000680989   0.2871784730  -0.0012291962
        0.0944537345  -0.0012481040   0.0004545743  -0.0025405700  -0.0194850298
        0.0038085278  -0.0066774692   0.0000305719  -0.0006518529   0.0008601757
       -0.0011414659   0.0007617325  -0.0001546054  -0.0239066921  -0.0018824299
       -0.0085376808  -0.0028898197  -0.0038106374   0.0014683524   0.0021896809
       -0.0435094865   0.0006611285   0.0007180746   0.0005502551  -0.0015708728
        0.0002489888  -0.0007591775   0.0001929610   0.0001204309   0.0002900625
        0.0000205872   0.0000023702  -0.0000480226  -0.0000467217  -0.0014292658
       -0.0000216085  -0.0004006579   0.0001623191  -0.0000804823   0.0001176583
        0.0000674840  -0.0001281584   0.0000932209  -0.0012291962   0.0498466927
       -0.0017112037   0.0007368074   0.0007445831   0.0000101280   0.0262314034
       -0.0022111841   0.0093795386   0.0001188803   0.0002578613   0.0004781674
        0.0000663129  -0.0002918145   0.0000336898   0.0065674628  -0.0000517277
        0.0024800366   0.0008127612   0.0009248463   0.0000558634  -0.0800737165
        0.0007717913  -0.0766035949   0.0005611092  -0.0001067861   0.0013616467
        0.0001674140  -0.0001929287   0.0003128576   0.0001371401   0.0000081556
       -0.0000871395  -0.0001649128  -0.0000251704  -0.0002074898   0.0002950971
        0.0000787051   0.0003074511   0.0000722046   0.0001074078   0.0001208140
        0.0000323917  -0.0000132773  -0.0000893206   0.0944537345  -0.0017112037
        0.0850826253  -0.0322416575   0.0011173566  -0.0166900064   0.0094873596
       -0.0008740963   0.0041847461  -0.0001727009   0.0002587421  -0.0002621796
        0.0001296108   0.0005181431  -0.0001219503  -0.0005819149  -0.0005160898
        0.0132296060   0.0001398211  -0.0001082003   0.0005919621  -0.0435168187
        0.0002819511   0.0098350358  -0.0017517529  -0.0032265698   0.0038049363
       -0.0001110896  -0.0000024443  -0.0001648672  -0.0001061698   0.0001009624
        0.0000334067   0.0002673339   0.0000611393  -0.0000128135   0.0001053007
        0.0001718394  -0.0001153038  -0.0005809082  -0.0006015370  -0.0002405268
       -0.0001133837   0.0000607143   0.0001168219  -0.0012481040   0.0007368074
       -0.0322416575   0.0481971600   0.0012208379  -0.0116671373  -0.0007847434
        0.0014064120   0.0170618022  -0.0000443413  -0.0001039659  -0.0001093145
       -0.0001238837   0.0001900092   0.0004205032  -0.0008318966  -0.0007777337
        0.0222538906   0.0005301281   0.0004308845   0.0002460416   0.0003997357
       -0.0427265902   0.0059197553  -0.0035164572  -0.0044367468   0.0059250577
        0.0000461280  -0.0000479582   0.0000247838   0.0000356212   0.0002475807
       -0.0001228964  -0.0000583647  -0.0008722172  -0.0002120245   0.0002381279
        0.0000471099   0.0000057881  -0.0004345068  -0.0000310050  -0.0001206589
        0.0000036872  -0.0000756219  -0.0001441059   0.0004545743   0.0007445831
        0.0011173566   0.0012208379   0.0482147699  -0.0076725978   0.0021494151
       -0.0007221104  -0.0275267746  -0.0001131465  -0.0001849540  -0.0001141190
       -0.0003164006  -0.0005997332   0.0004982474   0.0014008064   0.0017627688
       -0.0131971343  -0.0005305545  -0.0006160063   0.0004505909   0.0094691379
        0.0062164288  -0.2852876784   0.0022412845   0.0037387185  -0.0024945361
       -0.0000365045   0.0000465880  -0.0002073012  -0.0000783065  -0.0003217794
        0.0000933074  -0.0000134038   0.0002110719   0.0007019071  -0.0002547147
       -0.0002405794   0.0000740351   0.0000867679   0.0000828346   0.0007093612
        0.0000834224  -0.0000056874  -0.0002202100  -0.0025405700   0.0000101280
       -0.0166900064  -0.0116671373  -0.0076725978   0.3303586178   0.0017561527
       -0.0024558873  -0.0151552191   0.0004000201  -0.0001562679   0.0003660185
       -0.0006257256  -0.0022065163   0.0006313815   0.0061462483  -0.0101343244
       -0.0045743910   0.0007325625  -0.0009051715   0.0000088215  -0.1000552715
        0.0943412216   0.0388644419   0.0003811481   0.0003842450  -0.0009379362
        0.0000668931  -0.0001209999   0.0001371333   0.0004785293  -0.0006622565
       -0.0001101121  -0.0001059355  -0.0000363084  -0.0000790926  -0.0000337309
        0.0000939763   0.0000141518  -0.0000597738   0.0000415260  -0.0000069618
       -0.0004684210  -0.0003473740   0.0000322140  -0.0194850298   0.0262314034
        0.0094873596  -0.0007847434   0.0021494151   0.0017561527   0.1140757893
       -0.1091774088  -0.0452437594  -0.0002625391   0.0003485723   0.0000205971
       -0.0030363421  -0.0053360153   0.0018089190   0.0108739927  -0.0274979978
       -0.0081812013   0.0009746156   0.0007839221  -0.0001068563   0.0949272395
       -0.2007059424  -0.0659100770   0.0006678145   0.0029242962  -0.0006799717
       -0.0004312002   0.0002888307  -0.0000077264   0.0006667469  -0.0015248717
       -0.0004049915  -0.0001018815   0.0002471133   0.0003218067   0.0003408885
        0.0003504426   0.0000230513   0.0000001673  -0.0001151617  -0.0000293660
       -0.0008570681   0.0002141179   0.0001119251   0.0038085278  -0.0022111841
       -0.0008740963   0.0014064120  -0.0007221104  -0.0024558873  -0.1091774088
        0.2340377444   0.0763542473  -0.0000625042  -0.0007331836   0.0000302244
        0.0006461766   0.0013431697  -0.0000094459  -0.0034243391   0.0064624427
        0.0028666841  -0.0002422962  -0.0001981306   0.0000073262   0.0387432029
       -0.0662295052  -0.0716874145  -0.0005191449  -0.0003397093   0.0008046911
       -0.0000007169  -0.0000203810  -0.0000870792  -0.0001106420   0.0004037707
        0.0002981247   0.0000330277   0.0001229744   0.0000935471  -0.0000402616
        0.0001241986  -0.0000798852   0.0000833295  -0.0001560887  -0.0002076173
       -0.0002428553  -0.0000077536   0.0003214771  -0.0066774692   0.0093795386
        0.0041847461   0.0170618022  -0.0275267746  -0.0151552191  -0.0452437594
        0.0763542473   0.0787783158  -0.0000660542   0.0002880008  -0.0001282511
        0.0014205164  -0.0004582311   0.0004521604   0.0036139957   0.0000075902
       -0.0042969741   0.0001102533   0.0000000429  -0.0024349953   0.0014161469
        0.0004584010   0.0004530912  -0.3879278171  -0.0004123933  -0.1492415660
        0.0000294189  -0.0001191861  -0.0001722576  -0.0002619947   0.0000638229
       -0.0000654302  -0.0000447659   0.0001132213   0.0003996625   0.0005199632
        0.0005893977  -0.0000038270  -0.0001751640  -0.0000002479  -0.0000695669
        0.0005204708  -0.0005878096  -0.0000042549   0.0000305719   0.0001188803
       -0.0001727009  -0.0000443413  -0.0001131465   0.0004000201  -0.0002625391
       -0.0000625042  -0.0000660542   0.3810552851   0.0004021623   0.1548226929
       -0.0016550209   0.0010652376   0.0002901029   0.0000159276  -0.0017042927
        0.0000007173  -0.0000004096   0.0005919108  -0.0000000155   0.0016561989
        0.0010706160  -0.0002893447  -0.0004211385  -0.0028698766  -0.0001513484
        0.0006512792   0.0002591469  -0.0002588893  -0.0003474541  -0.0007333604
       -0.0002884017   0.0001043165  -0.0001845499   0.0001570069  -0.0002056799
       -0.0001461198  -0.0000829423   0.0000002422   0.0002122490   0.0000002493
        0.0002068228  -0.0001469937   0.0000827938  -0.0006518529   0.0002578613
        0.0002587421  -0.0001039659  -0.0001849540  -0.0001562679   0.0003485723
       -0.0007331836   0.0002880008   0.0004021623   0.0032463091   0.0001495968
       -0.0005298172   0.0004579694   0.0009427489  -0.0355316736  -0.0000361778
       -0.0201388748  -0.0001460990   0.0000018991  -0.0077243415  -0.0005280861
       -0.0004591168   0.0009426828  -0.1186961789  -0.0001147224  -0.0940889204
        0.0008614450  -0.0004762601  -0.0002624301   0.0000205813  -0.0000302787
       -0.0001283923  -0.0001095935   0.0001135087   0.0003660794   0.0004429041
        0.0002469894   0.0000540563  -0.0018209068  -0.0000015391  -0.0009738652
        0.0004432733  -0.0002461411   0.0000540178   0.0008601757   0.0004781674
       -0.0002621796  -0.0001093145  -0.0001141190   0.0003660185   0.0000205971
        0.0000302244  -0.0001282511   0.1548226929   0.0001495968   0.1209816513
