           1           2  0.98972481784533795     
           2           3  0.99530577966742306     
           2           4  0.98972612158028439     
           2           5  0.97393602670601953     
           1           6  0.98521365081381029     
           1           7  0.98554131100564968     
           1           8  0.98598205178170606     
           3           9  0.98472312339502732     
           3          10  0.98655923116993727     
           3          11  0.98472400888469369     
           4          12  0.98521385107044968     
           4          13  0.98598184475405870     
           4          14  0.98554108128397089     
           5          15  0.90231600480026597     
