$hessian                                                                        
        0.4652988374   0.0037468050  -0.0210553239  -0.1814191810   0.0104251799
       -0.0456729790  -0.0281376233  -0.0057603619  -0.0006226859  -0.0010349428
       -0.0012046306   0.0011771095  -0.1237611118  -0.0805288770   0.0832930984
       -0.0677815873   0.0727101575   0.0034300240  -0.0434766801  -0.0036526465
       -0.0099870690  -0.0151644853   0.0040566371  -0.0049046302  -0.0064067438
       -0.0007070637  -0.0048406097   0.0010391249   0.0004675453  -0.0003823060
        0.0008443932   0.0004472549  -0.0004346282
        0.0037468050   0.5233748916   0.0000821480   0.0076981764  -0.0666979293
        0.0008384551  -0.0144407425  -0.0003265269  -0.0025450206  -0.0037068320
       -0.0006969720   0.0003768179  -0.0805757248  -0.1232170368   0.0800851815
        0.0732183680  -0.2584031102  -0.0083482763  -0.0035321976  -0.0723443908
       -0.0750271170   0.0276589932  -0.0035667106   0.0093569942  -0.0093140409
        0.0010645338  -0.0042800699  -0.0008826054   0.0005801795  -0.0002173992
        0.0001298004   0.0002330717  -0.0003217136
       -0.0210553239   0.0000821480   0.5165799062  -0.0421257856   0.0015987415
       -0.0816722454   0.0107715688  -0.0000984822   0.0039991286   0.0044481388
        0.0010837293   0.0002187887   0.0833528762   0.0800996544  -0.1262894976
        0.0031349440  -0.0082556952  -0.0457603101  -0.0105019001  -0.0752920169
       -0.2561465330  -0.0010037338   0.0006133790   0.0007148189  -0.0283793071
        0.0002442516  -0.0126782398   0.0003772665  -0.0003155422   0.0002385643
        0.0009812562   0.0002398327   0.0007956194
       -0.1814191810   0.0076981764  -0.0421257856   0.4478797338  -0.0238905855
        0.0052669630  -0.0962557055  -0.0449762421   0.0512210500  -0.0252116310
       -0.0093267584   0.0049112924  -0.0225599622  -0.0008965030  -0.0052832851
       -0.0144325922   0.0047956675  -0.0045563388  -0.0052000729  -0.0009811916
       -0.0052403352  -0.0631085431   0.0679973787   0.0028609676  -0.0413736034
       -0.0012760233  -0.0070945107   0.0033255671   0.0017310432  -0.0035440255
       -0.0016440095  -0.0008749620   0.0035840080
        0.0104251799  -0.0666979293   0.0015987415  -0.0238905855   0.5209859212
        0.0186813185  -0.0428161530  -0.1126630533   0.0451026553  -0.0008609114
        0.0010077287  -0.0005846802  -0.0167134183   0.0003314315  -0.0046724098
        0.0283534919  -0.0038344100   0.0099544016  -0.0097968785   0.0006693032
       -0.0039528659   0.0691668157  -0.2516099139  -0.0090052506  -0.0013038774
       -0.0720795622  -0.0715694384  -0.0162665996  -0.0214411780   0.0182357635
        0.0037029361   0.0053316621  -0.0037882356
       -0.0456729790   0.0008384551  -0.0816722454   0.0052669630   0.0186813185
        0.5173673198   0.0484501285   0.0444933888  -0.1136567803  -0.0062277159
       -0.0029601195   0.0028764950   0.0154319921  -0.0002228270   0.0049997133
       -0.0004569427   0.0012779822   0.0002714588  -0.0286789267   0.0005867321
       -0.0134939119   0.0024084595  -0.0084127965  -0.0470518078  -0.0081334025
       -0.0725132291  -0.2483169682   0.0004759822   0.0021871789   0.0002514949
        0.0171364415   0.0160439164  -0.0215747681
       -0.0281376233  -0.0144407425   0.0107715688  -0.0962557055  -0.0428161530
        0.0484501285   0.2949688292  -0.0128146787  -0.0436895030  -0.0808047276
        0.0052916369  -0.0244765971  -0.0050796620  -0.0003224168  -0.0011479192
        0.0003442813  -0.0007277124   0.0005284011   0.0005294061  -0.0001416747
        0.0007601183   0.0031900685   0.0024746633  -0.0037231080  -0.0021186048
       -0.0010142368   0.0029988829  -0.0531160989   0.0638071371   0.0051541973
       -0.0335201631   0.0007041776   0.0043738305
       -0.0057603619  -0.0003265269  -0.0000984822  -0.0449762421  -0.1126630533
        0.0444933888  -0.0128146787   0.4874819386   0.0258203213   0.0069488602
       -0.0180759936   0.0013093096   0.0001970360   0.0005369482  -0.0000259053
        0.0013091348   0.0007537630  -0.0002799732   0.0000435146   0.0000324141
        0.0000982926  -0.0183431387  -0.0229035363   0.0187768690   0.0038002331
        0.0050441413  -0.0036397619   0.0700717906  -0.2692279691  -0.0087187049
       -0.0004761479  -0.0706521259  -0.0777353539
       -0.0006226859  -0.0025450206   0.0039991286   0.0512210500   0.0451026553
       -0.1136567803  -0.0436895030   0.0258203213   0.4637915254  -0.0265736058
        0.0008453326  -0.0271563065  -0.0018196723  -0.0001675789   0.0001781054
       -0.0002908892  -0.0003042899   0.0002094996  -0.0013297729  -0.0005126477
        0.0007555430   0.0008976587   0.0027942401  -0.0002848572   0.0193612739
        0.0168495027  -0.0229459006   0.0050715499  -0.0113936616  -0.0433917409
       -0.0022254035  -0.0764888533  -0.2614982165
       -0.0010349428  -0.0037068320   0.0044481388  -0.0252116310  -0.0008609114
       -0.0062277159  -0.0808047276   0.0069488602  -0.0265736058   0.1415106652
       -0.0042743728   0.0416843943  -0.0018831099  -0.0001301627  -0.0003836902
        0.0002251148   0.0001140483  -0.0000280116   0.0001926686   0.0000425612
       -0.0000905227   0.0003413407  -0.0007842193   0.0001445189  -0.0000237361
        0.0001238816   0.0007591605  -0.0189548462   0.0016063571  -0.0074204094
       -0.0143567957   0.0009207899  -0.0063122571
       -0.0012046306  -0.0006969720   0.0010837293  -0.0093267584   0.0010077287
       -0.0029601195   0.0052916369  -0.0180759936   0.0008453326  -0.0042743728
        0.0145554173  -0.0027291268  -0.0005236126   0.0001069470  -0.0001175144
       -0.0001670567   0.0000674212   0.0000193356   0.0000593605  -0.0000150903
        0.0000565719  -0.0007966711   0.0003533839  -0.0003072610   0.0001229115
        0.0000417579  -0.0002019021   0.0158857852   0.0012225506   0.0058716387
       -0.0050665918   0.0014328493  -0.0015606841
        0.0011771095   0.0003768179   0.0002187887   0.0049112924  -0.0005846802
        0.0028764950  -0.0244765971   0.0013093096  -0.0271563065   0.0416843943
       -0.0027291268   0.0286979437   0.0001229060  -0.0000020439   0.0001707852
        0.0000382562   0.0000469749  -0.0000604507   0.0001858474   0.0001008572
        0.0000660834   0.0001943494  -0.0005230117   0.0001943716   0.0007294835
        0.0000261487   0.0008730833  -0.0041627243   0.0003676184  -0.0005192339
       -0.0204043174   0.0016111358  -0.0053615598
       -0.1237611118  -0.0805757248   0.0833528762  -0.0225599622  -0.0167134183
        0.0154319921  -0.0050796620   0.0001970360  -0.0018196723  -0.0018831099
       -0.0005236126   0.0001229060   0.1458377228   0.0935075664  -0.0948693165
        0.0057645203   0.0045342882  -0.0046535531   0.0004993378  -0.0003032549
        0.0020006971   0.0004378924  -0.0001967141   0.0005072781   0.0005986106
       -0.0002483127   0.0003328693   0.0000335072   0.0002633297  -0.0001084878
        0.0001122549   0.0000588171  -0.0002975891
       -0.0805288770  -0.1232170368   0.0800996544  -0.0008965030   0.0003314315
       -0.0002228270  -0.0003224168   0.0005369482  -0.0001675789  -0.0001301627
        0.0001069470  -0.0000020439   0.0935075664   0.1390556310  -0.0935435931
       -0.0176391683  -0.0233226868   0.0200765458   0.0054414096   0.0058354432
       -0.0058147868   0.0004383857   0.0005279253  -0.0001953947  -0.0001071972
       -0.0001159754  -0.0000686984   0.0001802156   0.0002872850  -0.0000495091
        0.0000567478  -0.0000259122  -0.0001117685
        0.0832930984   0.0800851815  -0.1262894976  -0.0052832851  -0.0046724098
        0.0049997133  -0.0011479192  -0.0000259053   0.0001781054  -0.0003836902
       -0.0001175144   0.0001707852  -0.0948693165  -0.0935435931   0.1434513696
        0.0000492553   0.0010252882   0.0002312133   0.0188228548   0.0178599591
       -0.0236512568   0.0001720195  -0.0002430829   0.0001156955  -0.0003544270
       -0.0002337768   0.0006048012  -0.0000668678  -0.0001307081  -0.0000202258
       -0.0002317223  -0.0000034384   0.0002092968
       -0.0677815873   0.0732183680   0.0031349440  -0.0144325922   0.0283534919
       -0.0004569427   0.0003442813   0.0013091348  -0.0002908892   0.0002251148
       -0.0001670567   0.0000382562   0.0057645203  -0.0176391683   0.0000492553
        0.0806781812  -0.0860692705  -0.0017717858   0.0008978404   0.0005854809
        0.0009218471  -0.0061781810   0.0008855508  -0.0021959622   0.0008809750
        0.0001816443   0.0004755371  -0.0004197038  -0.0006309453   0.0000583601
        0.0000211511  -0.0000272301   0.0000373801
        0.0727101575  -0.2584031102  -0.0082556952   0.0047956675  -0.0038344100
        0.0012779822  -0.0007277124   0.0007537630  -0.0003042899   0.0001140483
        0.0000674212   0.0000469749   0.0045342882  -0.0233226868   0.0010252882
       -0.0860692705   0.2977075680   0.0090072078   0.0039966760  -0.0145354407
       -0.0034318379   0.0008772301   0.0009679382   0.0006726784  -0.0003418319
        0.0004200102   0.0001352629   0.0000998853   0.0003856928  -0.0001193840
        0.0000108619  -0.0002067458  -0.0000541873
        0.0034300240  -0.0083482763  -0.0457603101  -0.0045563388   0.0099544016
        0.0002714588   0.0005284011  -0.0002799732   0.0002094996  -0.0000280116
        0.0000193356  -0.0000604507  -0.0046535531   0.0200765458   0.0002312133
       -0.0017717858   0.0090072078   0.0487944402   0.0095534333  -0.0314928722
       -0.0040041918  -0.0025005837   0.0004459707   0.0000156488  -0.0001423464
        0.0007395312   0.0002432477   0.0001322200   0.0000404060   0.0002043247
        0.0000085411  -0.0001622769  -0.0001448804
       -0.0434766801  -0.0035321976  -0.0105019001  -0.0052000729  -0.0097968785
       -0.0286789267   0.0005294061   0.0000435146  -0.0013297729   0.0001926686
        0.0000593605   0.0001858474   0.0004993378   0.0054414096   0.0188228548
        0.0008978404   0.0039966760   0.0095534333   0.0519340032   0.0043047588
        0.0144228268   0.0008926686  -0.0004075099  -0.0001087154  -0.0058225698
       -0.0001072763  -0.0028754520  -0.0000078563   0.0000406434   0.0001085970
       -0.0004387453  -0.0000425006   0.0004012077
       -0.0036526465  -0.0723443908  -0.0752920169  -0.0009811916   0.0006693032
        0.0005867321  -0.0001416747   0.0000324141  -0.0005126477   0.0000425612
       -0.0000150903   0.0001008572  -0.0003032549   0.0058354432   0.0178599591
        0.0005854809  -0.0145354407  -0.0314928722   0.0043047588   0.0790708185
        0.0876872543   0.0001936645   0.0004132462   0.0007477961   0.0002256186
        0.0009286271   0.0002700400   0.0000823045  -0.0001912176  -0.0001346510
       -0.0003556208   0.0001362870   0.0001795489
       -0.0099870690  -0.0750271170  -0.2561465330  -0.0052403352  -0.0039528659
       -0.0134939119   0.0007601183   0.0000982926   0.0007555430  -0.0000905227
        0.0000565719   0.0000660834   0.0020006971  -0.0058147868  -0.0236512568
        0.0009218471  -0.0034318379  -0.0040041918   0.0144228268   0.0876872543
        0.2961932529   0.0003966924   0.0001205951   0.0002390945  -0.0029980908
        0.0004082899  -0.0003043694   0.0000500498  -0.0000461074  -0.0001256536
       -0.0002362138  -0.0000982887   0.0004719427
       -0.0151644853   0.0276589932  -0.0010037338  -0.0631085431   0.0691668157
        0.0024084595   0.0031900685  -0.0183431387   0.0008976587   0.0003413407
       -0.0007966711   0.0001943494   0.0004378924   0.0004383857   0.0001720195
       -0.0061781810   0.0008772301  -0.0025005837   0.0008926686   0.0001936645
        0.0003966924   0.0793730071  -0.0772145224  -0.0031928041   0.0012111028
        0.0007334015   0.0004508226  -0.0012686953  -0.0027892280   0.0026428360
        0.0002738246   0.0000750697  -0.0004657166
        0.0040566371  -0.0035667106   0.0006133790   0.0679973787  -0.2516099139
       -0.0084127965   0.0024746633  -0.0229035363   0.0027942401  -0.0007842193
        0.0003533839  -0.0005230117  -0.0001967141   0.0005279253  -0.0002430829
        0.0008855508   0.0009679382   0.0004459707  -0.0004075099   0.0004132462
        0.0001205951  -0.0772145224   0.2918769248   0.0067986308   0.0047541627
       -0.0146242881  -0.0044135399  -0.0021795824  -0.0021648816   0.0031489684
        0.0006141555   0.0007299119  -0.0003293532
       -0.0049046302   0.0093569942   0.0007148189   0.0028609676  -0.0090052506
       -0.0470518078  -0.0037231080   0.0187768690  -0.0002848572   0.0001445189
       -0.0003072610   0.0001943716   0.0005072781  -0.0001953947   0.0001156955
       -0.0021959622   0.0006726784   0.0000156488  -0.0001087154   0.0007477961
        0.0002390945  -0.0031928041   0.0067986308   0.0514430587   0.0091085723
       -0.0304283276  -0.0043464116   0.0019702752   0.0028890076  -0.0016047259
       -0.0004663922   0.0006942578   0.0005651145
       -0.0064067438  -0.0093140409  -0.0283793071  -0.0413736034  -0.0013038774
       -0.0081334025  -0.0021186048   0.0038002331   0.0193612739  -0.0000237361
        0.0001229115   0.0007294835   0.0005986106  -0.0001071972  -0.0003544270
        0.0008809750  -0.0003418319  -0.0001423464  -0.0058225698   0.0002256186
       -0.0029980908   0.0012111028   0.0047541627   0.0091085723   0.0541082487
        0.0043636553   0.0082072428   0.0003293325   0.0003808078  -0.0004291758
       -0.0013830116  -0.0025804417   0.0030301770
       -0.0007070637   0.0010645338   0.0002442516  -0.0012760233  -0.0720795622
       -0.0725132291  -0.0010142368   0.0050441413   0.0168495027   0.0001238816
        0.0000417579   0.0000261487  -0.0002483127  -0.0001159754  -0.0002337768
        0.0001816443   0.0004200102   0.0007395312  -0.0001072763   0.0009286271
        0.0004082899   0.0007334015  -0.0146242881  -0.0304283276   0.0043636553
        0.0796606447   0.0813932120   0.0000194807   0.0008200098   0.0006596986
       -0.0020691507  -0.0011598991   0.0028546988
       -0.0048406097  -0.0042800699  -0.0126782398  -0.0070945107  -0.0715694384
       -0.2483169682   0.0029988829  -0.0036397619  -0.0229459006   0.0007591605
       -0.0002019021   0.0008730833   0.0003328693  -0.0000686984   0.0006048012
        0.0004755371   0.0001352629   0.0002432477  -0.0028754520   0.0002700400
       -0.0003043694   0.0004508226  -0.0044135399  -0.0043464116   0.0082072428
        0.0813932120   0.2889374150  -0.0006660248  -0.0004205768   0.0004256866
        0.0022520819   0.0027954724  -0.0024923442
        0.0010391249  -0.0008826054   0.0003772665   0.0033255671  -0.0162665996
        0.0004759822  -0.0531160989   0.0700717906   0.0050715499  -0.0189548462
        0.0158857852  -0.0041627243   0.0000335072   0.0001802156  -0.0000668678
       -0.0004197038   0.0000998853   0.0001322200  -0.0000078563   0.0000823045
        0.0000500498  -0.0012686953  -0.0021795824   0.0019702752   0.0003293325
        0.0000194807  -0.0006660248   0.0675307742  -0.0683079899  -0.0045608754
        0.0015088947   0.0012973153   0.0013791486
        0.0004675453   0.0005801795  -0.0003155422   0.0017310432  -0.0214411780
        0.0021871789   0.0638071371  -0.2692279691  -0.0113936616   0.0016063571
        0.0012225506   0.0003676184   0.0002633297   0.0002872850  -0.0001307081
       -0.0006309453   0.0003856928   0.0000404060   0.0000406434  -0.0001912176
       -0.0000461074  -0.0027892280  -0.0021648816   0.0028890076   0.0003808078
        0.0008200098  -0.0004205768  -0.0683079899   0.3034037118   0.0108430575
        0.0034312996  -0.0136741832  -0.0040206723
       -0.0003823060  -0.0002173992   0.0002385643  -0.0035440255   0.0182357635
        0.0002514949   0.0051541973  -0.0087187049  -0.0433917409  -0.0074204094
        0.0058716387  -0.0005192339  -0.0001084878  -0.0000495091  -0.0000202258
        0.0000583601  -0.0001193840   0.0002043247   0.0001085970  -0.0001346510
       -0.0001256536   0.0026428360   0.0031489684  -0.0016047259  -0.0004291758
        0.0006596986   0.0004256866  -0.0045608754   0.0108430575   0.0481743711
        0.0084812895  -0.0295194786  -0.0036328615
        0.0008443932   0.0001298004   0.0009812562  -0.0016440095   0.0037029361
        0.0171364415  -0.0335201631  -0.0004761479  -0.0022254035  -0.0143567957
       -0.0050665918  -0.0204043174   0.0001122549   0.0000567478  -0.0002317223
        0.0000211511   0.0000108619   0.0000085411  -0.0004387453  -0.0003556208
       -0.0002362138   0.0002738246   0.0006141555  -0.0004663922  -0.0013830116
       -0.0020691507   0.0022520819   0.0015088947   0.0034312996   0.0084812895
        0.0485822067   0.0000217099  -0.0052955609
        0.0004472549   0.0002330717   0.0002398327  -0.0008749620   0.0053316621
        0.0160439164   0.0007041776  -0.0706521259  -0.0764888533   0.0009207899
        0.0014328493   0.0016111358   0.0000588171  -0.0000259122  -0.0000034384
       -0.0000272301  -0.0002067458  -0.0001622769  -0.0000425006   0.0001362870
       -0.0000982887   0.0000750697   0.0007299119   0.0006942578  -0.0025804417
       -0.0011598991   0.0027954724   0.0012973153  -0.0136741832  -0.0295194786
        0.0000217099   0.0778550841   0.0848877209
       -0.0004346282  -0.0003217136   0.0007956194   0.0035840080  -0.0037882356
       -0.0215747681   0.0043738305  -0.0777353539  -0.2614982165  -0.0063122571
       -0.0015606841  -0.0053615598  -0.0002975891  -0.0001117685   0.0002092968
        0.0000373801  -0.0000541873  -0.0001448804   0.0004012077   0.0001795489
        0.0004719427  -0.0004657166  -0.0003293532   0.0005651145   0.0030301770
        0.0028546988  -0.0024923442   0.0013791486  -0.0040206723  -0.0036328615
       -0.0052955609   0.0848877209   0.2926626571
