           1           2   1.0096143310440762     
           2           3   1.0252968271790479     
           3           4  0.95451301461515159     
           1           5  0.98415234481699909     
           1           6  0.98738456842173039     
           1           7  0.98738517009886240     
           2           8  0.97838062683180027     
           2           9  0.97838178209364135     
           3          10  0.98345280943630486     
           3          11  0.98345093395712124     
