           1           2  0.97517065422794158     
           2           3  0.96542805059137948     
           2           4  0.95789415704641589     
           4           5  0.95943222274471718     
           4           6  0.96702468964513266     
           6           7  0.96386703712061972     
           6           8  0.93651722999120357     
           8           9  0.95279710896731229     
           1          10  0.98452659679718968     
           8          10  0.95478983829094388     
           8          11   1.0302834357815169     
           6          12   1.0059514519980177     
           4          13   1.0117443268225175     
           2          14  0.98196093288437503     
           1          15  0.97153076300468655     
           1          16  0.96378193793429090     
          11          17  0.84392248237732326     
          12          18  0.84940396463793744     
          13          19  0.87438236869060615     
          14          20  0.89120466616404326     
