$hessian                                                                        
        0.4891921055   0.0318320865  -0.0027513698  -0.1289207105   0.0758579354
       -0.0068198131  -0.0270283974   0.0111534297  -0.0007609508  -0.0452632106
       -0.0110808940   0.0178332800  -0.2352672430  -0.0949674932   0.0117841505
       -0.0461697767  -0.0174482622  -0.0188797658  -0.0004074810   0.0027977350
        0.0015149005  -0.0008719007   0.0028967438  -0.0020905464  -0.0052633856
       -0.0010412810   0.0001701150
        0.0318320865   0.4952470822   0.0024712102   0.0701948151  -0.1373026825
        0.0060609924  -0.0036783821   0.0077979275  -0.0005745081  -0.0115280940
       -0.1012864321   0.1016897500  -0.0955741228  -0.0882348458   0.0055708244
       -0.0179769412  -0.1453502954  -0.1177816191   0.0162770644  -0.0174063728
       -0.0013535681   0.0129134826  -0.0131921380   0.0038513915  -0.0024599084
       -0.0002722431   0.0000655268
       -0.0027513698   0.0024712102   0.5237064568  -0.0062537742   0.0059909408
       -0.0684303509   0.0007183403  -0.0007608750   0.0016332348   0.0182349979
        0.1010795125  -0.2275259546   0.0118469764   0.0055610443  -0.0446953992
       -0.0191851133  -0.1171810645  -0.1825533989   0.0157303543  -0.0169441744
        0.0007670397  -0.0186515643   0.0197346234  -0.0029821454   0.0003111528
        0.0000487827   0.0000805177
       -0.1289207105   0.0701948151  -0.0062537742   0.3296845855  -0.0443174618
        0.0066270942  -0.0947363395  -0.0350371052   0.0043745046  -0.0005905316
        0.0016286256  -0.0023329125  -0.0262055848   0.0184615141  -0.0015134723
       -0.0000920743   0.0015872139   0.0019855740  -0.0345539202  -0.0067333225
       -0.0108276644  -0.0339477376  -0.0021874902   0.0074592407  -0.0106376870
       -0.0035967891   0.0004814099
        0.0758579354  -0.1373026825   0.0059909408  -0.0443174618   0.4544318777
        0.0059480641  -0.0539140959  -0.0652188158   0.0047863252   0.0130722262
       -0.0145937425   0.0046830306  -0.0054240378   0.0069705744  -0.0005750119
        0.0166370104  -0.0191480306  -0.0019519216  -0.0111665877  -0.1377003854
       -0.1142005376  -0.0054805372  -0.0946467441   0.0962758746   0.0147355483
        0.0072079488  -0.0009567643
       -0.0068198131   0.0060609924  -0.0684303509   0.0066270942   0.0059480641
        0.5079333078   0.0062538916   0.0045489784  -0.0244664909  -0.0197890279
        0.0208543256  -0.0035147374   0.0008661675  -0.0008654906   0.0006254304
        0.0168034347  -0.0178006888   0.0005410981  -0.0165055013  -0.1172875047
       -0.1842796440   0.0139089102   0.0992710772  -0.2279485930  -0.0013451558
       -0.0007297536  -0.0004600203
       -0.0270283974  -0.0036783821   0.0007183403  -0.0947363395  -0.0539140959
        0.0062538916   0.2149396684  -0.0183540222  -0.0005955601   0.0008291934
        0.0003622076  -0.0008354765  -0.0028241213   0.0036151590  -0.0003204149
        0.0008529224   0.0005238515   0.0007256126  -0.0155226911  -0.0105988948
       -0.0022097585  -0.0150697534  -0.0097132639   0.0046603090  -0.0614404816
        0.0917574410  -0.0083969434
        0.0111534297   0.0077979275  -0.0007608750  -0.0350371052  -0.0652188158
        0.0045489784  -0.0183540222   0.2512265821  -0.0228877386   0.0008018903
        0.0005831194   0.0000129231   0.0036887881  -0.0019577089   0.0001806974
        0.0008492791   0.0006095306  -0.0001606449  -0.0191453207  -0.0101106710
       -0.0006083458  -0.0161168317  -0.0080721810   0.0032398526   0.0721598927
       -0.1748577830   0.0164351528
       -0.0007609508  -0.0005745081   0.0016332348   0.0043745046   0.0047863252
       -0.0244664909  -0.0005955601  -0.0228877386   0.0216391139  -0.0003498874
       -0.0002834176  -0.0000058151  -0.0003305435   0.0001803642   0.0002875692
        0.0001626068   0.0001452891  -0.0000577600  -0.0129494814  -0.0069277767
        0.0030018964   0.0168929504   0.0093697727   0.0005137745  -0.0064436386
        0.0161916898  -0.0025455228
       -0.0452632106  -0.0115280940   0.0182349979  -0.0005905316   0.0130722262
       -0.0197890279   0.0008291934   0.0008018903  -0.0003498874   0.0510544747
        0.0090104684  -0.0197100940  -0.0049552046  -0.0156809336   0.0262362414
        0.0011493838   0.0012517794  -0.0036019573   0.0004481837  -0.0005554269
       -0.0002912303  -0.0028609337   0.0041081905  -0.0008327120   0.0001886450
       -0.0004801002   0.0001036696
       -0.0110808940  -0.1012864321   0.1010795125   0.0016286256  -0.0145937425
        0.0208543256   0.0003622076   0.0005831194  -0.0002834176   0.0090104684
        0.1169957652  -0.1195272247  -0.0043339033  -0.0081543774   0.0146701422
        0.0015260786   0.0093277477  -0.0179270832  -0.0005759270   0.0002520306
        0.0006300330   0.0038382411  -0.0033015320   0.0005564648  -0.0003748970
        0.0001774210  -0.0000527527
        0.0178332800   0.1016897500  -0.2275259546  -0.0023329125   0.0046830306
       -0.0035147374  -0.0008354765   0.0000129231  -0.0000058151  -0.0197100940
       -0.1195272247   0.2603329971   0.0022847117   0.0028104551  -0.0037218074
        0.0026186616   0.0104627470  -0.0275711891   0.0003438740  -0.0004367888
        0.0008073665  -0.0005057808   0.0007746849   0.0011325532   0.0003037365
       -0.0004695773   0.0000665867
       -0.2352672430  -0.0955741228   0.0118469764  -0.0262055848  -0.0054240378
        0.0008661675  -0.0028241213   0.0036887881  -0.0003305435  -0.0049552046
       -0.0043339033   0.0022847117   0.2749321457   0.1080241150  -0.0135422663
       -0.0055919183  -0.0050287965  -0.0012641372   0.0005559385  -0.0003991678
        0.0001464941   0.0005442843  -0.0004195175  -0.0000770997  -0.0011882964
       -0.0005333573   0.0000696970
       -0.0949674932  -0.0882348458   0.0055610443   0.0184615141   0.0069705744
       -0.0008654906   0.0036151590  -0.0019577089   0.0001803642  -0.0156809336
       -0.0081543774   0.0028104551   0.1080241150   0.1008909959  -0.0067454022
       -0.0205891208  -0.0113026482  -0.0007726488   0.0002057857   0.0005823682
        0.0000944666   0.0001340715   0.0005458185  -0.0002028626   0.0007969023
        0.0006598233  -0.0000599260
        0.0117841505   0.0055708244  -0.0446953992  -0.0015134723  -0.0005750119
        0.0006254304  -0.0003204149   0.0001806974   0.0002875692   0.0262362414
        0.0146701422  -0.0037218074  -0.0135422663  -0.0067454022   0.0472002434
       -0.0225347106  -0.0129608798   0.0000634137   0.0003155201  -0.0000150926
        0.0000175837  -0.0003620169  -0.0000819294   0.0000625073  -0.0000630309
       -0.0000433481   0.0001604588
       -0.0461697767  -0.0179769412  -0.0191851133  -0.0000920743   0.0166370104
        0.0168034347   0.0008529224   0.0008492791   0.0001626068   0.0011493838
        0.0015260786   0.0026186616  -0.0055919183  -0.0205891208  -0.0225347106
        0.0520650554   0.0163177739   0.0216393433  -0.0028450053   0.0041916006
        0.0001024049   0.0004502381  -0.0004754069   0.0004046119   0.0001811748
       -0.0004802737  -0.0000112393
       -0.0174482622  -0.1453502954  -0.1171810645   0.0015872139  -0.0191480306
       -0.0178006888   0.0005238515   0.0006095306   0.0001452891   0.0012517794
        0.0093277477   0.0104627470  -0.0050287965  -0.0113026482  -0.0129608798
        0.0163177739   0.1687593177   0.1375531279   0.0038686088  -0.0034074749
        0.0002600555  -0.0006458482   0.0002350312  -0.0005002515  -0.0004263206
        0.0002768219   0.0000216651
       -0.0188797658  -0.1177816191  -0.1825533989   0.0019855740  -0.0019519216
        0.0005410981   0.0007256126  -0.0001606449  -0.0000577600  -0.0036019573
       -0.0179270832  -0.0275711891  -0.0012641372  -0.0007726488   0.0000634137
        0.0216393433   0.1375531279   0.2075605488  -0.0001633989   0.0000375294
        0.0012213860  -0.0002124646   0.0005611597   0.0008196701  -0.0002288060
        0.0004421005  -0.0000237688
       -0.0004074810   0.0162770644   0.0157303543  -0.0345539202  -0.0111665877
       -0.0165055013  -0.0155226911  -0.0191453207  -0.0129494814   0.0004481837
       -0.0005759270   0.0003438740   0.0005559385   0.0002057857   0.0003155201
       -0.0028450053   0.0038686088  -0.0001633989   0.0498039761   0.0090664164
        0.0129662464   0.0021263682   0.0013366145   0.0001758451   0.0003946312
        0.0001333455   0.0000865417
        0.0027977350  -0.0174063728  -0.0169441744  -0.0067333225  -0.1377003854
       -0.1172875047  -0.0105988948  -0.0101106710  -0.0069277767  -0.0005554269
        0.0002520306  -0.0004367888  -0.0003991678   0.0005823682  -0.0000150926
        0.0041916006  -0.0034074749   0.0000375294   0.0090664164   0.1584408681
        0.1315619546   0.0015193572   0.0086100090   0.0094038942   0.0007117028
        0.0007396282   0.0006079590
        0.0015149005  -0.0013535681   0.0007670397  -0.0108276644  -0.1142005376
       -0.1842796440  -0.0022097585  -0.0006083458   0.0030018964  -0.0002912303
        0.0006300330   0.0008073665   0.0001464941   0.0000944666   0.0000175837
        0.0001024049   0.0002600555   0.0012213860   0.0129662464   0.1315619546
        0.2055885640  -0.0011957861  -0.0166779923  -0.0272681020  -0.0002056067
        0.0002939341   0.0001439096
       -0.0008719007   0.0129134826  -0.0186515643  -0.0339477376  -0.0054805372
        0.0139089102  -0.0150697534  -0.0161168317   0.0168929504  -0.0028609337
        0.0038382411  -0.0005057808   0.0005442843   0.0001340715  -0.0003620169
        0.0004502381  -0.0006458482  -0.0002124646   0.0021263682   0.0015193572
       -0.0011957861   0.0492343885   0.0037326236  -0.0097597801   0.0003950463
        0.0001054410  -0.0001144678
        0.0028967438  -0.0131921380   0.0197346234  -0.0021874902  -0.0946467441
        0.0992710772  -0.0097132639  -0.0080721810   0.0093697727   0.0041081905
       -0.0033015320   0.0007746849  -0.0004195175   0.0005458185  -0.0000819294
       -0.0004754069   0.0002350312   0.0005611597   0.0013366145   0.0086100090
       -0.0166779923   0.0037326236   0.1092858566  -0.1122469618   0.0007215059
        0.0005358799  -0.0007044343
       -0.0020905464   0.0038513915  -0.0029821454   0.0074592407   0.0962758746
       -0.2279485930   0.0046603090   0.0032398526   0.0005137745  -0.0008327120
        0.0005564648   0.0011325532  -0.0000770997  -0.0002028626   0.0000625073
        0.0004046119  -0.0005002515   0.0008196701   0.0001758451   0.0094038942
       -0.0272681020  -0.0097597801  -0.1122469618   0.2553276310   0.0000601316
       -0.0003774018   0.0003427043
       -0.0052633856  -0.0024599084   0.0003111528  -0.0106376870   0.0147355483
       -0.0013451558  -0.0614404816   0.0721598927  -0.0064436386   0.0001886450
       -0.0003748970   0.0003037365  -0.0011882964   0.0007969023  -0.0000630309
        0.0001811748  -0.0004263206  -0.0002288060   0.0003946312   0.0007117028
       -0.0002056067   0.0003950463   0.0007215059   0.0000601316   0.0773703533
       -0.0858644261   0.0076112172
       -0.0010412810  -0.0002722431   0.0000487827  -0.0035967891   0.0072079488
       -0.0007297536   0.0917574410  -0.1748577830   0.0161916898  -0.0004801002
        0.0001774210  -0.0004695773  -0.0005333573   0.0006598233  -0.0000433481
       -0.0004802737   0.0002768219   0.0004421005   0.0001333455   0.0007396282
        0.0002939341   0.0001054410   0.0005358799  -0.0003774018  -0.0858644261
        0.1655325030  -0.0153564264
        0.0001701150   0.0000655268   0.0000805177   0.0004814099  -0.0009567643
       -0.0004600203  -0.0083969434   0.0164351528  -0.0025455228   0.0001036696
       -0.0000527527   0.0000665867   0.0000696970  -0.0000599260   0.0001604588
       -0.0000112393   0.0000216651  -0.0000237688   0.0000865417   0.0006079590
        0.0001439096  -0.0001144678  -0.0007044343   0.0003427043   0.0076112172
       -0.0153564264   0.0022351349
