           1           2   1.0200901281246517     
           2           3   1.0200901276570484     
           1           4  0.98800418867811501     
           1           5  0.98800444044400493     
           1           6  0.98792220874425596     
           2           7  0.97977769612960630     
           2           8  0.97977767010056127     
           3           9  0.98800435977925072     
           3          10  0.98792220901722450     
           3          11  0.98800426897162752     
