           1           2  0.96658167372082626     
           2           3  0.96233481634906037     
           2           4  0.96067485167803446     
           4           5  0.95854194473092347     
           4           6  0.96347009509535930     
           6           7  0.95997393164483591     
           6           8  0.95234242891366094     
           8           9  0.95346710250540379     
           1          10  0.96446480166433268     
           8          10  0.98025961618665225     
           8          11  0.98908669005230987     
           6          12   1.0037485322945876     
           4          13   1.0076746856376697     
           2          14   1.0146136042019818     
           1          15  0.97324497065335192     
           1          16  0.96823592679686588     
          11          17  0.88147684172894880     
          12          18  0.86539071745108265     
          13          19  0.88367612722009681     
          14          20  0.86639283418912727     
