$hessian                                                                        
        0.4766101859   0.0225140421  -0.0174660517  -0.1571936234   0.0566986648
       -0.0455674877  -0.0254173007   0.0038594231  -0.0020550370  -0.0045257204
       -0.0011674533   0.0012616267  -0.0428943803  -0.0051179132  -0.0005074456
       -0.0432474018  -0.0018890504  -0.0099865345  -0.1937844371  -0.0828595078
        0.0809651622  -0.0034431796   0.0047645132  -0.0011193389  -0.0051839281
        0.0027130518  -0.0051593617   0.0001481750  -0.0004356466   0.0001079224
        0.0001712195  -0.0001646759   0.0004145457  -0.0012396090   0.0010845522
       -0.0008879998
        0.0225140421   0.5134734796   0.0086701826   0.0516711643  -0.0938695110
        0.0206814919  -0.0061002079   0.0047833346  -0.0028971037  -0.0021332192
       -0.0005982992   0.0005703380  -0.0056454716  -0.2736185968  -0.0540539243
       -0.0018928930  -0.0480724401  -0.0256938650  -0.0834296287  -0.0877490117
        0.0429048339   0.0262250148  -0.0163621061   0.0096843754  -0.0007690322
        0.0015278449   0.0002796250  -0.0000242835   0.0000436873   0.0000812796
        0.0000882940  -0.0000803308   0.0000403099  -0.0005037791   0.0005219493
       -0.0002675434
       -0.0174660517   0.0086701826   0.5177979372  -0.0411165875   0.0204203374
       -0.0834608136   0.0067605237  -0.0034078440   0.0038255910   0.0021137811
        0.0005232396  -0.0006445601  -0.0005507071  -0.0535740936  -0.0580001209
       -0.0094795220  -0.0261963241  -0.2831883275   0.0814715382   0.0428749064
       -0.0861780064   0.0043056638  -0.0022277764   0.0027804285  -0.0264907411
        0.0131113224  -0.0133717064  -0.0001013528   0.0000818274  -0.0000663827
        0.0000337765   0.0000730374   0.0000351853   0.0005196789  -0.0003488151
        0.0004707755
       -0.1571936234   0.0516711643  -0.0411165875   0.3573000022  -0.0438381624
        0.0461887921  -0.0785491642  -0.0283692574   0.0277785043  -0.0135802220
       -0.0043759090   0.0045466664  -0.0028865124   0.0044769441  -0.0002154143
       -0.0047551801   0.0017788723  -0.0050633075  -0.0278272269   0.0099315234
       -0.0073290089  -0.0351439340   0.0079092682  -0.0010018613  -0.0363366937
       -0.0002652896  -0.0229380841   0.0009246976  -0.0005813243   0.0003106442
        0.0008786299  -0.0004617711   0.0005657820  -0.0028307730   0.0021239417
       -0.0017261255
        0.0566986648  -0.0938695110   0.0204203374  -0.0438381624   0.4647673917
        0.0352026224  -0.0440139203  -0.0564672435   0.0290416479   0.0091280524
        0.0036754795  -0.0040470881   0.0272676417  -0.0180489220   0.0102674484
       -0.0012248367   0.0012711164   0.0009348952  -0.0082416882   0.0049627686
       -0.0034302598   0.0002584524  -0.2599788985  -0.0554286749   0.0001679912
       -0.0464973442  -0.0335261509   0.0010962645   0.0016033312  -0.0004719733
        0.0000922373   0.0000439358  -0.0002234350   0.0026093032  -0.0014621038
        0.0012606308
       -0.0455674877   0.0206814919  -0.0834608136   0.0461887921   0.0352026224
        0.4685210055   0.0416175849   0.0282398014  -0.0532959394  -0.0073978353
       -0.0033543044   0.0029744139   0.0048894253  -0.0017581432   0.0025930912
       -0.0276699354   0.0139717781  -0.0148471185   0.0087472298  -0.0043607881
        0.0040197314  -0.0026581379  -0.0604711031  -0.0574019258  -0.0148960997
       -0.0288554431  -0.2696896768  -0.0000140243   0.0000058091  -0.0000557965
       -0.0010823723  -0.0005891709   0.0015537705  -0.0021571395   0.0012874499
       -0.0009107418
       -0.0254173007  -0.0061002079   0.0067605237  -0.0785491642  -0.0440139203
        0.0416175849   0.2345831680  -0.0103846554  -0.0007474400  -0.0755479745
        0.0481966811  -0.0400031731   0.0004768794   0.0010343039   0.0002970852
        0.0003909273  -0.0002099548  -0.0010744461  -0.0034496508   0.0021966695
       -0.0017474101  -0.0107688253  -0.0104025946   0.0052004938  -0.0094454075
       -0.0051586528   0.0097908723  -0.0051197195   0.0087013305  -0.0022444786
       -0.0063465029   0.0044400098  -0.0085613675  -0.0208064293   0.0117009912
       -0.0092882446
        0.0038594231   0.0047833346  -0.0034078440  -0.0283692574  -0.0564672435
        0.0282398014  -0.0103846554   0.1561488981  -0.1013773518   0.0339630861
       -0.0717466198   0.0401832955   0.0009545937   0.0001867449  -0.0005461886
        0.0007191257   0.0003035310   0.0000325666   0.0024840300  -0.0003310469
        0.0004728139  -0.0221110630  -0.0149382950   0.0124003003  -0.0036364136
       -0.0003050807   0.0057208532   0.0203357664  -0.0194077852   0.0133505230
        0.0044407934  -0.0013970682   0.0077310266  -0.0022554289   0.0031706308
       -0.0027997961
       -0.0020550370  -0.0028971037   0.0038255910   0.0277785043   0.0290416479
       -0.0532959394  -0.0007474400  -0.1013773518   0.1306350239  -0.0274119721
        0.0394518552  -0.0578358347  -0.0006112162   0.0000033006   0.0002642506
       -0.0009123716  -0.0004738608   0.0002344404  -0.0020024385   0.0004875504
        0.0000182186   0.0017756553   0.0042475658   0.0014554558   0.0222287552
        0.0133519270  -0.0145024812  -0.0012929719   0.0052681156   0.0015808807
       -0.0198021288   0.0164101265  -0.0152048456   0.0030526612  -0.0035137726
        0.0028252400
       -0.0045257204  -0.0021332192   0.0021137811  -0.0135802220   0.0091280524
       -0.0073978353  -0.0755479745   0.0339630861  -0.0274119721   0.4110594121
        0.0699483339  -0.0580228283   0.0000781829  -0.0004867369  -0.0000701272
        0.0001105327   0.0000071039   0.0004859106  -0.0013315864   0.0005428398
       -0.0004045022   0.0008695799   0.0006995986  -0.0005033645   0.0008835690
        0.0005100926  -0.0006059822  -0.0415677713  -0.0381883386  -0.0062487183
       -0.0384409506  -0.0005263554   0.0230924995  -0.2380070515  -0.0734644574
        0.0749731389
       -0.0011674533  -0.0005982992   0.0005232396  -0.0043759090   0.0036754795
       -0.0033543044   0.0481966811  -0.0717466198   0.0394518552   0.0699483339
        0.4426154365   0.0348233017  -0.0002891504   0.0003741672   0.0001936892
       -0.0002533555  -0.0001365942  -0.0003694962  -0.0005256188   0.0002751701
       -0.0000893518  -0.0005792998   0.0017036935  -0.0004302267  -0.0002463798
        0.0001221538  -0.0002741866  -0.0311943429  -0.2647363794  -0.0579583484
       -0.0020642638  -0.0447132133  -0.0382475739  -0.0774492417  -0.0668349944
        0.0257314023
        0.0012616267   0.0005703380  -0.0006445601   0.0045466664  -0.0040470881
        0.0029744139  -0.0400031731   0.0401832955  -0.0578358347  -0.0580228283
        0.0348233017   0.4582247548   0.0001859340  -0.0002932261  -0.0001678918
        0.0002835630   0.0001170009   0.0003085986   0.0005400471  -0.0001445414
        0.0002438721   0.0001207802  -0.0001268078   0.0000466436   0.0005701671
       -0.0006822285   0.0016139377  -0.0041871246  -0.0638497144  -0.0564011630
        0.0162073879  -0.0320770816  -0.2795607514   0.0784969536   0.0255267518
       -0.0688020196
       -0.0428943803  -0.0056454716  -0.0005507071  -0.0028865124   0.0272676417
        0.0048894253   0.0004768794   0.0009545937  -0.0006112162   0.0000781829
       -0.0002891504   0.0001859340   0.0498329041   0.0023925538   0.0023719666
        0.0008539049  -0.0011090013  -0.0000309801  -0.0020900256  -0.0266383596
       -0.0050159183  -0.0042978663   0.0033882945  -0.0020479931   0.0006610686
       -0.0000210459   0.0006061905   0.0001575844  -0.0001581312   0.0000681240
        0.0001380166  -0.0000466067   0.0000864678  -0.0000297562  -0.0000953170
        0.0000487065
       -0.0051179132  -0.2736185968  -0.0535740936   0.0044769441  -0.0180489220
       -0.0017581432   0.0010343039   0.0001867449   0.0000033006  -0.0004867369
        0.0003741672  -0.0002932261   0.0023925538   0.3162317948   0.0616061315
       -0.0007362553  -0.0067001413  -0.0042779911  -0.0037091159  -0.0181428229
       -0.0030605417   0.0031020221  -0.0009151328   0.0015860704  -0.0006503085
        0.0003851997  -0.0000737242  -0.0002199035   0.0000685427  -0.0000531018
       -0.0000977261   0.0000407713  -0.0000339477   0.0000121355   0.0001383952
       -0.0000707331
       -0.0005074456  -0.0540539243  -0.0580001209  -0.0002154143   0.0102674484
        0.0025930912   0.0002970852  -0.0005461886   0.0002642506  -0.0000701272
        0.0001936892  -0.0001678918   0.0023719666   0.0616061315   0.0628382987
       -0.0012962989  -0.0333796225  -0.0113444229   0.0014684333   0.0136085180
        0.0032686765  -0.0020996477   0.0013803935   0.0001778907   0.0001090080
        0.0008344344   0.0004603167  -0.0000313738   0.0000297465  -0.0000661079
       -0.0000582286   0.0000708894  -0.0000148715   0.0000320431  -0.0000115157
       -0.0000091094
       -0.0432474018  -0.0018928930  -0.0094795220  -0.0047551801  -0.0012248367
       -0.0276699354   0.0003909273   0.0007191257  -0.0009123716   0.0001105327
       -0.0002533555   0.0002835630   0.0008539049  -0.0007362553  -0.0012962989
        0.0504069147  -0.0003015935   0.0147330074  -0.0003437908   0.0018336780
        0.0269032286   0.0006550255  -0.0006212836  -0.0000218291  -0.0043572167
        0.0027446823  -0.0028115266   0.0001429375  -0.0001013721   0.0000324711
        0.0001734871  -0.0001031551   0.0001430212  -0.0000301403  -0.0000627412
        0.0000961922
       -0.0018890504  -0.0480724401  -0.0261963241   0.0017788723   0.0012711164
        0.0139717781  -0.0002099548   0.0003035310  -0.0004738608   0.0000071039
       -0.0001365942   0.0001170009  -0.0011090013  -0.0067001413  -0.0333796225
       -0.0003015935   0.0518103123   0.0288638982  -0.0008807331   0.0016515245
        0.0147505173  -0.0001522292   0.0003997389   0.0008393754   0.0027504554
       -0.0004592905   0.0014721895   0.0000422056  -0.0000169290   0.0000596587
       -0.0000059981  -0.0000572383   0.0000056314  -0.0000300767   0.0000064103
       -0.0000302423
       -0.0099865345  -0.0256938650  -0.2831883275  -0.0050633075   0.0009348952
       -0.0148471185  -0.0010744461   0.0000325666   0.0002344404   0.0004859106
       -0.0003694962   0.0003085986  -0.0000309801  -0.0042779911  -0.0113444229
        0.0147330074   0.0288638982   0.3266815888   0.0025346098  -0.0008823429
       -0.0182739271   0.0006175743  -0.0000715910   0.0004462609  -0.0025118081
        0.0016609238  -0.0002191351   0.0000959238  -0.0000403782   0.0000373769
        0.0002115841  -0.0000739665   0.0000430656  -0.0000115336  -0.0000826527
        0.0001216001
       -0.1937844371  -0.0834296287   0.0814715382  -0.0278272269  -0.0082416882
        0.0087472298  -0.0034496508   0.0024840300  -0.0020024385  -0.0013315864
       -0.0005256188   0.0005400471  -0.0020900256  -0.0037091159   0.0014684333
       -0.0003437908  -0.0008807331   0.0025346098   0.2277287576   0.0948467627
       -0.0931868429   0.0006438902  -0.0002670338   0.0003123975   0.0006109250
       -0.0003802141   0.0001993596   0.0000782916  -0.0001142819   0.0000537994
        0.0000822366  -0.0000742525   0.0001032657  -0.0003173834   0.0002917743
       -0.0002413990
       -0.0828595078  -0.0877490117   0.0428749064   0.0099315234   0.0049627686
       -0.0043607881   0.0021966695  -0.0003310469   0.0004875504   0.0005428398
        0.0002751701  -0.0001445414  -0.0266383596  -0.0181428229   0.0136085180
        0.0018336780   0.0016515245  -0.0008823429   0.0948467627   0.0986059735
       -0.0509833544   0.0003473104   0.0004720906  -0.0002263404  -0.0001184069
        0.0001842991  -0.0003017467  -0.0001066547   0.0000976485  -0.0000618932
       -0.0000826457   0.0000486898  -0.0000693879   0.0001067909  -0.0000752833
        0.0000594201
        0.0809651622   0.0429048339  -0.0861780064  -0.0073290089  -0.0034302598
        0.0040197314  -0.0017474101   0.0004728139   0.0000182186  -0.0004045022
       -0.0000893518   0.0002438721  -0.0050159183  -0.0030605417   0.0032686765
        0.0269032286   0.0147505173  -0.0182739271  -0.0931868429  -0.0509833544
        0.0963368548   0.0001210000  -0.0002580878   0.0000972072  -0.0003848438
       -0.0002252560   0.0004152656   0.0000639995  -0.0000619440   0.0000251418
        0.0000940931  -0.0000692631   0.0000692896  -0.0000789573   0.0000498935
       -0.0000423240
       -0.0034431796   0.0262250148   0.0043056638  -0.0351439340   0.0002584524
       -0.0026581379  -0.0107688253  -0.0221110630   0.0017756553   0.0008695799
       -0.0005792998   0.0001207802  -0.0042978663   0.0031020221  -0.0020996477
        0.0006550255  -0.0001522292   0.0006175743   0.0006438902   0.0003473104
        0.0001210000   0.0495844342  -0.0059938854  -0.0004329292   0.0017801356
       -0.0021223394  -0.0018622060  -0.0004471942   0.0010768744  -0.0000296389
       -0.0000492750  -0.0000506239   0.0000034240   0.0006172090  -0.0000002335
        0.0001384619
        0.0047645132  -0.0163621061  -0.0022277764   0.0079092682  -0.2599788985
       -0.0604711031  -0.0104025946  -0.0149382950   0.0042475658   0.0006995986
        0.0017036935  -0.0001268078   0.0033882945  -0.0009151328   0.0013803935
       -0.0006212836   0.0003997389  -0.0000715910  -0.0002670338   0.0004720906
       -0.0002580878  -0.0059938854   0.2966420582   0.0633516854   0.0008108620
       -0.0072073209  -0.0055673300  -0.0008507287   0.0005050714  -0.0002788009
       -0.0000320049  -0.0002801671  -0.0000835471   0.0005949944  -0.0000407323
        0.0001053994
       -0.0011193389   0.0096843754   0.0027804285  -0.0010018613  -0.0554286749
       -0.0574019258   0.0052004938   0.0124003003   0.0014554558  -0.0005033645
       -0.0004302267   0.0000466436  -0.0020479931   0.0015860704   0.0001778907
       -0.0000218291   0.0008393754   0.0004462609   0.0003123975  -0.0002263404
        0.0000972072  -0.0004329292   0.0633516854   0.0643230752  -0.0000506224
       -0.0315674576  -0.0117575651  -0.0001076590  -0.0002279681   0.0002778741
       -0.0000109546  -0.0001497945  -0.0003201495  -0.0002163393   0.0001686553
       -0.0001251957
       -0.0051839281  -0.0007690322  -0.0264907411  -0.0363366937   0.0001679912
       -0.0148960997  -0.0094454075  -0.0036364136   0.0222287552   0.0008835690
       -0.0002463798   0.0005701671   0.0006610686  -0.0006503085   0.0001090080
       -0.0043572167   0.0027504554  -0.0025118081   0.0006109250  -0.0001184069
       -0.0003848438   0.0017801356   0.0008108620  -0.0000506224   0.0512939654
        0.0017056963   0.0224683433  -0.0000466455  -0.0000270986   0.0000272598
       -0.0004472587   0.0001830081  -0.0010261654   0.0005874865  -0.0001703734
       -0.0000432530
        0.0027130518   0.0015278449   0.0131113224  -0.0002652896  -0.0464973442
       -0.0288554431  -0.0051586528  -0.0003050807   0.0133519270   0.0005100926
        0.0001221538  -0.0006822285  -0.0000210459   0.0003851997   0.0008344344
        0.0027446823  -0.0004592905   0.0016609238  -0.0003802141   0.0001842991
       -0.0002252560  -0.0021223394  -0.0072073209  -0.0315674576   0.0017056963
        0.0523706211   0.0325788981  -0.0000140673  -0.0002912191  -0.0001513143
        0.0000309148   0.0003342617  -0.0001958877   0.0002571713  -0.0001641251
        0.0001400815
       -0.0051593617   0.0002796250  -0.0133717064  -0.0229380841  -0.0335261509
       -0.2696896768   0.0097908723   0.0057208532  -0.0145024812  -0.0006059822
       -0.0002741866   0.0016139377   0.0006061905  -0.0000737242   0.0004603167
       -0.0028115266   0.0014721895  -0.0002191351   0.0001993596  -0.0003017467
        0.0004152656  -0.0018622060  -0.0055673300  -0.0117575651   0.0224683433
        0.0325788981   0.3068860157   0.0000129100  -0.0000861673  -0.0003098416
        0.0008924793  -0.0003505355   0.0004499931  -0.0005929944   0.0001282754
        0.0000248775
        0.0001481750  -0.0000242835  -0.0001013528   0.0009246976   0.0010962645
       -0.0000140243  -0.0051197195   0.0203357664  -0.0012929719  -0.0415677713
       -0.0311943429  -0.0041871246   0.0001575844  -0.0002199035  -0.0000313738
        0.0001429375   0.0000422056   0.0000959238   0.0000782916  -0.0001066547
        0.0000639995  -0.0004471942  -0.0008507287  -0.0001076590  -0.0000466455
       -0.0000140673   0.0000129100   0.0498045903   0.0372813516   0.0100521870
        0.0012642927   0.0021564817   0.0019186282  -0.0053392386  -0.0285020891
       -0.0064091421
       -0.0004356466   0.0000436873   0.0000818274  -0.0005813243   0.0016033312
        0.0000058091   0.0087013305  -0.0194077852   0.0052681156  -0.0381883386
       -0.2647363794  -0.0638497144  -0.0001581312   0.0000685427   0.0000297465
       -0.0001013721  -0.0000169290  -0.0000403782  -0.0001142819   0.0000976485
       -0.0000619440   0.0010768744   0.0005050714  -0.0002279681  -0.0000270986
       -0.0002912191  -0.0000861673   0.0372813516   0.3013633559   0.0669287300
       -0.0023377377  -0.0066650466  -0.0051343751  -0.0051156255  -0.0125642776
       -0.0029136815
        0.0001079224   0.0000812796  -0.0000663827   0.0003106442  -0.0004719733
       -0.0000557965  -0.0022444786   0.0133505230   0.0015808807  -0.0062487183
       -0.0579583484  -0.0564011630   0.0000681240  -0.0000531018  -0.0000661079
        0.0000324711   0.0000596587   0.0000373769   0.0000537994  -0.0000618932
        0.0000251418  -0.0000296389  -0.0002788009   0.0002778741   0.0000272598
       -0.0001513143  -0.0003098416   0.0100521870   0.0669287300   0.0633604932
       -0.0046710606  -0.0312153207  -0.0110810804   0.0025414884   0.0097705613
        0.0026986053
        0.0001712195   0.0000882940   0.0000337765   0.0008786299   0.0000922373
       -0.0010823723  -0.0063465029   0.0044407934  -0.0198021288  -0.0384409506
       -0.0020642638   0.0162073879   0.0001380166  -0.0000977261  -0.0000582286
        0.0001734871  -0.0000059981   0.0002115841   0.0000822366  -0.0000826457
        0.0000940931  -0.0000492750  -0.0000320049  -0.0000109546  -0.0004472587
        0.0000309148   0.0008924793   0.0012642927  -0.0023377377  -0.0046710606
        0.0459676896  -0.0031314394  -0.0209728294  -0.0033915849   0.0030995761
        0.0291582535
       -0.0001646759  -0.0000803308   0.0000730374  -0.0004617711   0.0000439358
       -0.0005891709   0.0044400098  -0.0013970682   0.0164101265  -0.0005263554
       -0.0447132133  -0.0320770816  -0.0000466067   0.0000407713   0.0000708894
       -0.0001031551  -0.0000572383  -0.0000739665  -0.0000742525   0.0000486898
       -0.0000692631  -0.0000506239  -0.0002801671  -0.0001497945   0.0001830081
        0.0003342617  -0.0003505355   0.0021564817  -0.0066650466  -0.0312153207
       -0.0031314394   0.0511048202   0.0377740211  -0.0022206195   0.0016205856
        0.0101970584
        0.0004145457   0.0000403099   0.0000351853   0.0005657820  -0.0002234350
        0.0015537705  -0.0085613675   0.0077310266  -0.0152048456   0.0230924995
       -0.0382475739  -0.2795607514   0.0000864678  -0.0000339477  -0.0000148715
        0.0001430212   0.0000056314   0.0000430656   0.0001032657  -0.0000693879
        0.0000692896   0.0000034240  -0.0000835471  -0.0003201495  -0.0010261654
       -0.0001958877   0.0004499931   0.0019186282  -0.0051343751  -0.0110810804
       -0.0209728294   0.0377740211   0.3174635035   0.0042327282  -0.0015628347
       -0.0134331092
       -0.0012396090  -0.0005037791   0.0005196789  -0.0028307730   0.0026093032
       -0.0021571395  -0.0208064293  -0.0022554289   0.0030526612  -0.2380070515
       -0.0774492417   0.0784969536  -0.0000297562   0.0000121355   0.0000320431
       -0.0000301403  -0.0000300767  -0.0000115336  -0.0003173834   0.0001067909
       -0.0000789573   0.0006172090   0.0005949944  -0.0002163393   0.0005874865
        0.0002571713  -0.0005929944  -0.0053392386  -0.0051156255   0.0025414884
       -0.0033915849  -0.0022206195   0.0042327282   0.2707872707   0.0839943761
       -0.0858185892
        0.0010845522   0.0005219493  -0.0003488151   0.0021239417  -0.0014621038
        0.0012874499   0.0117009912   0.0031706308  -0.0035137726  -0.0734644574
       -0.0668349944   0.0255267518  -0.0000953170   0.0001383952  -0.0000115157
       -0.0000627412   0.0000064103  -0.0000826527   0.0002917743  -0.0000752833
        0.0000498935  -0.0000002335  -0.0000407323   0.0001686553  -0.0001703734
       -0.0001641251   0.0001282754  -0.0285020891  -0.0125642776   0.0097705613
        0.0030995761   0.0016205856  -0.0015628347   0.0839943761   0.0756835453
       -0.0314119962
       -0.0008879998  -0.0002675434   0.0004707755  -0.0017261255   0.0012606308
       -0.0009107418  -0.0092882446  -0.0027997961   0.0028252400   0.0749731389
        0.0257314023  -0.0688020196   0.0000487065  -0.0000707331  -0.0000091094
        0.0000961922  -0.0000302423   0.0001216001  -0.0002413990   0.0000594201
       -0.0000423240   0.0001384619   0.0001053994  -0.0001251957  -0.0000432530
        0.0001400815   0.0000248775  -0.0064091421  -0.0029136815   0.0026986053
        0.0291582535   0.0101970584  -0.0134331092  -0.0858185892  -0.0314119962
        0.0771814012
