$hessian                                                                        
        0.4543190546  -0.0000018064  -0.0302362357  -0.2106939193  -0.0000030709
       -0.0219319010  -0.0249103029   0.0077661701  -0.0038038923  -0.0005030568
        0.0030185291   0.0012694917   0.0003555222  -0.0000000064   0.0002812463
       -0.0005027618  -0.0030183424   0.0012693575  -0.0249085571  -0.0077670530
       -0.0038037594  -0.0766456723   0.0753105742   0.0391389827  -0.0439504950
        0.0000001637  -0.0169776896  -0.0766386699  -0.0753052680   0.0391341581
        0.0023708256  -0.0016903171  -0.0015450465   0.0011281457  -0.0010776578
       -0.0002206056  -0.0010407272  -0.0000752665  -0.0003690672  -0.0003014683
        0.0001669621   0.0000382553  -0.0002347730  -0.0000000022  -0.0001468903
       -0.0010406505   0.0000752314  -0.0003690528  -0.0003014621  -0.0001669754
        0.0000382473   0.0023707596   0.0016904344  -0.0015450016   0.0011282087
        0.0010777012  -0.0002205970
       -0.0000018064   0.5398496237  -0.0000001386  -0.0000028120  -0.0748171700
       -0.0000006196   0.0288830974  -0.0049720955   0.0052622673   0.0031918358
       -0.0048781245  -0.0017902515  -0.0000000022   0.0005465002   0.0000000133
       -0.0031916405  -0.0048784742   0.0017902269  -0.0288842555  -0.0049737895
       -0.0052625009   0.0726068731  -0.2002723343  -0.0796780123   0.0000002391
       -0.0462128045   0.0000009102  -0.0726015700  -0.2002815532   0.0796782285
        0.0004435982   0.0003704257   0.0003136490   0.0023660893   0.0003336066
       -0.0002205057   0.0017048006  -0.0001739976   0.0002786899  -0.0000473365
       -0.0000394620  -0.0001094527  -0.0000000054  -0.0000908300  -0.0000000032
       -0.0017048475  -0.0001740721  -0.0002787134   0.0000473273  -0.0000394681
        0.0001094546  -0.0004435410   0.0003704703  -0.0003137313  -0.0023660439
        0.0003335489   0.0002204895
       -0.0302362357  -0.0000001386   0.4650915335  -0.0517562010  -0.0000013367
       -0.0624049497   0.0131252800  -0.0022591452  -0.0022347393   0.0008175513
       -0.0014628416   0.0000814530  -0.0002827904  -0.0000000010  -0.0001269426
        0.0008174279   0.0014627977   0.0000815081   0.0131246987   0.0022597229
       -0.0022347806   0.0383597975  -0.0792515060  -0.0845493554  -0.0266609314
        0.0000006830  -0.2323313528   0.0383550353   0.0792516827  -0.0845471076
        0.0026270578  -0.0013751257   0.0009072953  -0.0007068752   0.0004174402
        0.0006253678   0.0003434561  -0.0001085373   0.0001690341  -0.0001960699
        0.0000842111  -0.0000345847   0.0002013609   0.0000000056  -0.0001595022
        0.0003434223   0.0001085479   0.0001690320  -0.0001960652  -0.0000842205
       -0.0000345840   0.0026269747   0.0013752402   0.0009073117  -0.0007068939
       -0.0004174788   0.0006253635
       -0.2106939193  -0.0000028120  -0.0517562010   0.5284120517   0.0000008220
       -0.0212112787  -0.0990907597   0.0470168388   0.0345448938  -0.0246014332
        0.0276449358   0.0089014889   0.0064497500   0.0000001722   0.0002092914
       -0.0245996086  -0.0276461055   0.0089010273  -0.0990865193  -0.0470145048
        0.0345413518  -0.0217020281   0.0066553397  -0.0007099198  -0.0271843926
       -0.0000004756  -0.0260604905  -0.0217004079  -0.0066561758  -0.0007098074
       -0.0027448540   0.0071508505   0.0117668991   0.0051624803  -0.0101871201
       -0.0044422578  -0.0068800964   0.0008495723  -0.0014741223   0.0015391122
       -0.0001383611   0.0007872501  -0.0003566885   0.0000000028   0.0000755618
       -0.0068800776  -0.0008499289  -0.0014741299   0.0015390724   0.0001384047
        0.0007872573  -0.0027441064  -0.0071504645   0.0117656568   0.0051624251
        0.0101890096  -0.0044424710
       -0.0000030709  -0.0748171700  -0.0000013367   0.0000008220   0.5033383478
        0.0000015974   0.0421893635  -0.1604481346  -0.0574081760   0.0109257967
       -0.0032050667   0.0001442750   0.0000001636  -0.0008820929  -0.0000000048
       -0.0109267843  -0.0032068185  -0.0001439695  -0.0421867713  -0.1604538775
        0.0574084256   0.0280196243  -0.0039941308   0.0044600132  -0.0000004001
        0.0011750486  -0.0000005135  -0.0280206241  -0.0039956866  -0.0044601536
        0.0084574764  -0.0149677022  -0.0235802581   0.0090797856  -0.0330241997
       -0.0081179031  -0.0004451375   0.0011446149   0.0001512880  -0.0007195615
        0.0003440433   0.0000746534   0.0000000084  -0.0005023272  -0.0000000021
        0.0004447879   0.0011446064  -0.0001513453   0.0007196079   0.0003440901
       -0.0000746278  -0.0084571963  -0.0149693951   0.0235809737  -0.0090778903
       -0.0330241492   0.0081170643
       -0.0219319010  -0.0000006196  -0.0624049497  -0.0212112787   0.0000015974
        0.2561984782   0.0192665916  -0.0320693190  -0.0780880868  -0.0020027536
        0.0048533429   0.0036740397   0.0012631814   0.0000000206   0.0002725803
       -0.0020027084  -0.0048535556   0.0036739577   0.0192643594   0.0320688547
       -0.0780865721   0.0110653859   0.0004805208   0.0029583183  -0.0371146792
       -0.0000007815  -0.0133404438   0.0110649847  -0.0004801187   0.0029582567
        0.0174363415  -0.0332338666  -0.0247467739  -0.0046668934   0.0079427257
        0.0043453067  -0.0019582666   0.0004761162   0.0004315133   0.0006389124
        0.0001771250   0.0010829225  -0.0005599342  -0.0000000172  -0.0000424639
       -0.0019582374  -0.0004761973   0.0004315015   0.0006389331  -0.0001771086
        0.0010829187   0.0174346303   0.0332348554  -0.0247458098  -0.0046666679
       -0.0079435747   0.0043453063
       -0.0249103029   0.0288830974   0.0131252800  -0.0990907597   0.0421893635
        0.0192665916   0.4653431646   0.0374465315  -0.0114417887  -0.1550494892
        0.0045305110  -0.0373927008  -0.0301467919  -0.0234878040   0.0014661706
       -0.0005483045   0.0025528356   0.0008190785   0.0077616004  -0.0089719883
       -0.0045435038  -0.0078111457   0.0019132420  -0.0007725524   0.0015580000
        0.0000464165   0.0011765839  -0.0000210364   0.0017245962  -0.0000537194
       -0.0439537356  -0.0035964946  -0.0142928505  -0.0903380935  -0.0829187684
        0.0420427575  -0.0172147161   0.0040470442  -0.0046022826  -0.0064425463
        0.0000107583  -0.0056236537   0.0011510054   0.0000872006  -0.0003173795
        0.0001301110   0.0005915896   0.0000269704  -0.0000287779  -0.0001038393
        0.0000467654   0.0000510546  -0.0011626455   0.0001349466  -0.0004392363
       -0.0037816463   0.0009352866
        0.0077661701  -0.0049720955  -0.0022591452   0.0470168388  -0.1604481346
       -0.0320693190   0.0374465315   0.4977456292  -0.0356347817   0.0056520142
       -0.0592801696  -0.0005472742  -0.0346926133  -0.0147517934  -0.0017417273
       -0.0001086894   0.0040007783   0.0003242090   0.0089741819  -0.0367584009
       -0.0090930639  -0.0001232887   0.0004946713   0.0000197185  -0.0023975886
        0.0011139998  -0.0010664981  -0.0017282357   0.0011770861   0.0001510674
       -0.0027635015  -0.0439982158   0.0075247561  -0.0861227280  -0.1802048308
        0.0714709762   0.0231375636  -0.0027201759   0.0059822175  -0.0007602958
        0.0010473580  -0.0011648930   0.0005460599   0.0005684605  -0.0010714175
        0.0002578180   0.0004998297  -0.0000080890  -0.0002523632  -0.0002251754
       -0.0003174450   0.0006911902   0.0026031262  -0.0018937036  -0.0025390639
       -0.0058919471   0.0013944129
       -0.0038038923   0.0052622673  -0.0022347393   0.0345448938  -0.0574081760
       -0.0780880868  -0.0114417887  -0.0356347817   0.4635479998  -0.0354955980
        0.0005758784  -0.0793673254   0.0097443867   0.0022673058   0.0055500377
       -0.0000161505  -0.0003778162   0.0009589868  -0.0045437859   0.0090922314
       -0.0001543422  -0.0009149602   0.0000730965   0.0006494002  -0.0029271532
        0.0018800871   0.0011346943   0.0006765208  -0.0004365383   0.0004114939
       -0.0096148981  -0.0010470402  -0.2211226002   0.0422910789   0.0699966244
       -0.0801752124   0.0099656610  -0.0015904882   0.0028807743  -0.0304604820
        0.0008458078  -0.0153795502   0.0015743360   0.0002712637   0.0010641919
       -0.0000371516   0.0000885847  -0.0001937124  -0.0003668152  -0.0001050213
       -0.0005853611  -0.0002841846   0.0039604804   0.0008875628   0.0011099831
        0.0022862345   0.0002157885
       -0.0005030568   0.0031918358   0.0008175513  -0.0246014332   0.0109257967
       -0.0020027536  -0.1550494892   0.0056520142  -0.0354955980   0.4343161485
       -0.0421947557  -0.0211874642  -0.0993146288  -0.0758329636   0.0421110949
        0.0063622368   0.0107392639  -0.0059433829  -0.0005481888   0.0001084736
       -0.0000161661  -0.0008185202  -0.0002945374  -0.0003197272   0.0001720583
        0.0000210443   0.0002857075   0.0003057505   0.0001011145   0.0000633290
       -0.0059704736  -0.0004513068  -0.0051211491  -0.0154518398  -0.0027270708
       -0.0037487015  -0.0929799961   0.0869549756   0.0408887246  -0.0413000673
        0.0028892729  -0.0101178331  -0.0041994965  -0.0020946762  -0.0009339991
       -0.0005996060   0.0034850637   0.0008303903   0.0004369638   0.0001452775
       -0.0001843728  -0.0002261296  -0.0001360264   0.0000919160  -0.0000302319
       -0.0004827958  -0.0000175662
        0.0030185291  -0.0048781245  -0.0014628416   0.0276449358  -0.0032050667
        0.0048533429   0.0045305110  -0.0592801696   0.0005758784  -0.0421947557
        0.5057190980   0.0272424304  -0.0491036225  -0.1636998163   0.0382931870
       -0.0107369446  -0.0402756204   0.0045761888  -0.0025530653   0.0040006611
        0.0003778663   0.0020432864  -0.0003682870   0.0000827053  -0.0000583936
        0.0000817101   0.0000317062  -0.0004381869  -0.0001105634   0.0000003235
        0.0001642824   0.0007878461   0.0008016980  -0.0215616934  -0.0022000763
       -0.0055111004   0.0891898672  -0.1838012766  -0.0691445718   0.0024007936
       -0.0437996670  -0.0032965274  -0.0040593023  -0.0034909535   0.0031092234
        0.0025096128  -0.0061488595  -0.0017213892  -0.0003518314   0.0005758173
        0.0008628894   0.0000480230  -0.0003176115   0.0004061475  -0.0004920457
        0.0004109599  -0.0000771566
        0.0012694917  -0.0017902515   0.0000814530   0.0089014889   0.0001442750
        0.0036740397  -0.0373927008  -0.0005472742  -0.0793673254  -0.0211874642
        0.0272424304   0.5323684553   0.0217622183   0.0254301863  -0.0904378826
       -0.0059433480  -0.0045772126   0.0030816828   0.0008190501  -0.0003241180
        0.0009589873   0.0006974902  -0.0002221774   0.0002576269   0.0002336537
       -0.0000991176   0.0000289581   0.0000075007   0.0000694949  -0.0000609787
       -0.0306316933  -0.0002606760  -0.0148935239   0.0099379781   0.0010232633
        0.0028640138   0.0405206608  -0.0656190622  -0.0775140084  -0.0099253288
       -0.0052141469  -0.2671107309   0.0197933630   0.0302905017  -0.0146489259
        0.0010165212  -0.0028574217   0.0004734758  -0.0000053271  -0.0026373073
        0.0007746378  -0.0000783293  -0.0000026635  -0.0004490059   0.0002047748
       -0.0000487226  -0.0000809489
        0.0003555222  -0.0000000022  -0.0002827904   0.0064497500   0.0000001636
        0.0012631814  -0.0301467919  -0.0346926133   0.0097443867  -0.0993146288
       -0.0491036225   0.0217622183   0.2796867198  -0.0000037822  -0.0989134717
       -0.0993205768   0.0491063150   0.0217642677  -0.0301495614   0.0346917178
        0.0097450828   0.0001996355   0.0002055939  -0.0000529447   0.0000268724
        0.0000000020  -0.0000545086   0.0001996294  -0.0002056016  -0.0000529413
        0.0016948548   0.0001682371   0.0012117001  -0.0089813185  -0.0011364712
       -0.0017537377   0.0066112580   0.0087632672  -0.0039344825  -0.0017554243
       -0.0031062852   0.0066578498  -0.0231246902   0.0000003077   0.0307142028
        0.0066111189  -0.0087613815  -0.0039342539  -0.0017557485   0.0031063135
        0.0066582968   0.0016949055  -0.0001681982   0.0012117057  -0.0089815261
        0.0011360400  -0.0017537612
       -0.0000000064   0.0005465002  -0.0000000010   0.0000001722  -0.0008820929
        0.0000000206  -0.0234878040  -0.0147517934   0.0022673058  -0.0758329636
       -0.1636998163   0.0254301863  -0.0000037822   0.4739021114  -0.0000031305
        0.0758353127  -0.1636927873  -0.0254303988   0.0234870506  -0.0147490203
       -0.0022671869  -0.0003305641   0.0003832788   0.0001415347   0.0000000048
       -0.0000770453  -0.0000000006   0.0003305569   0.0003832856  -0.0001415306
        0.0008749194   0.0004520313   0.0001456989  -0.0032262092   0.0007141618
       -0.0008811825  -0.0117389474  -0.0316268509   0.0079756674  -0.0036422581
       -0.0046638380   0.0082691825   0.0000006578  -0.0471148351   0.0000034662
        0.0117408518  -0.0316267340  -0.0079764532   0.0036420910  -0.0046628765
       -0.0082686255  -0.0008748563   0.0004519725  -0.0001456548   0.0032257741
        0.0007143483   0.0008811022
        0.0002812463   0.0000000133  -0.0001269426   0.0002092914  -0.0000000048
        0.0002725803   0.0014661706  -0.0017417273   0.0055500377   0.0421110949
        0.0382931870  -0.0904378826  -0.0989134717  -0.0000031305   0.5644846636
        0.0421142126  -0.0382924295  -0.0904389672   0.0014664837   0.0017414545
        0.0055500295  -0.0001290616   0.0000138379  -0.0000297381  -0.0002214494
       -0.0000000051  -0.0001082783  -0.0001290540  -0.0000138373  -0.0000297409
       -0.0002667370  -0.0007098085   0.0011638476  -0.0014653387  -0.0003550256
        0.0005467932  -0.0050167289  -0.0094012944   0.0034690525   0.0178335098
        0.0292064524  -0.0185919922  -0.0104260666   0.0000024865  -0.3678605774
       -0.0050169749   0.0094004533   0.0034690762   0.0178349631  -0.0292053660
       -0.0185926321  -0.0002667866   0.0007097853   0.0011638575  -0.0014653030
        0.0003549590   0.0005468135
       -0.0005027618  -0.0031916405   0.0008174279  -0.0245996086  -0.0109267843
       -0.0020027084  -0.0005483045  -0.0001086894  -0.0000161505   0.0063622368
       -0.0107369446  -0.0059433480  -0.0993205768   0.0758353127   0.0421142126
        0.4343121528   0.0421917405  -0.0211854708  -0.1550489918  -0.0056559625
       -0.0354956829   0.0003057343  -0.0001010957   0.0000633282   0.0001720543
       -0.0000210431   0.0002857080  -0.0008184357   0.0002945197  -0.0003197195
       -0.0002261333   0.0001360283   0.0000919376  -0.0000302778   0.0004827750
       -0.0000175614  -0.0005993208  -0.0034848150   0.0008302492   0.0004369539
       -0.0001452817  -0.0001843337  -0.0041997908   0.0020946599  -0.0009338150
       -0.0929716418  -0.0869513758   0.0408839427  -0.0412998129  -0.0028889816
       -0.0101179939  -0.0059704809   0.0004510743  -0.0051211022  -0.0154529946
        0.0027265039  -0.0037489200
       -0.0030183424  -0.0048784742   0.0014627977  -0.0276461055  -0.0032068185
       -0.0048535556   0.0025528356   0.0040007783  -0.0003778162   0.0107392639
       -0.0402756204  -0.0045772126   0.0491063150  -0.1636927873  -0.0382924295
        0.0421917405   0.5057240495  -0.0272438921  -0.0045344271  -0.0592806518
       -0.0005772250   0.0004382093  -0.0001105472  -0.0000003211   0.0000583907
        0.0000817114  -0.0000316931  -0.0020433185  -0.0003683713  -0.0000827310
       -0.0000480174  -0.0003176002  -0.0004061406   0.0004920212   0.0004110043
        0.0000771639  -0.0025093657  -0.0061492227   0.0017213157   0.0003518248
        0.0005757956  -0.0008629013   0.0040589315  -0.0034900905  -0.0031090776
       -0.0891862607  -0.1838119629   0.0691446743  -0.0024005043  -0.0438000627
        0.0032998797  -0.0001640865   0.0007878688  -0.0008016760   0.0215608956
       -0.0021989981   0.0055108406
        0.0012693575   0.0017902269   0.0000815081   0.0089010273  -0.0001439695
        0.0036739577   0.0008190785   0.0003242090   0.0009589868  -0.0059433829
        0.0045761888   0.0030816828   0.0217642677  -0.0254303988  -0.0904389672
       -0.0211854708  -0.0272438921   0.5323675223  -0.0373928205   0.0005458374
       -0.0793673383   0.0000075120  -0.0000694954  -0.0000609804   0.0002336510
        0.0000991304   0.0000289593   0.0006974437   0.0002222002   0.0002576283
       -0.0000783302   0.0000026619  -0.0004490127   0.0002047803   0.0000487405
       -0.0000809468   0.0010163421   0.0028573556   0.0004735535  -0.0000054467
        0.0026373044   0.0007746671   0.0197948725  -0.0302893709  -0.0146494969
        0.0405160093   0.0656191494  -0.0775116809  -0.0099255712   0.0052175137
       -0.2671105937  -0.0306317079   0.0002594849  -0.0148935396   0.0099383882
       -0.0010228762   0.0028640908
       -0.0249085571  -0.0288842555   0.0131246987  -0.0990865193  -0.0421867713
        0.0192643594   0.0077616004   0.0089741819  -0.0045437859  -0.0005481888
       -0.0025530653   0.0008190501  -0.0301495614   0.0234870506   0.0014664837
       -0.1550489918  -0.0045344271  -0.0373928205   0.4653467019  -0.0374479056
       -0.0114441228  -0.0000210343  -0.0017246595  -0.0000537394   0.0015578839
       -0.0000464100   0.0011765280  -0.0078110594  -0.0019136251  -0.0007725869
        0.0000510327   0.0011625232   0.0001348759  -0.0004395362   0.0037818899
        0.0009354167   0.0001301514  -0.0005916075   0.0000269599  -0.0000287951
        0.0001038489   0.0000467522   0.0011510358  -0.0000871675  -0.0003174321
       -0.0172134225  -0.0040476544  -0.0046020707  -0.0064425757  -0.0000110191
       -0.0056237079  -0.0439540344   0.0035967349  -0.0142924047  -0.0903461302
        0.0829223385   0.0420475462
       -0.0077670530  -0.0049737895   0.0022597229  -0.0470145048  -0.1604538775
        0.0320688547  -0.0089719883  -0.0367584009   0.0090922314   0.0001084736
        0.0040006611  -0.0003241180   0.0346917178  -0.0147490203   0.0017414545
       -0.0056559625  -0.0592806518   0.0005458374  -0.0374479056   0.4977408723
        0.0356347999   0.0017281725   0.0011770838  -0.0001510570   0.0023976538
        0.0011141275   0.0010665547   0.0001229107   0.0004945879  -0.0000197608
       -0.0006913052   0.0026031829   0.0018937389   0.0025393041  -0.0058915843
       -0.0013944716  -0.0002578354   0.0004997906   0.0000081021   0.0002523784
       -0.0002251653   0.0003174534  -0.0005460594   0.0005684169   0.0010713945
       -0.0231384203  -0.0027213926  -0.0059825369   0.0007604600   0.0010473871
        0.0011649069   0.0027636689  -0.0439978052  -0.0075224548   0.0861262948
       -0.1801944229  -0.0714706520
       -0.0038037594  -0.0052625009  -0.0022347806   0.0345413518   0.0574084256
       -0.0780865721  -0.0045435038  -0.0090930639  -0.0001543422  -0.0000161661
        0.0003778663   0.0009589873   0.0097450828  -0.0022671869   0.0055500295
       -0.0354956829  -0.0005772250  -0.0793673383  -0.0114441228   0.0356347999
        0.4635492110   0.0006765295   0.0004365834   0.0004114998  -0.0029270216
       -0.0018802210   0.0011346682  -0.0009149403  -0.0000731354   0.0006493980
       -0.0002840087  -0.0039604643   0.0008875288   0.0011101349  -0.0022862838
        0.0002157265  -0.0000371516  -0.0000885748  -0.0001937139  -0.0003668159
        0.0001050104  -0.0005853537   0.0015743409  -0.0002711976   0.0010642066
        0.0099651856   0.0015908654   0.0028807008  -0.0304604277  -0.0008469728
       -0.0153795509  -0.0096148767   0.0010495621  -0.2211227250   0.0422958518
       -0.0699962868  -0.0801775797
       -0.0766456723   0.0726068731   0.0383597975  -0.0217020281   0.0280196243
        0.0110653859  -0.0078111457  -0.0001232887  -0.0009149602  -0.0008185202
        0.0020432864   0.0006974902   0.0001996355  -0.0003305641  -0.0001290616
        0.0003057343   0.0004382093   0.0000075120  -0.0000210343   0.0017281725
        0.0006765295   0.0993919898  -0.0915855539  -0.0445689940   0.0023876645
       -0.0015757055   0.0000867358   0.0049790049  -0.0094276985  -0.0045327782
        0.0002206007  -0.0001898957  -0.0001908575   0.0001646116  -0.0005880530
       -0.0001835001  -0.0005486391   0.0000020692  -0.0001279494   0.0000796325
        0.0000109548   0.0000912850   0.0000646760   0.0000279713  -0.0000158874
        0.0002049258  -0.0000362721   0.0000378896   0.0000527478   0.0000690232
        0.0000126294   0.0000486866  -0.0000283809  -0.0001856025  -0.0005528705
       -0.0010607716  -0.0001856641
        0.0753105742  -0.2002723343  -0.0792515060   0.0066553397  -0.0039941308
        0.0004805208   0.0019132420   0.0004946713   0.0000730965  -0.0002945374
       -0.0003682870  -0.0002221774   0.0002055939   0.0003832788   0.0000138379
       -0.0001010957  -0.0001105472  -0.0000694954  -0.0017246595   0.0011770838
        0.0004365834  -0.0915855539   0.2314917164   0.0921539012   0.0005265180
       -0.0024425386  -0.0029820325   0.0094292759  -0.0270420994  -0.0109195838
       -0.0001887360   0.0001917640   0.0003737857  -0.0000207218   0.0005553187
       -0.0001105914   0.0000863143   0.0000027936   0.0000645199   0.0000388246
       -0.0000164672   0.0000189939  -0.0000457995  -0.0000192080   0.0000166893
       -0.0000423766   0.0000485009  -0.0000076477   0.0000250311   0.0000007529
        0.0000490144   0.0000984376  -0.0002729924  -0.0000810531  -0.0002856710
        0.0001927244  -0.0000368556
        0.0391389827  -0.0796780123  -0.0845493554  -0.0007099198   0.0044600132
        0.0029583183  -0.0007725524   0.0000197185   0.0006494002  -0.0003197272
        0.0000827053   0.0002576269  -0.0000529447   0.0001415347  -0.0000297381
        0.0000633282  -0.0000003211  -0.0000609804  -0.0000537394  -0.0001510570
        0.0004114998  -0.0445689940   0.0921539012   0.0940724660   0.0118655662
       -0.0285107059  -0.0192650642  -0.0045331612   0.0109189123   0.0053695521
       -0.0003285036   0.0002803095   0.0003208513   0.0000053983   0.0000394796
       -0.0000938477  -0.0000801034   0.0000403726  -0.0000127403   0.0000813065
        0.0000072831   0.0000562377   0.0000013063  -0.0000207138   0.0000017311
        0.0000057830   0.0000266942  -0.0000115854  -0.0000606110   0.0000272487
       -0.0000008929   0.0000195250  -0.0002134438  -0.0003583726   0.0002990605
        0.0003760812   0.0002848936
       -0.0439504950   0.0000002391  -0.0266609314  -0.0271843926  -0.0000004001
       -0.0371146792   0.0015580000  -0.0023975886  -0.0029271532   0.0001720583
       -0.0000583936   0.0002336537   0.0000268724   0.0000000048  -0.0002214494
        0.0001720543   0.0000583907   0.0002336510   0.0015578839   0.0023976538
       -0.0029270216   0.0023876645   0.0005265180   0.0118655662   0.0620798847
        0.0000000453   0.0417699378   0.0023876156  -0.0005264576   0.0118642121
        0.0003508101  -0.0001750060   0.0014893504  -0.0001668228  -0.0001015296
        0.0001258532   0.0000257954   0.0000285717   0.0001265171   0.0001335673
       -0.0000205236   0.0001826141   0.0001061936   0.0000000013   0.0000355555
        0.0000257952  -0.0000285717   0.0001265163   0.0001335632   0.0000205292
        0.0001826120   0.0003507863   0.0001749912   0.0014893308  -0.0001668345
        0.0001015259   0.0001258645
        0.0000001637  -0.0462128045   0.0000006830  -0.0000004756   0.0011750486
       -0.0000007815   0.0000464165   0.0011139998   0.0018800871   0.0000210443
        0.0000817101  -0.0000991176   0.0000000020  -0.0000770453  -0.0000000051
       -0.0000210431   0.0000817114   0.0000991304  -0.0000464100   0.0011141275
       -0.0018802210  -0.0015757055  -0.0024425386  -0.0285107059   0.0000000453
        0.0476210548  -0.0000006550   0.0015759289  -0.0024429379   0.0285115066
       -0.0003504548   0.0001599447  -0.0004007538  -0.0001419037  -0.0001116073
        0.0001955253  -0.0000159558  -0.0000211171  -0.0000038904  -0.0000633086
       -0.0000493275  -0.0000511178   0.0000000013   0.0000318375   0.0000000003
        0.0000159581  -0.0000211171   0.0000038946   0.0000633138  -0.0000493257
        0.0000511231   0.0003504815   0.0001599783   0.0004008116   0.0001419019
       -0.0001115919  -0.0001955141
       -0.0169776896   0.0000009102  -0.2323313528  -0.0260604905  -0.0000005135
       -0.0133404438   0.0011765839  -0.0010664981   0.0011346943   0.0002857075
        0.0000317062   0.0000289581  -0.0000545086  -0.0000000006  -0.0001082783
        0.0002857080  -0.0000316931   0.0000289593   0.0011765280   0.0010665547
        0.0011346682   0.0000867358  -0.0029820325  -0.0192650642   0.0417699378
       -0.0000006550   0.2799280943   0.0000866204   0.0029822773  -0.0192646256
       -0.0011902244   0.0010373042   0.0011049018   0.0000515588   0.0000004393
       -0.0004033218  -0.0000161291   0.0000676424   0.0001052372   0.0002379233
       -0.0000917243   0.0001596264   0.0000585486   0.0000000008   0.0001215135
       -0.0000161258  -0.0000676452   0.0001052364   0.0002379199   0.0000917316
        0.0001596290  -0.0011901657  -0.0010373745   0.0011048911   0.0000515619
       -0.0000004297  -0.0004033232
       -0.0766386699  -0.0726015700   0.0383550353  -0.0217004079  -0.0280206241
        0.0110649847  -0.0000210364  -0.0017282357   0.0006765208   0.0003057505
       -0.0004381869   0.0000075007   0.0001996294   0.0003305569  -0.0001290540
       -0.0008184357  -0.0020433185   0.0006974437  -0.0078110594   0.0001229107
       -0.0009149403   0.0049790049   0.0094292759  -0.0045331612   0.0023876156
        0.0015759289   0.0000866204   0.0993833342   0.0915799451  -0.0445633381
        0.0000486909   0.0000283992  -0.0001856070  -0.0005529305   0.0010607357
       -0.0001856466   0.0002049217   0.0000362788   0.0000378898   0.0000527519
       -0.0000690209   0.0000126308   0.0000646751  -0.0000279668  -0.0000158875
       -0.0005486345  -0.0000020932  -0.0001279463   0.0000796348  -0.0000109517
        0.0000912858   0.0002205823   0.0001898981  -0.0001908349   0.0001645831
        0.0005880383  -0.0001834961
       -0.0753052680  -0.2002815532   0.0792516827  -0.0066561758  -0.0039956866
       -0.0004801187   0.0017245962   0.0011770861  -0.0004365383   0.0001011145
       -0.0001105634   0.0000694949  -0.0002056016   0.0003832856  -0.0000138373
        0.0002945197  -0.0003683713   0.0002222002  -0.0019136251   0.0004945879
       -0.0000731354  -0.0094276985  -0.0270420994   0.0109189123  -0.0005264576
       -0.0024429379   0.0029822773   0.0915799451   0.2315029539  -0.0921540561
       -0.0000984226  -0.0002730009   0.0000810456   0.0002856289   0.0001927921
        0.0000368449   0.0000423835   0.0000485050   0.0000076502  -0.0000250276
        0.0000007497  -0.0000490141   0.0000458036  -0.0000192069  -0.0000166903
       -0.0000863388   0.0000027909  -0.0000645254  -0.0000388212  -0.0000164692
       -0.0000189910   0.0001887427   0.0001917920  -0.0003737956   0.0000207026
        0.0005553456   0.0001105941
        0.0391341581   0.0796782285  -0.0845471076  -0.0007098074  -0.0044601536
        0.0029582567  -0.0000537194   0.0001510674   0.0004114939   0.0000633290
        0.0000003235  -0.0000609787  -0.0000529413  -0.0001415306  -0.0000297409
       -0.0003197195  -0.0000827310   0.0002576283  -0.0007725869  -0.0000197608
        0.0006493980  -0.0045327782  -0.0109195838   0.0053695521   0.0118642121
        0.0285115066  -0.0192646256  -0.0445633381  -0.0921540561   0.0940698618
        0.0000195107   0.0002134466  -0.0003583665   0.0002990845  -0.0003760709
        0.0002848870   0.0000057849  -0.0000266929  -0.0000115856  -0.0000606098
       -0.0000272513  -0.0000008936   0.0000013059   0.0000207132   0.0000017314
       -0.0000801031  -0.0000403763  -0.0000127423   0.0000813061  -0.0000072803
        0.0000562372  -0.0003284881  -0.0002803291   0.0003208406   0.0000054005
       -0.0000394690  -0.0000938463
        0.0023708256   0.0004435982   0.0026270578  -0.0027448540   0.0084574764
        0.0174363415  -0.0439537356  -0.0027635015  -0.0096148981  -0.0059704736
        0.0001642824  -0.0306316933   0.0016948548   0.0008749194  -0.0002667370
       -0.0002261333  -0.0000480174  -0.0000783302   0.0000510327  -0.0006913052
       -0.0002840087   0.0002206007  -0.0001887360  -0.0003285036   0.0003508101
       -0.0003504548  -0.0011902244   0.0000486909  -0.0000984226   0.0000195107
        0.0525835351  -0.0026302913   0.0093270230   0.0009558998  -0.0022382459
        0.0158479974   0.0007321388  -0.0002252628  -0.0003856403  -0.0059654601
       -0.0003575297  -0.0028361407   0.0000633464  -0.0002935792   0.0006514413
       -0.0000596373   0.0000027534   0.0000117457  -0.0001227970   0.0001665884
        0.0001001144   0.0000825978  -0.0000173907  -0.0003439439  -0.0001112416
       -0.0002068811  -0.0000611114
       -0.0016903171   0.0003704257  -0.0013751257   0.0071508505  -0.0149677022
       -0.0332338666  -0.0035964946  -0.0439982158  -0.0010470402  -0.0004513068
        0.0007878461  -0.0002606760   0.0001682371   0.0004520313  -0.0007098085
        0.0001360283  -0.0003176002   0.0000026619   0.0011625232   0.0026031829
       -0.0039604643  -0.0001898957   0.0001917640   0.0002803095  -0.0001750060
        0.0001599447   0.0010373042   0.0000283992  -0.0002730009   0.0002134466
       -0.0026302913   0.0546328748   0.0104737837  -0.0004023029  -0.0015720275
        0.0259553218   0.0002558034   0.0000927173   0.0004612336   0.0003057432
        0.0007093596   0.0000238015  -0.0002230952   0.0000634336   0.0000768668
        0.0000202614   0.0000211400   0.0000169443   0.0001310936  -0.0000856029
        0.0001993770   0.0000173734   0.0005581239   0.0015096590  -0.0000176037
        0.0005713057   0.0003362715
       -0.0015450465   0.0003136490   0.0009072953   0.0117668991  -0.0235802581
       -0.0247467739  -0.0142928505   0.0075247561  -0.2211226002  -0.0051211491
        0.0008016980  -0.0148935239   0.0012117001   0.0001456989   0.0011638476
        0.0000919376  -0.0004061406  -0.0004490127   0.0001348759   0.0018937389
        0.0008875288  -0.0001908575   0.0003737857   0.0003208513   0.0014893504
       -0.0004007538   0.0011049018  -0.0001856070   0.0000810456  -0.0003583665
        0.0093270230   0.0104737837   0.2734622294   0.0008395327   0.0038815528
       -0.0185348104   0.0002151750   0.0002595195   0.0003356590  -0.0029051606
       -0.0001472217  -0.0003322878  -0.0005167073  -0.0005357239   0.0004317606
        0.0000097231   0.0000344187   0.0000449955   0.0001420523   0.0003026129
        0.0002111799  -0.0003438728  -0.0015096875   0.0012507787  -0.0001270179
        0.0004935260   0.0003163474
        0.0011281457   0.0023660893  -0.0007068752   0.0051624803   0.0090797856
       -0.0046668934  -0.0903380935  -0.0861227280   0.0422910789  -0.0154518398
       -0.0215616934   0.0099379781  -0.0089813185  -0.0032262092  -0.0014653387
       -0.0000302778   0.0004920212   0.0002047803  -0.0004395362   0.0025393041
        0.0011101349   0.0001646116  -0.0000207218   0.0000053983  -0.0001668228
       -0.0001419037   0.0000515588  -0.0005529305   0.0002856289   0.0002990845
        0.0009558998  -0.0004023029   0.0008395327   0.1075077581   0.0958408216
       -0.0478457193   0.0001498215  -0.0001358965   0.0003554156   0.0006924435
       -0.0003520121   0.0003298693   0.0001294950   0.0001712593  -0.0004831652
        0.0000197660   0.0001637846  -0.0000148435  -0.0000744967   0.0000282975
        0.0000687650  -0.0001112524   0.0000175732  -0.0001269938   0.0002361466
        0.0009789022  -0.0001837674
       -0.0010776578   0.0003336066   0.0004174402  -0.0101871201  -0.0330241997
        0.0079427257  -0.0829187684  -0.1802048308   0.0699966244  -0.0027270708
       -0.0022000763   0.0010232633  -0.0011364712   0.0007141618  -0.0003550256
        0.0004827750   0.0004110043   0.0000487405   0.0037818899  -0.0058915843
       -0.0022862838  -0.0005880530   0.0005553187   0.0000394796  -0.0001015296
       -0.0001116073   0.0000004393   0.0010607357   0.0001927921  -0.0003760709
       -0.0022382459  -0.0015720275   0.0038815528   0.0958408216   0.2214242942
       -0.0800310568   0.0002487011   0.0003782634   0.0000773540   0.0000549134
       -0.0000098994  -0.0002116245   0.0001043177   0.0000250307  -0.0001772272
        0.0001379579   0.0001935175  -0.0000023230   0.0000347589  -0.0000262810
        0.0000364461   0.0002068499   0.0005713302  -0.0004935278  -0.0009788044
       -0.0017588132   0.0004690737
       -0.0002206056  -0.0002205057   0.0006253678  -0.0044422578  -0.0081179031
        0.0043453067   0.0420427575   0.0714709762  -0.0801752124  -0.0037487015
       -0.0055111004   0.0028640138  -0.0017537377  -0.0008811825   0.0005467932
       -0.0000175614   0.0000771639  -0.0000809468   0.0009354167  -0.0013944716
        0.0002157265  -0.0001835001  -0.0001105914  -0.0000938477   0.0001258532
        0.0001955253  -0.0004033218  -0.0001856466   0.0000368449   0.0002848870
        0.0158479974   0.0259553218  -0.0185348104  -0.0478457193  -0.0800310568
        0.0891391938   0.0003150991  -0.0000626576  -0.0000322992  -0.0004377776
       -0.0004851277   0.0004334349  -0.0001738535  -0.0001393730   0.0001580909
       -0.0000038742  -0.0000008165  -0.0000009947  -0.0000090350   0.0000243422
        0.0000470666  -0.0000610920  -0.0003362700   0.0003163336  -0.0001837616
       -0.0004691180   0.0003452182
       -0.0010407272   0.0017048006   0.0003434561  -0.0068800964  -0.0004451375
       -0.0019582666  -0.0172147161   0.0231375636   0.0099656610  -0.0929799961
        0.0891898672   0.0405206608   0.0066112580  -0.0117389474  -0.0050167289
       -0.0005993208  -0.0025093657   0.0010163421   0.0001301514  -0.0002578354
       -0.0000371516  -0.0005486391   0.0000863143  -0.0000801034   0.0000257954
       -0.0000159558  -0.0000161291   0.0002049217   0.0000423835   0.0000057849
        0.0007321388   0.0002558034   0.0002151750   0.0001498215   0.0002487011
        0.0003150991   0.1096157012  -0.0989485689  -0.0457580962   0.0009007514
        0.0003432616   0.0009135103   0.0007718802  -0.0000446831  -0.0002156251
        0.0002615496  -0.0009135729  -0.0001758639  -0.0001006176   0.0000236026
       -0.0000435722  -0.0000596362  -0.0000202651   0.0000097244   0.0000197803
       -0.0001379660  -0.0000038766
       -0.0000752665  -0.0001739976  -0.0001085373   0.0008495723   0.0011446149
        0.0004761162   0.0040470442  -0.0027201759  -0.0015904882   0.0869549756
       -0.1838012766  -0.0656190622   0.0087632672  -0.0316268509  -0.0094012944
       -0.0034848150  -0.0061492227   0.0028573556  -0.0005916075   0.0004997906
       -0.0000885748   0.0000020692   0.0000027936   0.0000403726   0.0000285717
       -0.0000211171   0.0000676424   0.0000362788   0.0000485050  -0.0000266929
       -0.0002252628   0.0000927173   0.0002595195  -0.0001358965   0.0003782634
       -0.0000626576  -0.0989485689   0.2250322408   0.0766713311   0.0015240200
       -0.0016416216  -0.0029279300   0.0007618866   0.0000520734  -0.0005588759
        0.0009136758  -0.0018426795  -0.0004414813  -0.0002533944   0.0005113003
        0.0004868565  -0.0000027575   0.0000211396  -0.0000344186  -0.0001637925
        0.0001935030   0.0000008194
       -0.0003690672   0.0002786899   0.0001690341  -0.0014741223   0.0001512880
        0.0004315133  -0.0046022826   0.0059822175   0.0028807743   0.0408887246
       -0.0691445718  -0.0775140084  -0.0039344825   0.0079756674   0.0034690525
        0.0008302492   0.0017213157   0.0004735535   0.0000269599   0.0000081021
       -0.0001937139  -0.0001279494   0.0000645199  -0.0000127403   0.0001265171
       -0.0000038904   0.0001052372   0.0000378898   0.0000076502  -0.0000115856
       -0.0003856403   0.0004612336   0.0003356590   0.0003554156   0.0000773540
       -0.0000322992  -0.0457580962   0.0766713311   0.0844134589   0.0152215820
       -0.0258053294  -0.0157878885  -0.0006263385   0.0009322745   0.0005512830
       -0.0001758694   0.0004414352   0.0003825401  -0.0000303898   0.0001953314
        0.0002961297   0.0000117465  -0.0000169443   0.0000449949  -0.0000148465
        0.0000023256  -0.0000009947
       -0.0003014683  -0.0000473365  -0.0001960699   0.0015391122  -0.0007195615
        0.0006389124  -0.0064425463  -0.0007602958  -0.0304604820  -0.0413000673
        0.0024007936  -0.0099253288  -0.0017554243  -0.0036422581   0.0178335098
        0.0004369539   0.0003518248  -0.0000054467  -0.0000287951   0.0002523784
       -0.0003668159   0.0000796325   0.0000388246   0.0000813065   0.0001335673
       -0.0000633086   0.0002379233   0.0000527519  -0.0000250276  -0.0000606098
       -0.0059654601   0.0003057432  -0.0029051606   0.0006924435   0.0000549134
       -0.0004377776   0.0009007514   0.0015240200   0.0152215820   0.0523674694
        0.0036255280   0.0087243867  -0.0003441375  -0.0035647316   0.0015898983
       -0.0001006285   0.0002533653  -0.0000303759   0.0002331218   0.0001809870
       -0.0000724819  -0.0001227826  -0.0001310976   0.0001420644  -0.0000744937
       -0.0000347610  -0.0000090343
        0.0001669621  -0.0000394620   0.0000842111  -0.0001383611   0.0003440433
        0.0001771250   0.0000107583   0.0010473580   0.0008458078   0.0028892729
       -0.0437996670  -0.0052141469  -0.0031062852  -0.0046638380   0.0292064524
       -0.0001452817   0.0005757956   0.0026373044   0.0001038489  -0.0002251653
        0.0001050104   0.0000109548  -0.0000164672   0.0000072831  -0.0000205236
       -0.0000493275  -0.0000917243  -0.0000690209   0.0000007497  -0.0000272513
       -0.0003575297   0.0007093596  -0.0001472217  -0.0003520121  -0.0000098994
       -0.0004851277   0.0003432616  -0.0016416216  -0.0258053294   0.0036255280
        0.0529565616  -0.0032355972  -0.0025621063  -0.0049206434   0.0029236341
       -0.0000236304   0.0005113232  -0.0001953298  -0.0001809426  -0.0006672084
       -0.0004581444  -0.0001665921  -0.0000856085  -0.0003026115  -0.0000283009
       -0.0000262828  -0.0000243441
        0.0000382553  -0.0001094527  -0.0000345847   0.0007872501   0.0000746534
        0.0010829225  -0.0056236537  -0.0011648930  -0.0153795502  -0.0101178331
       -0.0032965274  -0.2671107309   0.0066578498   0.0082691825  -0.0185919922
       -0.0001843337  -0.0008629013   0.0007746671   0.0000467522   0.0003174534
       -0.0005853537   0.0000912850   0.0000189939   0.0000562377   0.0001826141
       -0.0000511178   0.0001596264   0.0000126308  -0.0000490141  -0.0000008936
       -0.0028361407   0.0000238015  -0.0003322878   0.0003298693  -0.0002116245
        0.0004334349   0.0009135103  -0.0029279300  -0.0157878885   0.0087243867
       -0.0032355972   0.3150014009   0.0009247267   0.0034695265  -0.0006812157
       -0.0000435495  -0.0004868546   0.0002961179  -0.0000725069   0.0004581222
        0.0004418529   0.0001001210  -0.0001993768   0.0002111716   0.0000687661
       -0.0000364441   0.0000470657
       -0.0002347730  -0.0000000054   0.0002013609  -0.0003566885   0.0000000084
       -0.0005599342   0.0011510054   0.0005460599   0.0015743360  -0.0041994965
       -0.0040593023   0.0197933630  -0.0231246902   0.0000006578  -0.0104260666
       -0.0041997908   0.0040589315   0.0197948725   0.0011510358  -0.0005460594
        0.0015743409   0.0000646760  -0.0000457995   0.0000013063   0.0001061936
        0.0000000013   0.0000585486   0.0000646751   0.0000458036   0.0000013059
        0.0000633464  -0.0002230952  -0.0005167073   0.0001294950   0.0001043177
       -0.0001738535   0.0007718802   0.0007618866  -0.0006263385  -0.0003441375
       -0.0025621063   0.0009247267   0.0283369542  -0.0000005612  -0.0312292991
        0.0007719144  -0.0007618413  -0.0006263070  -0.0003444294   0.0025623094
        0.0009249366   0.0000633216   0.0002231042  -0.0005167296   0.0001295083
       -0.0001043097  -0.0001738617
       -0.0000000022  -0.0000908300   0.0000000056   0.0000000028  -0.0005023272
       -0.0000000172   0.0000872006   0.0005684605   0.0002712637  -0.0020946762
       -0.0034909535   0.0302905017   0.0000003077  -0.0471148351   0.0000024865
        0.0020946599  -0.0034900905  -0.0302893709  -0.0000871675   0.0005684169
       -0.0002711976   0.0000279713  -0.0000192080  -0.0000207138   0.0000000013
        0.0000318375   0.0000000008  -0.0000279668  -0.0000192069   0.0000207132
       -0.0002935792   0.0000634336  -0.0005357239   0.0001712593   0.0000250307
       -0.0001393730  -0.0000446831   0.0000520734   0.0009322745  -0.0035647316
       -0.0049206434   0.0034695265  -0.0000005612   0.0631185771  -0.0000035654
        0.0000447207   0.0000520455  -0.0009323122   0.0035649222  -0.0049202431
       -0.0034695545   0.0002935683   0.0000634505   0.0005356938  -0.0001712462
        0.0000250121   0.0001393622
       -0.0001468903  -0.0000000032  -0.0001595022   0.0000755618  -0.0000000021
       -0.0000424639  -0.0003173795  -0.0010714175   0.0010641919  -0.0009339991
        0.0031092234  -0.0146489259   0.0307142028   0.0000034662  -0.3678605774
       -0.0009338150  -0.0031090776  -0.0146494969  -0.0003174321   0.0010713945
        0.0010642066  -0.0000158874   0.0000166893   0.0000017311   0.0000355555
        0.0000000003   0.0001215135  -0.0000158875  -0.0000166903   0.0000017314
        0.0006514413   0.0000768668   0.0004317606  -0.0004831652  -0.0001772272
        0.0001580909  -0.0002156251  -0.0005588759   0.0005512830   0.0015898983
        0.0029236341  -0.0006812157  -0.0312292991  -0.0000035654   0.3941878574
       -0.0002156508   0.0005588566   0.0005512759   0.0015900976  -0.0029236316
       -0.0006813248   0.0006514504  -0.0000768428   0.0004317685  -0.0004831765
        0.0001772023   0.0001580961
       -0.0010406505  -0.0017048475   0.0003434223  -0.0068800776   0.0004447879
       -0.0019582374   0.0001301110   0.0002578180  -0.0000371516  -0.0005996060
        0.0025096128   0.0010165212   0.0066111189   0.0117408518  -0.0050169749
       -0.0929716418  -0.0891862607   0.0405160093  -0.0172134225  -0.0231384203
        0.0099651856   0.0002049258  -0.0000423766   0.0000057830   0.0000257952
        0.0000159581  -0.0000161258  -0.0005486345  -0.0000863388  -0.0000801031
       -0.0000596373   0.0000202614   0.0000097231   0.0000197660   0.0001379579
       -0.0000038742   0.0002615496   0.0009136758  -0.0001758694  -0.0001006285
       -0.0000236304  -0.0000435495   0.0007719144   0.0000447207  -0.0002156508
        0.1096063138   0.0989438849  -0.0457527513   0.0009008373  -0.0003431612
        0.0009133685   0.0007321398  -0.0002557761   0.0002151828   0.0001498270
       -0.0002487177   0.0003150921
        0.0000752314  -0.0001740721   0.0001085479  -0.0008499289   0.0011446064
       -0.0004761973   0.0005915896   0.0004998297   0.0000885847   0.0034850637
       -0.0061488595  -0.0028574217  -0.0087613815  -0.0316267340   0.0094004533
       -0.0869513758  -0.1838119629   0.0656191494  -0.0040476544  -0.0027213926
        0.0015908654  -0.0000362721   0.0000485009   0.0000266942  -0.0000285717
       -0.0000211171  -0.0000676452  -0.0000020932   0.0000027909  -0.0000403763
        0.0000027534   0.0000211400   0.0000344187   0.0001637846   0.0001935175
       -0.0000008165  -0.0009135729  -0.0018426795   0.0004414352   0.0002533653
        0.0005113232  -0.0004868546  -0.0007618413   0.0000520455   0.0005588566
        0.0989438849   0.2250442805  -0.0766710761  -0.0015241605  -0.0016422036
        0.0029282160   0.0002252997   0.0000927278  -0.0002595133   0.0001358797
        0.0003782587   0.0000626796
       -0.0003690528  -0.0002787134   0.0001690320  -0.0014741299  -0.0001513453
        0.0004315015   0.0000269704  -0.0000080890  -0.0001937124   0.0008303903
       -0.0017213892   0.0004734758  -0.0039342539  -0.0079764532   0.0034690762
        0.0408839427   0.0691446743  -0.0775116809  -0.0046020707  -0.0059825369
        0.0028807008   0.0000378896  -0.0000076477  -0.0000115854   0.0001265163
        0.0000038946   0.0001052364  -0.0001279463  -0.0000645254  -0.0000127423
        0.0000117457   0.0000169443   0.0000449955  -0.0000148435  -0.0000023230
       -0.0000009947  -0.0001758639  -0.0004414813   0.0003825401  -0.0000303759
       -0.0001953298   0.0002961179  -0.0006263070  -0.0009323122   0.0005512759
       -0.0457527513  -0.0766710761   0.0844108084   0.0152203321   0.0258062951
       -0.0157873915  -0.0003856140  -0.0004612553   0.0003356458   0.0003554220
       -0.0000773302  -0.0000322991
       -0.0003014621   0.0000473273  -0.0001960652   0.0015390724   0.0007196079
        0.0006389331  -0.0000287779  -0.0002523632  -0.0003668152   0.0004369638
       -0.0003518314  -0.0000053271  -0.0017557485   0.0036420910   0.0178349631
       -0.0412998129  -0.0024005043  -0.0099255712  -0.0064425757   0.0007604600
       -0.0304604277   0.0000527478   0.0000250311  -0.0000606110   0.0001335632
        0.0000633138   0.0002379199   0.0000796348  -0.0000388212   0.0000813061
       -0.0001227970   0.0001310936   0.0001420523  -0.0000744967   0.0000347589
       -0.0000090350  -0.0001006176  -0.0002533944  -0.0000303898   0.0002331218
       -0.0001809426  -0.0000725069  -0.0003444294   0.0035649222   0.0015900976
        0.0009008373  -0.0015241605   0.0152203321   0.0523678095  -0.0036257045
        0.0087241194  -0.0059654621  -0.0003060114  -0.0029051735   0.0006924291
       -0.0000548724  -0.0004378009
       -0.0001669754  -0.0000394681  -0.0000842205   0.0001384047   0.0003440901
       -0.0001771086  -0.0001038393  -0.0002251754  -0.0001050213   0.0001452775
        0.0005758173  -0.0026373073   0.0031063135  -0.0046628765  -0.0292053660
       -0.0028889816  -0.0438000627   0.0052175137  -0.0000110191   0.0010473871
       -0.0008469728   0.0000690232   0.0000007529   0.0000272487   0.0000205292
       -0.0000493257   0.0000917316  -0.0000109517  -0.0000164692  -0.0000072803
        0.0001665884  -0.0000856029   0.0003026129   0.0000282975  -0.0000262810
        0.0000243422   0.0000236026   0.0005113003   0.0001953314   0.0001809870
       -0.0006672084   0.0004581222   0.0025623094  -0.0049202431  -0.0029236316
       -0.0003431612  -0.0016422036   0.0258062951  -0.0036257045   0.0529561066
        0.0032315106   0.0003572609   0.0007093594   0.0001471006   0.0003520392
       -0.0000098971   0.0004850994
        0.0000382473   0.0001094546  -0.0000345840   0.0007872573  -0.0000746278
        0.0010829187   0.0000467654  -0.0003174450  -0.0005853611  -0.0001843728
        0.0008628894   0.0007746378   0.0066582968  -0.0082686255  -0.0185926321
       -0.0101179939   0.0032998797  -0.2671105937  -0.0056237079   0.0011649069
       -0.0153795509   0.0000126294   0.0000490144  -0.0000008929   0.0001826120
        0.0000511231   0.0001596290   0.0000912858  -0.0000189910   0.0000562372
        0.0001001144   0.0001993770   0.0002111799   0.0000687650   0.0000364461
        0.0000470666  -0.0000435722   0.0004868565   0.0002961297  -0.0000724819
       -0.0004581444   0.0004418529   0.0009249366  -0.0034695545  -0.0006813248
        0.0009133685   0.0029282160  -0.0157873915   0.0087241194   0.0032315106
        0.3150015201  -0.0028361340  -0.0000239191  -0.0003322871   0.0003298647
        0.0002116328   0.0004334462
        0.0023707596  -0.0004435410   0.0026269747  -0.0027441064  -0.0084571963
        0.0174346303   0.0000510546   0.0006911902  -0.0002841846  -0.0002261296
        0.0000480230  -0.0000783293   0.0016949055  -0.0008748563  -0.0002667866
       -0.0059704809  -0.0001640865  -0.0306317079  -0.0439540344   0.0027636689
       -0.0096148767   0.0000486866   0.0000984376   0.0000195250   0.0003507863
        0.0003504815  -0.0011901657   0.0002205823   0.0001887427  -0.0003284881
        0.0000825978   0.0000173734  -0.0003438728  -0.0001112524   0.0002068499
       -0.0000610920  -0.0000596362  -0.0000027575   0.0000117465  -0.0001227826
       -0.0001665921   0.0001001210   0.0000633216   0.0002935683   0.0006514504
        0.0007321398   0.0002252997  -0.0003856140  -0.0059654621   0.0003572609
       -0.0028361340   0.0525832789   0.0026300333   0.0093275326   0.0009557717
        0.0022381003   0.0158492712
        0.0016904344   0.0003704703   0.0013752402  -0.0071504645  -0.0149693951
        0.0332348554  -0.0011626455   0.0026031262   0.0039604804  -0.0001360264
       -0.0003176115  -0.0000026635  -0.0001681982   0.0004519725   0.0007097853
        0.0004510743   0.0007878688   0.0002594849   0.0035967349  -0.0439978052
        0.0010495621  -0.0000283809  -0.0002729924  -0.0002134438   0.0001749912
        0.0001599783  -0.0010373745   0.0001898981   0.0001917920  -0.0002803291
       -0.0000173907   0.0005581239  -0.0015096875   0.0000175732   0.0005713302
       -0.0003362700  -0.0000202651   0.0000211396  -0.0000169443  -0.0001310976
       -0.0000856085  -0.0001993768   0.0002231042   0.0000634505  -0.0000768428
       -0.0002557761   0.0000927278  -0.0004612553  -0.0003060114   0.0007093594
       -0.0000239191   0.0026300333   0.0546334735  -0.0104770188   0.0004024128
       -0.0015714005  -0.0259542828
       -0.0015450016  -0.0003137313   0.0009073117   0.0117656568   0.0235809737
       -0.0247458098   0.0001349466  -0.0018937036   0.0008875628   0.0000919160
        0.0004061475  -0.0004490059   0.0012117057  -0.0001456548   0.0011638575
       -0.0051211022  -0.0008016760  -0.0148935396  -0.0142924047  -0.0075224548
       -0.2211227250  -0.0001856025  -0.0000810531  -0.0003583726   0.0014893308
        0.0004008116   0.0011048911  -0.0001908349  -0.0003737956   0.0003208406
       -0.0003439439   0.0015096590   0.0012507787  -0.0001269938  -0.0004935278
        0.0003163336   0.0000097244  -0.0000344186   0.0000449949   0.0001420644
       -0.0003026115   0.0002111716  -0.0005167296   0.0005356938   0.0004317685
        0.0002151828  -0.0002595133   0.0003356458  -0.0029051735   0.0001471006
       -0.0003322871   0.0093275326  -0.0104770188   0.2734618917   0.0008397264
       -0.0038812269  -0.0185353083
        0.0011282087  -0.0023660439  -0.0007068939   0.0051624251  -0.0090778903
       -0.0046666679  -0.0004392363  -0.0025390639   0.0011099831  -0.0000302319
       -0.0004920457   0.0002047748  -0.0089815261   0.0032257741  -0.0014653030
       -0.0154529946   0.0215608956   0.0099383882  -0.0903461302   0.0861262948
        0.0422958518  -0.0005528705  -0.0002856710   0.0002990605  -0.0001668345
        0.0001419019   0.0000515619   0.0001645831   0.0000207026   0.0000054005
       -0.0001112416  -0.0000176037  -0.0001270179   0.0002361466  -0.0009788044
       -0.0001837616   0.0000197803  -0.0001637925  -0.0000148465  -0.0000744937
       -0.0000283009   0.0000687661   0.0001295083  -0.0001712462  -0.0004831765
        0.0001498270   0.0001358797   0.0003554220   0.0006924291   0.0003520392
        0.0003298647   0.0009557717   0.0004024128   0.0008397264   0.1075168793
       -0.0958454384  -0.0478511326
        0.0010777012   0.0003335489  -0.0004174788   0.0101890096  -0.0330241492
       -0.0079435747  -0.0037816463  -0.0058919471   0.0022862345  -0.0004827958
        0.0004109599  -0.0000487226   0.0011360400   0.0007143483   0.0003549590
        0.0027265039  -0.0021989981  -0.0010228762   0.0829223385  -0.1801944229
       -0.0699962868  -0.0010607716   0.0001927244   0.0003760812   0.0001015259
       -0.0001115919  -0.0000004297   0.0005880383   0.0005553456  -0.0000394690
       -0.0002068811   0.0005713057   0.0004935260   0.0009789022  -0.0017588132
       -0.0004691180  -0.0001379660   0.0001935030   0.0000023256  -0.0000347610
       -0.0000262828  -0.0000364441  -0.0001043097   0.0000250121   0.0001772023
       -0.0002487177   0.0003782587  -0.0000773302  -0.0000548724  -0.0000098971
        0.0002116328   0.0022381003  -0.0015714005  -0.0038812269  -0.0958454384
        0.2214124960   0.0800309957
       -0.0002205970   0.0002204895   0.0006253635  -0.0044424710   0.0081170643
        0.0043453063   0.0009352866   0.0013944129   0.0002157885  -0.0000175662
       -0.0000771566  -0.0000809489  -0.0017537612   0.0008811022   0.0005468135
       -0.0037489200   0.0055108406   0.0028640908   0.0420475462  -0.0714706520
       -0.0801775797  -0.0001856641  -0.0000368556   0.0002848936   0.0001258645
       -0.0001955141  -0.0004033232  -0.0001834961   0.0001105941  -0.0000938463
       -0.0000611114   0.0003362715   0.0003163474  -0.0001837674   0.0004690737
        0.0003452182  -0.0000038766   0.0000008194  -0.0000009947  -0.0000090343
       -0.0000243441   0.0000470657  -0.0001738617   0.0001393622   0.0001580961
        0.0003150921   0.0000626796  -0.0000322991  -0.0004378009   0.0004850994
        0.0004334462   0.0158492712  -0.0259542828  -0.0185353083  -0.0478511326
        0.0800309957   0.0891418705
