$hessian                                                                        
        0.4877536915  -0.0230163342   0.0247612859  -0.1541767161  -0.0445887930
        0.0512163583  -0.0282252202  -0.0039771679   0.0072071923   0.0006387031
       -0.0037373637   0.0027400585  -0.0061628921   0.0020070967  -0.0010565737
       -0.0016432784  -0.0004641396   0.0004262397  -0.0434531273  -0.0119665995
       -0.0033110764  -0.0440562963  -0.0012899711  -0.0159004030  -0.2038001802
        0.0922653231  -0.0715092628  -0.0049280211  -0.0047145584   0.0020680822
       -0.0016156314  -0.0005656378   0.0033852935   0.0000149349  -0.0000144993
        0.0001039794  -0.0003628849   0.0001682002  -0.0001155221   0.0000169186
       -0.0001055554  -0.0000156517
       -0.0230163342   0.5184824847   0.0088329094  -0.0439542268  -0.0881743634
        0.0238494837   0.0065824218   0.0047488225  -0.0048471286   0.0009875411
        0.0005975752  -0.0009951385   0.0036292545  -0.0001990380   0.0008198634
        0.0008458539   0.0004538230  -0.0000408075  -0.0112242931  -0.2791745521
       -0.0461899166  -0.0016035300  -0.0493533999  -0.0325591845   0.0916297185
       -0.0948026637   0.0386069117  -0.0251437663  -0.0140895992   0.0125387743
        0.0011792390   0.0014974253   0.0000045001  -0.0000155094   0.0000082127
       -0.0000201189   0.0002125685  -0.0000588417   0.0000288219  -0.0001089376
        0.0000641146  -0.0000289699
        0.0247612859   0.0088329094   0.5146463370   0.0505572802   0.0239882754
       -0.0943314670  -0.0032845822  -0.0031385095   0.0038881960  -0.0011161228
       -0.0006967363   0.0001630443  -0.0025298616   0.0009343744   0.0002505231
       -0.0006505411  -0.0000558669   0.0003853186  -0.0029037904  -0.0459177110
       -0.0537490721  -0.0166587362  -0.0329693336  -0.2828826459  -0.0709078552
        0.0385247622  -0.0740415108  -0.0026259687  -0.0006532901   0.0024126223
        0.0254183034   0.0111622919  -0.0167516378   0.0000968144  -0.0000391564
        0.0000365118  -0.0001606852   0.0000337737  -0.0000217791   0.0000044595
       -0.0000057831  -0.0000044405
       -0.1541767161  -0.0439542268   0.0505572802   0.4606065753   0.0199064797
       -0.0123240906  -0.1346783534   0.0468621943  -0.0348461243  -0.0032868553
        0.0091166744  -0.0057785853  -0.0502776626   0.0070807556  -0.0025853746
       -0.0029487568  -0.0022125074   0.0022750234  -0.0045665501  -0.0059495568
        0.0019145259  -0.0013208177  -0.0004565751   0.0044170723  -0.0263792996
       -0.0096483600   0.0116442055  -0.0412032896  -0.0186175208  -0.0020432960
       -0.0402487988  -0.0027605072  -0.0128333520  -0.0000723606   0.0000815517
        0.0001464759  -0.0012368421   0.0006446700  -0.0004323280  -0.0002102727
       -0.0000930716  -0.0001114324
       -0.0445887930  -0.0881743634   0.0239882754   0.0199064797   0.5015340241
        0.0030264428   0.0360736569  -0.0857540968   0.0083906489   0.0286814661
       -0.0219967494   0.0318163603  -0.0035240752   0.0091409574  -0.0030783912
       -0.0027504865   0.0010520709   0.0032617937  -0.0264327458  -0.0154424062
        0.0138547036   0.0021997384   0.0012210153   0.0000241690   0.0101901683
        0.0049063350  -0.0053562253  -0.0157750238  -0.2648566236  -0.0450848239
       -0.0033188228  -0.0417103131  -0.0308972896   0.0005258738  -0.0001943089
        0.0000838729  -0.0006665003   0.0003359571  -0.0000889258  -0.0005209359
       -0.0000614984   0.0000593890
        0.0512163583   0.0238494837  -0.0943314670  -0.0123240906   0.0030264428
        0.4962479296  -0.0248922473   0.0072466297  -0.0766633601  -0.0214439743
        0.0327867844  -0.0068960336   0.0058510983  -0.0041316110   0.0083472713
        0.0028646072   0.0034341958   0.0022282788  -0.0033153168  -0.0001808989
        0.0021531164   0.0264769649   0.0123294753  -0.0177119892  -0.0067305072
       -0.0033298280   0.0041143125  -0.0018175049  -0.0478874875  -0.0479268220
       -0.0165568294  -0.0271307101  -0.2696479474   0.0006789760  -0.0000016389
       -0.0000682513   0.0006891338  -0.0002046185   0.0002782785  -0.0006966682
        0.0001937812  -0.0001233164
       -0.0282252202   0.0065824218  -0.0032845822  -0.1346783534   0.0360736569
       -0.0248922473   0.4751562027  -0.0471838640   0.0211738660  -0.0818831941
        0.0486524957  -0.0385026127  -0.1712711663  -0.0426479301   0.0420097816
       -0.0500305032  -0.0072000495   0.0088725373  -0.0005873105  -0.0000681796
       -0.0002578197  -0.0002500742   0.0002810301   0.0000299013  -0.0034222992
       -0.0016960773   0.0021263039   0.0020603704   0.0025305637  -0.0024300336
       -0.0017947037   0.0041471834  -0.0048739230   0.0007559398  -0.0002335635
        0.0012263533  -0.0066479246   0.0020089545  -0.0011115280   0.0008182364
       -0.0012466420  -0.0000859970
       -0.0039771679   0.0047488225  -0.0031385095   0.0468621943  -0.0857540968
        0.0072466297  -0.0471838640   0.6531219323  -0.3695626619   0.0356018934
       -0.4570963082   0.3148050714  -0.0579792337  -0.1064040861   0.0448106532
        0.0019020750   0.0108389143  -0.0083307732  -0.0025017649  -0.0007454765
       -0.0008441655  -0.0008903688   0.0010131804   0.0009176181  -0.0022001435
       -0.0010473246   0.0017073209   0.0246144317  -0.0208836407   0.0099962976
       -0.0025472222   0.0020186728   0.0014638262   0.0022365532   0.0021061846
        0.0012382960   0.0021383216  -0.0017588709   0.0017104866   0.0039242957
       -0.0001579029  -0.0020200895
        0.0072071923  -0.0048471286   0.0038881960  -0.0348461243   0.0083906489
       -0.0766633601   0.0211738660  -0.3695626619   0.4937586315  -0.0280706151
        0.3139455621  -0.3196110877   0.0545161584   0.0440706666  -0.0946203768
        0.0016693504  -0.0077794488   0.0069433853   0.0008355096   0.0006121683
        0.0009357463   0.0021354667  -0.0009344906  -0.0008350354   0.0025012589
        0.0016442898  -0.0011621672   0.0054429125  -0.0013772515   0.0026260111
       -0.0262119363   0.0144479829  -0.0164627806  -0.0037293687  -0.0012801950
       -0.0000588550  -0.0014357228   0.0017415696  -0.0007711108  -0.0011879475
        0.0009282882   0.0020328033
        0.0006387031   0.0009875411  -0.0011161228  -0.0032868553   0.0286814661
       -0.0214439743  -0.0818831941   0.0356018934  -0.0280706151   0.0939287116
       -0.0242091457   0.0156094311  -0.0090907267  -0.0428770581   0.0369062432
        0.0012836829  -0.0032015819   0.0022017931   0.0004862413   0.0004677149
        0.0002186110   0.0004047422  -0.0002534764  -0.0004266192   0.0006987341
        0.0004387997  -0.0004613126  -0.0037090347   0.0026663109  -0.0018738827
       -0.0029568489   0.0020195363  -0.0015504419   0.0010242907   0.0007339057
        0.0002722384   0.0014882063  -0.0008702382   0.0006577466   0.0009733476
       -0.0001856678  -0.0009230948
       -0.0037373637   0.0005975752  -0.0006967363   0.0091166744  -0.0219967494
        0.0327867844   0.0486524957  -0.4570963082   0.3139455621  -0.0242091457
        0.5227094341  -0.4013034265  -0.0372520177  -0.0421675924   0.0575627775
        0.0022878363  -0.0004929613  -0.0028188760   0.0011386890   0.0010223087
        0.0003956161   0.0002275800  -0.0002927235  -0.0008885893  -0.0005797888
        0.0003656562  -0.0002723207   0.0018263016  -0.0002881607   0.0009880449
        0.0036619605  -0.0030007963   0.0012759562  -0.0008497342  -0.0006443775
       -0.0011689423   0.0008788887   0.0008817414  -0.0006841621  -0.0011623762
        0.0004029538   0.0008783121
        0.0027400585  -0.0009951385   0.0001630443  -0.0057785853   0.0318163603
       -0.0068960336  -0.0385026127   0.3148050714  -0.3196110877   0.0156094311
       -0.4013034265   0.3512285993   0.0321529613   0.0578078385  -0.0230003985
       -0.0022312548  -0.0025158790  -0.0016895080  -0.0002623782  -0.0007842558
       -0.0003968381  -0.0009086865   0.0005061453   0.0010055228   0.0003796455
       -0.0003895794   0.0003044702  -0.0038498548   0.0020426999  -0.0020566684
       -0.0000183241   0.0000443138   0.0007238117   0.0010642524   0.0004969668
        0.0002620506  -0.0008013494  -0.0005881688   0.0005863859   0.0004066972
       -0.0009429478  -0.0006233505
       -0.0061628921   0.0036292545  -0.0025298616  -0.0502776626  -0.0035240752
        0.0058510983  -0.1712711663  -0.0579792337   0.0545161584  -0.0090907267
       -0.0372520177   0.0321529613   0.4626548797   0.0005613194  -0.0256489098
       -0.1544480916   0.0613916180  -0.0431882189   0.0008595615   0.0002760646
        0.0000285182   0.0006102971  -0.0000755850  -0.0002464697  -0.0021781310
       -0.0004563676   0.0006631648  -0.0009748281   0.0000522072   0.0013706810
       -0.0012201526  -0.0011030061  -0.0000797114  -0.0195254461   0.0080278706
       -0.0155284867  -0.0323570798   0.0091476363  -0.0053862191  -0.0166185615
        0.0173043147  -0.0019747048
        0.0020070967  -0.0001990380   0.0009343744   0.0070807556   0.0091409574
       -0.0041316110  -0.0426479301  -0.1064040861   0.0440706666  -0.0428770581
       -0.0421675924   0.0578078385   0.0005613194   0.2481701287  -0.1428535385
        0.0489045723  -0.0980798150   0.0318077111   0.0005490665   0.0001824039
        0.0002029825   0.0001871239  -0.0003212773  -0.0000084506   0.0003498217
        0.0003603687  -0.0003487456  -0.0011412587   0.0013062312   0.0006877500
        0.0002856615  -0.0002593200   0.0000358683   0.0041849915  -0.0011671353
        0.0059627677  -0.0128657233   0.0073413273  -0.0044256414   0.0354215611
       -0.0179031531   0.0102580281
       -0.0010565737   0.0008198634   0.0002505231  -0.0025853746  -0.0030783912
        0.0083472713   0.0420097816   0.0448106532  -0.0946203768   0.0369062432
        0.0575627775  -0.0230003985  -0.0256489098  -0.1428535385   0.1887970837
       -0.0329680704   0.0308506252  -0.0778112757  -0.0002939919   0.0000140972
       -0.0002586002  -0.0004322183   0.0001526656   0.0002303482  -0.0001462892
       -0.0002560220   0.0002813894  -0.0006104057   0.0001021808  -0.0002884666
        0.0015345516   0.0004964055   0.0010955470  -0.0345318331   0.0160511410
       -0.0108239153   0.0119857475  -0.0056406997   0.0044969324   0.0058373429
        0.0009682420   0.0033039380
       -0.0016432784   0.0008458539  -0.0006505411  -0.0029487568  -0.0027504865
        0.0028646072  -0.0500305032   0.0019020750   0.0016693504   0.0012836829
        0.0022878363  -0.0022312548  -0.1544480916   0.0489045723  -0.0329680704
        0.4388907561   0.0466038394  -0.0337359080   0.0000111128   0.0002352061
        0.0000073044   0.0000101965   0.0000113985  -0.0002514990  -0.0004182873
       -0.0003282921   0.0003460554  -0.0002277485  -0.0001681695  -0.0000562297
       -0.0002810487   0.0000828407   0.0001449900  -0.0411710488  -0.0034671869
       -0.0200224669  -0.1494152883  -0.0973071448   0.0816758548  -0.0396116968
        0.0031476576   0.0032078076
       -0.0004641396   0.0004538230  -0.0000558669  -0.0022125074   0.0010520709
        0.0034341958  -0.0072000495   0.0108389143  -0.0077794488  -0.0032015819
       -0.0004929613  -0.0025158790   0.0613916180  -0.0980798150   0.0308506252
        0.0466038394   0.5012930250  -0.0068309612   0.0000102714  -0.0000843808
       -0.0000398796   0.0000232139   0.0000278538   0.0000153906  -0.0001762474
       -0.0000065828   0.0000136867   0.0000534650   0.0003561528  -0.0001869883
        0.0005597657  -0.0002772068   0.0000533637  -0.0028851161  -0.0438592242
       -0.0145696981  -0.0923550706  -0.1205276588   0.0649489581  -0.0001474611
       -0.2506940101  -0.0673374982
        0.0004262397  -0.0000408075   0.0003853186   0.0022750234   0.0032617937
        0.0022282788   0.0088725373  -0.0083307732   0.0069433853   0.0022017931
       -0.0028188760  -0.0016895080  -0.0431882189   0.0318077111  -0.0778112757
       -0.0337359080  -0.0068309612   0.5036916648  -0.0000240381  -0.0000190044
        0.0000281221   0.0000042789  -0.0000333297  -0.0000801171   0.0001341854
        0.0000072646  -0.0000409997  -0.0004261491   0.0002032514  -0.0002381109
        0.0002227007  -0.0003310075   0.0003281871  -0.0164116146  -0.0151697953
       -0.2701514601   0.0778274093   0.0652325852  -0.0988016534   0.0018217608
       -0.0669380510  -0.0647918318
       -0.0434531273  -0.0112242931  -0.0029037904  -0.0045665501  -0.0264327458
       -0.0033153168  -0.0005873105  -0.0025017649   0.0008355096   0.0004862413
        0.0011386890  -0.0002623782   0.0008595615   0.0005490665  -0.0002939919
        0.0000111128   0.0000102714  -0.0000240381   0.0503992030   0.0167809565
        0.0009407487   0.0007878975  -0.0029228532  -0.0014308494  -0.0001624372
        0.0272529806   0.0044972921  -0.0044094458  -0.0027525007   0.0023381255
        0.0006219624   0.0000714718  -0.0003916085   0.0000039815  -0.0000110690
        0.0000000102   0.0000499519   0.0000150512  -0.0000086923  -0.0000410410
        0.0000267398   0.0000189795
       -0.0119665995  -0.2791745521  -0.0459177110  -0.0059495568  -0.0154424062
       -0.0001808989  -0.0000681796  -0.0007454765   0.0006121683   0.0004677149
        0.0010223087  -0.0007842558   0.0002760646   0.0001824039   0.0000140972
        0.0002352061  -0.0000843808  -0.0000190044   0.0167809565   0.3216905809
        0.0522442019  -0.0000930330  -0.0079629538  -0.0045399564   0.0023887495
       -0.0193066592  -0.0029797348  -0.0025113329  -0.0004888297   0.0016511041
        0.0004130571   0.0002770951  -0.0001060003  -0.0000010374  -0.0000172064
       -0.0000087420   0.0000396456  -0.0000003572  -0.0000051859  -0.0000116549
        0.0000504333   0.0000199181
       -0.0033110764  -0.0461899166  -0.0537490721   0.0019145259   0.0138547036
        0.0021531164  -0.0002578197  -0.0008441655   0.0009357463   0.0002186110
        0.0003956161  -0.0003968381   0.0000285182   0.0002029825  -0.0002586002
        0.0000073044  -0.0000398796   0.0000281221   0.0009407487   0.0522442019
        0.0589346846  -0.0015066029  -0.0337019206  -0.0102119146  -0.0005411744
        0.0117372467   0.0025468730   0.0025495713   0.0016530137  -0.0004026597
       -0.0000390713   0.0007000886   0.0004186248  -0.0000035137  -0.0000149190
       -0.0000102260  -0.0000093493   0.0000104972  -0.0000079911   0.0000093283
       -0.0000075491   0.0000201345
       -0.0440562963  -0.0016035300  -0.0166587362  -0.0013208177   0.0021997384
        0.0264769649  -0.0002500742  -0.0008903688   0.0021354667   0.0004047422
        0.0002275800  -0.0009086865   0.0006102971   0.0001871239  -0.0004322183
        0.0000101965   0.0000232139   0.0000042789   0.0007878975  -0.0000930330
       -0.0015066029   0.0508680790   0.0041988560   0.0154153653  -0.0035129130
       -0.0027422858  -0.0277011417   0.0006677077   0.0003945560   0.0000001542
       -0.0042183236  -0.0018983691   0.0032145485  -0.0000452222   0.0000006611
       -0.0000264572   0.0000435284   0.0000054137  -0.0000139311   0.0000111988
       -0.0000095564   0.0000009955
       -0.0012899711  -0.0493533999  -0.0329693336  -0.0004565751   0.0012210153
        0.0123294753   0.0002810301   0.0010131804  -0.0009344906  -0.0002534764
       -0.0002927235   0.0005061453  -0.0000755850  -0.0003212773   0.0001526656
        0.0000113985   0.0000278538  -0.0000333297  -0.0029228532  -0.0079629538
       -0.0337019206   0.0041988560   0.0533136792   0.0367745893   0.0025460041
        0.0021170106   0.0154929070   0.0001308071   0.0003651919   0.0007222945
       -0.0021747575  -0.0001319935   0.0016655149  -0.0000005180   0.0000239105
       -0.0000045011   0.0000059502  -0.0000102136   0.0000125971  -0.0000003096
       -0.0000092802  -0.0000126135
       -0.0159004030  -0.0325591845  -0.2828826459   0.0044170723   0.0000241690
       -0.0177119892   0.0000299013   0.0009176181  -0.0008350354  -0.0004266192
       -0.0008885893   0.0010055228  -0.0002464697  -0.0000084506   0.0002303482
       -0.0002514990   0.0000153906  -0.0000801171  -0.0014308494  -0.0045399564
       -0.0102119146   0.0154153653   0.0367745893   0.3265847890  -0.0041105061
       -0.0011749906  -0.0156481211  -0.0004790115  -0.0001044465   0.0004090587
        0.0030092892   0.0015454606  -0.0008916272   0.0000216639   0.0000057566
        0.0000546054  -0.0000400658  -0.0000051957  -0.0000010599  -0.0000078685
       -0.0000021705  -0.0000218138
       -0.2038001802   0.0916297185  -0.0709078552  -0.0263792996   0.0101901683
       -0.0067305072  -0.0034222992  -0.0022001435   0.0025012589   0.0006987341
       -0.0005797888   0.0003796455  -0.0021781310   0.0003498217  -0.0001462892
       -0.0004182873  -0.0001762474   0.0001341854  -0.0001624372   0.0023887495
       -0.0005411744  -0.0035129130   0.0025460041  -0.0041105061   0.2381281137
       -0.1048519931   0.0801733735   0.0004561390   0.0002452825  -0.0004769722
        0.0006197376   0.0004474093  -0.0002694087   0.0000463119   0.0000008784
        0.0000182472  -0.0001225290   0.0000314682  -0.0000198362   0.0000470401
       -0.0000213277  -0.0000041613
        0.0922653231  -0.0948026637   0.0385247622  -0.0096483600   0.0049063350
       -0.0033298280  -0.0016960773  -0.0010473246   0.0016442898   0.0004387997
        0.0003656562  -0.0003895794  -0.0004563676   0.0003603687  -0.0002560220
       -0.0003282921  -0.0000065828   0.0000072646   0.0272529806  -0.0193066592
        0.0117372467  -0.0027422858   0.0021170106  -0.0011749906  -0.1048519931
        0.1067589721  -0.0464134559  -0.0004177405   0.0005245816  -0.0001234784
        0.0002197627   0.0001281464  -0.0002251141  -0.0000043968  -0.0000109848
        0.0000057511  -0.0000259129   0.0000252262  -0.0000181733  -0.0000054400
       -0.0000120817   0.0000113272
       -0.0715092628   0.0386069117  -0.0740415108   0.0116442055  -0.0053562253
        0.0041143125   0.0021263039   0.0017073209  -0.0011621672  -0.0004613126
       -0.0002723207   0.0003044702   0.0006631648  -0.0003487456   0.0002813894
        0.0003460554   0.0000136867  -0.0000409997   0.0044972921  -0.0029797348
        0.0025468730  -0.0277011417   0.0154929070  -0.0156481211   0.0801733735
       -0.0464134559   0.0829529725  -0.0002901989  -0.0001856671   0.0001425759
        0.0004712178  -0.0002624150   0.0005472294   0.0000060691   0.0000105404
       -0.0000113046   0.0000386046  -0.0000246525   0.0000188286  -0.0000043708
        0.0000118501  -0.0000045481
       -0.0049280211  -0.0251437663  -0.0026259687  -0.0412032896  -0.0157750238
       -0.0018175049   0.0020603704   0.0246144317   0.0054429125  -0.0037090347
        0.0018263016  -0.0038498548  -0.0009748281  -0.0011412587  -0.0006104057
       -0.0002277485   0.0000534650  -0.0004261491  -0.0044094458  -0.0025113329
        0.0025495713   0.0006677077   0.0001308071  -0.0004790115   0.0004561390
       -0.0004177405  -0.0002901989   0.0502934879   0.0215885570   0.0032137376
        0.0017895755  -0.0030882998  -0.0011598244  -0.0000135959   0.0000088434
        0.0000291497   0.0000737174  -0.0000500622   0.0000386184   0.0001249659
       -0.0000949217  -0.0000150715
       -0.0047145584  -0.0140895992  -0.0006532901  -0.0186175208  -0.2648566236
       -0.0478874875   0.0025305637  -0.0208836407  -0.0013772515   0.0026663109
       -0.0002881607   0.0020426999   0.0000522072   0.0013062312   0.0001021808
       -0.0001681695   0.0003561528   0.0002032514  -0.0027525007  -0.0004888297
        0.0016530137   0.0003945560   0.0003651919  -0.0001044465   0.0002452825
        0.0005245816  -0.0001856671   0.0215885570   0.3055800698   0.0514726000
       -0.0008314576  -0.0077576211  -0.0051891997  -0.0000418147   0.0000047892
       -0.0000473069  -0.0000928948   0.0000646739  -0.0000283884  -0.0002585609
        0.0001627847  -0.0000007079
        0.0020680822   0.0125387743   0.0024126223  -0.0020432960  -0.0450848239
       -0.0479268220  -0.0024300336   0.0099962976   0.0026260111  -0.0018738827
        0.0009880449  -0.0020566684   0.0013706810   0.0006877500  -0.0002884666
       -0.0000562297  -0.0001869883  -0.0002381109   0.0023381255   0.0016511041
       -0.0004026597   0.0000001542   0.0007222945   0.0004090587  -0.0004769722
       -0.0001234784   0.0001425759   0.0032137376   0.0514726000   0.0561662053
       -0.0020327262  -0.0327178349  -0.0107705844  -0.0001053308   0.0000585550
       -0.0000320512   0.0000219327  -0.0000081845  -0.0000001667   0.0000057579
        0.0000058897  -0.0000409435
       -0.0016156314   0.0011792390   0.0254183034  -0.0402487988  -0.0033188228
       -0.0165568294  -0.0017947037  -0.0025472222  -0.0262119363  -0.0029568489
        0.0036619605  -0.0000183241  -0.0012201526   0.0002856615   0.0015345516
       -0.0002810487   0.0005597657   0.0002227007   0.0006219624   0.0004130571
       -0.0000390713  -0.0042183236  -0.0021747575   0.0030092892   0.0006197376
        0.0002197627   0.0004712178   0.0017895755  -0.0008314576  -0.0020327262
        0.0491140891   0.0026305426   0.0140750808   0.0001721716  -0.0000280868
        0.0001087144   0.0000801272  -0.0000472947   0.0000334683  -0.0000621556
       -0.0000023476  -0.0000144388
       -0.0005656378   0.0014974253   0.0111622919  -0.0027605072  -0.0417103131
       -0.0271307101   0.0041471834   0.0020186728   0.0144479829   0.0020195363
       -0.0030007963   0.0000443138  -0.0011030061  -0.0002593200   0.0004964055
        0.0000828407  -0.0002772068  -0.0003310075   0.0000714718   0.0002770951
        0.0007000886  -0.0018983691  -0.0001319935   0.0015454606   0.0004474093
        0.0001281464  -0.0002624150  -0.0030882998  -0.0077576211  -0.0327178349
        0.0026305426   0.0492823468   0.0320438666  -0.0000568515  -0.0000366833
       -0.0000186633  -0.0000344303  -0.0000008296  -0.0000193620   0.0001081177
       -0.0000289227   0.0000395830
        0.0033852935   0.0000045001  -0.0167516378  -0.0128333520  -0.0308972896
       -0.2696479474  -0.0048739230   0.0014638262  -0.0164627806  -0.0015504419
        0.0012759562   0.0007238117  -0.0000797114   0.0000358683   0.0010955470
        0.0001449900   0.0000533637   0.0003281871  -0.0003916085  -0.0001060003
        0.0004186248   0.0032145485   0.0016655149  -0.0008916272  -0.0002694087
       -0.0002251141   0.0005472294  -0.0011598244  -0.0051891997  -0.0107705844
        0.0140750808   0.0320438666   0.3112416206   0.0002332874  -0.0000545332
        0.0001257421   0.0000773638  -0.0000300989   0.0000346080   0.0000277057
       -0.0000406602   0.0000092068
        0.0000149349  -0.0000155094   0.0000968144  -0.0000723606   0.0005258738
        0.0006789760   0.0007559398   0.0022365532  -0.0037293687   0.0010242907
       -0.0008497342   0.0010642524  -0.0195254461   0.0041849915  -0.0345318331
       -0.0411710488  -0.0028851161  -0.0164116146   0.0000039815  -0.0000010374
       -0.0000035137  -0.0000452222  -0.0000005180   0.0000216639   0.0000463119
       -0.0000043968   0.0000060691  -0.0000135959  -0.0000418147  -0.0001053308
        0.0001721716  -0.0000568515   0.0002332874   0.0552872977  -0.0026282011
        0.0322461227   0.0018280991   0.0007381619   0.0211096588   0.0016946465
       -0.0012024014  -0.0006751838
       -0.0000144993   0.0000082127  -0.0000391564   0.0000815517  -0.0001943089
       -0.0000016389  -0.0002335635   0.0021061846  -0.0012801950   0.0007339057
       -0.0006443775   0.0004969668   0.0080278706  -0.0011671353   0.0160511410
       -0.0034671869  -0.0438592242  -0.0151697953  -0.0000110690  -0.0000172064
       -0.0000149190   0.0000006611   0.0000239105   0.0000057566   0.0000008784
       -0.0000109848   0.0000105404   0.0000088434   0.0000047892   0.0000585550
       -0.0000280868  -0.0000366833  -0.0000545332  -0.0026282011   0.0479812743
        0.0132961133  -0.0003557923   0.0010057013   0.0184677378  -0.0021153120
       -0.0052001522  -0.0318265729
        0.0001039794  -0.0000201189   0.0000365118   0.0001464759   0.0000838729
       -0.0000682513   0.0012263533   0.0012382960  -0.0000588550   0.0002722384
       -0.0011689423   0.0002620506  -0.0155284867   0.0059627677  -0.0108239153
       -0.0200224669  -0.0145696981  -0.2701514601   0.0000000102  -0.0000087420
       -0.0000102260  -0.0000264572  -0.0000045011   0.0000546054   0.0000182472
        0.0000057511  -0.0000113046   0.0000291497  -0.0000473069  -0.0000320512
        0.0001087144  -0.0000186633   0.0001257421   0.0322461227   0.0132961133
        0.3129988320   0.0013785558  -0.0003236665  -0.0180027072   0.0000475640
       -0.0044251619  -0.0143189713
       -0.0003628849   0.0002125685  -0.0001606852  -0.0012368421  -0.0006665003
        0.0006891338  -0.0066479246   0.0021383216  -0.0014357228   0.0014882063
        0.0008788887  -0.0008013494  -0.0323570798  -0.0128657233   0.0119857475
       -0.1494152883  -0.0923550706   0.0778274093   0.0000499519   0.0000396456
       -0.0000093493   0.0000435284   0.0000059502  -0.0000400658  -0.0001225290
       -0.0000259129   0.0000386046   0.0000737174  -0.0000928948   0.0000219327
        0.0000801272  -0.0000344303   0.0000773638   0.0018280991  -0.0003557923
        0.0013785558   0.1862894148   0.1060672330  -0.0905206932   0.0002895036
       -0.0029462832   0.0009491181
        0.0001682002  -0.0000588417   0.0000337737   0.0006446700   0.0003359571
       -0.0002046185   0.0020089545  -0.0017588709   0.0017415696  -0.0008702382
        0.0008817414  -0.0005881688   0.0091476363   0.0073413273  -0.0056406997
       -0.0973071448  -0.1205276588   0.0652325852   0.0000150512  -0.0000003572
        0.0000104972   0.0000054137  -0.0000102136  -0.0000051957   0.0000314682
        0.0000252262  -0.0000246525  -0.0000500622   0.0000646739  -0.0000081845
       -0.0000472947  -0.0000008296  -0.0000300989   0.0007381619   0.0010057013
       -0.0003236665   0.1060672330   0.1327867050  -0.0744686132  -0.0205520491
       -0.0200845603   0.0142754728
       -0.0001155221   0.0000288219  -0.0000217791  -0.0004323280  -0.0000889258
        0.0002782785  -0.0011115280   0.0017104866  -0.0007711108   0.0006577466
       -0.0006841621   0.0005863859  -0.0053862191  -0.0044256414   0.0044969324
        0.0816758548   0.0649489581  -0.0988016534  -0.0000086923  -0.0000051859
       -0.0000079911  -0.0000139311   0.0000125971  -0.0000010599  -0.0000198362
       -0.0000181733   0.0000188286   0.0000386184  -0.0000283884  -0.0000001667
        0.0000334683  -0.0000193620   0.0000346080   0.0211096588   0.0184677378
       -0.0180027072  -0.0905206932  -0.0744686132   0.1076739616  -0.0059065968
       -0.0054301493   0.0045174730
        0.0000169186  -0.0001089376   0.0000044595  -0.0002102727  -0.0005209359
       -0.0006966682   0.0008182364   0.0039242957  -0.0011879475   0.0009733476
       -0.0011623762   0.0004066972  -0.0166185615   0.0354215611   0.0058373429
       -0.0396116968  -0.0001474611   0.0018217608  -0.0000410410  -0.0000116549
        0.0000093283   0.0000111988  -0.0000003096  -0.0000078685   0.0000470401
       -0.0000054400  -0.0000043708   0.0001249659  -0.0002585609   0.0000057579
       -0.0000621556   0.0001081177   0.0000277057   0.0016946465  -0.0021153120
        0.0000475640   0.0002895036  -0.0205520491  -0.0059065968   0.0525678703
       -0.0145709373  -0.0003571645
       -0.0001055554   0.0000641146  -0.0000057831  -0.0000930716  -0.0000614984
        0.0001937812  -0.0012466420  -0.0001579029   0.0009282882  -0.0001856678
        0.0004029538  -0.0009429478   0.0173043147  -0.0179031531   0.0009682420
        0.0031476576  -0.2506940101  -0.0669380510   0.0000267398   0.0000504333
       -0.0000075491  -0.0000095564  -0.0000092802  -0.0000021705  -0.0000213277
       -0.0000120817   0.0000118501  -0.0000949217   0.0001627847   0.0000058897
       -0.0000023476  -0.0000289227  -0.0000406602  -0.0012024014  -0.0052001522
       -0.0044251619  -0.0029462832  -0.0200845603  -0.0054301493  -0.0145709373
        0.2934712753   0.0756844217
       -0.0000156517  -0.0000289699  -0.0000044405  -0.0001114324   0.0000593890
       -0.0001233164  -0.0000859970  -0.0020200895   0.0020328033  -0.0009230948
        0.0008783121  -0.0006233505  -0.0019747048   0.0102580281   0.0033039380
        0.0032078076  -0.0673374982  -0.0647918318   0.0000189795   0.0000199181
        0.0000201345   0.0000009955  -0.0000126135  -0.0000218138  -0.0000041613
        0.0000113272  -0.0000045481  -0.0000150715  -0.0000007079  -0.0000409435
       -0.0000144388   0.0000395830   0.0000092068  -0.0006751838  -0.0318265729
       -0.0143189713   0.0009491181   0.0142754728   0.0045174730  -0.0003571645
        0.0756844217   0.0700456604
