           1           2   1.0201036105635064     
           2           3  0.97185886900347940     
           3           4   1.7672551353520041     
           3           5   1.1178593865364486     
           4           5  0.16953688053468352     
           5           6  0.95834957765977813     
           1           7  0.98608367855520351     
           1           8  0.98663996390694253     
           1           9  0.98692361867209466     
           2          10  0.95752161802676805     
           2          11  0.95378822046868161     
           6          12  0.97751500879495934     
           6          13  0.98197889376193925     
           6          14  0.97757819358960496     
