$hessian                                                                        
        0.5024144845  -0.0001536052  -0.0345837226  -0.0963051090  -0.0068682245
       -0.0648217348  -0.0223993967   0.0038855395  -0.0222914913  -0.0006391015
        0.0004760156   0.0025122010  -0.0009035750   0.0007920162   0.0003877740
        0.0001167420   0.0003012920   0.0013979271  -0.2385593363   0.0892182795
        0.0371557594  -0.1000163348  -0.0594758112   0.0841637805  -0.0475360878
       -0.0262041020  -0.0057637417   0.0068107240   0.0002590581   0.0087873484
       -0.0028957745  -0.0021673912  -0.0070300203  -0.0001648862  -0.0000717357
        0.0000238935   0.0002265921  -0.0000532762  -0.0000066311  -0.0001489410
        0.0000619451   0.0000686578
       -0.0001536052   0.5252329733  -0.0026652179  -0.0025711851  -0.0630057135
       -0.0003466230   0.0068549954   0.0006836351   0.0099245828   0.0010258911
       -0.0019336588  -0.0018190898  -0.0000478090   0.0001410474   0.0002247198
       -0.0000115117  -0.0000746167  -0.0004817669   0.0891948066  -0.0856025207
       -0.0158168088  -0.0595392989  -0.1094469545   0.0876862117  -0.0262025119
       -0.2642642451  -0.0656105547   0.0071897865   0.0007099749   0.0135782688
       -0.0157029828  -0.0024696235  -0.0246741070   0.0000213329   0.0000502375
        0.0000004111  -0.0000722083   0.0000101404   0.0000391846   0.0000143002
       -0.0000306759  -0.0000392108
       -0.0345837226  -0.0026652179   0.4694072661  -0.0528750670  -0.0057766214
       -0.1585773452  -0.0112847501   0.0051905403   0.0033708152   0.0007691181
       -0.0028480494   0.0000060267   0.0022767042   0.0017229971  -0.0018882677
       -0.0001295006   0.0000084347   0.0001103236   0.0373191088  -0.0159484615
       -0.0477961301   0.0845469271   0.0885055933  -0.1651064279  -0.0061601511
       -0.0662318014  -0.0632418591  -0.0119812246   0.0017184338  -0.0245587754
       -0.0079683251  -0.0036084591  -0.0117470814  -0.0000513497  -0.0000504023
        0.0000257854   0.0000770725  -0.0000365849  -0.0000034256   0.0000451602
        0.0000195988  -0.0000009045
       -0.0963051090  -0.0025711851  -0.0528750670   0.4558546669   0.0337948396
       -0.0406590443  -0.1477574125   0.0465155785   0.0144463806  -0.0090729185
        0.0177132003   0.0038285550  -0.0437485908  -0.0011769072   0.0160340696
       -0.0009803630  -0.0025315392   0.0025842669  -0.0192439242   0.0005518160
       -0.0260911489   0.0066698536   0.0010310393   0.0088322100  -0.0036260992
       -0.0024783189  -0.0063574656  -0.0952390932  -0.0590422836   0.0839264924
       -0.0453326359  -0.0322838854  -0.0038966934  -0.0001540876  -0.0000591932
       -0.0001504506   0.0000724811   0.0000193234   0.0001192907  -0.0011367676
        0.0005175158   0.0002586046
       -0.0068682245  -0.0630057135  -0.0057766214   0.0337948396   0.5434361432
       -0.0164735620   0.0387653323  -0.0806905685  -0.0103098181   0.0435137916
       -0.0357255217   0.0017946252  -0.0147802844   0.0081120134   0.0035873895
       -0.0031918121  -0.0016146384   0.0027160603   0.0071791078   0.0006591127
        0.0100718256   0.0077443080   0.0002538410   0.0140361663  -0.0153918473
       -0.0022011661  -0.0247489938  -0.0578991748  -0.1103843951   0.0852610385
       -0.0319297767  -0.2587691697  -0.0605903161  -0.0001128508  -0.0003275196
        0.0001665658   0.0001515876  -0.0001490489   0.0000003548  -0.0009749963
        0.0004066313   0.0002652853
       -0.0648217348  -0.0003466230  -0.1585773452  -0.0406590443  -0.0164735620
        0.4681705255   0.0257514903  -0.0151116384  -0.0720947798  -0.0019162179
        0.0092330161   0.0145133827   0.0187748977  -0.0032392189   0.0006972343
        0.0040112108   0.0028101233   0.0037395952  -0.0027667725   0.0008400182
       -0.0008194467  -0.0116303949   0.0015369978  -0.0246797784  -0.0073680111
       -0.0036453682  -0.0113647688   0.0836612628   0.0865836793  -0.1606210078
       -0.0037252210  -0.0620204075  -0.0589066061  -0.0006721720   0.0000659261
        0.0003138611   0.0010162509  -0.0001743304  -0.0004767790   0.0003444558
       -0.0000586125   0.0001059130
       -0.0223993967   0.0068549954  -0.0112847501  -0.1477574125   0.0387653323
        0.0257514903   0.4892575054  -0.1447812397  -0.0546511073  -0.1193206353
        0.1644530672  -0.0263608831  -0.1396999490  -0.0514708906   0.0420570193
       -0.0409056758  -0.0174376212   0.0190264069  -0.0007550722   0.0000182333
       -0.0013045273   0.0010375097  -0.0005024237   0.0012817077  -0.0001687417
       -0.0001117088  -0.0001211129  -0.0172988339   0.0034629175   0.0056018872
        0.0038978556   0.0009115840  -0.0025580138   0.0006903356  -0.0010174296
        0.0002961343  -0.0006242398  -0.0008186352   0.0009922087  -0.0059532494
        0.0016738190   0.0012735403
        0.0038855395   0.0006836351   0.0051905403   0.0465155785  -0.0806905685
       -0.0151116384  -0.1447812397   0.8858803459  -0.1371800842   0.1508429691
       -0.6501876804   0.1042252824  -0.0681854102  -0.1583463129   0.0488022782
       -0.0068015610   0.0150796425   0.0004834610  -0.0007313808   0.0003431395
       -0.0011927070   0.0005377666  -0.0003756373   0.0014843953  -0.0021812051
       -0.0003835657  -0.0014756128  -0.0127763097   0.0059472012   0.0048099533
        0.0242213358  -0.0180252549  -0.0060987213   0.0032420239   0.0010652404
       -0.0039951091   0.0036411615   0.0015044343   0.0005402721   0.0025707315
       -0.0024946190  -0.0004823099
       -0.0222914913   0.0099245828   0.0033708152   0.0144463806  -0.0103098181
       -0.0720947798  -0.0546511073  -0.1371800842   0.2508693153  -0.0226102064
        0.1025365458  -0.0852750424   0.0439379743   0.0426353066  -0.0804131433
        0.0164204880   0.0020179807  -0.0064755565  -0.0041012289   0.0001506293
       -0.0052320806  -0.0010744040   0.0011855152  -0.0006714508  -0.0006811830
        0.0000991445   0.0006414481   0.0211862678  -0.0074895763  -0.0054590025
        0.0080632796  -0.0043950243  -0.0004919702   0.0006926337   0.0008223928
        0.0015721873  -0.0024700255  -0.0003209944   0.0003171383   0.0031326224
        0.0003233997  -0.0006578780
       -0.0006391015   0.0010258911   0.0007691181  -0.0090729185   0.0435137916
       -0.0019162179  -0.1193206353   0.1508429691  -0.0226102064   0.1206991413
       -0.1613798172   0.0112809756   0.0091000763  -0.0335918124   0.0142709269
        0.0010561420  -0.0040757170   0.0001413215  -0.0003137216  -0.0001535239
       -0.0005229609  -0.0000879294   0.0001607972  -0.0000583738   0.0003675694
       -0.0002221626   0.0004662409   0.0023359300  -0.0002131810  -0.0015056463
       -0.0069565657   0.0045378758   0.0011334027   0.0003260107  -0.0003096995
       -0.0011134998   0.0013802277   0.0011905144   0.0001387413   0.0011257748
       -0.0013259258  -0.0004738218
        0.0004760156  -0.0019336588  -0.0028480494   0.0177132003  -0.0357255217
        0.0092330161   0.1644530672  -0.6501876804   0.1025365458  -0.1613798172
        0.7793492639  -0.1475912811  -0.0263706480  -0.0934574488   0.0408043427
        0.0018983261   0.0006847965  -0.0029749940   0.0008589310   0.0002552400
        0.0015663567  -0.0001551907  -0.0001172414  -0.0003505783   0.0005606193
        0.0008006735   0.0005432040  -0.0020639006   0.0008258536  -0.0005958875
        0.0052194781  -0.0020704200  -0.0009688257  -0.0008562071   0.0003307547
        0.0017346407  -0.0011432594  -0.0000139819  -0.0003775652   0.0007893854
        0.0012593710  -0.0007109246
        0.0025122010  -0.0018190898   0.0000060267   0.0038285550   0.0017946252
        0.0145133827  -0.0263608831   0.1042252824  -0.0852750424   0.0112809756
       -0.1475912811   0.0621945859   0.0132335488   0.0427031491   0.0100544942
       -0.0017513310   0.0007623490  -0.0031876212   0.0003958126   0.0001027767
        0.0008259316   0.0001172131  -0.0001542163   0.0001431426   0.0003517049
       -0.0000925152  -0.0001998030  -0.0015478346   0.0000676643   0.0006738393
       -0.0006387583  -0.0000558258   0.0006229239  -0.0007040359  -0.0003213592
       -0.0006673953  -0.0001532318   0.0003358100  -0.0001404164  -0.0005639364
        0.0000426306   0.0004359516
       -0.0009035750  -0.0000478090   0.0022767042  -0.0437485908  -0.0147802844
        0.0187748977  -0.1396999490  -0.0681854102   0.0439379743   0.0091000763
       -0.0263706480   0.0132335488   0.4238778017   0.0085635971  -0.1163184066
       -0.1681380295   0.0667192821   0.0198592271  -0.0005555361   0.0000904714
       -0.0007079153   0.0002301541   0.0003342171  -0.0004934574   0.0001102728
       -0.0002512518   0.0001071767  -0.0065765830   0.0025877229   0.0017923484
        0.0000277353  -0.0004135536   0.0007301768  -0.0123158213   0.0139323640
        0.0079439770  -0.0372526448   0.0137520379  -0.0006657516  -0.0241553107
        0.0040692646   0.0095294999
        0.0007920162   0.0001410474   0.0017229971  -0.0011769072   0.0081120134
       -0.0032392189  -0.0514708906  -0.1583463129   0.0426353066  -0.0335918124
       -0.0934574488   0.0427031491   0.0085635971   0.3556415412  -0.0750669714
        0.0514014880  -0.1029289785  -0.0052881061  -0.0002776824  -0.0001068453
       -0.0002915184  -0.0000599408   0.0001707802  -0.0006721781   0.0002217529
        0.0000624599   0.0002429361   0.0025191151   0.0001386039  -0.0005703706
       -0.0000874502   0.0012331743   0.0010465756   0.0323807870  -0.0162540536
       -0.0080978586   0.0099620833  -0.0026615919   0.0008400980  -0.0191761559
        0.0082556107   0.0040351596
        0.0003877740   0.0002247198  -0.0018882677   0.0160340696   0.0035873895
        0.0006972343   0.0420570193   0.0488022782  -0.0804131433   0.0142709269
        0.0408043427   0.0100544942  -0.1163184066  -0.0750669714   0.1293640980
        0.0231668639  -0.0100086416  -0.0608548280   0.0001808627  -0.0000589906
        0.0008582263   0.0001441914  -0.0006172849   0.0009444081   0.0000386867
        0.0001663998   0.0000174629   0.0016501969  -0.0005134798   0.0000404587
       -0.0011144771   0.0003909455  -0.0002931367   0.0197295119  -0.0090692655
       -0.0044483036  -0.0207994883   0.0076383794   0.0105909525   0.0205722688
       -0.0062798212  -0.0046696559
        0.0001167420  -0.0000115117  -0.0001295006  -0.0009803630  -0.0031918121
        0.0040112108  -0.0409056758  -0.0068015610   0.0164204880   0.0010561420
        0.0018983261  -0.0017513310  -0.1681380295   0.0514014880   0.0231668639
        0.4266349542   0.0404040045   0.0129715372   0.0001624862  -0.0000945068
       -0.0001733356  -0.0002049769   0.0000831100  -0.0000973082  -0.0001263317
        0.0001639603   0.0000851544  -0.0016436606   0.0007597152  -0.0000777552
       -0.0000801798  -0.0003781852  -0.0000704536  -0.0418207097  -0.0203824028
       -0.0113531063  -0.0960887236   0.0088348070  -0.1008968865  -0.0779816740
       -0.0726854314   0.0578944226
        0.0003012920  -0.0000746167   0.0000084347  -0.0025315392  -0.0016146384
        0.0028101233  -0.0174376212   0.0150796425   0.0020179807  -0.0040757170
        0.0006847965   0.0007623490   0.0667192821  -0.1029289785  -0.0100086416
        0.0404040045   0.5165728186  -0.0231395791   0.0000696516   0.0000568021
        0.0000152562   0.0000937712   0.0001121044  -0.0001519493  -0.0000518553
       -0.0001393596  -0.0000350942  -0.0009289849   0.0003384106   0.0003773293
        0.0002313537   0.0001782759  -0.0000255877  -0.0239971350  -0.2213886330
       -0.0931682650   0.0089055330  -0.0454545747   0.0204132812  -0.0677020355
       -0.1614220497   0.1001243626
        0.0013979271  -0.0004817669   0.0001103236   0.0025842669   0.0027160603
        0.0037395952   0.0190264069   0.0004834610  -0.0064755565   0.0001413215
       -0.0029749940  -0.0031876212   0.0198592271  -0.0052881061  -0.0608548280
        0.0129715372  -0.0231395791   0.5010011037   0.0002301519  -0.0000145529
        0.0002966865  -0.0000292095   0.0001213039  -0.0002509179  -0.0000877984
       -0.0001559093  -0.0001247541   0.0004070760   0.0000132421   0.0001650656
       -0.0001333342   0.0003154207   0.0000702512  -0.0136543423  -0.0939780115
       -0.0926925685  -0.0978100306   0.0204239793  -0.2133826915   0.0550968006
        0.1019594525  -0.1284140881
       -0.2385593363   0.0891948066   0.0373191088  -0.0192439242   0.0071791078
       -0.0027667725  -0.0007550722  -0.0007313808  -0.0041012289  -0.0003137216
        0.0008589310   0.0003958126  -0.0005555361  -0.0002776824   0.0001808627
        0.0001624862   0.0000696516   0.0002301519   0.2754911744  -0.1038625592
       -0.0394709190  -0.0183773994   0.0064734486   0.0065767482   0.0011932600
        0.0011727448   0.0008100747   0.0007084441   0.0000348272   0.0004028884
        0.0002179913  -0.0000950184   0.0004475844   0.0000204307  -0.0000326698
       -0.0000092125   0.0000242744   0.0000034751  -0.0000398529  -0.0000130712
        0.0000123181   0.0000247541
        0.0892182795  -0.0856025207  -0.0159484615   0.0005518160   0.0006591127
        0.0008400182   0.0000182333   0.0003431395   0.0001506293  -0.0001535239
        0.0002552400   0.0001027767   0.0000904714  -0.0001068453  -0.0000589906
       -0.0000945068   0.0000568021  -0.0000145529  -0.1038625592   0.0947236132
        0.0187610699  -0.0147517054   0.0065044875   0.0036791658   0.0293241131
       -0.0172120532  -0.0075135521   0.0003006079  -0.0000968800   0.0000388842
       -0.0006172541   0.0004474218  -0.0000426904  -0.0000300480   0.0000079653
        0.0000116577  -0.0000099221   0.0000112561   0.0000016525   0.0000159984
        0.0000092609  -0.0000076069
        0.0371557594  -0.0158168088  -0.0477961301  -0.0260911489   0.0100718256
       -0.0008194467  -0.0013045273  -0.0011927070  -0.0052320806  -0.0005229609
        0.0015663567   0.0008259316  -0.0007079153  -0.0002915184   0.0008582263
       -0.0001733356   0.0000152562   0.0002966865  -0.0394709190   0.0187610699
        0.0570140064   0.0225991917  -0.0086864098  -0.0053258314   0.0086813287
       -0.0048385106  -0.0012064889  -0.0003335463   0.0001381907   0.0007231048
        0.0001573026   0.0002573689   0.0006301699  -0.0000295680   0.0000227730
       -0.0000131858   0.0000868282  -0.0000007546   0.0000192891  -0.0000464894
       -0.0000061318   0.0000257490
       -0.1000163348  -0.0595392989   0.0845469271   0.0066698536   0.0077443080
       -0.0116303949   0.0010375097   0.0005377666  -0.0010744040  -0.0000879294
       -0.0001551907   0.0001172131   0.0002301541  -0.0000599408   0.0001441914
       -0.0002049769   0.0000937712  -0.0000292095  -0.0183773994  -0.0147517054
        0.0225991917   0.1131971377   0.0689296364  -0.0947233021  -0.0019820796
       -0.0033977358   0.0032055741  -0.0009756322   0.0003470330  -0.0033891924
        0.0004617134   0.0002893443   0.0002163704   0.0000115597   0.0000270232
       -0.0000137836   0.0000704228  -0.0000213415   0.0000309931  -0.0000339988
       -0.0000436695  -0.0000001745
       -0.0594758112  -0.1094469545   0.0885055933   0.0010310393   0.0002538410
        0.0015369978  -0.0005024237  -0.0003756373   0.0011855152   0.0001607972
       -0.0001172414  -0.0001542163   0.0003342171   0.0001707802  -0.0006172849
        0.0000831100   0.0001121044   0.0001213039   0.0064734486   0.0065044875
       -0.0086864098   0.0689296364   0.1220114132  -0.1030629616  -0.0173489450
       -0.0206732729   0.0220515215   0.0001170750   0.0010260910  -0.0000981382
        0.0002212201   0.0006042339  -0.0007662573   0.0000374705  -0.0000786944
        0.0000280419  -0.0000421471  -0.0000149264  -0.0000491585  -0.0000186872
        0.0000237758   0.0000054532
        0.0841637805   0.0876862117  -0.1651064279   0.0088322100   0.0140361663
       -0.0246797784   0.0012817077   0.0014843953  -0.0006714508  -0.0000583738
       -0.0003505783   0.0001431426  -0.0004934574  -0.0006721781   0.0009444081
       -0.0000973082  -0.0001519493  -0.0002509179   0.0065767482   0.0036791658
       -0.0053258314  -0.0947233021  -0.1030629616   0.1937934606  -0.0028459617
       -0.0027807412   0.0057791989  -0.0034680250  -0.0000270301  -0.0051308489
        0.0006178488   0.0002346889   0.0005094272   0.0000983934  -0.0000332631
       -0.0000365425   0.0000872163  -0.0000117196   0.0000250031   0.0000285233
       -0.0000302065   0.0000071575
       -0.0475360878  -0.0262025119  -0.0061601511  -0.0036260992  -0.0153918473
       -0.0073680111  -0.0001687417  -0.0021812051  -0.0006811830   0.0003675694
        0.0005606193   0.0003517049   0.0001102728   0.0002217529   0.0000386867
       -0.0001263317  -0.0000518553  -0.0000877984   0.0011932600   0.0293241131
        0.0086813287  -0.0019820796  -0.0173489450  -0.0028459617   0.0528288934
        0.0312152261   0.0109094465   0.0004114522   0.0002148532   0.0006159299
       -0.0014504262  -0.0004151883  -0.0034711797  -0.0000707168   0.0000381760
        0.0000117930   0.0000178190   0.0000071870   0.0000206032   0.0000312164
        0.0000096250  -0.0000152079
       -0.0262041020  -0.2642642451  -0.0662318014  -0.0024783189  -0.0022011661
       -0.0036453682  -0.0001117088  -0.0003835657   0.0000991445  -0.0002221626
        0.0008006735  -0.0000925152  -0.0002512518   0.0000624599   0.0001663998
        0.0001639603  -0.0001393596  -0.0001559093   0.0011727448  -0.0172120532
       -0.0048385106  -0.0033977358  -0.0206732729  -0.0027807412   0.0312152261
        0.3022772939   0.0779288906   0.0002733356   0.0005661692   0.0002287309
       -0.0001674645   0.0011080393  -0.0006845526  -0.0000206434   0.0000671231
        0.0000122876   0.0000052403   0.0000082245   0.0000073081   0.0000228807
       -0.0000163209  -0.0000133630
       -0.0057637417  -0.0656105547  -0.0632418591  -0.0063574656  -0.0247489938
       -0.0113647688  -0.0001211129  -0.0014756128   0.0006414481   0.0004662409
        0.0005432040  -0.0001998030   0.0001071767   0.0002429361   0.0000174629
        0.0000851544  -0.0000350942  -0.0001247541   0.0008100747  -0.0075135521
       -0.0012064889   0.0032055741   0.0220515215   0.0057791989   0.0109094465
        0.0779288906   0.0740434919   0.0001902181  -0.0007194616   0.0004360482
       -0.0035782173  -0.0006681160  -0.0047915791   0.0000176537   0.0000171629
        0.0000238878   0.0000048284  -0.0000205160  -0.0000011169   0.0000241700
        0.0000081861  -0.0000111679
        0.0068107240   0.0071897865  -0.0119812246  -0.0952390932  -0.0578991748
        0.0836612628  -0.0172988339  -0.0127763097   0.0211862678   0.0023359300
       -0.0020639006  -0.0015478346  -0.0065765830   0.0025191151   0.0016501969
       -0.0016436606  -0.0009289849   0.0004070760   0.0007084441   0.0003006079
       -0.0003335463  -0.0009756322   0.0001170750  -0.0034680250   0.0004114522
        0.0002733356   0.0001902181   0.1136621334   0.0673257553  -0.0933497645
       -0.0018992712  -0.0040371120   0.0035454021   0.0001311748  -0.0001186879
       -0.0000649979  -0.0001025958  -0.0000264460   0.0000815715  -0.0003241887
        0.0001249403   0.0000233977
        0.0002590581   0.0007099749   0.0017184338  -0.0590422836  -0.1103843951
        0.0865836793   0.0034629175   0.0059472012  -0.0074895763  -0.0002131810
        0.0008258536   0.0000676643   0.0025877229   0.0001386039  -0.0005134798
        0.0007597152   0.0003384106   0.0000132421   0.0000348272  -0.0000968800
        0.0001381907   0.0003470330   0.0010260910  -0.0000270301   0.0002148532
        0.0005661692  -0.0007194616   0.0673257553   0.1198893648  -0.1004148683
       -0.0157818194  -0.0190362372   0.0206718726  -0.0000801707   0.0000826123
        0.0000363537  -0.0000026797  -0.0000010352  -0.0000253934   0.0001282521
       -0.0000057340  -0.0000396268
        0.0087873484   0.0135782688  -0.0245587754   0.0839264924   0.0852610385
       -0.1606210078   0.0056018872   0.0048099533  -0.0054590025  -0.0015056463
       -0.0005958875   0.0006738393   0.0017923484  -0.0005703706   0.0000404587
       -0.0000777552   0.0003773293   0.0001650656   0.0004028884   0.0000388842
        0.0007231048  -0.0033891924  -0.0000981382  -0.0051308489   0.0006159299
        0.0002287309   0.0004360482  -0.0933497645  -0.1004148683   0.1885004944
       -0.0027683947  -0.0026345590   0.0052029451  -0.0000684167   0.0000512828
       -0.0000057373   0.0000380014   0.0000093572   0.0000167117  -0.0000057263
       -0.0000410213   0.0000167044
       -0.0028957745  -0.0157029828  -0.0079683251  -0.0453326359  -0.0319297767
       -0.0037252210   0.0038978556   0.0242213358   0.0080632796  -0.0069565657
        0.0052194781  -0.0006387583   0.0000277353  -0.0000874502  -0.0011144771
       -0.0000801798   0.0002313537  -0.0001333342   0.0002179913  -0.0006172541
        0.0001573026   0.0004617134   0.0002212201   0.0006178488  -0.0014504262
       -0.0001674645  -0.0035782173  -0.0018992712  -0.0157818194  -0.0027683947
        0.0537768845   0.0344818083   0.0111841407   0.0000957102  -0.0000670131
       -0.0000970520   0.0000154467   0.0000313017   0.0000118075   0.0001215164
       -0.0000527370  -0.0000105995
       -0.0021673912  -0.0024696235  -0.0036084591  -0.0322838854  -0.2587691697
       -0.0620204075   0.0009115840  -0.0180252549  -0.0043950243   0.0045378758
       -0.0020704200  -0.0000558258  -0.0004135536   0.0012331743   0.0003909455
       -0.0003781852   0.0001782759   0.0003154207  -0.0000950184   0.0004474218
        0.0002573689   0.0002893443   0.0006042339   0.0002346889  -0.0004151883
        0.0011080393  -0.0006681160  -0.0040371120  -0.0190362372  -0.0026345590
        0.0344818083   0.2966376645   0.0720261524  -0.0002161338   0.0000911556
        0.0001168850  -0.0000647717  -0.0000098797   0.0000028871  -0.0001493728
        0.0000806197   0.0000380431
       -0.0070300203  -0.0246741070  -0.0117470814  -0.0038966934  -0.0605903161
       -0.0589066061  -0.0025580138  -0.0060987213  -0.0004919702   0.0011334027
       -0.0009688257   0.0006229239   0.0007301768   0.0010465756  -0.0002931367
       -0.0000704536  -0.0000255877   0.0000702512   0.0004475844  -0.0000426904
        0.0006301699   0.0002163704  -0.0007662573   0.0005094272  -0.0034711797
       -0.0006845526  -0.0047915791   0.0035454021   0.0206718726   0.0052029451
        0.0111841407   0.0720261524   0.0691784200  -0.0000898990   0.0000549868
        0.0000250613  -0.0001072551   0.0000419063   0.0000011353  -0.0000335622
        0.0000095644  -0.0000099602
       -0.0001648862   0.0000213329  -0.0000513497  -0.0001540876  -0.0001128508
       -0.0006721720   0.0006903356   0.0032420239   0.0006926337   0.0003260107
       -0.0008562071  -0.0007040359  -0.0123158213   0.0323807870   0.0197295119
       -0.0418207097  -0.0239971350  -0.0136543423   0.0000204307  -0.0000300480
       -0.0000295680   0.0000115597   0.0000374705   0.0000983934  -0.0000707168
       -0.0000206434   0.0000176537   0.0001311748  -0.0000801707  -0.0000684167
        0.0000957102  -0.0002161338  -0.0000898990   0.0551747151   0.0147480345
        0.0091914760  -0.0012785942  -0.0138482745  -0.0088443590  -0.0006451210
       -0.0112681856  -0.0056155262
       -0.0000717357   0.0000502375  -0.0000504023  -0.0000591932  -0.0003275196
        0.0000659261  -0.0010174296   0.0010652404   0.0008223928  -0.0003096995
        0.0003307547  -0.0003213592   0.0139323640  -0.0162540536  -0.0090692655
       -0.0203824028  -0.2213886330  -0.0939780115  -0.0000326698   0.0000079653
        0.0000227730   0.0000270232  -0.0000786944  -0.0000332631   0.0000381760
        0.0000671231   0.0000171629  -0.0001186879   0.0000826123   0.0000512828
       -0.0000670131   0.0000911556   0.0000549868   0.0147480345   0.2578392853
        0.1126788125  -0.0016204936   0.0005881985  -0.0011199791  -0.0050662725
       -0.0220736720  -0.0091410561
        0.0000238935   0.0000004111   0.0000257854  -0.0001504506   0.0001665658
        0.0003138611   0.0002961343  -0.0039951091   0.0015721873  -0.0011134998
        0.0017346407  -0.0006673953   0.0079439770  -0.0080978586  -0.0044483036
       -0.0113531063  -0.0931682650  -0.0926925685  -0.0000092125   0.0000116577
       -0.0000131858  -0.0000137836   0.0000280419  -0.0000365425   0.0000117930
        0.0000122876   0.0000238878  -0.0000649979   0.0000363537  -0.0000057373
       -0.0000970520   0.0001168850   0.0000250613   0.0091914760   0.1126788125
        0.1046317658  -0.0068151115  -0.0256058963  -0.0168729253   0.0021499404
        0.0160814731   0.0081441096
        0.0002265921  -0.0000722083   0.0000770725   0.0000724811   0.0001515876
        0.0010162509  -0.0006242398   0.0036411615  -0.0024700255   0.0013802277
       -0.0011432594  -0.0001532318  -0.0372526448   0.0099620833  -0.0207994883
       -0.0960887236   0.0089055330  -0.0978100306   0.0000242744  -0.0000099221
        0.0000868282   0.0000704228  -0.0000421471   0.0000872163   0.0000178190
        0.0000052403   0.0000048284  -0.0001025958  -0.0000026797   0.0000380014
        0.0000154467  -0.0000647717  -0.0001072551  -0.0012785942  -0.0016204936
       -0.0068151115   0.1267621731  -0.0184865648   0.1178089385   0.0067773613
       -0.0012235591   0.0090360067
       -0.0000532762   0.0000101404  -0.0000365849   0.0000193234  -0.0001490489
       -0.0001743304  -0.0008186352   0.0015044343  -0.0003209944   0.0011905144
       -0.0000139819   0.0003358100   0.0137520379  -0.0026615919   0.0076383794
        0.0088348070  -0.0454545747   0.0204239793   0.0000034751   0.0000112561
       -0.0000007546  -0.0000213415  -0.0000149264  -0.0000117196   0.0000071870
        0.0000082245  -0.0000205160  -0.0000264460  -0.0000010352   0.0000093572
        0.0000313017  -0.0000098797   0.0000419063  -0.0138482745   0.0005881985
       -0.0256058963  -0.0184865648   0.0492274355  -0.0237524921   0.0094158916
       -0.0030446504   0.0214738561
       -0.0000066311   0.0000391846  -0.0000034256   0.0001192907   0.0000003548
       -0.0004767790   0.0009922087   0.0005402721   0.0003171383   0.0001387413
       -0.0003775652  -0.0001404164  -0.0006657516   0.0008400980   0.0105909525
       -0.1008968865   0.0204132812  -0.2133826915  -0.0000398529   0.0000016525
        0.0000192891   0.0000309931  -0.0000491585   0.0000250031   0.0000206032
        0.0000073081  -0.0000011169   0.0000815715  -0.0000253934   0.0000167117
        0.0000118075   0.0000028871   0.0000011353  -0.0088443590  -0.0011199791
       -0.0168729253   0.1178089385  -0.0237524921   0.2396315057  -0.0087506734
        0.0034795499  -0.0197243810
       -0.0001489410   0.0000143002   0.0000451602  -0.0011367676  -0.0009749963
        0.0003444558  -0.0059532494   0.0025707315   0.0031326224   0.0011257748
        0.0007893854  -0.0005639364  -0.0241553107  -0.0191761559   0.0205722688
       -0.0779816740  -0.0677020355   0.0550968006  -0.0000130712   0.0000159984
       -0.0000464894  -0.0000339988  -0.0000186872   0.0000285233   0.0000312164
        0.0000228807   0.0000241700  -0.0003241887   0.0001282521  -0.0000057263
        0.0001215164  -0.0001493728  -0.0000335622  -0.0006451210  -0.0050662725
        0.0021499404   0.0067773613   0.0094158916  -0.0087506734   0.1023364535
        0.0801300805  -0.0719935537
        0.0000619451  -0.0000306759   0.0000195988   0.0005175158   0.0004066313
       -0.0000586125   0.0016738190  -0.0024946190   0.0003233997  -0.0013259258
        0.0012593710   0.0000426306   0.0040692646   0.0082556107  -0.0062798212
       -0.0726854314  -0.1614220497   0.1019594525   0.0000123181   0.0000092609
       -0.0000061318  -0.0000436695   0.0000237758  -0.0000302065   0.0000096250
       -0.0000163209   0.0000081861   0.0001249403  -0.0000057340  -0.0000410213
       -0.0000527370   0.0000806197   0.0000095644  -0.0112681856  -0.0220736720
        0.0160814731  -0.0012235591  -0.0030446504   0.0034795499   0.0801300805
        0.1790524525  -0.1155080619
        0.0000686578  -0.0000392108  -0.0000009045   0.0002586046   0.0002652853
        0.0001059130   0.0012735403  -0.0004823099  -0.0006578780  -0.0004738218
       -0.0007109246   0.0004359516   0.0095294999   0.0040351596  -0.0046696559
        0.0578944226   0.1001243626  -0.1284140881   0.0000247541  -0.0000076069
        0.0000257490  -0.0000001745   0.0000054532   0.0000071575  -0.0000152079
       -0.0000133630  -0.0000111679   0.0000233977  -0.0000396268   0.0000167044
       -0.0000105995   0.0000380431  -0.0000099602  -0.0056155262  -0.0091410561
        0.0081441096   0.0090360067   0.0214738561  -0.0197243810  -0.0719935537
       -0.1155080619   0.1447524505
