$hessian                                                                        
        0.0000784109  -0.0000005776   0.0000014101  -0.0000055753  -0.0000001896
        0.0000007871  -0.0000055843   0.0000001233  -0.0000001110  -0.0000051521
        0.0000002029  -0.0000002070  -0.0000061607   0.0000003069  -0.0000008180
       -0.0000062421   0.0000005645  -0.0000017204  -0.0000065557  -0.0000008185
        0.0000021036  -0.0000073144  -0.0000005409   0.0000009397  -0.0000065390
       -0.0000006579   0.0000016408  -0.0000048316  -0.0000002237   0.0000012549
       -0.0000056223  -0.0000001093   0.0000005490  -0.0000063656   0.0000003659
       -0.0000012761  -0.0000054588   0.0000011095  -0.0000021729  -0.0000070091
        0.0000004445  -0.0000023797
       -0.0000005776   0.0000718101  -0.0000003075  -0.0000005666  -0.0000070742
       -0.0000005248   0.0000012162  -0.0000039648   0.0000011805   0.0000045045
       -0.0000025582   0.0000045705  -0.0000013550  -0.0000030816  -0.0000015550
       -0.0000000287  -0.0000003122  -0.0000002667  -0.0000017996  -0.0000154309
       -0.0000015099  -0.0000022034  -0.0000140383  -0.0000019790   0.0000022793
       -0.0000144887   0.0000027310   0.0000010711  -0.0000062220   0.0000011541
       -0.0000034247  -0.0000057458  -0.0000035850   0.0000026195  -0.0000018957
        0.0000023306   0.0000003660   0.0000037606   0.0000000606  -0.0000021008
       -0.0000007583  -0.0000022994
        0.0000014101  -0.0000003075   0.0000736980  -0.0000019815   0.0000002380
       -0.0000091500  -0.0000013419   0.0000002107  -0.0000053673  -0.0000018538
        0.0000002970  -0.0000042139  -0.0000000169   0.0000000603  -0.0000034396
        0.0000008211  -0.0000000048   0.0000001516   0.0000009672  -0.0000002889
       -0.0000140045   0.0000034368  -0.0000005887  -0.0000101579   0.0000023166
       -0.0000004467  -0.0000112164  -0.0000040067   0.0000005182  -0.0000102823
       -0.0000028484   0.0000003720  -0.0000091648   0.0000021930  -0.0000001978
        0.0000003774  -0.0000015618   0.0000004074   0.0000017019   0.0000024663
       -0.0000002692   0.0000010679
       -0.0000055753  -0.0000005666  -0.0000019815   0.0000780400  -0.0000005240
       -0.0000011356  -0.0000064679  -0.0000000232   0.0000001391  -0.0000063027
        0.0000000297   0.0000002066  -0.0000062248   0.0000003663   0.0000011943
       -0.0000057376   0.0000008616   0.0000024421  -0.0000058915  -0.0000009300
       -0.0000029107  -0.0000049545  -0.0000002499  -0.0000013563  -0.0000048884
       -0.0000005525  -0.0000023049  -0.0000075469  -0.0000008425  -0.0000017688
       -0.0000075995  -0.0000005299  -0.0000007953  -0.0000048837   0.0000009213
        0.0000022077  -0.0000066302   0.0000009082   0.0000030178  -0.0000053371
        0.0000011314   0.0000030457
       -0.0000001896  -0.0000070742   0.0000002380  -0.0000005240   0.0000745192
        0.0000005668   0.0000004917  -0.0000076030  -0.0000014077   0.0000021550
       -0.0000079790  -0.0000054676  -0.0000006866  -0.0000044336   0.0000019390
        0.0000001347  -0.0000014125   0.0000004763  -0.0000008943  -0.0000091196
        0.0000016118  -0.0000008679  -0.0000035153   0.0000023046   0.0000014233
       -0.0000061152  -0.0000034468   0.0000001446  -0.0000140102  -0.0000015056
       -0.0000021529  -0.0000113278   0.0000042769   0.0000016956   0.0000002076
       -0.0000027884   0.0000001719  -0.0000036089   0.0000001312  -0.0000009015
        0.0000014725   0.0000030714
        0.0000007871  -0.0000005248  -0.0000091500  -0.0000011356   0.0000005668
        0.0000769859  -0.0000007625   0.0000004342  -0.0000054361  -0.0000010496
        0.0000006200  -0.0000041231  -0.0000000022   0.0000000547  -0.0000048270
        0.0000004917  -0.0000001582  -0.0000024945   0.0000005259  -0.0000004440
       -0.0000109627   0.0000019209  -0.0000011368  -0.0000088463   0.0000013165
       -0.0000007941  -0.0000085135  -0.0000022749   0.0000011808  -0.0000082996
       -0.0000016501   0.0000008228  -0.0000085970   0.0000012907  -0.0000006461
       -0.0000016937  -0.0000008308   0.0000007492  -0.0000015234   0.0000013728
       -0.0000007246  -0.0000025188
       -0.0000055843   0.0000012162  -0.0000013419  -0.0000064679   0.0000004917
       -0.0000007625   0.0000782977  -0.0000002230   0.0000000602  -0.0000074814
       -0.0000004237   0.0000000045  -0.0000057922  -0.0000005999   0.0000008618
       -0.0000058485  -0.0000012780   0.0000016741  -0.0000054468   0.0000017353
       -0.0000019363  -0.0000047237   0.0000010920  -0.0000008729  -0.0000059377
        0.0000013577  -0.0000016472  -0.0000073309   0.0000006218  -0.0000012382
       -0.0000061040   0.0000003450  -0.0000004440  -0.0000060303  -0.0000011577
        0.0000014862  -0.0000065452  -0.0000017343   0.0000020471  -0.0000050050
       -0.0000014432   0.0000021090
        0.0000001233  -0.0000039648   0.0000002107  -0.0000000232  -0.0000076030
        0.0000004342  -0.0000002230   0.0000774776  -0.0000010303  -0.0000006829
       -0.0000081645  -0.0000039996   0.0000001895  -0.0000064261   0.0000013945
        0.0000000703  -0.0000061154   0.0000003023   0.0000002568  -0.0000040308
        0.0000012374   0.0000004107  -0.0000021101   0.0000016993  -0.0000002038
       -0.0000030769  -0.0000024724  -0.0000003196  -0.0000094497  -0.0000010601
        0.0000002970  -0.0000084557   0.0000031363  -0.0000002010  -0.0000048330
       -0.0000020244  -0.0000000572  -0.0000085180   0.0000000155   0.0000003633
       -0.0000047299   0.0000021566
       -0.0000001110   0.0000011805  -0.0000053673   0.0000001391  -0.0000014077
       -0.0000054361   0.0000000602  -0.0000010303   0.0000780483   0.0000000095
       -0.0000014778  -0.0000092752   0.0000000538  -0.0000000386  -0.0000052863
       -0.0000000086   0.0000004668  -0.0000064836  -0.0000000633   0.0000009089
       -0.0000043061  -0.0000002422   0.0000027046  -0.0000043782  -0.0000002306
        0.0000018337  -0.0000073711   0.0000002575  -0.0000029240  -0.0000064301
        0.0000002409  -0.0000020319  -0.0000034207  -0.0000001525   0.0000013485
       -0.0000081447   0.0000002094  -0.0000011237  -0.0000068413  -0.0000001621
        0.0000015910  -0.0000053078
       -0.0000051521   0.0000045045  -0.0000018538  -0.0000063027   0.0000021550
       -0.0000010496  -0.0000074814  -0.0000006829   0.0000000095   0.0000747181
       -0.0000013900  -0.0000002922  -0.0000049950  -0.0000023048   0.0000013112
       -0.0000057435  -0.0000050360   0.0000023609  -0.0000043439   0.0000065595
       -0.0000025908  -0.0000032054   0.0000037592  -0.0000011232  -0.0000070851
        0.0000049375  -0.0000024503  -0.0000082647   0.0000029235  -0.0000017954
       -0.0000043616   0.0000016960  -0.0000004289  -0.0000073202  -0.0000047738
        0.0000021638  -0.0000068284  -0.0000064075   0.0000028188  -0.0000036341
       -0.0000059401   0.0000029200
        0.0000002029  -0.0000025582   0.0000002970   0.0000000297  -0.0000079790
        0.0000006200  -0.0000004237  -0.0000081645  -0.0000014778  -0.0000013900
        0.0000757254  -0.0000057533   0.0000004094  -0.0000068192   0.0000020071
        0.0000001235  -0.0000067320   0.0000004391   0.0000005064  -0.0000023952
        0.0000017920   0.0000007319  -0.0000000241   0.0000024050  -0.0000005343
       -0.0000012674  -0.0000035533  -0.0000005204  -0.0000104996  -0.0000015022
        0.0000007487  -0.0000092230   0.0000045002  -0.0000005065  -0.0000048734
       -0.0000027212  -0.0000000513  -0.0000101821  -0.0000000650   0.0000006737
       -0.0000050077   0.0000030124
       -0.0000002070   0.0000045705  -0.0000042139   0.0000002066  -0.0000054676
       -0.0000041231   0.0000000045  -0.0000039996  -0.0000092752  -0.0000002922
       -0.0000057533   0.0000666461   0.0000002203  -0.0000001257  -0.0000025461
        0.0000001250   0.0000018233  -0.0000066217  -0.0000000966   0.0000035130
       -0.0000005145  -0.0000003870   0.0000104917  -0.0000001649  -0.0000005250
        0.0000070983  -0.0000120510   0.0000003320  -0.0000113570  -0.0000081984
        0.0000004554  -0.0000078827   0.0000037673  -0.0000002051   0.0000052224
       -0.0000129790   0.0000006013  -0.0000042367  -0.0000077950  -0.0000002323
        0.0000061035  -0.0000019304
       -0.0000061607  -0.0000013550  -0.0000000169  -0.0000062248  -0.0000006866
       -0.0000000022  -0.0000057922   0.0000001895   0.0000000538  -0.0000049950
        0.0000004094   0.0000002203   0.0000785478   0.0000006837  -0.0000000817
       -0.0000061085   0.0000015519  -0.0000000181  -0.0000064535  -0.0000019813
       -0.0000000936  -0.0000064931  -0.0000011078  -0.0000000525  -0.0000054663
       -0.0000014743   0.0000000915  -0.0000058778  -0.0000009445   0.0000000408
       -0.0000069053  -0.0000005582  -0.0000001165  -0.0000054765   0.0000015640
       -0.0000001889  -0.0000061112   0.0000017586   0.0000000427  -0.0000064829
        0.0000019506   0.0000001212
        0.0000003069  -0.0000030816   0.0000000603   0.0000003663  -0.0000044336
        0.0000000547  -0.0000005999  -0.0000064261  -0.0000000386  -0.0000023048
       -0.0000068192  -0.0000001257   0.0000006837   0.0000772536   0.0000000077
       -0.0000000746  -0.0000095948  -0.0000000588   0.0000009773  -0.0000016294
        0.0000000956   0.0000011530  -0.0000037749   0.0000001308  -0.0000012354
       -0.0000028383  -0.0000000347  -0.0000004684  -0.0000037306  -0.0000000086
        0.0000019293  -0.0000046971   0.0000001466  -0.0000015336  -0.0000093940
       -0.0000003681  -0.0000003036  -0.0000107567  -0.0000000063   0.0000011037
       -0.0000100774   0.0000001452
       -0.0000008180  -0.0000015550  -0.0000034396   0.0000011943   0.0000019390
       -0.0000048270   0.0000008618   0.0000013945  -0.0000052863   0.0000013112
        0.0000020071  -0.0000025461  -0.0000000817   0.0000000077   0.0000758461
       -0.0000005884  -0.0000006899  -0.0000098611  -0.0000005746  -0.0000011558
       -0.0000031054  -0.0000020428  -0.0000036455  -0.0000057030  -0.0000012766
       -0.0000024379  -0.0000004698   0.0000024426   0.0000040160  -0.0000025379
        0.0000016583   0.0000027828  -0.0000078421  -0.0000013420  -0.0000018204
       -0.0000076288   0.0000007390   0.0000012952  -0.0000104181  -0.0000014831
       -0.0000021379  -0.0000121810
       -0.0000062421  -0.0000000287   0.0000008211  -0.0000057376   0.0000001347
        0.0000004917  -0.0000058485   0.0000000703  -0.0000000086  -0.0000057435
        0.0000001235   0.0000001250  -0.0000061085  -0.0000000746  -0.0000005884
        0.0000786818  -0.0000000982  -0.0000010547  -0.0000061556   0.0000000359
        0.0000011299  -0.0000065095  -0.0000001757   0.0000005515  -0.0000063970
       -0.0000000705   0.0000010381  -0.0000054479   0.0000002738   0.0000007768
       -0.0000055622   0.0000001758   0.0000002602  -0.0000065341   0.0000000050
       -0.0000012931  -0.0000060204  -0.0000004033  -0.0000012224  -0.0000063748
        0.0000000321  -0.0000010270
        0.0000005645  -0.0000003122  -0.0000000048   0.0000008616  -0.0000014125
       -0.0000001582  -0.0000012780  -0.0000061154   0.0000004668  -0.0000050360
       -0.0000067320   0.0000018233   0.0000015519  -0.0000095948  -0.0000006899
       -0.0000000982   0.0000707380  -0.0000002471   0.0000020377   0.0000030936
       -0.0000004261   0.0000022888  -0.0000029332  -0.0000007350  -0.0000028504
       -0.0000002681   0.0000012580  -0.0000008631   0.0000012339   0.0000005719
        0.0000042903  -0.0000015247  -0.0000014288  -0.0000033263  -0.0000146349
        0.0000009548  -0.0000003881  -0.0000149982  -0.0000001499   0.0000022454
       -0.0000165395  -0.0000012350
       -0.0000017204  -0.0000002667   0.0000001516   0.0000024421   0.0000004763
       -0.0000024945   0.0000016741   0.0000003023  -0.0000064836   0.0000023609
        0.0000004391  -0.0000066217  -0.0000000181  -0.0000000588  -0.0000098611
       -0.0000010547  -0.0000002471   0.0000712103  -0.0000011822  -0.0000001335
        0.0000030324  -0.0000042139  -0.0000007592  -0.0000018067  -0.0000028041
       -0.0000004561   0.0000011999   0.0000049450   0.0000009634  -0.0000005036
        0.0000034907   0.0000006570  -0.0000035976  -0.0000027158  -0.0000004389
       -0.0000131940   0.0000018277   0.0000000257  -0.0000155355  -0.0000030313
       -0.0000005035  -0.0000154960
       -0.0000065557  -0.0000017996   0.0000009672  -0.0000058915  -0.0000008943
        0.0000005259  -0.0000054468   0.0000002568  -0.0000000633  -0.0000043439
        0.0000005064  -0.0000000966  -0.0000064535   0.0000009773  -0.0000005746
       -0.0000061556   0.0000020377  -0.0000011822   0.0000780952  -0.0000026517
        0.0000014394  -0.0000074862  -0.0000014498   0.0000006047  -0.0000058226
       -0.0000019645   0.0000011749  -0.0000049773  -0.0000012455   0.0000008829
       -0.0000066568  -0.0000007201   0.0000003138  -0.0000055746   0.0000017760
       -0.0000007236  -0.0000054867   0.0000029779  -0.0000014993  -0.0000072439
        0.0000021933  -0.0000017692
       -0.0000008185  -0.0000154309  -0.0000002889  -0.0000009300  -0.0000091196
       -0.0000004440   0.0000017353  -0.0000040308   0.0000009089   0.0000065595
       -0.0000023952   0.0000035130  -0.0000019813  -0.0000016294  -0.0000011558
        0.0000000359   0.0000030936  -0.0000001335  -0.0000026517   0.0000658166
       -0.0000012399  -0.0000031604  -0.0000150904  -0.0000015574   0.0000034463
       -0.0000167148   0.0000020474   0.0000014183  -0.0000094960   0.0000008295
       -0.0000052088  -0.0000078099  -0.0000027961   0.0000040142   0.0000016748
        0.0000018891   0.0000005801   0.0000074422   0.0000001690  -0.0000030388
        0.0000036897  -0.0000017412
        0.0000021036  -0.0000015099  -0.0000140045  -0.0000029107   0.0000016118
       -0.0000109627  -0.0000019363   0.0000012374  -0.0000043061  -0.0000025908
        0.0000017920  -0.0000005145  -0.0000000936   0.0000000956  -0.0000031054
        0.0000011299  -0.0000004261   0.0000030324   0.0000014394  -0.0000012399
        0.0000661322   0.0000050912  -0.0000032972  -0.0000133250   0.0000034934
       -0.0000022916  -0.0000121042  -0.0000058758   0.0000033885  -0.0000116626
       -0.0000042179   0.0000023599  -0.0000128241   0.0000031896  -0.0000014630
        0.0000046847  -0.0000024656   0.0000014401   0.0000055948   0.0000036436
       -0.0000016976   0.0000033652
       -0.0000073144  -0.0000022034   0.0000034368  -0.0000049545  -0.0000008679
        0.0000019209  -0.0000047237   0.0000004107  -0.0000002422  -0.0000032054
        0.0000007319  -0.0000003870  -0.0000064931   0.0000011530  -0.0000020428
       -0.0000065095   0.0000022888  -0.0000042139  -0.0000074862  -0.0000031604
        0.0000050912   0.0000755998  -0.0000019644   0.0000022671  -0.0000068688
       -0.0000024684   0.0000040603  -0.0000029327  -0.0000011061   0.0000030884
       -0.0000054682  -0.0000005972   0.0000012767  -0.0000064372   0.0000018026
       -0.0000032064  -0.0000045863   0.0000037626  -0.0000052908  -0.0000086198
        0.0000022183  -0.0000057585
       -0.0000005409  -0.0000140383  -0.0000005887  -0.0000002499  -0.0000035153
       -0.0000011368   0.0000010920  -0.0000021101   0.0000027046   0.0000037592
       -0.0000000241   0.0000104917  -0.0000011078  -0.0000037749  -0.0000036455
       -0.0000001757  -0.0000029332  -0.0000007592  -0.0000014498  -0.0000150904
       -0.0000032972  -0.0000019644   0.0000667246  -0.0000044653   0.0000016228
       -0.0000165365   0.0000064114   0.0000012032   0.0000006516   0.0000027574
       -0.0000023934  -0.0000010900  -0.0000081878   0.0000017729  -0.0000062608
        0.0000052094   0.0000002424   0.0000039398  -0.0000000416  -0.0000018107
       -0.0000059425  -0.0000054525
        0.0000009397  -0.0000019790  -0.0000101579  -0.0000013563   0.0000023046
       -0.0000088463  -0.0000008729   0.0000016993  -0.0000043782  -0.0000011232
        0.0000024050  -0.0000001649  -0.0000000525   0.0000001308  -0.0000057030
        0.0000005515  -0.0000007350  -0.0000018067   0.0000006047  -0.0000015574
       -0.0000133250   0.0000022671  -0.0000044653   0.0000739030   0.0000016351
       -0.0000030654  -0.0000070640  -0.0000026814   0.0000047842  -0.0000079574
       -0.0000020241   0.0000033420  -0.0000119318   0.0000015482  -0.0000023295
        0.0000012133  -0.0000010518   0.0000022849  -0.0000004238   0.0000016159
       -0.0000028191  -0.0000033572
       -0.0000065390   0.0000022793   0.0000023166  -0.0000048884   0.0000014233
        0.0000013165  -0.0000059377  -0.0000002038  -0.0000002306  -0.0000070851
       -0.0000005343  -0.0000005250  -0.0000054663  -0.0000012354  -0.0000012766
       -0.0000063970  -0.0000028504  -0.0000028041  -0.0000058226   0.0000034463
        0.0000034934  -0.0000068688   0.0000016228   0.0000016351   0.0000767996
        0.0000024069   0.0000025533  -0.0000045790   0.0000020946   0.0000019970
       -0.0000032960   0.0000012743   0.0000010680  -0.0000081384  -0.0000029490
       -0.0000022903  -0.0000053561  -0.0000031089  -0.0000035521  -0.0000064252
       -0.0000036658  -0.0000037011
       -0.0000006579  -0.0000144887  -0.0000004467  -0.0000005525  -0.0000061152
       -0.0000007941   0.0000013577  -0.0000030769   0.0000018337   0.0000049375
       -0.0000012674   0.0000070983  -0.0000014743  -0.0000028383  -0.0000024379
       -0.0000000705  -0.0000002681  -0.0000004561  -0.0000019645  -0.0000167148
       -0.0000022916  -0.0000024684  -0.0000165365  -0.0000030654   0.0000024069
        0.0000685748   0.0000042786   0.0000012750  -0.0000041042   0.0000018343
       -0.0000036146  -0.0000042378  -0.0000055524   0.0000027560  -0.0000026133
        0.0000036372   0.0000004029   0.0000053215  -0.0000000030  -0.0000023332
       -0.0000016352  -0.0000036348
        0.0000016408   0.0000027310  -0.0000112164  -0.0000023049  -0.0000034468
       -0.0000085135  -0.0000016472  -0.0000024724  -0.0000073711  -0.0000024503
       -0.0000035533  -0.0000120510   0.0000000915  -0.0000000347  -0.0000004698
        0.0000010381   0.0000012580   0.0000011999   0.0000011749   0.0000020474
       -0.0000121042   0.0000040603   0.0000064114  -0.0000070640   0.0000025533
        0.0000042786   0.0000684731  -0.0000047429  -0.0000071141  -0.0000127013
       -0.0000031946  -0.0000049219  -0.0000031590   0.0000025170   0.0000035043
       -0.0000031611  -0.0000016780  -0.0000026965   0.0000023258   0.0000029419
        0.0000040089   0.0000058126
       -0.0000048316   0.0000010711  -0.0000040067  -0.0000075469   0.0000001446
       -0.0000022749  -0.0000073309  -0.0000003196   0.0000002575  -0.0000082647
       -0.0000005204   0.0000003320  -0.0000058778  -0.0000004684   0.0000024426
       -0.0000054479  -0.0000008631   0.0000049450  -0.0000049773   0.0000014183
       -0.0000058758  -0.0000029327   0.0000012032  -0.0000026814  -0.0000045790
        0.0000012750  -0.0000047429   0.0000755296   0.0000000147  -0.0000036119
       -0.0000077558  -0.0000000570  -0.0000015065  -0.0000047896  -0.0000005553
        0.0000042442  -0.0000074464  -0.0000016447   0.0000061251  -0.0000037488
       -0.0000006983   0.0000063536
       -0.0000002237  -0.0000062220   0.0000005182  -0.0000008425  -0.0000140102
        0.0000011808   0.0000006218  -0.0000094497  -0.0000029240   0.0000029235
       -0.0000104996  -0.0000113570  -0.0000009445  -0.0000037306   0.0000040160
        0.0000002738   0.0000012339   0.0000009634  -0.0000012455  -0.0000094960
        0.0000033885  -0.0000011061   0.0000006516   0.0000047842   0.0000020946
       -0.0000041042  -0.0000071141   0.0000000147   0.0000640839  -0.0000031003
       -0.0000031955  -0.0000159807   0.0000088668   0.0000025465   0.0000046148
       -0.0000056985   0.0000002732  -0.0000037871   0.0000002286  -0.0000011905
        0.0000066958   0.0000062473
        0.0000012549   0.0000011541  -0.0000102823  -0.0000017688  -0.0000015056
       -0.0000082996  -0.0000012382  -0.0000010601  -0.0000064301  -0.0000017954
       -0.0000015022  -0.0000081984   0.0000000408  -0.0000000086  -0.0000025379
        0.0000007768   0.0000005719  -0.0000005036   0.0000008829   0.0000008295
       -0.0000116626   0.0000030884   0.0000027574  -0.0000079574   0.0000019970
        0.0000018343  -0.0000127013  -0.0000036119  -0.0000031003   0.0000743190
       -0.0000024879  -0.0000021555  -0.0000058308   0.0000019528   0.0000014663
       -0.0000024420  -0.0000013149  -0.0000010725   0.0000006280   0.0000022235
        0.0000017915   0.0000018990
       -0.0000056223  -0.0000034247  -0.0000028484  -0.0000075995  -0.0000021529
       -0.0000016501  -0.0000061040   0.0000002970   0.0000002409  -0.0000043616
        0.0000007487   0.0000004554  -0.0000069053   0.0000019293   0.0000016583
       -0.0000055622   0.0000042903   0.0000034907  -0.0000066568  -0.0000052088
       -0.0000042179  -0.0000054682  -0.0000023934  -0.0000020241  -0.0000032960
       -0.0000036146  -0.0000031946  -0.0000077558  -0.0000031955  -0.0000024879
        0.0000750498  -0.0000019336  -0.0000012806  -0.0000030973   0.0000041984
        0.0000033100  -0.0000066498   0.0000052704   0.0000043283  -0.0000059711
        0.0000051895   0.0000042200
       -0.0000001093  -0.0000057458   0.0000003720  -0.0000005299  -0.0000113278
        0.0000008228   0.0000003450  -0.0000084557  -0.0000020319   0.0000016960
       -0.0000092230  -0.0000078827  -0.0000005582  -0.0000046971   0.0000027828
        0.0000001758  -0.0000015247   0.0000006570  -0.0000007201  -0.0000078099
        0.0000023599  -0.0000005972  -0.0000010900   0.0000033420   0.0000012743
       -0.0000042378  -0.0000049219  -0.0000000570  -0.0000159807  -0.0000021555
       -0.0000019336   0.0000722286   0.0000061529   0.0000015389   0.0000008152
       -0.0000040272   0.0000001338  -0.0000051734   0.0000001953  -0.0000006584
        0.0000022219   0.0000043345
        0.0000005490  -0.0000035850  -0.0000091648  -0.0000007953   0.0000042769
       -0.0000085970  -0.0000004440   0.0000031363  -0.0000034207  -0.0000004289
        0.0000045002   0.0000037673  -0.0000001165   0.0000001466  -0.0000078421
        0.0000002602  -0.0000014288  -0.0000035976   0.0000003138  -0.0000027961
       -0.0000128241   0.0000012767  -0.0000081878  -0.0000119318   0.0000010680
       -0.0000055524  -0.0000031590  -0.0000015065   0.0000088668  -0.0000058308
       -0.0000012806   0.0000061529   0.0000703416   0.0000009384  -0.0000043600
        0.0000017896  -0.0000007191   0.0000038418  -0.0000022027   0.0000008849
       -0.0000050114  -0.0000073278
       -0.0000063656   0.0000026195   0.0000021930  -0.0000048837   0.0000016956
        0.0000012907  -0.0000060303  -0.0000002010  -0.0000001525  -0.0000073202
       -0.0000005065  -0.0000002051  -0.0000054765  -0.0000015336  -0.0000013420
       -0.0000065341  -0.0000033263  -0.0000027158  -0.0000055746   0.0000040142
        0.0000031896  -0.0000064372   0.0000017729   0.0000015482  -0.0000081384
        0.0000027560   0.0000025170  -0.0000047896   0.0000025465   0.0000019528
       -0.0000030973   0.0000015389   0.0000009384   0.0000764605  -0.0000031522
       -0.0000028659  -0.0000057587  -0.0000043853  -0.0000032720  -0.0000060542
       -0.0000038387  -0.0000030762
        0.0000003659  -0.0000018957  -0.0000001978   0.0000009213   0.0000002076
       -0.0000006461  -0.0000011577  -0.0000048330   0.0000013485  -0.0000047738
       -0.0000048734   0.0000052224   0.0000015640  -0.0000093940  -0.0000018204
        0.0000000050  -0.0000146349  -0.0000004389   0.0000017760   0.0000016748
       -0.0000014630   0.0000018026  -0.0000062608  -0.0000023295  -0.0000029490
       -0.0000026133   0.0000035043  -0.0000005553   0.0000046148   0.0000014663
        0.0000041984   0.0000008152  -0.0000043600  -0.0000031522   0.0000682379
        0.0000037084   0.0000000888  -0.0000123713  -0.0000000539   0.0000018658
       -0.0000186740  -0.0000039403
       -0.0000012761   0.0000023306   0.0000003774   0.0000022077  -0.0000027884
       -0.0000016937   0.0000014862  -0.0000020244  -0.0000081447   0.0000021638
       -0.0000027212  -0.0000129790  -0.0000001889  -0.0000003681  -0.0000076288
       -0.0000012931   0.0000009548  -0.0000131940  -0.0000007236   0.0000018891
        0.0000046847  -0.0000032064   0.0000052094   0.0000012133  -0.0000022903
        0.0000036372  -0.0000031611   0.0000042442  -0.0000056985  -0.0000024420
        0.0000033100  -0.0000040272   0.0000017896  -0.0000028659   0.0000037084
        0.0000662201   0.0000007083  -0.0000047070  -0.0000149872  -0.0000022758
        0.0000046054  -0.0000100545
       -0.0000054588   0.0000003660  -0.0000015618  -0.0000066302   0.0000001719
       -0.0000008308  -0.0000065452  -0.0000000572   0.0000002094  -0.0000068284
       -0.0000000513   0.0000006013  -0.0000061112  -0.0000003036   0.0000007390
       -0.0000060204  -0.0000003881   0.0000018277  -0.0000054867   0.0000005801
       -0.0000024656  -0.0000045863   0.0000002424  -0.0000010518  -0.0000053561
        0.0000004029  -0.0000016780  -0.0000074464   0.0000002732  -0.0000013149
       -0.0000066498   0.0000001338  -0.0000007191  -0.0000057587   0.0000000888
        0.0000007083   0.0000778027  -0.0000015735   0.0000024465  -0.0000049247
        0.0000001147   0.0000030898
        0.0000011095   0.0000037606   0.0000004074   0.0000009082  -0.0000036089
        0.0000007492  -0.0000017343  -0.0000085180  -0.0000011237  -0.0000064075
       -0.0000101821  -0.0000042367   0.0000017586  -0.0000107567   0.0000012952
       -0.0000004033  -0.0000149982   0.0000000257   0.0000029779   0.0000074422
        0.0000014401   0.0000037626   0.0000039398   0.0000022849  -0.0000031089
        0.0000053215  -0.0000026965  -0.0000016447  -0.0000037871  -0.0000010725
        0.0000052704  -0.0000051734   0.0000038418  -0.0000043853  -0.0000123713
       -0.0000047070  -0.0000015735   0.0000628834  -0.0000000354   0.0000034704
       -0.0000139519   0.0000038276
       -0.0000021729   0.0000000606   0.0000017019   0.0000030178   0.0000001312
       -0.0000015234   0.0000020471   0.0000000155  -0.0000068413   0.0000028188
       -0.0000000650  -0.0000077950   0.0000000427  -0.0000000063  -0.0000104181
       -0.0000012224  -0.0000001499  -0.0000155355  -0.0000014993   0.0000001690
        0.0000055948  -0.0000052908  -0.0000000416  -0.0000004238  -0.0000035521
       -0.0000000030   0.0000023258   0.0000061251   0.0000002286   0.0000006280
        0.0000043283   0.0000001953  -0.0000022027  -0.0000032720  -0.0000000539
       -0.0000149872   0.0000024465  -0.0000000354   0.0000669027  -0.0000038168
       -0.0000004452  -0.0000174263
       -0.0000070091  -0.0000021008   0.0000024663  -0.0000053371  -0.0000009015
        0.0000013728  -0.0000050050   0.0000003633  -0.0000001621  -0.0000036341
        0.0000006737  -0.0000002323  -0.0000064829   0.0000011037  -0.0000014831
       -0.0000063748   0.0000022454  -0.0000030313  -0.0000072439  -0.0000030388
        0.0000036436  -0.0000086198  -0.0000018107   0.0000016159  -0.0000064252
       -0.0000023332   0.0000029419  -0.0000037488  -0.0000011905   0.0000022235
       -0.0000059711  -0.0000006584   0.0000008849  -0.0000060542   0.0000018658
       -0.0000022758  -0.0000049247   0.0000034704  -0.0000038168   0.0000768306
        0.0000023116  -0.0000041475
        0.0000004445  -0.0000007583  -0.0000002692   0.0000011314   0.0000014725
       -0.0000007246  -0.0000014432  -0.0000047299   0.0000015910  -0.0000059401
       -0.0000050077   0.0000061035   0.0000019506  -0.0000100774  -0.0000021379
        0.0000000321  -0.0000165395  -0.0000005035   0.0000021933   0.0000036897
       -0.0000016976   0.0000022183  -0.0000059425  -0.0000028191  -0.0000036658
       -0.0000016352   0.0000040089  -0.0000006983   0.0000066958   0.0000017915
        0.0000051895   0.0000022219  -0.0000050114  -0.0000038387  -0.0000186740
        0.0000046054   0.0000001147  -0.0000139519  -0.0000004452   0.0000023116
        0.0000632366  -0.0000044918
       -0.0000023797  -0.0000022994   0.0000010679   0.0000030457   0.0000030714
       -0.0000025188   0.0000021090   0.0000021566  -0.0000053078   0.0000029200
        0.0000030124  -0.0000019304   0.0000001212   0.0000001452  -0.0000121810
       -0.0000010270  -0.0000012350  -0.0000154960  -0.0000017692  -0.0000017412
        0.0000033652  -0.0000057585  -0.0000054525  -0.0000033572  -0.0000037011
       -0.0000036348   0.0000058126   0.0000063536   0.0000062473   0.0000018990
        0.0000042200   0.0000043345  -0.0000073278  -0.0000030762  -0.0000039403
       -0.0000100545   0.0000030898   0.0000038276  -0.0000174263  -0.0000041475
       -0.0000044918   0.0000634551
