           1           2  0.99524336349427389     
           2           3  0.96943398087262711     
           3           4   1.7617441886091569     
           3           5   1.1278879421698587     
           4           5  0.17309589092904010     
           5           6  0.95848410816689167     
           1           7  0.98415458701501346     
           1           8  0.98774828733559872     
           1           9  0.98760936326895266     
           2          10  0.97199967476825311     
           2          11  0.97031071498434385     
           6          12  0.97705320583728583     
           6          13  0.97702317369334124     
           6          14  0.98166323408314904     
