           1           2   1.4428946629481871     
           2           3   1.4261202938631286     
           1           4  0.10391967010173848     
           3           4   1.4415424888047625     
           2           5  0.11701597125793206     
           4           5   1.4415425290605857     
           1           6   1.4428946723710374     
           3           6  0.11701595830587741     
           5           6   1.4261202923420404     
           1           7  0.97034249915639781     
           2           8  0.97053807457505903     
           3           9  0.96417868584926802     
           5          10  0.96417867673379754     
           6          11  0.97053806752007887     
