$hessian                                                                        
        0.5217088970   0.0206969241   0.0088159893  -0.0747181561   0.0308036656
        0.0214500772  -0.0104025796   0.0210570164   0.0127295538  -0.0075771280
        0.0049954586  -0.0024677194  -0.0012837738   0.0021284693   0.0001589033
        0.0009916891   0.0005227638  -0.0002846990  -0.1105785872  -0.0997978214
        0.0453156240  -0.2735815865   0.0314789781  -0.0426781851  -0.0504988578
        0.0017575416  -0.0361699973   0.0019859579  -0.0018505800  -0.0004961051
        0.0041546705  -0.0118666796  -0.0063886496  -0.0000953862   0.0000790658
       -0.0000339421  -0.0001873221   0.0000040918   0.0000510069   0.0000821629
       -0.0000088941  -0.0000018571
        0.0206969241   0.4796325808  -0.0251833811   0.0279621756  -0.1636053905
       -0.0539644340   0.0114044157  -0.0064021721  -0.0016181864   0.0018515728
       -0.0000081458  -0.0004434936  -0.0011253507  -0.0017832841   0.0001553640
       -0.0001924717  -0.0001661779   0.0001482337  -0.1007684124  -0.1895256797
        0.0691900091   0.0320173354  -0.0465790233   0.0074285202   0.0016976430
       -0.0447818458   0.0186788088   0.0006475512  -0.0016057323  -0.0037473614
        0.0058507936  -0.0251819176  -0.0106321917  -0.0000334215   0.0000033512
        0.0000121139   0.0000509402  -0.0000148378  -0.0000080218  -0.0000596954
        0.0000182750  -0.0000159798
        0.0088159893  -0.0251833811   0.5131435862   0.0186935586  -0.0525354389
       -0.0925852470   0.0013903782   0.0018037195   0.0018541499  -0.0017757481
        0.0007338144  -0.0003090641  -0.0002513768   0.0002225772   0.0001715306
       -0.0000678492  -0.0000500770   0.0000607431   0.0453269589   0.0687300579
       -0.0765584029  -0.0425665935   0.0074492080  -0.0521395976  -0.0362132339
        0.0193619362  -0.2799923966   0.0088335074  -0.0266432151  -0.0179959316
       -0.0021455825   0.0060482362   0.0043648386  -0.0000495569   0.0000047632
       -0.0000128413  -0.0000034802   0.0000579133  -0.0000062966   0.0000130287
       -0.0000001138   0.0000049294
       -0.0747181561   0.0279621756   0.0186935586   0.4623102099   0.0259301236
       -0.0115207777  -0.1641055695   0.0262053793  -0.0144744372  -0.0221816677
        0.0187345410  -0.0048439828  -0.0408953033  -0.0123996117  -0.0067458136
       -0.0006091366  -0.0028931081  -0.0007659010   0.0047776172  -0.0125198719
       -0.0069651135  -0.0120714115   0.0272254806   0.0136256962   0.0011025942
       -0.0021257989   0.0002912758  -0.0437219665   0.0012700038  -0.0305715017
       -0.1088883979  -0.0975854778   0.0433811384   0.0000569592  -0.0000065877
       -0.0001714697  -0.0000873178  -0.0000116200   0.0002127248  -0.0009684536
        0.0002143722  -0.0001453969
        0.0308036656  -0.1636053905  -0.0525354389   0.0259301236   0.5146713436
       -0.0171945034   0.0131074206  -0.0627700885   0.0032300621   0.0452830797
       -0.0246735380   0.0079975870  -0.0264752610   0.0027364214  -0.0048207380
       -0.0035025865  -0.0039379153  -0.0009773643   0.0058294728  -0.0273498465
       -0.0109291866   0.0050080035  -0.0077807108  -0.0034322956   0.0003619474
       -0.0011283271  -0.0039932759   0.0010874251  -0.0404798316   0.0217282187
       -0.0962934398  -0.1854210296   0.0611065229   0.0001793221  -0.0002292679
       -0.0000551140   0.0000599699  -0.0002239392   0.0000467718  -0.0013791431
        0.0001921200  -0.0001712459
        0.0214500772  -0.0539644340  -0.0925852470  -0.0115207777  -0.0171945034
        0.4822364654  -0.0101236090   0.0034989825  -0.0719520414  -0.0048271725
        0.0050215829   0.0165051381  -0.0056656494  -0.0039737331   0.0042963311
       -0.0005900771   0.0000702934   0.0057758155  -0.0031507081   0.0066860757
        0.0045606288   0.0002225154   0.0014310023   0.0016340241   0.0092516250
       -0.0271600914  -0.0173514808  -0.0378642804   0.0234242913  -0.2643833436
        0.0428682733   0.0620999557  -0.0688931461  -0.0010500865  -0.0001271816
       -0.0001744911   0.0008787400   0.0001946208   0.0001377371   0.0001211300
       -0.0000068609   0.0001936100
       -0.0104025796   0.0114044157   0.0013903782  -0.1641055695   0.0131074206
       -0.0101236090   0.5585437926  -0.1730044102   0.0498646125  -0.1817935484
        0.2404238192  -0.0151803753  -0.1277079873  -0.0566464060  -0.0087746799
       -0.0392397102  -0.0311839963  -0.0053000065   0.0009883286  -0.0013912880
        0.0004927043   0.0003569409  -0.0000622071   0.0001344348   0.0008653973
       -0.0004508461  -0.0011770062  -0.0078326267   0.0022434145  -0.0064863727
       -0.0217025657  -0.0021774425  -0.0035573240  -0.0003356947  -0.0015280985
       -0.0001293948   0.0000813280  -0.0014122238  -0.0002510495  -0.0077155053
        0.0006778483  -0.0009023118
        0.0210570164  -0.0064021721   0.0018037195   0.0262053793  -0.0627700885
        0.0034989825  -0.1730044102   0.8591690116  -0.0242452708   0.2275675156
       -0.5990952916   0.0297817534  -0.0738351358  -0.1964506988  -0.0089997265
       -0.0193412750   0.0058529929  -0.0029864822   0.0005416323  -0.0021140806
        0.0008358925   0.0009438181  -0.0038985761  -0.0022323351   0.0006107752
        0.0006033652  -0.0004048493   0.0053244380   0.0007503918   0.0030070669
       -0.0238888931   0.0018735303  -0.0013902175   0.0037794103   0.0021179369
       -0.0021473470   0.0032478625   0.0023600663   0.0032261584   0.0007918663
       -0.0019963871   0.0002526552
        0.0127295538  -0.0016181864   0.0018541499  -0.0144744372   0.0032300621
       -0.0719520414   0.0498646125  -0.0242452708   0.2024926066  -0.0149513704
        0.0313457351  -0.0683251763  -0.0083185428  -0.0050420265  -0.0566280022
       -0.0049838557  -0.0043612976  -0.0001807084  -0.0001624157   0.0005287220
        0.0005176005   0.0012053812  -0.0031249881  -0.0011206903   0.0014540657
       -0.0005791837  -0.0004815948  -0.0312900660   0.0055619835  -0.0095980382
        0.0106233870  -0.0012529496   0.0017481972   0.0014231332   0.0005453142
        0.0007044823  -0.0014529252  -0.0009039668   0.0006538671  -0.0016665204
       -0.0000839472   0.0003153478
       -0.0075771280   0.0018515728  -0.0017757481  -0.0221816677   0.0452830797
       -0.0048271725  -0.1817935484   0.2275675156  -0.0149513704   0.1917287408
       -0.2543291131   0.0215848731   0.0146346204  -0.0202295352  -0.0018798808
        0.0015852793  -0.0041905182   0.0004099774  -0.0000578911  -0.0002174587
       -0.0001113826  -0.0009638482   0.0021194375   0.0011543340  -0.0000179736
       -0.0003065345  -0.0000989064  -0.0023503921   0.0010866273  -0.0003552348
        0.0033950294   0.0009116465   0.0001907426   0.0013233078   0.0010461929
       -0.0009953256   0.0008701392   0.0005736991   0.0013465845   0.0014053324
       -0.0011666119   0.0003085097
        0.0049954586  -0.0000081458   0.0007338144   0.0187345410  -0.0246735380
        0.0050215829   0.2404238192  -0.5990952916   0.0313457351  -0.2543291131
        0.7375805623  -0.0336631140  -0.0124813283  -0.1157394627  -0.0009563774
        0.0029473712   0.0013706072   0.0005336869  -0.0005717850   0.0011721885
       -0.0000620069   0.0012050996  -0.0014075826  -0.0008131709  -0.0002115885
       -0.0000734522  -0.0001052546   0.0006355727  -0.0007490752  -0.0002661747
       -0.0008526929   0.0006636556  -0.0014888268  -0.0008933751  -0.0001479727
        0.0008145454  -0.0007895765  -0.0002792815  -0.0013343131   0.0011875972
        0.0013867888   0.0002398738
       -0.0024677194  -0.0004434936  -0.0003090641  -0.0048439828   0.0079975870
        0.0165051381  -0.0151803753   0.0297817534  -0.0683251763   0.0215848731
       -0.0336631140   0.0296102122  -0.0018709617  -0.0023242179   0.0259835467
        0.0005922387  -0.0007075470  -0.0038690501  -0.0000161602  -0.0002081764
        0.0000003176  -0.0002039157   0.0007841342   0.0004231111  -0.0002166215
        0.0002121122   0.0001177460   0.0027136327  -0.0012951772   0.0009688392
       -0.0007961393  -0.0000430883  -0.0005201789   0.0000602341  -0.0003895501
       -0.0003825570   0.0004841578   0.0004284908  -0.0003367946   0.0001607394
       -0.0001297132   0.0001339099
       -0.0012837738  -0.0011253507  -0.0002513768  -0.0408953033  -0.0264752610
       -0.0056656494  -0.1277079873  -0.0738351358  -0.0083185428   0.0146346204
       -0.0124813283  -0.0018709617   0.4425737664   0.0453990041   0.0455287101
       -0.1920625179   0.0493123761  -0.0175060392  -0.0014708378   0.0014798337
       -0.0001867079  -0.0001979893  -0.0001074706   0.0000005696   0.0000078544
       -0.0000240755   0.0006945294  -0.0017047985  -0.0005162442  -0.0003388579
       -0.0072006168   0.0005484013  -0.0013227583  -0.0348733732   0.0099492302
        0.0047482032  -0.0249387506   0.0102175124  -0.0116488650  -0.0248802926
       -0.0023414918  -0.0038622532
        0.0021284693  -0.0017832841   0.0002225772  -0.0123996117   0.0027364214
       -0.0039737331  -0.0566464060  -0.1964506988  -0.0050420265  -0.0202295352
       -0.1157394627  -0.0023242179   0.0453990041   0.3939181817   0.0045565367
        0.0328876827  -0.0822002901   0.0047194687   0.0006564267   0.0014314383
       -0.0004002542   0.0003809800   0.0004413553   0.0002289241  -0.0003027186
        0.0001603829   0.0007979699  -0.0006826454  -0.0006212562   0.0000910087
        0.0010712775   0.0007345227   0.0001097431   0.0167073372  -0.0025531521
        0.0017152539   0.0210989642  -0.0042371695   0.0030576289  -0.0300692247
        0.0041630110  -0.0037588795
        0.0001589033   0.0001553640   0.0001715306  -0.0067458136  -0.0048207380
        0.0042963311  -0.0087746799  -0.0089997265  -0.0566280022  -0.0018798808
       -0.0009563774   0.0259835467   0.0455287101   0.0045565367   0.0787435005
       -0.0169030304   0.0065649370  -0.0577178038   0.0000841284   0.0000619504
       -0.0005116887   0.0001478332   0.0002320748   0.0002714101  -0.0004337293
       -0.0000794501   0.0008336646   0.0008324790   0.0003183161   0.0005127364
       -0.0010096874   0.0002307658   0.0005034841   0.0249194945  -0.0025433438
        0.0065651623  -0.0306097547   0.0051281547  -0.0030146374  -0.0053149724
        0.0001515364  -0.0000092342
        0.0009916891  -0.0001924717  -0.0000678492  -0.0006091366  -0.0035025865
       -0.0005900771  -0.0392397102  -0.0193412750  -0.0049838557   0.0015852793
        0.0029473712   0.0005922387  -0.1920625179   0.0328876827  -0.0169030304
        0.4136565288   0.0228203421  -0.0104413461  -0.0005333232   0.0001443208
       -0.0000398971   0.0003115822  -0.0000309522   0.0001153101  -0.0003495950
       -0.0000031196  -0.0000586320  -0.0009525827  -0.0001058614   0.0001352541
       -0.0012122804   0.0004132953  -0.0006294659  -0.0664358752   0.0353886626
        0.0682065804  -0.0422837035   0.0171617530  -0.0243249040  -0.0728663547
       -0.0885871614  -0.0110103258
        0.0005227638  -0.0001661779  -0.0000500770  -0.0028931081  -0.0039379153
        0.0000702934  -0.0311839963   0.0058529929  -0.0043612976  -0.0041905182
        0.0013706072  -0.0007075470   0.0493123761  -0.0822002901   0.0065649370
        0.0228203421   0.5375105657   0.0043206600   0.0002799567   0.0001222282
       -0.0000190239   0.0000992773   0.0000841663  -0.0000211960   0.0000332275
        0.0000185504   0.0000932031  -0.0001046602   0.0000187874  -0.0001243161
       -0.0013930638  -0.0000045640  -0.0003021483   0.0339332502  -0.0897495642
       -0.0842647225   0.0151177449  -0.1205357209   0.1066433512  -0.0823535922
       -0.2483836658  -0.0278421161
       -0.0002846990   0.0001482337   0.0000607431  -0.0007659010  -0.0009773643
        0.0057758155  -0.0053000065  -0.0029864822  -0.0001807084   0.0004099774
        0.0005336869  -0.0038690501  -0.0175060392   0.0047194687  -0.0577178038
       -0.0104413461   0.0043206600   0.4953552377   0.0000499040  -0.0000043536
        0.0000905332  -0.0000095407   0.0001063025   0.0000002865   0.0000735788
       -0.0000596031  -0.0003127167   0.0010812157  -0.0001109691   0.0001443749
       -0.0007770316   0.0001700968   0.0000329023   0.0650635363  -0.0847741610
       -0.1990642522  -0.0210344586   0.1074744419  -0.1928326607  -0.0105591895
       -0.0285599572  -0.0474827012
       -0.1105785872  -0.1007684124   0.0453269589   0.0047776172   0.0058294728
       -0.0031507081   0.0009883286   0.0005416323  -0.0001624157  -0.0000578911
       -0.0005717850  -0.0000161602  -0.0014708378   0.0006564267   0.0000841284
       -0.0005333232   0.0002799567   0.0000499040   0.1256650021   0.1148356384
       -0.0533845654  -0.0217030116  -0.0253475919   0.0119791663   0.0025298273
        0.0028598715  -0.0011582884   0.0001324833  -0.0002221743  -0.0001809404
        0.0002692406   0.0019624924   0.0006148592  -0.0000008556  -0.0000041938
       -0.0000075305   0.0000583166  -0.0000318426   0.0000247558  -0.0000763092
       -0.0000194908  -0.0000191638
       -0.0997978214  -0.1895256797   0.0687300579  -0.0125198719  -0.0273498465
        0.0066860757  -0.0013912880  -0.0021140806   0.0005287220  -0.0002174587
        0.0011721885  -0.0002081764   0.0014798337   0.0014314383   0.0000619504
        0.0001443208   0.0001222282  -0.0000043536   0.1148356384   0.2218830071
       -0.0773601437  -0.0005884988   0.0022395263  -0.0004203814  -0.0031005144
       -0.0036961557   0.0045112417  -0.0002993576   0.0007222125   0.0004240739
        0.0018295585  -0.0049910889  -0.0029063781  -0.0001619068   0.0000233588
        0.0000302165  -0.0001712409   0.0000315083  -0.0000669921  -0.0000413930
        0.0000513833  -0.0000059127
        0.0453156240   0.0691900091  -0.0765584029  -0.0069651135  -0.0109291866
        0.0045606288   0.0004927043   0.0008358925   0.0005176005  -0.0001113826
       -0.0000620069   0.0000003176  -0.0001867079  -0.0004002542  -0.0005116887
       -0.0000398971  -0.0000190239   0.0000905332  -0.0533845654  -0.0773601437
        0.0854787495  -0.0029734485  -0.0038215399   0.0024151471   0.0175192655
        0.0263379549  -0.0162067069  -0.0004394323  -0.0006463488   0.0006295988
        0.0007495589  -0.0030827980  -0.0003696132   0.0000634206  -0.0000760685
       -0.0000310032   0.0000131558   0.0000424705  -0.0000213284  -0.0000531817
       -0.0000089567   0.0000061678
       -0.2735815865   0.0320173354  -0.0425665935  -0.0120714115   0.0050080035
        0.0002225154   0.0003569409   0.0009438181   0.0012053812  -0.0009638482
        0.0012050996  -0.0002039157  -0.0001979893   0.0003809800   0.0001478332
        0.0003115822   0.0000992773  -0.0000095407  -0.0217030116  -0.0005884988
       -0.0029734485   0.3153819749  -0.0392803431   0.0486582425  -0.0082405224
        0.0008325622  -0.0041649690   0.0002251258  -0.0004243459   0.0000220830
        0.0005254668  -0.0002707652  -0.0003550480  -0.0000541148   0.0000531980
        0.0000233586  -0.0000173203   0.0000209751  -0.0000002660   0.0000287140
        0.0000027040  -0.0000056324
        0.0314789781  -0.0465790233   0.0074492080   0.0272254806  -0.0077807108
        0.0014310023  -0.0000622071  -0.0038985761  -0.0031249881   0.0021194375
       -0.0014075826   0.0007841342  -0.0001074706   0.0004413553   0.0002320748
       -0.0000309522   0.0000841663   0.0001063025  -0.0253475919   0.0022395263
       -0.0038215399  -0.0392803431   0.0554428229  -0.0055478369   0.0036848379
        0.0003186452   0.0017923806  -0.0001752931   0.0006448876   0.0003783160
        0.0006076854   0.0004290707   0.0003301895  -0.0000828411   0.0000099110
        0.0000117797  -0.0000385872   0.0000143025  -0.0000288379   0.0000088669
        0.0000412049   0.0000078152
       -0.0426781851   0.0074285202  -0.0521395976   0.0136256962  -0.0034322956
        0.0016340241   0.0001344348  -0.0022323351  -0.0011206903   0.0011543340
       -0.0008131709   0.0004231111   0.0000005696   0.0002289241   0.0002714101
        0.0001153101  -0.0000211960   0.0000002865   0.0119791663  -0.0004203814
        0.0024151471   0.0486582425  -0.0055478369   0.0575270093  -0.0334302897
        0.0044862789  -0.0096363802   0.0006382643  -0.0000276695   0.0003777425
       -0.0001586488   0.0003661524   0.0002025390  -0.0000194025  -0.0000085041
        0.0000434158  -0.0000054720  -0.0000232330   0.0000076314  -0.0000140197
        0.0000167468  -0.0000056488
       -0.0504988578   0.0016976430  -0.0362132339   0.0011025942   0.0003619474
        0.0092516250   0.0008653973   0.0006107752   0.0014540657  -0.0000179736
       -0.0002115885  -0.0002166215   0.0000078544  -0.0003027186  -0.0004337293
       -0.0003495950   0.0000332275   0.0000735788   0.0025298273  -0.0031005144
        0.0175192655  -0.0082405224   0.0036848379  -0.0334302897   0.0544327334
       -0.0042157550   0.0411354484   0.0001158215   0.0017127975   0.0012684573
        0.0000655521  -0.0002970216  -0.0004171986   0.0000520796  -0.0000180295
       -0.0000363260  -0.0000490597   0.0000568688   0.0000043617  -0.0000158514
       -0.0000124698   0.0000405969
        0.0017575416  -0.0447818458   0.0193619362  -0.0021257989  -0.0011283271
       -0.0271600914  -0.0004508461   0.0006033652  -0.0005791837  -0.0003065345
       -0.0000734522   0.0002121122  -0.0000240755   0.0001603829  -0.0000794501
       -0.0000031196   0.0000185504  -0.0000596031   0.0028598715  -0.0036961557
        0.0263379549   0.0008325622   0.0003186452   0.0044862789  -0.0042157550
        0.0521966753  -0.0184356465   0.0018443093  -0.0042522128  -0.0035975658
       -0.0001261765   0.0006698450  -0.0005215152  -0.0000086366  -0.0000071718
       -0.0000025154   0.0000152540  -0.0000126801  -0.0000105678  -0.0000485960
       -0.0000156185   0.0000478568
       -0.0361699973   0.0186788088  -0.2799923966   0.0002912758  -0.0039932759
       -0.0173514808  -0.0011770062  -0.0004048493  -0.0004815948  -0.0000989064
       -0.0001052546   0.0001177460   0.0006945294   0.0007979699   0.0008336646
       -0.0000586320   0.0000932031  -0.0003127167  -0.0011582884   0.0045112417
       -0.0162067069  -0.0041649690   0.0017923806  -0.0096363802   0.0411354484
       -0.0184356465   0.3235349649   0.0011067314  -0.0033932245  -0.0010202094
       -0.0002332447   0.0004174140   0.0004826736  -0.0000859973   0.0000400701
        0.0000404879  -0.0000700816  -0.0000227103   0.0000274045  -0.0000108620
        0.0000238730  -0.0000354561
        0.0019859579   0.0006475512   0.0088335074  -0.0437219665   0.0010874251
       -0.0378642804  -0.0078326267   0.0053244380  -0.0312900660  -0.0023503921
        0.0006355727   0.0027136327  -0.0017047985  -0.0006826454   0.0008324790
       -0.0009525827  -0.0001046602   0.0010812157   0.0001324833  -0.0002993576
       -0.0004394323   0.0002251258  -0.0001752931   0.0006382643   0.0001158215
        0.0018443093   0.0011067314   0.0512486353  -0.0046810557   0.0370268297
        0.0028764222  -0.0035394026   0.0172864171  -0.0002765394  -0.0000289440
       -0.0000578722   0.0002394724  -0.0000322662   0.0001081628   0.0000149875
        0.0000043287   0.0000244109
       -0.0018505800  -0.0016057323  -0.0266432151   0.0012700038  -0.0404798316
        0.0234242913   0.0022434145   0.0007503918   0.0055619835   0.0010866273
       -0.0007490752  -0.0012951772  -0.0005162442  -0.0006212562   0.0003183161
       -0.0001058614   0.0000187874  -0.0001109691  -0.0002221743   0.0007222125
       -0.0006463488  -0.0004243459   0.0006448876  -0.0000276695   0.0017127975
       -0.0042522128  -0.0033932245  -0.0046810557   0.0496513862  -0.0226500398
        0.0014613354  -0.0040668076   0.0255060172   0.0000521224   0.0000065828
        0.0000245110  -0.0000194708  -0.0000217176  -0.0000084138  -0.0000065687
        0.0000023848  -0.0000600613
       -0.0004961051  -0.0037473614  -0.0179959316  -0.0305715017   0.0217282187
       -0.2643833436  -0.0064863727   0.0030070669  -0.0095980382  -0.0003552348
       -0.0002661747   0.0009688392  -0.0003388579   0.0000910087   0.0005127364
        0.0001352541  -0.0001243161   0.0001443749  -0.0001809404   0.0004240739
        0.0006295988   0.0000220830   0.0003783160   0.0003777425   0.0012684573
       -0.0035975658  -0.0010202094   0.0370268297  -0.0226500398   0.3057376611
       -0.0002321673   0.0048231543  -0.0154712469   0.0000041473  -0.0000115152
        0.0000251179   0.0001483332  -0.0000605859   0.0000489043   0.0000560754
        0.0000057204   0.0000237946
        0.0041546705   0.0058507936  -0.0021455825  -0.1088883979  -0.0962934398
        0.0428682733  -0.0217025657  -0.0238888931   0.0106233870   0.0033950294
       -0.0008526929  -0.0007961393  -0.0072006168   0.0010712775  -0.0010096874
       -0.0012122804  -0.0013930638  -0.0007770316   0.0002692406   0.0018295585
        0.0007495589   0.0005254668   0.0006076854  -0.0001586488   0.0000655521
       -0.0001261765  -0.0002332447   0.0028764222   0.0014613354  -0.0002321673
        0.1279901245   0.1118104986  -0.0487899009   0.0001941468  -0.0000653773
       -0.0000373875  -0.0000413605  -0.0000767194   0.0000254621  -0.0004254315
        0.0000652136  -0.0000868914
       -0.0118666796  -0.0251819176   0.0060482362  -0.0975854778  -0.1854210296
        0.0620999557  -0.0021774425   0.0018735303  -0.0012529496   0.0009116465
        0.0006636556  -0.0000430883   0.0005484013   0.0007345227   0.0002307658
        0.0004132953  -0.0000045640   0.0001700968   0.0019624924  -0.0049910889
       -0.0030827980  -0.0002707652   0.0004290707   0.0003661524  -0.0002970216
        0.0006698450   0.0004174140  -0.0035394026  -0.0040668076   0.0048231543
        0.1118104986   0.2152475148  -0.0697647508   0.0000119775   0.0000028281
        0.0000195531  -0.0000072596   0.0000053989  -0.0000432679   0.0000857373
        0.0000390414   0.0000115261
       -0.0063886496  -0.0106321917   0.0043648386   0.0433811384   0.0611065229
       -0.0688931461  -0.0035573240  -0.0013902175   0.0017481972   0.0001907426
       -0.0014888268  -0.0005201789  -0.0013227583   0.0001097431   0.0005034841
       -0.0006294659  -0.0003021483   0.0000329023   0.0006148592  -0.0029063781
       -0.0003696132  -0.0003550480   0.0003301895   0.0002025390  -0.0004171986
       -0.0005215152   0.0004826736   0.0172864171   0.0255060172  -0.0154712469
       -0.0487899009  -0.0697647508   0.0779032564   0.0000222150   0.0000150204
       -0.0000293818   0.0000524581  -0.0000450931   0.0000392628  -0.0000874850
       -0.0000163715   0.0000064128
       -0.0000953862  -0.0000334215  -0.0000495569   0.0000569592   0.0001793221
       -0.0010500865  -0.0003356947   0.0037794103   0.0014231332   0.0013233078
       -0.0008933751   0.0000602341  -0.0348733732   0.0167073372   0.0249194945
       -0.0664358752   0.0339332502   0.0650635363  -0.0000008556  -0.0001619068
        0.0000634206  -0.0000541148  -0.0000828411  -0.0000194025   0.0000520796
       -0.0000086366  -0.0000859973  -0.0002765394   0.0000521224   0.0000041473
        0.0001941468   0.0000119775   0.0000222150   0.0927117889  -0.0474464508
       -0.0812050219   0.0027041532  -0.0013749208  -0.0005204845   0.0050294036
       -0.0046618671  -0.0086256314
        0.0000790658   0.0000033512   0.0000047632  -0.0000065877  -0.0002292679
       -0.0001271816  -0.0015280985   0.0021179369   0.0005453142   0.0010461929
       -0.0001479727  -0.0003895501   0.0099492302  -0.0025531521  -0.0025433438
        0.0353886626  -0.0897495642  -0.0847741610  -0.0000041938   0.0000233588
       -0.0000760685   0.0000531980   0.0000099110  -0.0000085041  -0.0000180295
       -0.0000071718   0.0000400701  -0.0000289440   0.0000065828  -0.0000115152
       -0.0000653773   0.0000028281   0.0000150204  -0.0474464508   0.0990381639
        0.0978900359  -0.0055681768   0.0072114277   0.0151538247   0.0081495088
       -0.0157264318  -0.0257187041
       -0.0000339421   0.0000121139  -0.0000128413  -0.0001714697  -0.0000551140
       -0.0001744911  -0.0001293948  -0.0021473470   0.0007044823  -0.0009953256
        0.0008145454  -0.0003825570   0.0047482032   0.0017152539   0.0065651623
        0.0682065804  -0.0842647225  -0.1990642522  -0.0000075305   0.0000302165
       -0.0000310032   0.0000233586   0.0000117797   0.0000434158  -0.0000363260
       -0.0000025154   0.0000404879  -0.0000578722   0.0000245110   0.0000251179
       -0.0000373875   0.0000195531  -0.0000293818  -0.0812050219   0.0978900359
        0.2249511079   0.0085756959  -0.0103909684  -0.0277867340   0.0011204322
       -0.0036573420  -0.0048485135
       -0.0001873221   0.0000509402  -0.0000034802  -0.0000873178   0.0000599699
        0.0008787400   0.0000813280   0.0032478625  -0.0014529252   0.0008701392
       -0.0007895765   0.0004841578  -0.0249387506   0.0210989642  -0.0306097547
       -0.0422837035   0.0151177449  -0.0210344586   0.0000583166  -0.0001712409
        0.0000131558  -0.0000173203  -0.0000385872  -0.0000054720  -0.0000490597
        0.0000152540  -0.0000700816   0.0002394724  -0.0000194708   0.0001483332
       -0.0000413605  -0.0000072596   0.0000524581   0.0027041532  -0.0055681768
        0.0085756959   0.0611908581  -0.0264113799   0.0339101637   0.0024605669
       -0.0065850440   0.0091134680
        0.0000040918  -0.0000148378   0.0000579133  -0.0000116200  -0.0002239392
        0.0001946208  -0.0014122238   0.0023600663  -0.0009039668   0.0005736991
       -0.0002792815   0.0004284908   0.0102175124  -0.0042371695   0.0051281547
        0.0171617530  -0.1205357209   0.1074744419  -0.0000318426   0.0000315083
        0.0000424705   0.0000209751   0.0000143025  -0.0000232330   0.0000568688
       -0.0000126801  -0.0000227103  -0.0000322662  -0.0000217176  -0.0000605859
       -0.0000767194   0.0000053989  -0.0000450931  -0.0013749208   0.0072114277
       -0.0103909684  -0.0264113799   0.1354396964  -0.1259403964   0.0013160727
       -0.0197370535   0.0240608619
        0.0000510069  -0.0000080218  -0.0000062966   0.0002127248   0.0000467718
        0.0001377371  -0.0002510495   0.0032261584   0.0006538671   0.0013465845
       -0.0013343131  -0.0003367946  -0.0116488650   0.0030576289  -0.0030146374
       -0.0243249040   0.1066433512  -0.1928326607   0.0000247558  -0.0000669921
       -0.0000213284  -0.0000002660  -0.0000288379   0.0000076314   0.0000043617
       -0.0000105678   0.0000274045   0.0001081628  -0.0000084138   0.0000489043
        0.0000254621  -0.0000432679   0.0000392628  -0.0005204845   0.0151538247
       -0.0277867340   0.0339101637  -0.1259403964   0.2208910214   0.0010623468
       -0.0006869243   0.0021926230
        0.0000821629  -0.0000596954   0.0000130287  -0.0009684536  -0.0013791431
        0.0001211300  -0.0077155053   0.0007918663  -0.0016665204   0.0014053324
        0.0011875972   0.0001607394  -0.0248802926  -0.0300692247  -0.0053149724
       -0.0728663547  -0.0823535922  -0.0105591895  -0.0000763092  -0.0000413930
       -0.0000531817   0.0000287140   0.0000088669  -0.0000140197  -0.0000158514
       -0.0000485960  -0.0000108620   0.0000149875  -0.0000065687   0.0000560754
       -0.0004254315   0.0000857373  -0.0000874850   0.0050294036   0.0081495088
        0.0011204322   0.0024605669   0.0013160727   0.0010623468   0.0979270310
        0.1024185640   0.0151724781
       -0.0000088941   0.0000182750  -0.0000001138   0.0002143722   0.0001921200
       -0.0000068609   0.0006778483  -0.0019963871  -0.0000839472  -0.0011666119
        0.0013867888  -0.0001297132  -0.0023414918   0.0041630110   0.0001515364
       -0.0885871614  -0.2483836658  -0.0285599572  -0.0000194908   0.0000513833
       -0.0000089567   0.0000027040   0.0000412049   0.0000167468  -0.0000124698
       -0.0000156185   0.0000238730   0.0000043287   0.0000023848   0.0000057204
        0.0000652136   0.0000390414  -0.0000163715  -0.0046618671  -0.0157264318
       -0.0036573420  -0.0065850440  -0.0197370535  -0.0006869243   0.1024185640
        0.2799649475   0.0329523103
       -0.0000018571  -0.0000159798   0.0000049294  -0.0001453969  -0.0001712459
        0.0001936100  -0.0009023118   0.0002526552   0.0003153478   0.0003085097
        0.0002398738   0.0001339099  -0.0038622532  -0.0037588795  -0.0000092342
       -0.0110103258  -0.0278421161  -0.0474827012  -0.0000191638  -0.0000059127
        0.0000061678  -0.0000056324   0.0000078152  -0.0000056488   0.0000405969
        0.0000478568  -0.0000354561   0.0000244109  -0.0000600613   0.0000237946
       -0.0000868914   0.0000115261   0.0000064128  -0.0086256314  -0.0257187041
       -0.0048485135   0.0091134680   0.0240608619   0.0021926230   0.0151724781
        0.0329523103   0.0495047587
