           1           2   1.0148265945137420     
           2           3  0.97239078375014776     
           3           4   1.7550769878489474     
           3           5   1.1309453129080356     
           4           5  0.17158950489771035     
           5           6  0.95890747903495932     
           1           7  0.98587006666481236     
           1           8  0.98619780965086601     
           1           9  0.98787489289969810     
           2          10  0.94795644844148708     
           2          11  0.96931729134955291     
           6          12  0.97729015587122625     
           6          13  0.97714021629391712     
           6          14  0.98195260063884982     
