$hessian                                                                        
        0.4856573810  -0.0325230804  -0.0068832879  -0.1584256533  -0.0646550366
       -0.0151134364  -0.0283192468  -0.0063822582  -0.0022056981   0.0005082857
       -0.0046765098  -0.0004923112  -0.0061422870   0.0022576986   0.0002480546
       -0.0015806444  -0.0005187487   0.0000161599  -0.0429622120   0.0011536639
        0.0003473990  -0.0428930586  -0.0034909800   0.0043986968  -0.1977067544
        0.1167204167   0.0214153661  -0.0034180996  -0.0033201859  -0.0028720866
       -0.0043491816  -0.0045943713   0.0011355673  -0.0002283000   0.0001232656
       -0.0000581255   0.0000305852  -0.0001619329  -0.0000289185  -0.0001708141
        0.0000680590   0.0000926204
       -0.0325230804   0.5107836593  -0.0035763708  -0.0638679954  -0.1090249385
       -0.0092958212   0.0080919600   0.0079692256   0.0018188986   0.0015430296
        0.0012928363   0.0002703018   0.0044853077  -0.0009137772  -0.0003511964
        0.0011086296   0.0004780012  -0.0000822558   0.0012643659  -0.0847025337
       -0.0903594851  -0.0030477724  -0.1755414121   0.1217827936   0.1158494345
       -0.1276626303  -0.0152476563  -0.0126998748  -0.0082439308  -0.0042650438
       -0.0202854837  -0.0144402970  -0.0006805102   0.0001744333  -0.0000583423
       -0.0000193169  -0.0001770343   0.0000870046   0.0000115282   0.0000840805
       -0.0000228651  -0.0000058657
       -0.0068832879  -0.0035763708   0.5246717979  -0.0149038051  -0.0093774068
       -0.0691511340   0.0011087942   0.0010220344   0.0007580696   0.0003735880
        0.0002856804  -0.0004727259   0.0006751706  -0.0003672507   0.0007918621
        0.0002240230   0.0000213346   0.0003837380   0.0011927992  -0.0899754274
       -0.2486906890   0.0036337521   0.1215338177  -0.1579901606   0.0212396977
       -0.0152078775  -0.0472982181  -0.0227341929  -0.0156854695  -0.0052020357
        0.0160594943   0.0113377958   0.0021587339  -0.0000777523   0.0000452450
        0.0000198309  -0.0000341623   0.0000083678   0.0000197100   0.0001258814
       -0.0000644730   0.0000012210
       -0.1584256533  -0.0638679954  -0.0149038051   0.4615565270   0.0240259161
        0.0025463753  -0.1314022306   0.0594823495   0.0090199589  -0.0025938908
        0.0091650329   0.0012185327  -0.0516946177   0.0078798114   0.0016206514
       -0.0026471739  -0.0032079777  -0.0003191961  -0.0032468574  -0.0038400709
       -0.0038333735  -0.0039165412  -0.0055564497   0.0018990455  -0.0265302366
       -0.0136374966  -0.0031857651  -0.0393245849  -0.0018175762  -0.0009476511
       -0.0405067905  -0.0094804458   0.0067891617  -0.0009935794   0.0005467504
       -0.0000634374   0.0006147037  -0.0001111553  -0.0000494188  -0.0008890743
        0.0004193072   0.0002089215
       -0.0646550366  -0.1090249385  -0.0093774068   0.0240259161   0.4966526526
       -0.0047259904   0.0442247749  -0.0918997263  -0.0027900186   0.0346743850
       -0.0477215849  -0.0098550090  -0.0053044750   0.0119155359   0.0011333086
       -0.0035561898  -0.0009397674  -0.0007038545  -0.0124504427  -0.0092872829
       -0.0042818805  -0.0210556981  -0.0162325213  -0.0010120276   0.0129711996
        0.0085883376   0.0019294317  -0.0001615135  -0.0785457082  -0.0872192666
       -0.0073552317  -0.1633040222   0.1168880499  -0.0003073827   0.0001009226
       -0.0001192449  -0.0006282308  -0.0004556946  -0.0000435148  -0.0004220745
        0.0001537976   0.0001774233
       -0.0151134364  -0.0092958212  -0.0691511340   0.0025463753  -0.0047259904
        0.5007329267   0.0060665287  -0.0024369497  -0.0730259984   0.0046207213
       -0.0094499671   0.0178068879   0.0000078098   0.0014196131   0.0044104553
       -0.0005705789  -0.0008840332   0.0055883584  -0.0242111953  -0.0167773041
       -0.0053030091   0.0173311994   0.0118660513   0.0022830402   0.0020355411
        0.0014050895   0.0006202104   0.0023001516  -0.0908859369  -0.2339712499
        0.0051972955   0.1198549553  -0.1501290680  -0.0010392578   0.0006065868
        0.0001320118  -0.0001728425  -0.0000804909   0.0000307473   0.0010016882
       -0.0006158024  -0.0000241786
       -0.0283192468   0.0080919600   0.0011087942  -0.1314022306   0.0442247749
        0.0060665287   0.4683721315  -0.0376263099  -0.0074407389  -0.0797232540
        0.0448697465   0.0062777773  -0.1723861518  -0.0588731597  -0.0074208611
       -0.0483399570  -0.0060914063  -0.0001520537  -0.0004083830   0.0002397426
       -0.0002172914  -0.0005953699   0.0000812589   0.0003547301  -0.0036222154
       -0.0026077768  -0.0006806779   0.0000858598   0.0048071860   0.0015167302
        0.0014147247   0.0039678022   0.0007665610  -0.0030948898   0.0002633044
       -0.0009825042   0.0004415664  -0.0010615962  -0.0002005761  -0.0024225843
       -0.0002855266   0.0010035818
       -0.0063822582   0.0079692256   0.0010220344   0.0594823495  -0.0918997263
       -0.0024369497  -0.0376263099   0.9424753579   0.1037587232   0.0286797395
       -0.6992294003  -0.0872163698  -0.0775871308  -0.1454274462  -0.0128092400
       -0.0002043640   0.0218294143   0.0035649560  -0.0019907431   0.0006335060
       -0.0016644099  -0.0024860922  -0.0001005651   0.0017646272  -0.0031575575
       -0.0024935022  -0.0006758560   0.0109253270  -0.0103728407  -0.0060408742
        0.0178619604  -0.0186042071   0.0017307025   0.0031277836  -0.0025441021
       -0.0005440514   0.0051921320   0.0001535402  -0.0005863184   0.0041651635
       -0.0023892540   0.0001330262
       -0.0022056981   0.0018188986   0.0007580696   0.0090199589  -0.0027900186
       -0.0730259984  -0.0074407389   0.1037587232   0.2059843789   0.0041904238
       -0.0871671532  -0.0778258546  -0.0102008297  -0.0131514672  -0.0503743456
        0.0003925596   0.0032640080  -0.0009191251  -0.0013694099   0.0001209734
       -0.0002538992   0.0006473351   0.0000572921   0.0003347753  -0.0007349418
       -0.0006128963   0.0004607057   0.0230810276  -0.0190591259  -0.0058664896
       -0.0173861665   0.0143345159   0.0010438212   0.0039827984  -0.0006535325
       -0.0011662914   0.0008446489  -0.0002288615   0.0018273537  -0.0028209674
        0.0003086441  -0.0009771005
        0.0005082857   0.0015430296   0.0003735880  -0.0025938908   0.0346743850
        0.0046207213  -0.0797232540   0.0286797395   0.0041904238   0.0999010397
       -0.0066345713  -0.0016618582  -0.0123159055  -0.0566328626  -0.0074617572
       -0.0025420074  -0.0056003348  -0.0006274671   0.0004851250   0.0000193857
        0.0005251370   0.0004584467   0.0003017647  -0.0004864859   0.0006675922
        0.0006334258   0.0001203212  -0.0030470475   0.0026844049   0.0005024459
       -0.0034743495   0.0031298466   0.0003630996   0.0009198022  -0.0008553459
       -0.0004260338  -0.0001733680  -0.0012719508  -0.0001774748   0.0009295311
       -0.0006709165   0.0001453403
       -0.0046765098   0.0012928363   0.0002856804   0.0091650329  -0.0477215849
       -0.0094499671   0.0448697465  -0.6992294003  -0.0871671532  -0.0066345713
        0.8308540265   0.1103995423  -0.0506273981  -0.0828716489  -0.0142468468
        0.0022692393  -0.0019576379  -0.0002369434   0.0007636307   0.0001847067
        0.0013378344   0.0010550661   0.0007643685  -0.0012392502  -0.0007077985
        0.0006597840   0.0001244554   0.0032605404  -0.0027729507   0.0005253289
        0.0034945945  -0.0022523492  -0.0011650959  -0.0000979221   0.0012402817
       -0.0001127782  -0.0018099156   0.0009875640   0.0005986549  -0.0003237351
        0.0008220042   0.0003465386
       -0.0004923112   0.0002703018  -0.0004727259   0.0012185327  -0.0098550090
        0.0178068879   0.0062777773  -0.0872163698  -0.0778258546  -0.0016618582
        0.1103995423   0.0413948947  -0.0064037392  -0.0141840069   0.0224534693
        0.0004154705   0.0001085717  -0.0024141743   0.0006628628  -0.0000348780
        0.0004089709  -0.0004017816   0.0000349001  -0.0001376470  -0.0000692768
        0.0001458221   0.0000270805  -0.0016829080   0.0018794401   0.0004004948
        0.0025357137  -0.0023212038  -0.0004060108  -0.0000386301  -0.0005605605
        0.0000002157  -0.0003320899   0.0004163183  -0.0015589036  -0.0000277620
        0.0009171316   0.0003233024
       -0.0061422870   0.0044853077   0.0006751706  -0.0516946177  -0.0053044750
        0.0000078098  -0.1723861518  -0.0775871308  -0.0102008297  -0.0123159055
       -0.0506273981  -0.0064037392   0.4734356540   0.0226323238   0.0014715562
       -0.1546946880   0.0700809126   0.0097847200   0.0006673229   0.0000264230
        0.0002121630   0.0008495501   0.0001710399  -0.0002392802  -0.0022037424
       -0.0006897953  -0.0001774124  -0.0012367867  -0.0008946028   0.0008111365
       -0.0009858920  -0.0006973309  -0.0011295256  -0.0314355385   0.0110137172
        0.0094079739  -0.0109117398   0.0135594570   0.0023940769  -0.0309451777
        0.0138315518  -0.0066138197
        0.0022576986  -0.0009137772  -0.0003672507   0.0078798114   0.0119155359
        0.0014196131  -0.0588731597  -0.1454274462  -0.0131514672  -0.0566328626
       -0.0828716489  -0.0141840069   0.0226323238   0.3505483402   0.0390511477
        0.0539040992  -0.1186264891  -0.0090093712   0.0003947154  -0.0002714438
        0.0002641056   0.0005763570  -0.0000634703  -0.0003906559   0.0003934146
        0.0006067747   0.0001377994  -0.0003806784  -0.0000901279   0.0007771296
       -0.0005634937   0.0005465763  -0.0011416046  -0.0075759916   0.0073730826
       -0.0024217865   0.0341712497  -0.0246790481  -0.0039222187   0.0018165164
        0.0019531419   0.0029385662
        0.0002480546  -0.0003511964   0.0007918621   0.0016206514   0.0011333086
        0.0044104553  -0.0074208611  -0.0128092400  -0.0503743456  -0.0074617572
       -0.0142468468   0.0224534693   0.0014715562   0.0390511477   0.0683994334
        0.0075003476  -0.0087557059  -0.0565258171   0.0002362061   0.0001076208
        0.0001211320  -0.0000833687  -0.0001585886  -0.0000183460   0.0000626879
        0.0000937364   0.0000444008  -0.0010921471   0.0002367586   0.0009962104
        0.0010441495  -0.0004842611   0.0005108861   0.0213602405  -0.0103203404
        0.0020178828   0.0065333450  -0.0046433007   0.0009491555  -0.0240191048
        0.0111469077   0.0062236210
       -0.0015806444   0.0011086296   0.0002240230  -0.0026471739  -0.0035561898
       -0.0005705789  -0.0483399570  -0.0002043640   0.0003925596  -0.0025420074
        0.0022692393   0.0004154705  -0.1546946880   0.0539040992   0.0075003476
        0.4336076541   0.0542956460   0.0071993231   0.0000394056   0.0001431767
        0.0002365984   0.0000339242   0.0002130977  -0.0001617217  -0.0004194690
       -0.0004293384  -0.0000983097  -0.0003741815   0.0000180601  -0.0000993089
       -0.0002824749  -0.0000912781   0.0000897665  -0.0937933038  -0.0566143454
        0.0849207803  -0.0431338690  -0.0319137732  -0.0063333281  -0.0858732151
       -0.0191426597  -0.0937156217
       -0.0005187487   0.0004780012   0.0000213346  -0.0032079777  -0.0009397674
       -0.0008840332  -0.0060914063   0.0218294143   0.0032640080  -0.0056003348
       -0.0019576379   0.0001085717   0.0700809126  -0.1186264891  -0.0087557059
        0.0542956460   0.4964102863  -0.0029322112   0.0000523360   0.0000036795
       -0.0000720276   0.0000711965  -0.0000263844   0.0000706977  -0.0001911690
       -0.0000136166  -0.0000077103   0.0002270170   0.0000136697   0.0001841537
        0.0001208066   0.0002164882  -0.0001499231  -0.0538590889  -0.0912635088
        0.0805637774  -0.0377712273  -0.2596783604  -0.0422295583  -0.0176079621
       -0.0464457749  -0.0291813733
        0.0000161599  -0.0000822558   0.0003837380  -0.0003191961  -0.0007038545
        0.0055883584  -0.0001520537   0.0035649560  -0.0009191251  -0.0006274671
       -0.0002369434  -0.0024141743   0.0097847200  -0.0090093712  -0.0565258171
        0.0071993231  -0.0029322112   0.5060940161   0.0000145230  -0.0000218839
       -0.0000595662  -0.0000025497   0.0000217873  -0.0000163308   0.0000044613
        0.0000115806  -0.0000085992  -0.0005546706   0.0006063526   0.0001305022
        0.0003766693  -0.0005162601  -0.0001012730   0.0827453722   0.0813439735
       -0.1740373086  -0.0074469925  -0.0421547296  -0.0528752097  -0.0910382992
       -0.0298911403  -0.2252392107
       -0.0429622120   0.0012643659   0.0011927992  -0.0032468574  -0.0124504427
       -0.0242111953  -0.0004083830  -0.0019907431  -0.0013694099   0.0004851250
        0.0007636307   0.0006628628   0.0006673229   0.0003947154   0.0002362061
        0.0000394056   0.0000523360   0.0000145230   0.0499409510   0.0026042750
        0.0005685885   0.0009336950   0.0004228038   0.0000562314  -0.0016246262
        0.0119130572   0.0244948946  -0.0045100633  -0.0033116306  -0.0014370631
        0.0006855968   0.0003395068  -0.0002165543   0.0000030653  -0.0000201934
        0.0000018923  -0.0000569603   0.0000201718  -0.0000235236   0.0000539407
       -0.0000018528   0.0000297485
        0.0011536639  -0.0847025337  -0.0899754274  -0.0038400709  -0.0092872829
       -0.0167773041   0.0002397426   0.0006335060   0.0001209734   0.0000193857
        0.0001847067  -0.0000348780   0.0000264230  -0.0002714438   0.0001076208
        0.0001431767   0.0000036795  -0.0000218839   0.0026042750   0.0959574861
        0.1059300231  -0.0002718746   0.0085181086   0.0221828210   0.0030183851
       -0.0094707248  -0.0201281428  -0.0034393761  -0.0016587339  -0.0008718272
        0.0003160075   0.0000852937  -0.0005483639  -0.0000092998  -0.0000175836
        0.0000086925   0.0000150848   0.0000364823   0.0000005711   0.0000244771
       -0.0000109603   0.0000071256
        0.0003473990  -0.0903594851  -0.2486906890  -0.0038333735  -0.0042818805
       -0.0053030091  -0.0002172914  -0.0016644099  -0.0002538992   0.0005251370
        0.0013378344   0.0004089709   0.0002121630   0.0002641056   0.0001211320
        0.0002365984  -0.0000720276  -0.0000595662   0.0005685885   0.1059300231
        0.2849383694   0.0009729688  -0.0070945755  -0.0268228237   0.0019465225
       -0.0035716189  -0.0059379219  -0.0011145274  -0.0007739122   0.0009252912
        0.0003412330   0.0002591915   0.0006665890   0.0000111447  -0.0000115320
        0.0000106176  -0.0000262931   0.0000273237  -0.0000065762   0.0000297307
        0.0000109635   0.0000035152
       -0.0428930586  -0.0030477724   0.0036337521  -0.0039165412  -0.0210556981
        0.0173311994  -0.0005953699  -0.0024860922   0.0006473351   0.0004584467
        0.0010550661  -0.0004017816   0.0008495501   0.0005763570  -0.0000833687
        0.0000339242   0.0000711965  -0.0000025497   0.0009336950  -0.0002718746
        0.0009729688   0.0499566721   0.0079844918  -0.0043976123  -0.0008752043
        0.0205118007  -0.0177836399   0.0006438618   0.0002262536   0.0003053165
       -0.0045905852  -0.0035596013  -0.0002146033   0.0000571744   0.0000061068
       -0.0000267754  -0.0000661827   0.0000081571   0.0000272196   0.0000036177
       -0.0000183910  -0.0000074605
       -0.0034909800  -0.1755414121   0.1215338177  -0.0055564497  -0.0162325213
        0.0118660513   0.0000812589  -0.0001005651   0.0000572921   0.0003017647
        0.0007643685   0.0000349001   0.0001710399  -0.0000634703  -0.0001585886
        0.0002130977  -0.0000263844   0.0000217873   0.0004228038   0.0085181086
       -0.0070945755   0.0079844918   0.2020276102  -0.1413987826   0.0029311489
       -0.0175898505   0.0153263371   0.0003813270   0.0000395406   0.0003051282
       -0.0034716686  -0.0018184429  -0.0004829512   0.0000387236  -0.0000043551
       -0.0000111661  -0.0000005133   0.0000403906   0.0000179032  -0.0000060447
       -0.0000130170  -0.0000171530
        0.0043986968   0.1217827936  -0.1579901606   0.0018990455  -0.0010120276
        0.0022830402   0.0003547301   0.0017646272   0.0003347753  -0.0004864859
       -0.0012392502  -0.0001376470  -0.0002392802  -0.0003906559  -0.0000183460
       -0.0001617217   0.0000706977  -0.0000163308   0.0000562314   0.0221828210
       -0.0268228237  -0.0043976123  -0.1413987826   0.1790633202  -0.0007065927
       -0.0007765357   0.0015509760  -0.0001925292  -0.0004848575   0.0006490644
       -0.0005264591  -0.0004829005   0.0011097505  -0.0000177381  -0.0000108707
       -0.0000051943   0.0000322306  -0.0000070105  -0.0000088699  -0.0000125150
        0.0000019517   0.0000084458
       -0.1977067544   0.1158494345   0.0212396977  -0.0265302366   0.0129711996
        0.0020355411  -0.0036222154  -0.0031575575  -0.0007349418   0.0006675922
       -0.0007077985  -0.0000692768  -0.0022037424   0.0003934146   0.0000626879
       -0.0004194690  -0.0001911690   0.0000044613  -0.0016246262   0.0030183851
        0.0019465225  -0.0008752043   0.0029311489  -0.0007065927   0.2312561708
       -0.1321028300  -0.0240055003   0.0005865881   0.0005347251  -0.0000220985
        0.0005037840   0.0004595746   0.0002498031  -0.0000769863   0.0000267099
        0.0000102752   0.0001010440  -0.0000478336  -0.0000070585  -0.0000559444
        0.0000225965  -0.0000035201
        0.1167204167  -0.1276626303  -0.0152078775  -0.0136374966   0.0085883376
        0.0014050895  -0.0026077768  -0.0024935022  -0.0006128963   0.0006334258
        0.0006597840   0.0001458221  -0.0006897953   0.0006067747   0.0000937364
       -0.0004293384  -0.0000136166   0.0000115806   0.0119130572  -0.0094707248
       -0.0035716189   0.0205118007  -0.0175898505  -0.0007765357  -0.1321028300
        0.1463530224   0.0183533424  -0.0000451504   0.0004479554   0.0002761148
       -0.0002100198   0.0005571539  -0.0001231763  -0.0000223133   0.0000226632
       -0.0000084039  -0.0000218733  -0.0000167031  -0.0000020063  -0.0000121066
        0.0000113362   0.0000168292
        0.0214153661  -0.0152476563  -0.0472982181  -0.0031857651   0.0019294317
        0.0006202104  -0.0006806779  -0.0006758560   0.0004607057   0.0001203212
        0.0001244554   0.0000270805  -0.0001774124   0.0001377994   0.0000444008
       -0.0000983097  -0.0000077103  -0.0000085992   0.0244948946  -0.0201281428
       -0.0059379219  -0.0177836399   0.0153263371   0.0015509760  -0.0240055003
        0.0183533424   0.0502342530  -0.0005297420   0.0002880472   0.0002420796
        0.0004444563  -0.0001045670   0.0000706425  -0.0000062889  -0.0000024923
       -0.0000011086  -0.0000040673  -0.0000027729  -0.0000137114  -0.0000036345
        0.0000097844   0.0000092108
       -0.0034180996  -0.0126998748  -0.0227341929  -0.0393245849  -0.0001615135
        0.0023001516   0.0000858598   0.0109253270   0.0230810276  -0.0030470475
        0.0032605404  -0.0016829080  -0.0012367867  -0.0003806784  -0.0010921471
       -0.0003741815   0.0002270170  -0.0005546706  -0.0045100633  -0.0034393761
       -0.0011145274   0.0006438618   0.0003813270  -0.0001925292   0.0005865881
       -0.0000451504  -0.0005297420   0.0484382645   0.0018988305   0.0018739469
        0.0019575149   0.0000678434   0.0007517468   0.0001928697  -0.0000421240
       -0.0000358951   0.0001749530  -0.0000858404  -0.0000090498  -0.0001691483
        0.0000936721  -0.0000612108
       -0.0033201859  -0.0082439308  -0.0156854695  -0.0018175762  -0.0785457082
       -0.0908859369   0.0048071860  -0.0103728407  -0.0190591259   0.0026844049
       -0.0027729507   0.0018794401  -0.0008946028  -0.0000901279   0.0002367586
        0.0000180601   0.0000136697   0.0006063526  -0.0033116306  -0.0016587339
       -0.0007739122   0.0002262536   0.0000395406  -0.0004848575   0.0005347251
        0.0004479554   0.0002880472   0.0018988305   0.0927695323   0.1028268032
       -0.0006227503   0.0083631102   0.0210012721  -0.0001875324   0.0000453614
        0.0000672740  -0.0000973027   0.0000202186  -0.0000256180   0.0000821206
       -0.0000150960   0.0000089721
       -0.0028720866  -0.0042650438  -0.0052020357  -0.0009476511  -0.0872192666
       -0.2339712499   0.0015167302  -0.0060408742  -0.0058664896   0.0005024459
        0.0005253289   0.0004004948   0.0008111365   0.0007771296   0.0009962104
       -0.0000993089   0.0001841537   0.0001305022  -0.0014370631  -0.0008718272
        0.0009252912   0.0003053165   0.0003051282   0.0006490644  -0.0000220985
        0.0002761148   0.0002420796   0.0018739469   0.1028268032   0.2686896676
        0.0007204847  -0.0066340241  -0.0270317703  -0.0001519252   0.0000118809
        0.0000119061  -0.0001610611   0.0001170129  -0.0000092542  -0.0000388662
        0.0000074840   0.0000355834
       -0.0043491816  -0.0202854837   0.0160594943  -0.0405067905  -0.0073552317
        0.0051972955   0.0014147247   0.0178619604  -0.0173861665  -0.0034743495
        0.0034945945   0.0025357137  -0.0009858920  -0.0005634937   0.0010441495
       -0.0002824749   0.0001208066   0.0003766693   0.0006855968   0.0003160075
        0.0003412330  -0.0045905852  -0.0034716686  -0.0005264591   0.0005037840
       -0.0002100198   0.0004444563   0.0019575149  -0.0006227503   0.0007204847
        0.0494108130   0.0108045062  -0.0088751133  -0.0001090697   0.0000397550
        0.0000754882   0.0001668488  -0.0000885080  -0.0000240279   0.0001590612
       -0.0000404746   0.0000167824
       -0.0045943713  -0.0144402970   0.0113377958  -0.0094804458  -0.1633040222
        0.1198549553   0.0039678022  -0.0186042071   0.0143345159   0.0031298466
       -0.0022523492  -0.0023212038  -0.0006973309   0.0005465763  -0.0004842611
       -0.0000912781   0.0002164882  -0.0005162601   0.0003395068   0.0000852937
        0.0002591915  -0.0035596013  -0.0018184429  -0.0004829005   0.0004595746
        0.0005571539  -0.0001045670   0.0000678434   0.0083631102  -0.0066340241
        0.0108045062   0.1905110538  -0.1352103400   0.0000354496   0.0000116222
       -0.0000238445  -0.0001366710   0.0000539407   0.0000467267  -0.0002448312
        0.0000740794  -0.0000557841
        0.0011355673  -0.0006805102   0.0021587339   0.0067891617   0.1168880499
       -0.1501290680   0.0007665610   0.0017307025   0.0010438212   0.0003630996
       -0.0011650959  -0.0004060108  -0.0011295256  -0.0011416046   0.0005108861
        0.0000897665  -0.0001499231  -0.0001012730  -0.0002165543  -0.0005483639
        0.0006665890  -0.0002146033  -0.0004829512   0.0011097505   0.0002498031
       -0.0001231763   0.0000706425   0.0007517468   0.0210012721  -0.0270317703
       -0.0088751133  -0.1352103400   0.1721179874   0.0000668020  -0.0000207901
        0.0000278327   0.0001380818  -0.0001023723  -0.0000288883   0.0000852067
        0.0000051030  -0.0000092330
       -0.0002283000   0.0001744333  -0.0000777523  -0.0009935794  -0.0003073827
       -0.0010392578  -0.0030948898   0.0031277836   0.0039827984   0.0009198022
       -0.0000979221  -0.0000386301  -0.0314355385  -0.0075759916   0.0213602405
       -0.0937933038  -0.0538590889   0.0827453722   0.0000030653  -0.0000092998
        0.0000111447   0.0000571744   0.0000387236  -0.0000177381  -0.0000769863
       -0.0000223133  -0.0000062889   0.0001928697  -0.0001875324  -0.0001519252
       -0.0001090697   0.0000354496   0.0000668020   0.1233467308   0.0591099555
       -0.1027017012  -0.0019107528  -0.0053633515   0.0049934132   0.0071227779
        0.0049365367  -0.0091264773
        0.0001232656  -0.0000583423   0.0000452450   0.0005467504   0.0001009226
        0.0006065868   0.0002633044  -0.0025441021  -0.0006535325  -0.0008553459
        0.0012402817  -0.0005605605   0.0110137172   0.0073730826  -0.0103203404
       -0.0566143454  -0.0912635088   0.0813439735  -0.0000201934  -0.0000175836
       -0.0000115320   0.0000061068  -0.0000043551  -0.0000108707   0.0000267099
        0.0000226632  -0.0000024923  -0.0000421240   0.0000453614   0.0000118809
        0.0000397550   0.0000116222  -0.0000207901   0.0591099555   0.0991672965
       -0.0909896979  -0.0148890065  -0.0163250098   0.0235013015   0.0012914506
        0.0022516713  -0.0029391711
       -0.0000581255  -0.0000193169   0.0000198309  -0.0000634374  -0.0001192449
        0.0001320118  -0.0009825042  -0.0005440514  -0.0011662914  -0.0004260338
       -0.0001127782   0.0000002157   0.0094079739  -0.0024217865   0.0020178828
        0.0849207803   0.0805637774  -0.1740373086   0.0000018923   0.0000086925
        0.0000106176  -0.0000267754  -0.0000111661  -0.0000051943   0.0000102752
       -0.0000084039  -0.0000011086  -0.0000358951   0.0000672740   0.0000119061
        0.0000754882  -0.0000238445   0.0000278327  -0.1027017012  -0.0909896979
        0.1961617230  -0.0019675808  -0.0010618231   0.0034433062   0.0118456434
        0.0146723695  -0.0266154240
        0.0000305852  -0.0001770343  -0.0000341623   0.0006147037  -0.0006282308
       -0.0001728425   0.0004415664   0.0051921320   0.0008446489  -0.0001733680
       -0.0018099156  -0.0003320899  -0.0109117398   0.0341712497   0.0065333450
       -0.0431338690  -0.0377712273  -0.0074469925  -0.0000569603   0.0000150848
       -0.0000262931  -0.0000661827  -0.0000005133   0.0000322306   0.0001010440
       -0.0000218733  -0.0000040673   0.0001749530  -0.0000973027  -0.0001610611
        0.0001668488  -0.0001366710   0.0001380818  -0.0019107528  -0.0148890065
       -0.0019675808   0.0563620233   0.0296713680   0.0062068764  -0.0016388517
       -0.0135180598  -0.0036100934
       -0.0001619329   0.0000870046   0.0000083678  -0.0001111553  -0.0004556946
       -0.0000804909  -0.0010615962   0.0001535402  -0.0002288615  -0.0012719508
        0.0009875640   0.0004163183   0.0135594570  -0.0246790481  -0.0046433007
       -0.0319137732  -0.2596783604  -0.0421547296   0.0000201718   0.0000364823
        0.0000273237   0.0000081571   0.0000403906  -0.0000070105  -0.0000478336
       -0.0000167031  -0.0000027729  -0.0000858404   0.0000202186   0.0001170129
       -0.0000885080   0.0000539407  -0.0001023723  -0.0053633515  -0.0163250098
       -0.0010618231   0.0296713680   0.3057025405   0.0506002789  -0.0031532121
       -0.0059268655  -0.0028879403
       -0.0000289185   0.0000115282   0.0000197100  -0.0000494188  -0.0000435148
        0.0000307473  -0.0002005761  -0.0005863184   0.0018273537  -0.0001774748
        0.0005986549  -0.0015589036   0.0023940769  -0.0039222187   0.0009491555
       -0.0063333281  -0.0422295583  -0.0528752097  -0.0000235236   0.0000005711
       -0.0000065762   0.0000272196   0.0000179032  -0.0000088699  -0.0000070585
       -0.0000020063  -0.0000137114  -0.0000090498  -0.0000256180  -0.0000092542
       -0.0000240279   0.0000467267  -0.0000288883   0.0049934132   0.0235013015
        0.0034433062   0.0062068764   0.0506002789   0.0558530970  -0.0067682100
       -0.0279677301  -0.0076219566
       -0.0001708141   0.0000840805   0.0001258814  -0.0008890743  -0.0004220745
        0.0010016882  -0.0024225843   0.0041651635  -0.0028209674   0.0009295311
       -0.0003237351  -0.0000277620  -0.0309451777   0.0018165164  -0.0240191048
       -0.0858732151  -0.0176079621  -0.0910382992   0.0000539407   0.0000244771
        0.0000297307   0.0000036177  -0.0000060447  -0.0000125150  -0.0000559444
       -0.0000121066  -0.0000036345  -0.0001691483   0.0000821206  -0.0000388662
        0.0001590612  -0.0002448312   0.0000852067   0.0071227779   0.0012914506
        0.0118456434  -0.0016388517  -0.0031532121  -0.0067682100   0.1138958815
        0.0143061577   0.1116412086
        0.0000680590  -0.0000228651  -0.0000644730   0.0004193072   0.0001537976
       -0.0006158024  -0.0002855266  -0.0023892540   0.0003086441  -0.0006709165
        0.0008220042   0.0009171316   0.0138315518   0.0019531419   0.0111469077
       -0.0191426597  -0.0464457749  -0.0298911403  -0.0000018528  -0.0000109603
        0.0000109635  -0.0000183910  -0.0000130170   0.0000019517   0.0000225965
        0.0000113362   0.0000097844   0.0000936721  -0.0000150960   0.0000074840
       -0.0000404746   0.0000740794   0.0000051030   0.0049365367   0.0022516713
        0.0146723695  -0.0135180598  -0.0059268655  -0.0279677301   0.0143061577
        0.0495578022   0.0314588062
        0.0000926204  -0.0000058657   0.0000012210   0.0002089215   0.0001774233
       -0.0000241786   0.0010035818   0.0001330262  -0.0009771005   0.0001453403
        0.0003465386   0.0003233024  -0.0066138197   0.0029385662   0.0062236210
       -0.0937156217  -0.0291813733  -0.2252392107   0.0000297485   0.0000071256
        0.0000035152  -0.0000074605  -0.0000171530   0.0000084458  -0.0000035201
        0.0000168292   0.0000092108  -0.0000612108   0.0000089721   0.0000355834
        0.0000167824  -0.0000557841  -0.0000092330  -0.0091264773  -0.0029391711
       -0.0266154240  -0.0036100934  -0.0028879403  -0.0076219566   0.1116412086
        0.0314588062   0.2538822039
