           1           2   1.0200450334164557     
           2           3  0.97135801556305645     
           3           4   1.7612611650590777     
           3           5   1.1222015034690731     
           4           5  0.17232406356398861     
           5           6  0.95656473723316837     
           1           7  0.98659370796392887     
           1           8  0.98609981233304222     
           1           9  0.98689551966588507     
           2          10  0.95406779551390253     
           2          11  0.95739729662445683     
           6          12  0.97845907624496098     
           6          13  0.97379944589941281     
           6          14  0.97789878630690219     
