           1           2  0.97678740198058112     
           2           3  0.95880767034561643     
           2           4  0.96456737123361025     
           4           5  0.95168410357252120     
           4           6  0.96489345830829765     
           6           7  0.95952893006006224     
           6           8  0.94842518098801809     
           8           9  0.95190938224587152     
           1          10  0.97675953738588317     
           8          10  0.97751996563648191     
           8          11  0.98997968399865877     
           6          12   1.0188773107634754     
           4          13   1.0040561351821369     
           2          14  0.99575234618851083     
           1          15  0.96871993855861693     
           1          16  0.96573520875561658     
          11          17  0.88747221608603311     
          12          18  0.88495725091949895     
          13          19  0.88212838248378589     
          14          20  0.89499013296945240     
