           1           2  0.97513026480255383     
           2           3  0.96068010490154243     
           2           4  0.95664339161786260     
           4           5  0.95688440932613184     
           4           6  0.96922059879719868     
           6           7  0.95953069570471938     
           6           8  0.94965787764446929     
           8           9  0.94891711173509474     
           1          10  0.98492261557213545     
           8          10  0.95969969864820925     
           8          11   1.0323767352882691     
           6          12  0.99249454062820541     
           4          13  0.99595277667000293     
           2          14   1.0118535769615979     
           1          15  0.96487187381973349     
           1          16  0.96724841268828710     
          11          17  0.87293515663158938     
          12          18  0.89214154939360069     
          13          19  0.89174718088377458     
          14          20  0.86960854707433977     
