$hessian                                                                        
        0.6551104117  -0.0010164509   0.0000107462  -0.2589706917   0.0679550550
       -0.0000041412   0.0138228969   0.0814701995  -0.0000002388  -0.0534143028
        0.0010470535  -0.0000008221   0.0186784229  -0.0768684421   0.0000005807
       -0.2471645904  -0.0745769499  -0.0000037882  -0.0398730441   0.0000980605
       -0.0000009217   0.0003777576   0.0018965559  -0.0000000432   0.0058756432
       -0.0086463927   0.0000001622   0.0013633026  -0.0001775449  -0.0000001612
       -0.0040589126   0.0002676768   0.0000001201   0.0023730004   0.0026763126
       -0.0000001123   0.0016084359  -0.0025234830  -0.0000000777  -0.0042557884
        0.0010722023   0.0000001208   0.0008136395  -0.0046638853  -0.0000002492
       -0.0495009942   0.0137606859  -0.0000009785  -0.0000425624   0.0001523342
        0.0000000600  -0.0004156111   0.0002418375   0.0000000464  -0.0419358047
       -0.0025427738  -0.0000001753  -0.0004612739   0.0000101474  -0.0000000499
       -0.0001260149   0.0000863270  -0.0000000176   0.0001960804   0.0002814744
       -0.0000000595
       -0.0010164509   0.6763072623  -0.0000026227   0.1466110419  -0.1604873462
        0.0000031860   0.0256280385  -0.0299070654   0.0000006211  -0.0010465000
        0.0020414014   0.0000000406  -0.0229453639  -0.0339753206  -0.0000001864
       -0.1386903965  -0.1498328318  -0.0000022692   0.0127006010   0.0060281715
        0.0000002388  -0.0001770446  -0.0039233547   0.0000000383  -0.0003069939
       -0.0074139548   0.0000000163  -0.0000879813   0.0009011005   0.0000000122
        0.0002676768   0.0000252204  -0.0000000027  -0.0000768378  -0.0000936870
        0.0000000045  -0.0000677950  -0.0001457471   0.0000000237  -0.0010721535
        0.0003576757   0.0000000116  -0.0019188896  -0.0027035878  -0.0000001533
       -0.0151913701   0.0141111614  -0.0000001091  -0.0000407043   0.0000371768
        0.0000000130   0.0000023167   0.0000087440  -0.0000000032  -0.0025687572
       -0.3120990450   0.0000011634   0.0000915757   0.0006763189  -0.0000000174
       -0.0000650086   0.0000216239  -0.0000000106  -0.0000290035   0.0000660835
        0.0000000051
        0.0000107462  -0.0000026227   0.1015830341  -0.0000044308   0.0000020454
       -0.0428223976   0.0000006270   0.0000016196  -0.0016275861  -0.0000008169
       -0.0000000886  -0.0006601142   0.0000004204  -0.0000014551   0.0002600047
       -0.0000032421  -0.0000008403  -0.0406498960  -0.0000011842   0.0000001166
        0.0018850589  -0.0000002126   0.0000000075   0.0043615359  -0.0000002902
        0.0000002309   0.0061371974  -0.0000001053   0.0000000350  -0.0003053549
       -0.0000000890  -0.0000000047  -0.0000587872  -0.0000000184   0.0000000380
       -0.0000155665   0.0000000093  -0.0000000232  -0.0000483291  -0.0000000839
        0.0000000054  -0.0001485719  -0.0000000696  -0.0000000308   0.0002805083
       -0.0000011034  -0.0000002135   0.0037263474   0.0000000364   0.0000000147
        0.0000809767   0.0000000554  -0.0000000292   0.0000054303  -0.0000002197
        0.0000011970  -0.0317010490  -0.0000000497  -0.0000000005  -0.0001581841
        0.0000000102  -0.0000000127  -0.0000775639   0.0000000110   0.0000000112
       -0.0000466931
       -0.2589706917   0.1466110419  -0.0000044308   0.6404203927  -0.0415228223
        0.0000081532  -0.0540406493  -0.0509322236   0.0000003269   0.0138218228
       -0.0256284794   0.0000008671  -0.0104153357   0.0220400652  -0.0000001958
       -0.0652988673  -0.0242339815  -0.0000015069  -0.0018079446  -0.0011565216
       -0.0000000014   0.0019992035   0.0011437039  -0.0000000072  -0.0406268427
        0.0508103220  -0.0000013315   0.0134025114   0.0046130334   0.0000000257
        0.0013633026  -0.0000879813   0.0000001366  -0.0029284694  -0.0010719602
       -0.0000000622  -0.0047637304   0.0004972653   0.0000001841   0.0008137054
        0.0019188572   0.0000001093  -0.0589812495  -0.0018409005  -0.0000000335
       -0.1723480659  -0.0797576186  -0.0000017611  -0.0001089095  -0.0000361281
        0.0000000376   0.0017832249  -0.0012194205  -0.0000000250   0.0000848768
        0.0032514613  -0.0000001372  -0.0037018866  -0.0027359573  -0.0000002220
        0.0006608757  -0.0004839264  -0.0000000293  -0.0003572735  -0.0001778289
       -0.0000000965
        0.0679550550  -0.1604873462   0.0000020454  -0.0415228223   0.6359413180
       -0.0000029305   0.0509299401  -0.2814472377   0.0000021969  -0.0814706380
       -0.0299059925  -0.0000013082   0.0293599416  -0.0532380941   0.0000006685
        0.0307416062   0.0633578569   0.0000001476  -0.0035200503  -0.0015542361
       -0.0000000232   0.0011794509   0.0019614042  -0.0000000205   0.0058135930
       -0.0320766344   0.0000003836   0.0046130334   0.0044760005  -0.0000000048
       -0.0001775449   0.0009011005  -0.0000000259  -0.0016558068   0.0004926567
       -0.0000000220  -0.0014847509   0.0002582956  -0.0000000099   0.0046638502
       -0.0027036524  -0.0000000395   0.0018416872   0.0194229580   0.0000003346
       -0.0933021297  -0.1458007337  -0.0000018404   0.0004221327  -0.0000158579
       -0.0000000264   0.0008943700  -0.0006525750  -0.0000000069   0.0263161716
       -0.0181019377   0.0000005152  -0.0013386260  -0.0006539987  -0.0000000039
        0.0000547495   0.0001316481   0.0000000149  -0.0003132126  -0.0003049419
       -0.0000000448
       -0.0000041412   0.0000031860  -0.0428223976   0.0000081532  -0.0000029305
        0.1142668905  -0.0000002147   0.0000003219  -0.0490900033   0.0000005434
       -0.0000003639  -0.0016275918  -0.0000002714   0.0000007318  -0.0026274466
       -0.0000014358  -0.0000009657  -0.0019422045  -0.0000000915   0.0000000167
        0.0047612131   0.0000000918   0.0000000464   0.0002450383  -0.0000005480
        0.0000014580   0.0032185328  -0.0000001885  -0.0000000829  -0.0003222841
        0.0000001391  -0.0000000297  -0.0003053548  -0.0000000777  -0.0000000767
       -0.0000132820   0.0000000573   0.0000001129   0.0013381678   0.0000002251
       -0.0000001719   0.0002804761   0.0000004705   0.0000003665  -0.0028107827
       -0.0000023788  -0.0000017150  -0.0317307186   0.0000000020  -0.0000000197
       -0.0000118026  -0.0000000077   0.0000000012  -0.0001010806  -0.0000001327
        0.0000001366   0.0015216083  -0.0000002079  -0.0000000157   0.0075462294
        0.0000000152  -0.0000000093   0.0001151982  -0.0000000017   0.0000000029
        0.0001115946
        0.0138228969   0.0256280385   0.0000006270  -0.0540406493   0.0509299401
       -0.0000002147   0.6404212253   0.0415227783   0.0000082403  -0.2589728459
       -0.1466100552  -0.0000032518  -0.0652989328   0.0242352726  -0.0000017308
       -0.0104158512  -0.0220404951  -0.0000000042   0.0019991803  -0.0011437039
        0.0000000018  -0.0018078976   0.0011565246  -0.0000000127  -0.1723463320
        0.0797578853  -0.0000028509  -0.0589812494   0.0018416872  -0.0000001170
        0.0008136395  -0.0019188896   0.0000001258  -0.0047637206  -0.0004972152
        0.0000002133  -0.0029284417   0.0010719940  -0.0000000751   0.0013633056
        0.0000879791   0.0000001386   0.0134024189  -0.0046131233   0.0000000746
       -0.0406274077  -0.0508102354  -0.0000007050   0.0017832279   0.0012193954
       -0.0000000445  -0.0001089133   0.0000361285   0.0000000099  -0.0037018445
        0.0027359872  -0.0000002548   0.0000845807  -0.0032516443  -0.0000000797
       -0.0003572693   0.0001778298  -0.0000000456   0.0006608801   0.0004839213
       -0.0000000446
        0.0814701995  -0.0299070654   0.0000016196  -0.0509322236  -0.2814472377
        0.0000003219   0.0415227783   0.6359404855  -0.0000024372  -0.0679540671
       -0.1604851921  -0.0000010525  -0.0307403146   0.0633579216  -0.0000008265
       -0.0293603711  -0.0532375779  -0.0000001801  -0.0011794516   0.0019614275
        0.0000000060   0.0035200528  -0.0015542835   0.0000001000   0.0933023990
       -0.1458024717   0.0000032841  -0.0018409005   0.0194229581  -0.0000005955
       -0.0046638853  -0.0027035878   0.0000000884   0.0014848014   0.0002582859
        0.0000000040   0.0016558409   0.0004926294   0.0000000066   0.0001775402
        0.0009010966   0.0000000040  -0.0046131233   0.0044760933  -0.0000000516
       -0.0058135086  -0.0320760664  -0.0000000668  -0.0008943947  -0.0006525782
        0.0000000234  -0.0004221321  -0.0000158536   0.0000000422   0.0013386561
       -0.0006540395   0.0000000458  -0.0263163542  -0.0181016406  -0.0000003359
        0.0003132134  -0.0003049472   0.0000000247  -0.0000547548   0.0001316436
       -0.0000000245
       -0.0000002388   0.0000006211  -0.0016275861   0.0000003269   0.0000021969
       -0.0490900033   0.0000082403  -0.0000024372   0.1142669061  -0.0000037020
       -0.0000021973  -0.0428224612  -0.0000011691   0.0000003565  -0.0019421628
        0.0000000131  -0.0000002469  -0.0026274493   0.0000001258  -0.0000000772
        0.0002450474  -0.0000001345   0.0000000369   0.0047611969  -0.0000035329
        0.0000030654  -0.0317307250   0.0000004295  -0.0000006177  -0.0028107841
        0.0000002900   0.0000001981   0.0002805081   0.0000000330  -0.0000000951
        0.0013381481  -0.0000001025   0.0000000734  -0.0000132914   0.0000001463
        0.0000000136  -0.0003053632  -0.0000001192   0.0000000235  -0.0003222785
       -0.0000005237  -0.0000010831   0.0032185264   0.0000000021   0.0000000045
       -0.0001010760   0.0000000041   0.0000000203  -0.0000117949  -0.0000002100
        0.0000000897   0.0075462285   0.0000001103   0.0000000429   0.0015216227
       -0.0000000058   0.0000000025   0.0001115953   0.0000000171   0.0000000092
        0.0001151961
       -0.0534143028  -0.0010465000  -0.0000008169   0.0138218228  -0.0814706380
        0.0000005434  -0.2589728459  -0.0679540671  -0.0000037020   0.6551104307
        0.0010166607   0.0000111811  -0.2471624518   0.0745779254  -0.0000045021
        0.0186794251   0.0768679130  -0.0000002313   0.0003777385  -0.0018965972
       -0.0000000241  -0.0398731681  -0.0000975969  -0.0000009561  -0.0495009838
       -0.0137600478  -0.0000009464   0.0008137054   0.0046638502  -0.0000002931
       -0.0042557884  -0.0010721535   0.0000001307   0.0016084612   0.0025234653
       -0.0000001131   0.0023729749  -0.0026763372  -0.0000000711  -0.0040589181
       -0.0002676326   0.0000001347   0.0013633056   0.0001775402  -0.0000001710
        0.0058757374   0.0086462595   0.0000001211  -0.0004156142  -0.0002418340
        0.0000000577  -0.0000425629  -0.0001523341   0.0000000327  -0.0004612748
       -0.0000101371  -0.0000000260  -0.0419357536   0.0025400620  -0.0000002736
        0.0001960777  -0.0002814755  -0.0000000360  -0.0001260146  -0.0000863253
       -0.0000000387
        0.0010470535   0.0020414014  -0.0000000886  -0.0256284794  -0.0299059925
       -0.0000003639  -0.1466100552  -0.1604851921  -0.0000021973   0.0010166607
        0.6763072417  -0.0000026384   0.1386913723  -0.1498349721   0.0000033480
        0.0229448343  -0.0339763216   0.0000005152   0.0001770032  -0.0039233382
        0.0000000237  -0.0127001361   0.0060283022  -0.0000002853   0.0151920080
        0.0141111440   0.0000000104   0.0019188572  -0.0027036524   0.0000001941
        0.0010722023   0.0003576757  -0.0000000200   0.0000677778  -0.0001457731
       -0.0000000171   0.0000768122  -0.0000936608  -0.0000000045  -0.0002676326
        0.0000252250  -0.0000000013   0.0000879791   0.0009010966  -0.0000000274
        0.0003068593  -0.0074140415   0.0000001172  -0.0000023137   0.0000087458
        0.0000000049   0.0000407038   0.0000371785  -0.0000000089  -0.0000915645
        0.0006763195   0.0000000284   0.0025660463  -0.3120990967   0.0000014035
        0.0000290020   0.0000660862  -0.0000000078   0.0000650096   0.0000216243
        0.0000000150
       -0.0000008221   0.0000000406  -0.0006601142   0.0000008671  -0.0000013082
       -0.0016275918  -0.0000032518  -0.0000010525  -0.0428224612   0.0000111811
       -0.0000026384   0.1015830954  -0.0000046422   0.0000019471  -0.0406499771
        0.0000002240   0.0000018106   0.0002599391  -0.0000001911   0.0000000395
        0.0043616001  -0.0000011472  -0.0000001843   0.0018850976  -0.0000013333
        0.0000000967   0.0037264115  -0.0000000793   0.0000000767   0.0002804755
       -0.0000000876  -0.0000000139  -0.0001485719   0.0000000154   0.0000000325
       -0.0000483575  -0.0000000143  -0.0000000444  -0.0000155948  -0.0000000771
        0.0000000023  -0.0000587852  -0.0000001250  -0.0000000396  -0.0003053632
       -0.0000003006  -0.0000001206   0.0061372197   0.0000000477   0.0000000251
        0.0000054622   0.0000000295  -0.0000000116   0.0000810018  -0.0000000507
       -0.0000000089  -0.0001581841  -0.0000002603   0.0000013535  -0.0317010508
        0.0000000099  -0.0000000143  -0.0000466938   0.0000000079   0.0000000119
       -0.0000775572
        0.0186784229  -0.0229453639   0.0000004204  -0.0104153357   0.0293599416
       -0.0000002714  -0.0652989328  -0.0307403146  -0.0000011691  -0.2471624518
        0.1386913723  -0.0000046422   0.5170690924  -0.0578013582   0.0000089436
       -0.0663513358  -0.0285575570  -0.0000003193  -0.0148106740   0.0294234594
       -0.0000004654  -0.1215143476  -0.0555494752  -0.0000020640  -0.0002448440
        0.0005537880  -0.0000002092  -0.0047637304  -0.0014847509   0.0000000080
        0.0016084359  -0.0000677950  -0.0000000190  -0.0014088533  -0.0011060761
        0.0000000553  -0.0015684062   0.0012368783   0.0000000083   0.0023729749
        0.0000768122   0.0000000057  -0.0029284418   0.0016558409   0.0000001055
        0.0011167681  -0.0030815569  -0.0000001748   0.0003046860   0.0001750608
       -0.0000000116   0.0001517191  -0.0000883216  -0.0000000097  -0.0034714754
       -0.0023132009  -0.0000001688  -0.0013046101   0.0025885298  -0.0000000163
       -0.0000468125  -0.0000145715  -0.0000000120  -0.0000118478  -0.0000113414
        0.0000000062
       -0.0768684421  -0.0339753206  -0.0000014551   0.0220400652  -0.0532380941
        0.0000007318   0.0242352726   0.0633579216   0.0000003565   0.0745779254
       -0.1498349721   0.0000019471  -0.0578013582   0.5743766950  -0.0000032821
        0.0285552115  -0.3001195327   0.0000015580   0.0142537360  -0.0236766608
        0.0000005926  -0.0572704768  -0.0587017225  -0.0000010661   0.0005194825
       -0.0074402604   0.0000001485   0.0004972653   0.0002582956  -0.0000001001
       -0.0025234830  -0.0001457471   0.0000000604   0.0011061188   0.0028878874
       -0.0000000662   0.0012368783  -0.0028848677  -0.0000000394  -0.0026763372
       -0.0000936608   0.0000000693   0.0010719940   0.0004926295  -0.0000000939
        0.0051419366   0.0061941512   0.0000000957   0.0001851293   0.0001756427
        0.0000000133   0.0002245217  -0.0002073988   0.0000000330  -0.0018164074
       -0.0006884700  -0.0000000145   0.0252805034  -0.0166961148   0.0000005252
        0.0000100824   0.0000056067   0.0000000096   0.0000203818  -0.0000460073
       -0.0000000236
        0.0000005807  -0.0000001864   0.0002600047  -0.0000001958   0.0000006685
       -0.0026274466  -0.0000017308  -0.0000008265  -0.0019421628  -0.0000045021
        0.0000033480  -0.0406499771   0.0000089436  -0.0000032821   0.0938852113
       -0.0000005650   0.0000005160  -0.0446849234  -0.0000003988   0.0000007171
        0.0015998930  -0.0000019221  -0.0000009872  -0.0192759999   0.0000002254
       -0.0000001415   0.0056234712  -0.0000001908   0.0000000211   0.0013381675
        0.0000000785  -0.0000000223  -0.0000483292  -0.0000000428  -0.0000000393
       -0.0002061251  -0.0000000204   0.0000000455   0.0000006508   0.0000000773
        0.0000000011  -0.0000155945   0.0000000422  -0.0000000091  -0.0000132911
       -0.0000000029   0.0000000543   0.0001659267  -0.0000000256  -0.0000000113
        0.0000193282  -0.0000000297   0.0000000141   0.0000145845  -0.0000001730
       -0.0000000290   0.0064825612  -0.0000001363   0.0000001452   0.0000415624
       -0.0000000065   0.0000000033   0.0000298276  -0.0000000050   0.0000000004
        0.0000026607
       -0.2471645904  -0.1386903965  -0.0000032421  -0.0652988673   0.0307416062
       -0.0000014358  -0.0104158512  -0.0293603711   0.0000000131   0.0186794251
        0.0229448343   0.0000002240  -0.0663513358   0.0285552115  -0.0000005650
        0.5170702512   0.0578019363   0.0000081830  -0.1215132136   0.0555501040
       -0.0000024699  -0.0148111140  -0.0294235490  -0.0000002234   0.0011167483
        0.0030816086  -0.0000001921  -0.0029284694  -0.0016558068   0.0000001208
        0.0023730004  -0.0000768378   0.0000000061  -0.0015684308  -0.0012368918
        0.0000000331  -0.0014088533   0.0011061188   0.0000000338   0.0016084612
        0.0000677778  -0.0000000162  -0.0047637206   0.0014848014   0.0000000058
       -0.0002448556  -0.0005538610  -0.0000002034   0.0001517184   0.0000883187
       -0.0000000112   0.0003046821  -0.0001750617  -0.0000000210  -0.0013048902
       -0.0025886842  -0.0000000389  -0.0034714343   0.0023132291  -0.0000002009
       -0.0000118477   0.0000113411  -0.0000000023  -0.0000468123   0.0000145720
        0.0000000026
       -0.0745769499  -0.1498328318  -0.0000008403  -0.0242339815   0.0633578569
       -0.0000009657  -0.0220404951  -0.0532375779  -0.0000002469   0.0768679130
       -0.0339763216   0.0000018106  -0.0285575570  -0.3001195327   0.0000005160
        0.0578019363   0.5743755352  -0.0000009095   0.0572711058  -0.0587028540
        0.0000013549  -0.0142538261  -0.0236762236  -0.0000003610  -0.0051418844
        0.0061941714  -0.0000001420  -0.0010719602   0.0004926567   0.0000000798
        0.0026763126  -0.0000936870  -0.0000000686  -0.0012368918  -0.0028848431
        0.0000000651  -0.0011060761   0.0028878874   0.0000000365   0.0025234653
       -0.0001457731  -0.0000000523  -0.0004972152   0.0002582859   0.0000001142
       -0.0005195546  -0.0074402499  -0.0000000178  -0.0002245254  -0.0002073974
       -0.0000000405  -0.0001851308   0.0001756464  -0.0000000168  -0.0252806567
       -0.0166958353  -0.0000003911   0.0018164360  -0.0006885118   0.0000000690
       -0.0000203822  -0.0000460074   0.0000000097  -0.0000100821   0.0000056067
       -0.0000000032
       -0.0000037882  -0.0000022692  -0.0406498960  -0.0000015069   0.0000001476
       -0.0019422045  -0.0000000042  -0.0000001801  -0.0026274493  -0.0000002313
        0.0000005152   0.0002599391  -0.0000003193   0.0000015580  -0.0446849234
        0.0000081830  -0.0000009095   0.0938849174  -0.0000023353   0.0000012888
       -0.0192757454  -0.0000001836  -0.0000004620   0.0015998605   0.0000000497
       -0.0000001252   0.0001659413   0.0000000718   0.0000000101  -0.0000132820
        0.0000000529  -0.0000000001  -0.0000155664  -0.0000000088  -0.0000000300
        0.0000006949  -0.0000000277   0.0000000221  -0.0002061252   0.0000000540
        0.0000000246  -0.0000483576  -0.0000001544  -0.0000000165   0.0013381484
        0.0000003018   0.0000003277   0.0056234353  -0.0000000339  -0.0000000158
        0.0000145751  -0.0000000248   0.0000000109   0.0000193540   0.0000001045
        0.0000000137   0.0000416118  -0.0000001882   0.0000000924   0.0064825843
       -0.0000000049   0.0000000014   0.0000027074  -0.0000000062  -0.0000000039
        0.0000297804
       -0.0398730441   0.0127006010  -0.0000011842  -0.0018079446  -0.0035200503
       -0.0000000915   0.0019991803  -0.0011794516   0.0000001258   0.0003777385
        0.0001770032  -0.0000001911  -0.0148106740   0.0142537360  -0.0000003988
       -0.1215132136   0.0572711058  -0.0000023353   0.1718109953  -0.0818873650
        0.0000038158   0.0063768751   0.0002301586   0.0000000823  -0.0035498704
        0.0005892775   0.0000000792   0.0017832249   0.0008943700  -0.0000000071
       -0.0004156111   0.0000023167  -0.0000000607   0.0003046821  -0.0001851308
        0.0000000312   0.0001517191   0.0002245217   0.0000000430  -0.0000425629
        0.0000407038  -0.0000000515  -0.0001089133  -0.0004221321  -0.0000000007
       -0.0008926297   0.0009600172   0.0000000502  -0.0001143509  -0.0000791490
       -0.0000000340   0.0000216663   0.0000128505  -0.0000000021   0.0006230518
        0.0001812069   0.0000000678  -0.0003936745  -0.0001834969   0.0000000233
        0.0000743089  -0.0000419788   0.0000000269  -0.0000009533  -0.0000391145
        0.0000000116
        0.0000980605   0.0060281715   0.0000001166  -0.0011565216  -0.0015542361
        0.0000000167  -0.0011437039   0.0019614275  -0.0000000772  -0.0018965972
       -0.0039233382   0.0000000395   0.0294234594  -0.0236766608   0.0000007171
        0.0555501040  -0.0587028540   0.0000012888  -0.0818873650   0.0820199671
       -0.0000020861  -0.0002302463  -0.0022973213   0.0000000529   0.0024683440
       -0.0003854468  -0.0000000327  -0.0012194205  -0.0006525751   0.0000000089
        0.0002418375   0.0000087440   0.0000000308  -0.0001750617   0.0001756464
       -0.0000000128  -0.0000883216  -0.0002073988  -0.0000000209  -0.0001523341
        0.0000371785   0.0000000238   0.0000361285  -0.0000158536  -0.0000000188
       -0.0004808622   0.0004619014  -0.0000000252   0.0000791510   0.0000657006
        0.0000000200   0.0000128505  -0.0000191194  -0.0000000007  -0.0006720160
        0.0010098253  -0.0000000323   0.0012323597  -0.0004149597   0.0000000102
       -0.0000587081   0.0000412318  -0.0000000153   0.0000188632   0.0000399699
       -0.0000000033
       -0.0000009217   0.0000002388   0.0018850589  -0.0000000014  -0.0000000232
        0.0047612131   0.0000000018   0.0000000060   0.0002450474  -0.0000000241
        0.0000000237   0.0043616001  -0.0000004654   0.0000005926   0.0015998930
       -0.0000024699   0.0000013549  -0.0192757454   0.0000038158  -0.0000020861
        0.0103667350   0.0000000689  -0.0000000536  -0.0010695155   0.0000000276
       -0.0000000124  -0.0009395193   0.0000000401   0.0000000080  -0.0001010804
       -0.0000000607   0.0000000057   0.0000054302   0.0000000083   0.0000000171
        0.0000193541   0.0000000138  -0.0000000216   0.0000145842  -0.0000000376
        0.0000000112   0.0000810018  -0.0000000281  -0.0000000237  -0.0000117947
       -0.0000000648  -0.0000000323  -0.0000632773   0.0000000184   0.0000000096
       -0.0000187258   0.0000000198  -0.0000000090  -0.0000038128   0.0000000601
        0.0000000061  -0.0018521899  -0.0000000078  -0.0000000097  -0.0000030722
        0.0000000044   0.0000000033   0.0000003991   0.0000000024  -0.0000000054
       -0.0000015836
        0.0003777576  -0.0001770446  -0.0000002126   0.0019992035   0.0011794509
        0.0000000918  -0.0018078976   0.0035200528  -0.0000001345  -0.0398731681
       -0.0127001361  -0.0000011472  -0.1215143476  -0.0572704768  -0.0000019221
       -0.0148111140  -0.0142538261  -0.0000001836   0.0063768751  -0.0002302463
        0.0000000689   0.1718126390   0.0818864645   0.0000032188  -0.0008926329
       -0.0009600032   0.0000000787  -0.0001089094   0.0004221327  -0.0000000021
       -0.0000425624  -0.0000407043  -0.0000000459   0.0001517184  -0.0002245254
        0.0000000429   0.0003046860   0.0001851293   0.0000000336  -0.0004156142
       -0.0000023137  -0.0000000671   0.0017832279  -0.0008943947   0.0000000016
       -0.0035499038  -0.0005892461   0.0000000577   0.0000216654  -0.0000128510
       -0.0000000153  -0.0001143509   0.0000791510  -0.0000000208  -0.0003936855
        0.0001834970   0.0000000289   0.0006230569  -0.0001812026   0.0000000804
       -0.0000009529   0.0000391145   0.0000000107   0.0000743094   0.0000419782
        0.0000000372
        0.0018965559  -0.0039233547   0.0000000075   0.0011437039   0.0019614042
        0.0000000464   0.0011565246  -0.0015542835   0.0000000369  -0.0000975969
        0.0060283022  -0.0000001843  -0.0555494752  -0.0587017225  -0.0000009872
       -0.0294235490  -0.0236762236  -0.0000004620   0.0002301586  -0.0022973213
       -0.0000000536   0.0818864645   0.0820183238   0.0000015287   0.0004808766
        0.0004619071   0.0000000267  -0.0000361281  -0.0000158579   0.0000000212
        0.0001523342   0.0000371768  -0.0000000215   0.0000883187  -0.0002073974
        0.0000000221   0.0001750608   0.0001756427   0.0000000142  -0.0002418340
        0.0000087458  -0.0000000348   0.0012193954  -0.0006525781  -0.0000000033
       -0.0024683135  -0.0003854171   0.0000000136  -0.0000128510  -0.0000191191
       -0.0000000054  -0.0000791490   0.0000657005  -0.0000000122  -0.0012323603
       -0.0004149492   0.0000000042   0.0006720188   0.0010098210   0.0000000175
       -0.0000188626   0.0000399696   0.0000000046   0.0000587075   0.0000412306
        0.0000000205
       -0.0000000432   0.0000000383   0.0043615359  -0.0000000072  -0.0000000205
        0.0002450383  -0.0000000127   0.0000001000   0.0047611969  -0.0000009561
       -0.0000002853   0.0018850976  -0.0000020640  -0.0000010661  -0.0192759999
       -0.0000002234  -0.0000003610   0.0015998605   0.0000000823   0.0000000529
       -0.0010695155   0.0000032188   0.0000015287   0.0103669846  -0.0000000670
        0.0000000171  -0.0000633154  -0.0000000297   0.0000000283  -0.0000118028
       -0.0000000393  -0.0000000147   0.0000809768   0.0000000220   0.0000000395
        0.0000145751   0.0000000153  -0.0000000118   0.0000193267  -0.0000000369
       -0.0000000090   0.0000054616   0.0000000295  -0.0000000084  -0.0001010764
        0.0000000325   0.0000000037  -0.0009395045   0.0000000000  -0.0000000029
       -0.0000037336   0.0000000177  -0.0000000121  -0.0000187263   0.0000000015
        0.0000000106  -0.0000030583   0.0000000570  -0.0000000302  -0.0018521422
        0.0000000008   0.0000000036  -0.0000016182   0.0000000021  -0.0000000008
        0.0000004393
        0.0058756432  -0.0003069939  -0.0000002902  -0.0406268427   0.0058135930
       -0.0000005480  -0.1723463320   0.0933023990  -0.0000035329  -0.0495009838
        0.0151920080  -0.0000013333  -0.0002448440   0.0005194825   0.0000002254
        0.0011167483  -0.0051418844   0.0000000497  -0.0035498704   0.0024683440
        0.0000000276  -0.0008926329   0.0004808766  -0.0000000670   0.4761816102
       -0.0000006734  -0.0000015716  -0.1723480659  -0.0933021296   0.0000044440
       -0.0495009943  -0.0151913700   0.0000017541  -0.0002448556  -0.0005195546
       -0.0000002245   0.0011167681   0.0051419366  -0.0000001158   0.0058757374
        0.0003068593   0.0000003496  -0.0406274076  -0.0058135086   0.0000009091
        0.0418560603  -0.0000001981  -0.0000001246  -0.0035499038  -0.0024683135
       -0.0000000403  -0.0008926297  -0.0004808622   0.0000001258  -0.0009642758
       -0.0000145020  -0.0000000093   0.0021156945   0.0014471788   0.0000001010
        0.0021156704  -0.0014471913  -0.0000001061  -0.0009642939   0.0000145039
       -0.0000000227
       -0.0086463927  -0.0074139548   0.0000002309   0.0508103220  -0.0320766344
        0.0000014580   0.0797578853  -0.1458024717   0.0000030654  -0.0137600478
        0.0141111440   0.0000000967   0.0005537880  -0.0074402604  -0.0000001415
        0.0030816086   0.0061941714  -0.0000001252   0.0005892775  -0.0003854468
       -0.0000000124  -0.0009600032   0.0004619071   0.0000000171  -0.0000006734
        0.3427241689  -0.0000091056  -0.0797576185  -0.1458007337   0.0000035552
        0.0137606859   0.0141111614   0.0000000711  -0.0005538610  -0.0074402499
       -0.0000001338  -0.0030815569   0.0061941512  -0.0000001833   0.0086462594
       -0.0074140415   0.0000002781  -0.0508102353  -0.0320760663   0.0000018624
       -0.0000001981   0.0019327470  -0.0000007557  -0.0005892461  -0.0003854171
       -0.0000000229   0.0009600172   0.0004619015   0.0000000202   0.0017498058
       -0.0008207551   0.0000000142   0.0009452731   0.0008426956  -0.0000000962
       -0.0009452861   0.0008427206  -0.0000001073  -0.0017498039  -0.0008207372
        0.0000000145
        0.0000001622   0.0000000163   0.0061371974  -0.0000013315   0.0000003836
        0.0032185328  -0.0000028509   0.0000032841  -0.0317307250  -0.0000009464
        0.0000000104   0.0037264115  -0.0000002092   0.0000001485   0.0056234712
       -0.0000001921  -0.0000001420   0.0001659413   0.0000000792  -0.0000000327
       -0.0009395193   0.0000000787   0.0000000267  -0.0000633154  -0.0000015716
       -0.0000091056   0.0382468706   0.0000038722   0.0000039563  -0.0317307137
        0.0000013114   0.0000001006   0.0037263475   0.0000002109   0.0000002223
        0.0056234355   0.0000002055  -0.0000001698   0.0001659270  -0.0000001110
        0.0000000098   0.0061372196   0.0000016107   0.0000005642   0.0032185265
       -0.0000000902   0.0000007604  -0.0028846508  -0.0000001330  -0.0000000601
       -0.0009395047  -0.0000000542   0.0000000100  -0.0000632768   0.0000000198
       -0.0000000124  -0.0005371514   0.0000001181   0.0000000218  -0.0032819368
       -0.0000001545   0.0000000202  -0.0032819360  -0.0000000240  -0.0000000126
       -0.0005371510
        0.0013633026  -0.0000879813  -0.0000001053   0.0134025114   0.0046130334
       -0.0000001885  -0.0589812494  -0.0018409005   0.0000004295   0.0008137054
        0.0019188572  -0.0000000793  -0.0047637304   0.0004972653  -0.0000001908
       -0.0029284694  -0.0010719602   0.0000000718   0.0017832249  -0.0012194205
        0.0000000401  -0.0001089094  -0.0000361281  -0.0000000297  -0.1723480659
       -0.0797576185   0.0000038722   0.6404203924  -0.0415228226  -0.0000114386
       -0.2589706916   0.1466110420   0.0000042174  -0.0652988673  -0.0242339815
        0.0000023067  -0.0104153357   0.0220400652   0.0000000341   0.0138218228
       -0.0256284795  -0.0000007680  -0.0540406493  -0.0509322235   0.0000003041
       -0.0406268427   0.0508103221   0.0000009682   0.0019992035   0.0011437039
       -0.0000000201  -0.0018079446  -0.0011565216   0.0000000133   0.0006608757
       -0.0004839264   0.0000000418  -0.0003572735  -0.0001778289   0.0000000223
        0.0000848769   0.0032514613   0.0000001169  -0.0037018866  -0.0027359574
        0.0000003817
       -0.0001775449   0.0009011005   0.0000000350   0.0046130334   0.0044760005
       -0.0000000829   0.0018416872   0.0194229581  -0.0000006177   0.0046638502
       -0.0027036524   0.0000000767  -0.0014847509   0.0002582956   0.0000000211
       -0.0016558068   0.0004926567   0.0000000101   0.0008943700  -0.0006525751
        0.0000000080   0.0004221327  -0.0000158579   0.0000000283  -0.0933021296
       -0.1458007337   0.0000039563  -0.0415228226   0.6359413181  -0.0000027823
        0.0679550551  -0.1604873464  -0.0000012184   0.0307416063   0.0633578569
       -0.0000012048   0.0293599416  -0.0532380941  -0.0000002309  -0.0814706380
       -0.0299059924   0.0000022329   0.0509299402  -0.2814472375   0.0000001267
        0.0058135930  -0.0320766345  -0.0000000999   0.0011794509   0.0019614041
        0.0000000256  -0.0035200503  -0.0015542361   0.0000001181   0.0000547495
        0.0001316480  -0.0000000164  -0.0003132126  -0.0003049419   0.0000000194
        0.0263161717  -0.0181019377  -0.0000005009  -0.0013386260  -0.0006539987
        0.0000000960
       -0.0000001612   0.0000000122  -0.0003053549   0.0000000257  -0.0000000048
       -0.0003222841  -0.0000001170  -0.0000005955  -0.0028107841  -0.0000002931
        0.0000001941   0.0002804755   0.0000000080  -0.0000001001   0.0013381675
        0.0000001208   0.0000000798  -0.0000132820  -0.0000000071   0.0000000089
       -0.0001010804  -0.0000000021   0.0000000212  -0.0000118028   0.0000044440
        0.0000035552  -0.0317307137  -0.0000114386  -0.0000027823   0.1142668893
        0.0000049549  -0.0000028941  -0.0428223978   0.0000015396   0.0000004133
       -0.0019422051  -0.0000000211  -0.0000002947  -0.0026274466   0.0000003274
        0.0000008584  -0.0016275917  -0.0000003419   0.0000027707  -0.0490900038
        0.0000008121  -0.0000014192   0.0032185334  -0.0000001530  -0.0000000952
        0.0002450383   0.0000001763   0.0000000605   0.0047612131  -0.0000000196
        0.0000000110   0.0001151983   0.0000000090   0.0000000039   0.0001115942
       -0.0000001657   0.0000000652   0.0015216078   0.0000003023   0.0000001316
        0.0075462295
       -0.0040589126   0.0002676768  -0.0000000890   0.0013633026  -0.0001775449
        0.0000001391   0.0008136395  -0.0046638853   0.0000002900  -0.0042557884
        0.0010722023  -0.0000000876   0.0016084359  -0.0025234830   0.0000000785
        0.0023730004   0.0026763126   0.0000000529  -0.0004156111   0.0002418375
       -0.0000000607  -0.0000425624   0.0001523342  -0.0000000393  -0.0495009943
        0.0137606859   0.0000013114  -0.2589706916   0.0679550551   0.0000049549
        0.6551104118  -0.0010164509  -0.0000149451  -0.2471645905  -0.0745769497
        0.0000061343   0.0186784228  -0.0768684421   0.0000003514  -0.0534143028
        0.0010470536   0.0000010758   0.0138228969   0.0814701994  -0.0000008179
        0.0058756432  -0.0086463928  -0.0000000348   0.0003777576   0.0018965559
        0.0000000182  -0.0398730441   0.0000980605   0.0000012376  -0.0001260149
        0.0000863270   0.0000000157   0.0001960804   0.0002814745   0.0000000324
       -0.0419358047  -0.0025427741   0.0000003098  -0.0004612739   0.0000101474
        0.0000000722
        0.0002676768   0.0000252204  -0.0000000047  -0.0000879813   0.0009011005
       -0.0000000297  -0.0019188896  -0.0027035878   0.0000001981  -0.0010721535
        0.0003576757  -0.0000000139  -0.0000677950  -0.0001457471  -0.0000000223
       -0.0000768378  -0.0000936870  -0.0000000001   0.0000023167   0.0000087440
        0.0000000057  -0.0000407043   0.0000371768  -0.0000000147  -0.0151913700
        0.0141111614   0.0000001006   0.1466110420  -0.1604873464  -0.0000028941
       -0.0010164509   0.6763072622  -0.0000040620  -0.1386903963  -0.1498328316
        0.0000046040  -0.0229453639  -0.0339753205   0.0000007497  -0.0010464999
        0.0020414014  -0.0000001096   0.0256280384  -0.0299070655  -0.0000004725
       -0.0003069939  -0.0074139548   0.0000001591  -0.0001770446  -0.0039233547
        0.0000000329   0.0127006010   0.0060281715  -0.0000003948  -0.0000650086
        0.0000216239   0.0000000139  -0.0000290035   0.0000660835  -0.0000000130
       -0.0025687576  -0.3120990449   0.0000021308   0.0000915757   0.0006763189
        0.0000000366
        0.0000001201  -0.0000000027  -0.0000587872   0.0000001366  -0.0000000259
       -0.0003053548   0.0000001258   0.0000000884   0.0002805081   0.0000001307
       -0.0000000200  -0.0001485719  -0.0000000190   0.0000000604  -0.0000483292
        0.0000000061  -0.0000000686  -0.0000155664  -0.0000000607   0.0000000308
        0.0000054302  -0.0000000459  -0.0000000215   0.0000809768   0.0000017541
        0.0000000711   0.0037263475   0.0000042174  -0.0000012184  -0.0428223978
       -0.0000149451  -0.0000040620   0.1015830340   0.0000063265   0.0000026870
       -0.0406498953  -0.0000002748   0.0000025299   0.0002600054   0.0000011242
        0.0000000409  -0.0006601140  -0.0000011442  -0.0000018156  -0.0016275860
        0.0000004127  -0.0000001302   0.0061371973   0.0000002511   0.0000000610
        0.0043615353   0.0000015004  -0.0000002559   0.0018850583  -0.0000000110
        0.0000000150  -0.0000775640  -0.0000000143  -0.0000000188  -0.0000466931
        0.0000003425   0.0000020677  -0.0317010490   0.0000000669  -0.0000000125
       -0.0001581842
        0.0023730004  -0.0000768378  -0.0000000184  -0.0029284694  -0.0016558068
       -0.0000000777  -0.0047637206   0.0014848014   0.0000000330   0.0016084612
        0.0000677778   0.0000000154  -0.0014088533   0.0011061188  -0.0000000428
       -0.0015684308  -0.0012368918  -0.0000000088   0.0003046821  -0.0001750617
        0.0000000083   0.0001517184   0.0000883187   0.0000000220  -0.0002448556
       -0.0005538610   0.0000002109  -0.0652988673   0.0307416063   0.0000015396
       -0.2471645905  -0.1386903963   0.0000063265   0.5170702513   0.0578019359
       -0.0000119952  -0.0663513357   0.0285552115   0.0000004302   0.0186794251
        0.0229448343  -0.0000005733  -0.0104158512  -0.0293603711   0.0000003833
        0.0011167483   0.0030816086   0.0000001570  -0.0148111140  -0.0294235489
        0.0000006884  -0.1215132138   0.0555501042   0.0000026055  -0.0000118477
        0.0000113411  -0.0000000136  -0.0000468123   0.0000145720   0.0000000250
       -0.0013048902  -0.0025886842   0.0000000639  -0.0034714343   0.0023132291
        0.0000002209
        0.0026763126  -0.0000936870   0.0000000380  -0.0010719602   0.0004926567
       -0.0000000767  -0.0004972152   0.0002582859  -0.0000000951   0.0025234653
       -0.0001457731   0.0000000325  -0.0011060761   0.0028878874  -0.0000000393
       -0.0012368918  -0.0028848431  -0.0000000300  -0.0001851308   0.0001756464
        0.0000000171  -0.0002245254  -0.0002073974   0.0000000395  -0.0005195546
       -0.0074402499   0.0000002223  -0.0242339815   0.0633578569   0.0000004133
       -0.0745769497  -0.1498328316   0.0000026870   0.0578019359   0.5743755351
       -0.0000052213  -0.0285575570  -0.3001195328   0.0000026311   0.0768679130
       -0.0339763216  -0.0000019761  -0.0220404951  -0.0532375779   0.0000009880
       -0.0051418844   0.0061941714   0.0000000878  -0.0142538261  -0.0236762236
        0.0000008645   0.0572711060  -0.0587028541  -0.0000012999  -0.0000203822
       -0.0000460074  -0.0000000157  -0.0000100821   0.0000056067   0.0000000121
       -0.0252806567  -0.0166958353   0.0000007419   0.0018164360  -0.0006885118
       -0.0000000209
       -0.0000001123   0.0000000045  -0.0000155665  -0.0000000622  -0.0000000220
       -0.0000132820   0.0000002133   0.0000000040   0.0013381481  -0.0000001131
       -0.0000000171  -0.0000483575   0.0000000553  -0.0000000662  -0.0002061251
        0.0000000331   0.0000000651   0.0000006949   0.0000000312  -0.0000000128
        0.0000193541   0.0000000429   0.0000000221   0.0000145751  -0.0000002245
       -0.0000001338   0.0056234355   0.0000023067  -0.0000012048  -0.0019422051
        0.0000061343   0.0000046040  -0.0406498953  -0.0000119952  -0.0000052213
        0.0938849163   0.0000007932   0.0000011532  -0.0446849228  -0.0000008831
       -0.0000002237   0.0002599394   0.0000003187   0.0000009546  -0.0026274492
        0.0000000112   0.0000000796   0.0001659411   0.0000005836   0.0000010425
        0.0015998602   0.0000024012  -0.0000012092  -0.0192757448   0.0000000073
        0.0000000001   0.0000027074   0.0000000095   0.0000000047   0.0000297804
        0.0000002036   0.0000002075   0.0000416114   0.0000002452  -0.0000000311
        0.0064825843
        0.0016084359  -0.0000677950   0.0000000093  -0.0047637304  -0.0014847509
        0.0000000573  -0.0029284417   0.0016558409  -0.0000001025   0.0023729749
        0.0000768122  -0.0000000143  -0.0015684062   0.0012368783  -0.0000000204
       -0.0014088533  -0.0011060761  -0.0000000277   0.0001517191  -0.0000883216
        0.0000000138   0.0003046860   0.0001750608   0.0000000153   0.0011167681
       -0.0030815569   0.0000002055  -0.0104153357   0.0293599416  -0.0000000211
        0.0186784228  -0.0229453639  -0.0000002748  -0.0663513357  -0.0285575570
        0.0000007932   0.5170690919  -0.0578013587  -0.0000113905  -0.2471624517
        0.1386913723   0.0000045071  -0.0652989328  -0.0307403145   0.0000019938
       -0.0002448440   0.0005537880   0.0000001892  -0.1215143473  -0.0555494750
        0.0000035062  -0.0148106740   0.0294234594   0.0000002299  -0.0000468125
       -0.0000145715   0.0000000088  -0.0000118478  -0.0000113414   0.0000000013
       -0.0034714754  -0.0023132009   0.0000002835  -0.0013046101   0.0025885298
        0.0000000370
       -0.0025234830  -0.0001457471  -0.0000000232   0.0004972653   0.0002582956
        0.0000001129   0.0010719940   0.0004926294   0.0000000734  -0.0026763372
       -0.0000936608  -0.0000000444   0.0012368783  -0.0028848677   0.0000000455
        0.0011061188   0.0028878874   0.0000000221   0.0002245217  -0.0002073988
       -0.0000000216   0.0001851293   0.0001756427  -0.0000000118   0.0051419366
        0.0061941512  -0.0000001698   0.0220400652  -0.0532380941  -0.0000002947
       -0.0768684421  -0.0339753205   0.0000025299   0.0285552115  -0.3001195328
        0.0000011532  -0.0578013587   0.5743766952  -0.0000019476   0.0745779255
       -0.1498349722  -0.0000012145   0.0242352726   0.0633579216  -0.0000012929
        0.0005194825  -0.0074402604  -0.0000000536  -0.0572704766  -0.0587017224
        0.0000020071   0.0142537360  -0.0236766609  -0.0000004175   0.0000100824
        0.0000056067   0.0000000016   0.0000203818  -0.0000460073   0.0000000024
       -0.0018164074  -0.0006884700   0.0000000696   0.0252805034  -0.0166961149
       -0.0000005260
       -0.0000000777   0.0000000237  -0.0000483291   0.0000001841  -0.0000000099
        0.0013381678  -0.0000000751   0.0000000066  -0.0000132914  -0.0000000711
       -0.0000000045  -0.0000155948   0.0000000083  -0.0000000394   0.0000006508
        0.0000000338   0.0000000365  -0.0002061252   0.0000000430  -0.0000000209
        0.0000145842   0.0000000336   0.0000000142   0.0000193267  -0.0000001158
       -0.0000001833   0.0001659270   0.0000000341  -0.0000002309  -0.0026274466
        0.0000003514   0.0000007497   0.0002600054   0.0000004302   0.0000026311
       -0.0446849228  -0.0000113905  -0.0000019476   0.0938852141   0.0000052141
       -0.0000031147  -0.0406499755   0.0000020721   0.0000002220  -0.0019421621
       -0.0000003199   0.0000004122   0.0056234715   0.0000033328   0.0000018599
       -0.0192760066   0.0000002068  -0.0000005623   0.0015998935   0.0000000087
       -0.0000000049   0.0000298279   0.0000000065   0.0000000025   0.0000026601
        0.0000002507   0.0000001295   0.0064825613  -0.0000001601   0.0000000305
        0.0000415637
       -0.0042557884  -0.0010721535  -0.0000000839   0.0008137054   0.0046638502
        0.0000002251   0.0013633056   0.0001775402   0.0000001463  -0.0040589181
       -0.0002676326  -0.0000000771   0.0023729749  -0.0026763372   0.0000000773
        0.0016084612   0.0025234653   0.0000000540  -0.0000425629  -0.0001523341
       -0.0000000376  -0.0004156142  -0.0002418340  -0.0000000369   0.0058757374
        0.0086462594  -0.0000001110   0.0138218228  -0.0814706380   0.0000003274
       -0.0534143028  -0.0010464999   0.0000011242   0.0186794251   0.0768679130
       -0.0000008831  -0.2471624517   0.0745779255   0.0000052141   0.6551104304
        0.0010166608  -0.0000153465  -0.2589728460  -0.0679540670   0.0000060444
       -0.0495009837  -0.0137600478   0.0000015229  -0.0398731681  -0.0000975969
        0.0000013287   0.0003777384  -0.0018965972   0.0000000892   0.0001960777
       -0.0002814755   0.0000000366  -0.0001260146  -0.0000863253   0.0000000111
       -0.0004612748  -0.0000101371   0.0000000354  -0.0419357536   0.0025400617
        0.0000003395
        0.0010722023   0.0003576757   0.0000000054   0.0019188572  -0.0027036524
       -0.0000001719   0.0000879791   0.0009010966   0.0000000136  -0.0002676326
        0.0000252250   0.0000000023   0.0000768122  -0.0000936608   0.0000000011
        0.0000677778  -0.0001457731   0.0000000246   0.0000407038   0.0000371785
        0.0000000112  -0.0000023137   0.0000087458  -0.0000000090   0.0003068593
       -0.0074140415   0.0000000098  -0.0256284795  -0.0299059924   0.0000008584
        0.0010470536   0.0020414014   0.0000000409   0.0229448343  -0.0339763216
       -0.0000002237   0.1386913723  -0.1498349722  -0.0000031147   0.0010166608
        0.6763072416  -0.0000040339  -0.1466100551  -0.1604851919   0.0000046221
        0.0151920080   0.0141111440  -0.0000002422  -0.0127001361   0.0060283022
        0.0000003086   0.0001770032  -0.0039233382   0.0000000602   0.0000290020
        0.0000660862   0.0000000080   0.0000650096   0.0000216243  -0.0000000126
       -0.0000915645   0.0006763195  -0.0000000143   0.0025660460  -0.3120990967
        0.0000018561
        0.0000001208   0.0000000116  -0.0001485719   0.0000001093  -0.0000000395
        0.0002804761   0.0000001386   0.0000000040  -0.0003053632   0.0000001347
       -0.0000000013  -0.0000587852   0.0000000057   0.0000000693  -0.0000155945
       -0.0000000162  -0.0000000523  -0.0000483576  -0.0000000515   0.0000000238
        0.0000810018  -0.0000000671  -0.0000000348   0.0000054616   0.0000003496
        0.0000002781   0.0061372196  -0.0000007680   0.0000022329  -0.0016275917
        0.0000010758  -0.0000001096  -0.0006601140  -0.0000005733  -0.0000019761
        0.0002599394   0.0000045071  -0.0000012145  -0.0406499755  -0.0000153465
       -0.0000040339   0.1015830954   0.0000063933   0.0000030143  -0.0428224605
        0.0000016730  -0.0000002698   0.0037264107   0.0000016854   0.0000001761
        0.0018850959   0.0000002693   0.0000000429   0.0043615998  -0.0000000165
        0.0000000180  -0.0000466937  -0.0000000135  -0.0000000161  -0.0000775573
        0.0000000687   0.0000000006  -0.0001581842   0.0000003212   0.0000018763
       -0.0317010507
        0.0008136395  -0.0019188896  -0.0000000696  -0.0589812495   0.0018416872
        0.0000004705   0.0134024189  -0.0046131233  -0.0000001192   0.0013633056
        0.0000879791  -0.0000001250  -0.0029284418   0.0010719940   0.0000000422
       -0.0047637206  -0.0004972152  -0.0000001544  -0.0001089133   0.0000361285
       -0.0000000281   0.0017832279   0.0012193954   0.0000000295  -0.0406274076
       -0.0508102353   0.0000016107  -0.0540406493   0.0509299402  -0.0000003419
        0.0138228969   0.0256280384  -0.0000011442  -0.0104158512  -0.0220404951
        0.0000003187  -0.0652989328   0.0242352726   0.0000020721  -0.2589728460
       -0.1466100551   0.0000063933   0.6404212255   0.0415227780  -0.0000125088
       -0.1723463321   0.0797578854   0.0000030261  -0.0018078976   0.0011565246
       -0.0000000132   0.0019991803  -0.0011437039   0.0000000390  -0.0003572693
        0.0001778298   0.0000000454   0.0006608801   0.0004839213   0.0000000318
       -0.0037018445   0.0027359872   0.0000003144   0.0000845807  -0.0032516443
        0.0000001105
       -0.0046638853  -0.0027035878  -0.0000000308  -0.0018409005   0.0194229580
        0.0000003665  -0.0046131233   0.0044760933   0.0000000235   0.0001775402
        0.0009010966  -0.0000000396   0.0016558409   0.0004926295  -0.0000000091
        0.0014848014   0.0002582859  -0.0000000165  -0.0004221321  -0.0000158536
       -0.0000000237  -0.0008943947  -0.0006525781  -0.0000000084  -0.0058135086
       -0.0320760663   0.0000005642  -0.0509322235  -0.2814472375   0.0000027707
        0.0814701994  -0.0299070655  -0.0000018156  -0.0293603711  -0.0532375779
        0.0000009546  -0.0307403145   0.0633579216   0.0000002220  -0.0679540670
       -0.1604851919   0.0000030143   0.0415227780   0.6359404849  -0.0000039247
        0.0933023991  -0.1458024718  -0.0000027075   0.0035200528  -0.0015542835
       -0.0000000238  -0.0011794516   0.0019614275  -0.0000000372   0.0003132134
       -0.0003049471  -0.0000000213  -0.0000547548   0.0001316436   0.0000000115
        0.0013386561  -0.0006540395   0.0000000018  -0.0263163542  -0.0181016405
        0.0000007292
       -0.0000002492  -0.0000001533   0.0002805083  -0.0000000335   0.0000003346
       -0.0028107827   0.0000000746  -0.0000000516  -0.0003222785  -0.0000001710
       -0.0000000274  -0.0003053632   0.0000001055  -0.0000000939  -0.0000132911
        0.0000000058   0.0000001142   0.0013381484  -0.0000000007  -0.0000000188
       -0.0000117947   0.0000000016  -0.0000000033  -0.0001010764   0.0000009091
        0.0000018624   0.0032185265   0.0000003041   0.0000001267  -0.0490900038
       -0.0000008179  -0.0000004725  -0.0016275860   0.0000003833   0.0000009880
       -0.0026274492   0.0000019938  -0.0000012929  -0.0019421621   0.0000060444
        0.0000046221  -0.0428224605  -0.0000125088  -0.0000039247   0.1142669068
        0.0000034816  -0.0000022900  -0.0317307288   0.0000001383   0.0000000274
        0.0047611966  -0.0000001286   0.0000000693   0.0002450472   0.0000000065
        0.0000000022   0.0001115957  -0.0000000192  -0.0000000131   0.0001151961
        0.0000002755  -0.0000000138   0.0075462285   0.0000002049   0.0000002085
        0.0015216230
       -0.0495009942  -0.0151913701  -0.0000011034  -0.1723480659  -0.0933021297
       -0.0000023788  -0.0406274077  -0.0058135086  -0.0000005237   0.0058757374
        0.0003068593  -0.0000003006   0.0011167681   0.0051419366  -0.0000000029
       -0.0002448556  -0.0005195546   0.0000003018  -0.0008926297  -0.0004808622
       -0.0000000648  -0.0035499038  -0.0024683135   0.0000000325   0.0418560603
       -0.0000001981  -0.0000000902  -0.0406268427   0.0058135930   0.0000008121
        0.0058756432  -0.0003069939   0.0000004127   0.0011167483  -0.0051418844
        0.0000000112  -0.0002448440   0.0005194825  -0.0000003199  -0.0495009837
        0.0151920080   0.0000016730  -0.1723463321   0.0933023991   0.0000034816
        0.4761816102  -0.0000006733  -0.0000019258  -0.0008926329   0.0004808766
        0.0000001004  -0.0035498704   0.0024683440  -0.0000000822   0.0021156704
       -0.0014471913   0.0000000980  -0.0009642939   0.0000145039   0.0000000048
       -0.0009642758  -0.0000145020  -0.0000000344   0.0021156945   0.0014471788
       -0.0000001014
        0.0137606859   0.0141111614  -0.0000002135  -0.0797576186  -0.1458007337
       -0.0000017150  -0.0508102354  -0.0320760664  -0.0000010831   0.0086462595
       -0.0074140415  -0.0000001206  -0.0030815569   0.0061941512   0.0000000543
       -0.0005538610  -0.0074402499   0.0000003277   0.0009600172   0.0004619014
       -0.0000000323  -0.0005892461  -0.0003854171   0.0000000037  -0.0000001981
        0.0019327470   0.0000007604   0.0508103221  -0.0320766345  -0.0000014192
       -0.0086463928  -0.0074139548  -0.0000001302   0.0030816086   0.0061941714
        0.0000000796   0.0005537880  -0.0074402604   0.0000004122  -0.0137600478
        0.0141111440  -0.0000002698   0.0797578854  -0.1458024718  -0.0000022900
       -0.0000006733   0.3427241690   0.0000055071  -0.0009600032   0.0004619071
       -0.0000000649   0.0005892775  -0.0003854468   0.0000000166  -0.0009452862
        0.0008427207   0.0000000776  -0.0017498039  -0.0008207372  -0.0000000092
        0.0017498058  -0.0008207551   0.0000000025   0.0009452731   0.0008426957
        0.0000001063
       -0.0000009785  -0.0000001091   0.0037263474  -0.0000017611  -0.0000018404
       -0.0317307186  -0.0000007050  -0.0000000668   0.0032185264   0.0000001211
        0.0000001172   0.0061372197  -0.0000001748   0.0000000957   0.0001659267
       -0.0000002034  -0.0000000178   0.0056234353   0.0000000502  -0.0000000252
       -0.0000632773   0.0000000577   0.0000000136  -0.0009395045  -0.0000001246
       -0.0000007557  -0.0028846508   0.0000009682  -0.0000000999   0.0032185334
       -0.0000000348   0.0000001591   0.0061371973   0.0000001570   0.0000000878
        0.0001659411   0.0000001892  -0.0000000536   0.0056234715   0.0000015229
       -0.0000002422   0.0037264107   0.0000030261  -0.0000027075  -0.0317307288
       -0.0000019258   0.0000055071   0.0382468820  -0.0000000072   0.0000000005
       -0.0000633167  -0.0000001210   0.0000000428  -0.0009395188   0.0000001134
       -0.0000000570  -0.0032819367   0.0000000343   0.0000000169  -0.0005371507
       -0.0000000357   0.0000000136  -0.0005371511  -0.0000001684  -0.0000000791
       -0.0032819375
       -0.0000425624  -0.0000407043   0.0000000364  -0.0001089095   0.0004221327
        0.0000000020   0.0017832279  -0.0008943947   0.0000000021  -0.0004156142
       -0.0000023137   0.0000000477   0.0003046860   0.0001851293  -0.0000000256
        0.0001517184  -0.0002245254  -0.0000000339  -0.0001143509   0.0000791510
        0.0000000184   0.0000216654  -0.0000128510   0.0000000000  -0.0035499038
       -0.0005892461  -0.0000001330   0.0019992035   0.0011794509  -0.0000001530
        0.0003777576  -0.0001770446   0.0000002511  -0.0148111140  -0.0142538261
        0.0000005836  -0.1215143473  -0.0572704766   0.0000033328  -0.0398731681
       -0.0127001361   0.0000016854  -0.0018078976   0.0035200528   0.0000001383
       -0.0008926329  -0.0009600032  -0.0000000072   0.1718126387   0.0818864642
       -0.0000054625   0.0063768751  -0.0002302463  -0.0000001187  -0.0000009529
        0.0000391145  -0.0000000093   0.0000743094   0.0000419782  -0.0000000214
       -0.0003936855   0.0001834970  -0.0000000184   0.0006230569  -0.0001812026
       -0.0000001148
        0.0001523342   0.0000371768   0.0000000147  -0.0000361281  -0.0000158579
       -0.0000000197   0.0012193954  -0.0006525782   0.0000000045  -0.0002418340
        0.0000087458   0.0000000251   0.0001750608   0.0001756427  -0.0000000113
        0.0000883187  -0.0002073974  -0.0000000158  -0.0000791490   0.0000657006
        0.0000000096  -0.0000128510  -0.0000191191  -0.0000000029  -0.0024683135
       -0.0003854171  -0.0000000601   0.0011437039   0.0019614041  -0.0000000952
        0.0018965559  -0.0039233547   0.0000000610  -0.0294235489  -0.0236762236
        0.0000010425  -0.0555494750  -0.0587017224   0.0000018599  -0.0000975969
        0.0060283022   0.0000001761   0.0011565246  -0.0015542835   0.0000000274
        0.0004808766   0.0004619071   0.0000000005   0.0818864642   0.0820183236
       -0.0000030321   0.0002301586  -0.0022973213   0.0000000675  -0.0000188626
        0.0000399696  -0.0000000041   0.0000587075   0.0000412306  -0.0000000120
       -0.0012323603  -0.0004149492   0.0000000227   0.0006720188   0.0010098210
       -0.0000000583
        0.0000000600   0.0000000130   0.0000809767   0.0000000376  -0.0000000264
       -0.0000118026  -0.0000000445   0.0000000234  -0.0001010760   0.0000000577
        0.0000000049   0.0000054622  -0.0000000116   0.0000000133   0.0000193282
       -0.0000000112  -0.0000000405   0.0000145751  -0.0000000340   0.0000000200
       -0.0000187258  -0.0000000153  -0.0000000054  -0.0000037336  -0.0000000403
       -0.0000000229  -0.0009395047  -0.0000000201   0.0000000256   0.0002450383
        0.0000000182   0.0000000329   0.0043615353   0.0000006884   0.0000008645
        0.0015998602   0.0000035062   0.0000020071  -0.0192760066   0.0000013287
        0.0000003086   0.0018850959  -0.0000000132  -0.0000000238   0.0047611966
        0.0000001004  -0.0000000649  -0.0000633167  -0.0000054625  -0.0000030321
        0.0103669938  -0.0000000665  -0.0000000880  -0.0010695161  -0.0000000024
       -0.0000000087  -0.0000016186  -0.0000000054   0.0000000037   0.0000004400
        0.0000000155  -0.0000000105  -0.0000030582  -0.0000000856   0.0000000061
       -0.0018521434
       -0.0004156111   0.0000023167   0.0000000554   0.0017832249   0.0008943700
       -0.0000000077  -0.0001089133  -0.0004221321   0.0000000041  -0.0000425629
        0.0000407038   0.0000000295   0.0001517191   0.0002245217  -0.0000000297
        0.0003046821  -0.0001851308  -0.0000000248   0.0000216663   0.0000128505
        0.0000000198  -0.0001143509  -0.0000791490   0.0000000177  -0.0008926297
        0.0009600172  -0.0000000542  -0.0018079446  -0.0035200503   0.0000001763
       -0.0398730441   0.0127006010   0.0000015004  -0.1215132138   0.0572711060
        0.0000024012  -0.0148106740   0.0142537360   0.0000002068   0.0003777384
        0.0001770032   0.0000002693   0.0019991803  -0.0011794516  -0.0000001286
       -0.0035498704   0.0005892775  -0.0000001210   0.0063768751   0.0002301586
       -0.0000000665   0.1718109955  -0.0818873653  -0.0000040664   0.0000743089
       -0.0000419788  -0.0000000145  -0.0000009533  -0.0000391145  -0.0000000165
        0.0006230518   0.0001812069  -0.0000001183  -0.0003936745  -0.0001834969
       -0.0000000325
        0.0002418375   0.0000087440  -0.0000000292  -0.0012194205  -0.0006525750
        0.0000000012   0.0000361285  -0.0000158536   0.0000000203  -0.0001523341
        0.0000371785  -0.0000000116  -0.0000883216  -0.0002073988   0.0000000141
       -0.0001750617   0.0001756464   0.0000000109   0.0000128505  -0.0000191194
       -0.0000000090   0.0000791510   0.0000657005  -0.0000000121  -0.0004808622
        0.0004619015   0.0000000100  -0.0011565216  -0.0015542361   0.0000000605
        0.0000980605   0.0060281715  -0.0000002559   0.0555501042  -0.0587028541
       -0.0000012092   0.0294234594  -0.0236766609  -0.0000005623  -0.0018965972
       -0.0039233382   0.0000000429  -0.0011437039   0.0019614275   0.0000000693
        0.0024683440  -0.0003854468   0.0000000428  -0.0002302463  -0.0022973213
       -0.0000000880  -0.0818873653   0.0820199673   0.0000018644  -0.0000587081
        0.0000412318   0.0000000088   0.0000188632   0.0000399699   0.0000000073
       -0.0006720160   0.0010098253   0.0000000263   0.0012323597  -0.0004149597
       -0.0000000017
        0.0000000464  -0.0000000032   0.0000054303  -0.0000000250  -0.0000000069
       -0.0001010806   0.0000000099   0.0000000422  -0.0000117949   0.0000000327
       -0.0000000089   0.0000810018  -0.0000000097   0.0000000330   0.0000145845
       -0.0000000210  -0.0000000168   0.0000193540  -0.0000000021  -0.0000000007
       -0.0000038128  -0.0000000208  -0.0000000122  -0.0000187263   0.0000001258
        0.0000000202  -0.0000632768   0.0000000133   0.0000001181   0.0047612131
        0.0000012376  -0.0000003948   0.0018850583   0.0000026055  -0.0000012999
       -0.0192757448   0.0000002299  -0.0000004175   0.0015998935   0.0000000892
        0.0000000602   0.0043615998   0.0000000390  -0.0000000372   0.0002450472
       -0.0000000822   0.0000000166  -0.0009395188  -0.0000001187   0.0000000675
       -0.0010695161  -0.0000040664   0.0000018644   0.0103667348  -0.0000000020
       -0.0000000028   0.0000003991  -0.0000000006   0.0000000043  -0.0000015836
       -0.0000000741  -0.0000000424  -0.0018521897  -0.0000000069   0.0000000166
       -0.0000030721
       -0.0419358047  -0.0025687572  -0.0000002197   0.0000848768   0.0263161716
       -0.0000001327  -0.0037018445   0.0013386561  -0.0000002100  -0.0004612748
       -0.0000915645  -0.0000000507  -0.0034714754  -0.0018164074  -0.0000001730
       -0.0013048902  -0.0252806567   0.0000001045   0.0006230518  -0.0006720160
        0.0000000601  -0.0003936855  -0.0012323603   0.0000000015  -0.0009642758
        0.0017498058   0.0000000198   0.0006608757   0.0000547495  -0.0000000196
       -0.0001260149  -0.0000650086  -0.0000000110  -0.0000118477  -0.0000203822
        0.0000000073  -0.0000468125   0.0000100824   0.0000000087   0.0001960777
        0.0000290020  -0.0000000165  -0.0003572693   0.0003132134   0.0000000065
        0.0021156704  -0.0009452862   0.0000001134  -0.0000009529  -0.0000188626
       -0.0000000024   0.0000743089  -0.0000587081  -0.0000000020   0.0491413939
        0.0030362855   0.0000004825  -0.0000504032  -0.0000218667   0.0000000251
        0.0000357993  -0.0000212843   0.0000000011  -0.0001055030  -0.0000348056
        0.0000000068
       -0.0025427738  -0.3120990450   0.0000011970   0.0032514613  -0.0181019377
        0.0000001366   0.0027359872  -0.0006540395   0.0000000897  -0.0000101371
        0.0006763195  -0.0000000089  -0.0023132009  -0.0006884700  -0.0000000290
       -0.0025886842  -0.0166958353   0.0000000137   0.0001812069   0.0010098253
        0.0000000061   0.0001834970  -0.0004149492   0.0000000106  -0.0000145020
       -0.0008207551  -0.0000000124  -0.0004839264   0.0001316480   0.0000000110
        0.0000863270   0.0000216239   0.0000000150   0.0000113411  -0.0000460074
        0.0000000001  -0.0000145715   0.0000056067  -0.0000000049  -0.0002814755
        0.0000660862   0.0000000180   0.0001778298  -0.0003049471   0.0000000022
       -0.0014471913   0.0008427207  -0.0000000570   0.0000391145   0.0000399696
       -0.0000000087  -0.0000419788   0.0000412318  -0.0000000028   0.0030362855
        0.3468626779  -0.0000013765   0.0000218681   0.0000610966  -0.0000000019
       -0.0000212843   0.0000073240   0.0000000010   0.0000348073   0.0000598561
        0.0000000009
       -0.0000001753   0.0000011634  -0.0317010490  -0.0000001372   0.0000005152
        0.0015216083  -0.0000002548   0.0000000458   0.0075462285  -0.0000000260
        0.0000000284  -0.0001581841  -0.0000001688  -0.0000000145   0.0064825612
       -0.0000000389  -0.0000003911   0.0000416118   0.0000000678  -0.0000000323
       -0.0018521899   0.0000000289   0.0000000042  -0.0000030583  -0.0000000093
        0.0000000142  -0.0005371514   0.0000000418  -0.0000000164   0.0001151983
        0.0000000157   0.0000000139  -0.0000775640  -0.0000000136  -0.0000000157
        0.0000027074   0.0000000088   0.0000000016   0.0000298279   0.0000000366
        0.0000000080  -0.0000466937   0.0000000454  -0.0000000213   0.0001115957
        0.0000000980   0.0000000776  -0.0032819367  -0.0000000093  -0.0000000041
       -0.0000016186  -0.0000000145   0.0000000088   0.0000003991   0.0000004825
       -0.0000013765   0.0228666356   0.0000000268  -0.0000000095  -0.0011264125
       -0.0000000023  -0.0000000007   0.0000156605  -0.0000000025   0.0000000009
        0.0000518239
       -0.0004612739   0.0000915757  -0.0000000497  -0.0037018866  -0.0013386260
       -0.0000002079   0.0000845807  -0.0263163542   0.0000001103  -0.0419357536
        0.0025660463  -0.0000002603  -0.0013046101   0.0252805034  -0.0000001363
       -0.0034714343   0.0018164360  -0.0000001882  -0.0003936745   0.0012323597
       -0.0000000078   0.0006230569   0.0006720188   0.0000000570   0.0021156945
        0.0009452731   0.0000001181  -0.0003572735  -0.0003132126   0.0000000090
        0.0001960804  -0.0000290035  -0.0000000143  -0.0000468123  -0.0000100821
        0.0000000095  -0.0000118478   0.0000203818   0.0000000065  -0.0001260146
        0.0000650096  -0.0000000135   0.0006608801  -0.0000547548  -0.0000000192
       -0.0009642939  -0.0017498039   0.0000000343   0.0000743094   0.0000587075
       -0.0000000054  -0.0000009533   0.0000188632  -0.0000000006  -0.0000504032
        0.0000218681   0.0000000268   0.0491413329  -0.0030332973   0.0000005248
       -0.0001055030   0.0000348073   0.0000000024   0.0000357997   0.0000212840
        0.0000000045
        0.0000101474   0.0006763189  -0.0000000005  -0.0027359573  -0.0006539987
       -0.0000000157  -0.0032516443  -0.0181016406   0.0000000429   0.0025400620
       -0.3120990967   0.0000013535   0.0025885298  -0.0166961148   0.0000001452
        0.0023132291  -0.0006885118   0.0000000924  -0.0001834969  -0.0004149597
       -0.0000000097  -0.0001812026   0.0010098210  -0.0000000302   0.0014471788
        0.0008426956   0.0000000218  -0.0001778289  -0.0003049419   0.0000000039
        0.0002814745   0.0000660835  -0.0000000188   0.0000145720   0.0000056067
        0.0000000047  -0.0000113414  -0.0000460073   0.0000000025  -0.0000863253
        0.0000216243  -0.0000000161   0.0004839213   0.0001316436  -0.0000000131
        0.0000145039  -0.0008207372   0.0000000169   0.0000419782   0.0000412306
        0.0000000037  -0.0000391145   0.0000399699   0.0000000043  -0.0000218667
        0.0000610966  -0.0000000095  -0.0030332973   0.3468627383  -0.0000015774
       -0.0000348056   0.0000598561   0.0000000004   0.0000212840   0.0000073235
       -0.0000000012
       -0.0000000499  -0.0000000174  -0.0001581841  -0.0000002220  -0.0000000039
        0.0075462294  -0.0000000797  -0.0000003359   0.0015216227  -0.0000002736
        0.0000014035  -0.0317010508  -0.0000000163   0.0000005252   0.0000415624
       -0.0000002009   0.0000000690   0.0064825843   0.0000000233   0.0000000102
       -0.0000030722   0.0000000804   0.0000000175  -0.0018521422   0.0000001010
       -0.0000000962  -0.0032819368   0.0000000223   0.0000000194   0.0001115942
        0.0000000324  -0.0000000130  -0.0000466931   0.0000000250   0.0000000121
        0.0000297804   0.0000000013   0.0000000024   0.0000026601   0.0000000111
       -0.0000000126  -0.0000775573   0.0000000318   0.0000000115   0.0001151961
        0.0000000048  -0.0000000092  -0.0005371507  -0.0000000214  -0.0000000120
        0.0000004400  -0.0000000165   0.0000000073  -0.0000015836   0.0000000251
       -0.0000000019  -0.0011264125   0.0000005248  -0.0000015774   0.0228666254
       -0.0000000017  -0.0000000004   0.0000518238  -0.0000000015   0.0000000019
        0.0000156644
       -0.0001260149  -0.0000650086   0.0000000102   0.0006608757   0.0000547495
        0.0000000152  -0.0003572693   0.0003132134  -0.0000000058   0.0001960777
        0.0000290020   0.0000000099  -0.0000468125   0.0000100824  -0.0000000065
       -0.0000118477  -0.0000203822  -0.0000000049   0.0000743089  -0.0000587081
        0.0000000044  -0.0000009529  -0.0000188626   0.0000000008   0.0021156704
       -0.0009452861  -0.0000001545   0.0000848769   0.0263161717  -0.0000001657
       -0.0419358047  -0.0025687576   0.0000003425  -0.0013048902  -0.0252806567
        0.0000002036  -0.0034714754  -0.0018164074   0.0000002507  -0.0004612748
       -0.0000915645   0.0000000687  -0.0037018445   0.0013386561   0.0000002755
       -0.0009642758   0.0017498058  -0.0000000357  -0.0003936855  -0.0012323603
        0.0000000155   0.0006230518  -0.0006720160  -0.0000000741   0.0000357993
       -0.0000212843  -0.0000000023  -0.0001055030  -0.0000348056  -0.0000000017
        0.0491413939   0.0030362859  -0.0000007090  -0.0000504032  -0.0000218668
       -0.0000000369
        0.0000863270   0.0000216239  -0.0000000127  -0.0004839264   0.0001316481
       -0.0000000093   0.0001778298  -0.0003049472   0.0000000025  -0.0002814755
        0.0000660862  -0.0000000143  -0.0000145715   0.0000056067   0.0000000033
        0.0000113411  -0.0000460074   0.0000000014  -0.0000419788   0.0000412318
        0.0000000033   0.0000391145   0.0000399696   0.0000000036  -0.0014471913
        0.0008427206   0.0000000202   0.0032514613  -0.0181019377   0.0000000652
       -0.0025427741  -0.3120990449   0.0000020677  -0.0025886842  -0.0166958353
        0.0000002075  -0.0023132009  -0.0006884700   0.0000001295  -0.0000101371
        0.0006763195   0.0000000006   0.0027359872  -0.0006540395  -0.0000000138
       -0.0000145020  -0.0008207551   0.0000000136   0.0001834970  -0.0004149492
       -0.0000000105   0.0001812069   0.0010098253  -0.0000000424  -0.0000212843
        0.0000073240  -0.0000000007   0.0000348073   0.0000598561  -0.0000000004
        0.0030362859   0.3468626778  -0.0000023999   0.0000218681   0.0000610966
       -0.0000000146
       -0.0000000176  -0.0000000106  -0.0000775639  -0.0000000293   0.0000000149
        0.0001151982  -0.0000000456   0.0000000247   0.0001115953  -0.0000000360
       -0.0000000078  -0.0000466938  -0.0000000120   0.0000000096   0.0000298276
       -0.0000000023   0.0000000097   0.0000027074   0.0000000269  -0.0000000153
        0.0000003991   0.0000000107   0.0000000046  -0.0000016182  -0.0000001061
       -0.0000001073  -0.0032819360   0.0000001169  -0.0000005009   0.0015216078
        0.0000003098   0.0000021308  -0.0317010490   0.0000000639   0.0000007419
        0.0000416114   0.0000002835   0.0000000696   0.0064825613   0.0000000354
       -0.0000000143  -0.0001581842   0.0000003144   0.0000000018   0.0075462285
       -0.0000000344   0.0000000025  -0.0005371511  -0.0000000184   0.0000000227
       -0.0000030582  -0.0000001183   0.0000000263  -0.0018521897   0.0000000011
        0.0000000010   0.0000156605   0.0000000024   0.0000000004   0.0000518238
       -0.0000007090  -0.0000023999   0.0228666356  -0.0000000359  -0.0000000043
       -0.0011264125
        0.0001960804  -0.0000290035   0.0000000110  -0.0003572735  -0.0003132126
       -0.0000000017   0.0006608801  -0.0000547548   0.0000000171  -0.0001260146
        0.0000650096   0.0000000079  -0.0000118478   0.0000203818  -0.0000000050
       -0.0000468123  -0.0000100821  -0.0000000062  -0.0000009533   0.0000188632
        0.0000000024   0.0000743094   0.0000587075   0.0000000021  -0.0009642939
       -0.0017498039  -0.0000000240  -0.0037018866  -0.0013386260   0.0000003023
       -0.0004612739   0.0000915757   0.0000000669  -0.0034714343   0.0018164360
        0.0000002452  -0.0013046101   0.0252805034  -0.0000001601  -0.0419357536
        0.0025660460   0.0000003212   0.0000845807  -0.0263163542   0.0000002049
        0.0021156945   0.0009452731  -0.0000001684   0.0006230569   0.0006720188
       -0.0000000856  -0.0003936745   0.0012323597  -0.0000000069  -0.0001055030
        0.0000348073  -0.0000000025   0.0000357997   0.0000212840  -0.0000000015
       -0.0000504032   0.0000218681  -0.0000000359   0.0491413329  -0.0030332970
       -0.0000006831
        0.0002814744   0.0000660835   0.0000000112  -0.0001778289  -0.0003049419
        0.0000000029   0.0004839213   0.0001316436   0.0000000092  -0.0000863253
        0.0000216243   0.0000000119  -0.0000113414  -0.0000460073   0.0000000004
        0.0000145720   0.0000056067  -0.0000000039  -0.0000391145   0.0000399699
       -0.0000000054   0.0000419782   0.0000412306  -0.0000000008   0.0000145039
       -0.0008207372  -0.0000000126  -0.0027359574  -0.0006539987   0.0000001316
        0.0000101474   0.0006763189  -0.0000000125   0.0023132291  -0.0006885118
       -0.0000000311   0.0025885298  -0.0166961149   0.0000000305   0.0025400617
       -0.3120990967   0.0000018763  -0.0032516443  -0.0181016405   0.0000002085
        0.0014471788   0.0008426957  -0.0000000791  -0.0001812026   0.0010098210
        0.0000000061  -0.0001834969  -0.0004149597   0.0000000166  -0.0000348056
        0.0000598561   0.0000000009   0.0000212840   0.0000073235   0.0000000019
       -0.0000218668   0.0000610966  -0.0000000043  -0.0030332970   0.3468627383
       -0.0000021582
       -0.0000000595   0.0000000051  -0.0000466931  -0.0000000965  -0.0000000448
        0.0001115946  -0.0000000446  -0.0000000245   0.0001151961  -0.0000000387
        0.0000000150  -0.0000775572   0.0000000062  -0.0000000236   0.0000026607
        0.0000000026  -0.0000000032   0.0000297804   0.0000000116  -0.0000000033
       -0.0000015836   0.0000000372   0.0000000205   0.0000004393  -0.0000000227
        0.0000000145  -0.0005371510   0.0000003817   0.0000000960   0.0075462295
        0.0000000722   0.0000000366  -0.0001581842   0.0000002209  -0.0000000209
        0.0064825843   0.0000000370  -0.0000005260   0.0000415637   0.0000003395
        0.0000018561  -0.0317010507   0.0000001105   0.0000007292   0.0015216230
       -0.0000001014   0.0000001063  -0.0032819375  -0.0000001148  -0.0000000583
       -0.0018521434  -0.0000000325  -0.0000000017  -0.0000030721   0.0000000068
        0.0000000009   0.0000518239   0.0000000045  -0.0000000012   0.0000156644
       -0.0000000369  -0.0000000146  -0.0011264125  -0.0000006831  -0.0000021582
        0.0228666255
