           1           2   1.4003343101385157     
           2           3   1.3037487030578179     
           3           4   1.4003343258622971     
           4           5   1.3803829398888261     
           1           6   1.3803829489688908     
           5           6   1.3648353581657957     
           6           7   1.0055192680954088     
           5           8   1.0055192638149824     
           3           9   1.0306967854288782     
           9          10   1.0306967700587752     
          10          11   1.4003343103174826     
          11          12   1.3803829487755441     
          12          13   1.3648353582491168     
          13          14   1.3803829399322287     
          10          15   1.3037487029168360     
          14          15   1.4003343258862462     
           2          16   1.0306967700768856     
          15          16   1.0306967855082316     
          13          17   1.0055192635868757     
          12          18   1.0055192682890703     
           1          19  0.95935181803537262     
           4          20  0.95935182187370649     
          11          21  0.95935181802569580     
          14          22  0.95935182187663570     
