$hessian                                                                        
        0.0000771884   0.0000004579  -0.0000015871  -0.0000042671   0.0000003114
       -0.0000009064  -0.0000031472   0.0000006911  -0.0000018233  -0.0000034156
        0.0000004506  -0.0000011780  -0.0000043233  -0.0000003697   0.0000009710
       -0.0000048528  -0.0000006007   0.0000014954  -0.0000037283  -0.0000006682
        0.0000019799  -0.0000037786  -0.0000012871   0.0000037193  -0.0000062801
        0.0000010045  -0.0000029400  -0.0000070793   0.0000001681  -0.0000009893
       -0.0000067867   0.0000003191  -0.0000013348  -0.0000031933   0.0000012117
       -0.0000031405  -0.0000017688   0.0000005617  -0.0000014036  -0.0000036397
        0.0000005804  -0.0000015899  -0.0000020285   0.0000003581  -0.0000006697
       -0.0000041731   0.0000002010  -0.0000005315  -0.0000033903   0.0000009128
       -0.0000025446  -0.0000051822  -0.0000012734   0.0000043147  -0.0000032056
       -0.0000013306   0.0000036957  -0.0000029480  -0.0000016986   0.0000044626
        0.0000004579   0.0000745353  -0.0000011841   0.0000000043  -0.0000050471
        0.0000000161  -0.0000011603  -0.0000047282   0.0000031075   0.0000010497
       -0.0000026088  -0.0000027077  -0.0000003802  -0.0000041630   0.0000010227
       -0.0000011888  -0.0000056778   0.0000032205   0.0000002725  -0.0000015057
       -0.0000008008  -0.0000000522  -0.0000005350  -0.0000000587   0.0000006588
       -0.0000096841  -0.0000017297   0.0000012580  -0.0000091879  -0.0000034288
       -0.0000001979  -0.0000106146   0.0000007276  -0.0000009634  -0.0000055778
        0.0000026340  -0.0000015115  -0.0000020473   0.0000039249  -0.0000018433
       -0.0000063268   0.0000050501   0.0000007396   0.0000001473  -0.0000018866
        0.0000019087  -0.0000027970  -0.0000049098   0.0000013026  -0.0000033647
       -0.0000033458   0.0000002538  -0.0000022914  -0.0000007896  -0.0000010600
       -0.0000002415   0.0000023071   0.0000004516   0.0000017160  -0.0000011688
       -0.0000015871  -0.0000011841   0.0000774981  -0.0000000796  -0.0000000214
       -0.0000049548   0.0000004607   0.0000003992  -0.0000046943   0.0000009834
        0.0000009071  -0.0000060881  -0.0000002600  -0.0000002863  -0.0000030229
       -0.0000009982  -0.0000009648  -0.0000018631   0.0000004844   0.0000003165
       -0.0000027426   0.0000003533   0.0000001137  -0.0000009849  -0.0000015451
       -0.0000010513  -0.0000072675  -0.0000019883  -0.0000014950  -0.0000061482
       -0.0000023324  -0.0000018582  -0.0000050812   0.0000004922   0.0000005138
       -0.0000060182   0.0000015350   0.0000012273  -0.0000040508  -0.0000002456
       -0.0000002362  -0.0000038182   0.0000020489   0.0000017336  -0.0000053915
        0.0000006154   0.0000006202  -0.0000062756   0.0000010816   0.0000010609
       -0.0000074526  -0.0000007181  -0.0000006978  -0.0000008400   0.0000004966
        0.0000001754   0.0000000477   0.0000012029   0.0000007277  -0.0000008514
       -0.0000042671   0.0000000043  -0.0000000796   0.0000792493   0.0000000028
       -0.0000000458  -0.0000041422   0.0000000070  -0.0000000944  -0.0000041130
        0.0000000047  -0.0000000569  -0.0000041871  -0.0000000051   0.0000000482
       -0.0000042307  -0.0000000091   0.0000000731  -0.0000041430  -0.0000000062
        0.0000001005  -0.0000041510  -0.0000000122   0.0000001874  -0.0000042645
        0.0000000129  -0.0000001476  -0.0000042935   0.0000000004  -0.0000000484
       -0.0000043094   0.0000000010  -0.0000000676  -0.0000041408   0.0000000142
       -0.0000001605  -0.0000040788   0.0000000044  -0.0000000741  -0.0000041812
        0.0000000053  -0.0000000833  -0.0000040487   0.0000000046  -0.0000000316
       -0.0000041350   0.0000000024  -0.0000000222  -0.0000041069   0.0000000089
       -0.0000001253  -0.0000042152  -0.0000000023   0.0000002180  -0.0000041371
       -0.0000000118   0.0000001839  -0.0000041042  -0.0000000261   0.0000002264
        0.0000003114  -0.0000050471  -0.0000000214   0.0000000028   0.0000787833
        0.0000000111  -0.0000007872  -0.0000051063   0.0000000916   0.0000007042
       -0.0000046725  -0.0000000593  -0.0000002576  -0.0000037364   0.0000000290
       -0.0000008084  -0.0000035697   0.0000000901   0.0000001893  -0.0000031317
       -0.0000000327  -0.0000000230  -0.0000022615  -0.0000000337   0.0000004514
       -0.0000056896  -0.0000000235   0.0000008634  -0.0000047410  -0.0000000930
       -0.0000001496  -0.0000050047   0.0000000286  -0.0000006521  -0.0000057638
        0.0000001064  -0.0000010170  -0.0000048554   0.0000001032  -0.0000012661
       -0.0000050401   0.0000001289   0.0000004939  -0.0000043677  -0.0000000341
        0.0000012786  -0.0000043355  -0.0000001167   0.0000008716  -0.0000053410
       -0.0000000758   0.0000001932  -0.0000019826   0.0000000081  -0.0000007044
       -0.0000021507  -0.0000000851   0.0000003057  -0.0000019860  -0.0000000214
       -0.0000009064   0.0000000161  -0.0000049548  -0.0000000458   0.0000000111
        0.0000787847   0.0000002216   0.0000000132  -0.0000051304   0.0000005989
        0.0000000081  -0.0000047346  -0.0000001651   0.0000000076  -0.0000037201
       -0.0000006334   0.0000000188  -0.0000035077   0.0000003043  -0.0000000196
       -0.0000031633   0.0000002326  -0.0000000336  -0.0000022747  -0.0000008671
       -0.0000000102  -0.0000056315  -0.0000010855   0.0000000304  -0.0000046029
       -0.0000014060   0.0000000265  -0.0000048615   0.0000002514  -0.0000000001
       -0.0000058297   0.0000008563   0.0000000319  -0.0000049160  -0.0000002570
        0.0000000079  -0.0000050108   0.0000012088  -0.0000000054  -0.0000045049
        0.0000003989  -0.0000000036  -0.0000043872   0.0000006569   0.0000000253
       -0.0000053942  -0.0000003655  -0.0000001639  -0.0000021040   0.0000002725
       -0.0000000390  -0.0000020401   0.0000007296   0.0000000787  -0.0000020161
       -0.0000031472  -0.0000011603   0.0000004607  -0.0000041422  -0.0000007872
        0.0000002216   0.0000777387  -0.0000017121   0.0000003062  -0.0000032729
       -0.0000011104   0.0000004302  -0.0000045408   0.0000008687  -0.0000003091
       -0.0000052935   0.0000013874  -0.0000005627  -0.0000039633   0.0000016784
       -0.0000004611  -0.0000042556   0.0000032196  -0.0000009265  -0.0000029009
       -0.0000024028   0.0000008270  -0.0000020119  -0.0000004979   0.0000004331
       -0.0000038103  -0.0000008647   0.0000002985  -0.0000054556  -0.0000029333
        0.0000006391  -0.0000063646  -0.0000014489   0.0000001670  -0.0000063928
       -0.0000014354   0.0000001660  -0.0000039605  -0.0000008438   0.0000002520
       -0.0000022008  -0.0000004736   0.0000003729  -0.0000030289  -0.0000022788
        0.0000008191  -0.0000035320   0.0000035664  -0.0000011208  -0.0000054797
        0.0000033547  -0.0000008894  -0.0000039852   0.0000038740  -0.0000011237
        0.0000006911  -0.0000047282   0.0000003992   0.0000000070  -0.0000051063
        0.0000000132  -0.0000017121   0.0000769287  -0.0000009512   0.0000014939
       -0.0000061348   0.0000008767  -0.0000005548  -0.0000029681  -0.0000003332
       -0.0000017508  -0.0000019070  -0.0000010309   0.0000004215  -0.0000023805
        0.0000002207  -0.0000000119  -0.0000003932  -0.0000000487   0.0000010054
       -0.0000062258   0.0000005969   0.0000019235  -0.0000037537   0.0000010907
       -0.0000003562  -0.0000039303  -0.0000002074  -0.0000014145  -0.0000079900
       -0.0000007665  -0.0000021901  -0.0000068123  -0.0000012212  -0.0000027982
       -0.0000057103  -0.0000015762   0.0000010292  -0.0000063815   0.0000006144
        0.0000027151  -0.0000051582   0.0000015639   0.0000018427  -0.0000076502
        0.0000010946   0.0000004904   0.0000008489   0.0000002193  -0.0000014886
       -0.0000002318  -0.0000008730   0.0000006575  -0.0000003152   0.0000003188
       -0.0000018233   0.0000031075  -0.0000046943  -0.0000000944   0.0000000916
       -0.0000051304   0.0000003062  -0.0000009512   0.0000744589   0.0000013887
       -0.0000022838  -0.0000028511  -0.0000003935   0.0000006972  -0.0000041473
       -0.0000014730   0.0000024206  -0.0000056846   0.0000006665  -0.0000008945
       -0.0000013795   0.0000004698  -0.0000004419  -0.0000002644  -0.0000017169
        0.0000028130  -0.0000055829  -0.0000020938   0.0000038879  -0.0000019521
       -0.0000029408   0.0000048307  -0.0000062338   0.0000003941  -0.0000012011
       -0.0000099161   0.0000015742  -0.0000030895  -0.0000092880  -0.0000007724
        0.0000006735  -0.0000105277   0.0000026153  -0.0000044313  -0.0000031117
        0.0000010916  -0.0000015757  -0.0000001253   0.0000015446  -0.0000026203
       -0.0000036448  -0.0000007349   0.0000015785   0.0000009130   0.0000004126
       -0.0000005744  -0.0000022896   0.0000015794  -0.0000020367   0.0000014518
       -0.0000034156   0.0000010497   0.0000009834  -0.0000041130   0.0000007042
        0.0000005989  -0.0000032729   0.0000014939   0.0000013887   0.0000773492
        0.0000009582   0.0000006220  -0.0000035528  -0.0000007125  -0.0000005897
       -0.0000020848  -0.0000011108  -0.0000008150  -0.0000048594  -0.0000014921
       -0.0000013584  -0.0000044173  -0.0000028451  -0.0000024630  -0.0000036746
        0.0000020293   0.0000018488  -0.0000039862   0.0000005284   0.0000004618
       -0.0000020819   0.0000008391   0.0000009241  -0.0000035155   0.0000024963
        0.0000022257  -0.0000037565   0.0000013136   0.0000011609  -0.0000019411
        0.0000012505   0.0000013517  -0.0000065822   0.0000006824   0.0000003296
       -0.0000067043   0.0000003847   0.0000000640  -0.0000064212   0.0000020010
        0.0000014948  -0.0000039209  -0.0000035057  -0.0000029269  -0.0000034353
       -0.0000029918  -0.0000022509  -0.0000056137  -0.0000030732  -0.0000030506
        0.0000004506  -0.0000026088   0.0000009071   0.0000000047  -0.0000046725
        0.0000000081  -0.0000011104  -0.0000061348  -0.0000022838   0.0000009582
        0.0000766924   0.0000020354  -0.0000003585  -0.0000030322  -0.0000007650
       -0.0000011353  -0.0000013519  -0.0000023979   0.0000002778  -0.0000036499
        0.0000005639   0.0000000062  -0.0000021912  -0.0000000250   0.0000006576
       -0.0000036714   0.0000013326   0.0000012614  -0.0000015583   0.0000025606
       -0.0000002461  -0.0000010856  -0.0000005146  -0.0000009164  -0.0000071691
       -0.0000018950  -0.0000014107  -0.0000076318  -0.0000029033  -0.0000018324
       -0.0000046760  -0.0000037443   0.0000006557  -0.0000081867   0.0000014217
        0.0000017401  -0.0000057189   0.0000036665   0.0000011796  -0.0000078430
        0.0000025239   0.0000003392  -0.0000001855   0.0000005578  -0.0000009495
       -0.0000021846  -0.0000019006   0.0000004280  -0.0000031403   0.0000008518
       -0.0000011780  -0.0000027077  -0.0000060881  -0.0000000569  -0.0000000593
       -0.0000047346   0.0000004302   0.0000008767  -0.0000028511   0.0000006220
        0.0000020354   0.0000763806  -0.0000001533  -0.0000006223  -0.0000027881
       -0.0000006103  -0.0000021397  -0.0000007532   0.0000003199   0.0000007463
       -0.0000035750   0.0000002458   0.0000003113  -0.0000018859  -0.0000011674
       -0.0000024446  -0.0000073619  -0.0000015441  -0.0000033991  -0.0000074624
       -0.0000016415  -0.0000042224  -0.0000044333   0.0000004370   0.0000011109
       -0.0000040889   0.0000012219   0.0000027676  -0.0000019295  -0.0000000046
       -0.0000005633  -0.0000011449   0.0000014134   0.0000039149  -0.0000061004
        0.0000002922   0.0000013929  -0.0000083898   0.0000006733   0.0000023617
       -0.0000083736  -0.0000005471  -0.0000015528  -0.0000022514   0.0000004211
        0.0000004079   0.0000002696   0.0000008261   0.0000017856  -0.0000024379
       -0.0000043233  -0.0000003802  -0.0000002600  -0.0000041871  -0.0000002576
       -0.0000001651  -0.0000045408  -0.0000005548  -0.0000003935  -0.0000035528
       -0.0000003585  -0.0000001533   0.0000790455   0.0000002733   0.0000001484
       -0.0000048675   0.0000004317   0.0000001919  -0.0000039509   0.0000005480
        0.0000003721  -0.0000040957   0.0000010488   0.0000006710  -0.0000042261
       -0.0000007639  -0.0000004921  -0.0000040711  -0.0000001737  -0.0000001022
       -0.0000047730  -0.0000002942  -0.0000002553  -0.0000044526  -0.0000009390
       -0.0000006269  -0.0000044403  -0.0000004781  -0.0000003339  -0.0000049910
       -0.0000004665  -0.0000003871  -0.0000034510  -0.0000002659  -0.0000000819
       -0.0000032988  -0.0000001497   0.0000000095  -0.0000034367  -0.0000007408
       -0.0000003810  -0.0000041849   0.0000012236   0.0000007688  -0.0000044609
        0.0000010977   0.0000006613  -0.0000037410   0.0000012000   0.0000008094
       -0.0000003697  -0.0000041630  -0.0000002863  -0.0000000051  -0.0000037364
        0.0000000076   0.0000008687  -0.0000029681   0.0000006972  -0.0000007125
       -0.0000030322  -0.0000006223   0.0000002733   0.0000785802   0.0000002612
        0.0000008744  -0.0000055356   0.0000007856  -0.0000002232  -0.0000049549
       -0.0000001664  -0.0000000357  -0.0000059495  -0.0000000036  -0.0000005372
       -0.0000033372  -0.0000004126  -0.0000010330  -0.0000047335  -0.0000008193
        0.0000002096  -0.0000047189   0.0000001581   0.0000007153  -0.0000021809
        0.0000006221   0.0000010866  -0.0000026849   0.0000008717   0.0000014690
       -0.0000034729   0.0000011181  -0.0000004658  -0.0000027196  -0.0000004129
       -0.0000012999  -0.0000035488  -0.0000011134  -0.0000008723  -0.0000022828
       -0.0000007991  -0.0000003189  -0.0000064684  -0.0000000144   0.0000007089
       -0.0000059731   0.0000002813  -0.0000003326  -0.0000061194  -0.0000001525
        0.0000009710   0.0000010227  -0.0000030229   0.0000000482   0.0000000290
       -0.0000037201  -0.0000003091  -0.0000003332  -0.0000041473  -0.0000005897
       -0.0000007650  -0.0000027881   0.0000001484   0.0000002612   0.0000784550
        0.0000005646   0.0000008578  -0.0000058842  -0.0000002701  -0.0000002866
       -0.0000049432  -0.0000001739  -0.0000001229  -0.0000060349   0.0000009606
        0.0000008537  -0.0000021739   0.0000012662   0.0000013204  -0.0000026704
        0.0000013500   0.0000016133  -0.0000037109  -0.0000003195  -0.0000004677
       -0.0000033511  -0.0000009359  -0.0000010005  -0.0000045953   0.0000000461
        0.0000002003  -0.0000048218  -0.0000012402  -0.0000014890  -0.0000032876
       -0.0000003728  -0.0000005355  -0.0000024788  -0.0000006549  -0.0000008745
       -0.0000019035   0.0000004977   0.0000003333  -0.0000061534  -0.0000002807
       -0.0000001608  -0.0000066244  -0.0000007060  -0.0000004559  -0.0000061432
       -0.0000048528  -0.0000011888  -0.0000009982  -0.0000042307  -0.0000008084
       -0.0000006334  -0.0000052935  -0.0000017508  -0.0000014730  -0.0000020848
       -0.0000011353  -0.0000006103  -0.0000048675   0.0000008744   0.0000005646
        0.0000769096   0.0000013898   0.0000007403  -0.0000034019   0.0000017211
        0.0000014105  -0.0000038707   0.0000032991   0.0000025653  -0.0000045358
       -0.0000024262  -0.0000018880  -0.0000040842  -0.0000005242  -0.0000004054
       -0.0000064023  -0.0000009026  -0.0000009701  -0.0000050061  -0.0000029791
       -0.0000023824  -0.0000048249  -0.0000014984  -0.0000012324  -0.0000068421
       -0.0000014696  -0.0000014244  -0.0000016270  -0.0000008549  -0.0000003388
       -0.0000013319  -0.0000004799  -0.0000000132  -0.0000017078  -0.0000023359
       -0.0000014755  -0.0000042841   0.0000037625   0.0000028764  -0.0000050286
        0.0000034449   0.0000026555  -0.0000026328   0.0000038623   0.0000030327
       -0.0000006007  -0.0000056778  -0.0000009648  -0.0000000091  -0.0000035697
        0.0000000188   0.0000013874  -0.0000019070   0.0000024206  -0.0000011108
       -0.0000013519  -0.0000021397   0.0000004317  -0.0000055356   0.0000008578
        0.0000013898   0.0000760007   0.0000026300  -0.0000003635  -0.0000049031
       -0.0000005964  -0.0000000845  -0.0000066101  -0.0000000230  -0.0000008730
       -0.0000042643  -0.0000013969  -0.0000016847  -0.0000069272  -0.0000027708
        0.0000003571  -0.0000073633   0.0000005542   0.0000011412  -0.0000005878
        0.0000021103   0.0000017178  -0.0000004598   0.0000030402   0.0000023798
       -0.0000034513   0.0000039066  -0.0000007109   0.0000001711  -0.0000014505
       -0.0000020279  -0.0000024643  -0.0000038498  -0.0000013555  -0.0000000716
       -0.0000027031  -0.0000005518  -0.0000082629  -0.0000002942   0.0000011014
       -0.0000065610   0.0000013539  -0.0000005337  -0.0000062030  -0.0000007032
        0.0000014954   0.0000032205  -0.0000018631   0.0000000731   0.0000000901
       -0.0000035077  -0.0000005627  -0.0000010309  -0.0000056846  -0.0000008150
       -0.0000023979  -0.0000007532   0.0000001919   0.0000007856  -0.0000058842
        0.0000007403   0.0000026300   0.0000750720  -0.0000003684  -0.0000009078
       -0.0000049264  -0.0000002299  -0.0000004052  -0.0000069241   0.0000015053
        0.0000027738  -0.0000003189   0.0000020338   0.0000041108  -0.0000002121
        0.0000019606   0.0000050530  -0.0000038493  -0.0000005577  -0.0000013943
       -0.0000042660  -0.0000015050  -0.0000031785  -0.0000067598  -0.0000001362
        0.0000006535  -0.0000076562  -0.0000018153  -0.0000046582  -0.0000019128
       -0.0000004410  -0.0000016679   0.0000008059  -0.0000009026  -0.0000027475
        0.0000008931   0.0000008196   0.0000012906  -0.0000067632  -0.0000004771
       -0.0000005245  -0.0000089172  -0.0000010089  -0.0000016952  -0.0000065722
       -0.0000037283   0.0000002725   0.0000004844  -0.0000041430   0.0000001893
        0.0000003043  -0.0000039633   0.0000004215   0.0000006665  -0.0000048594
        0.0000002778   0.0000003199  -0.0000039509  -0.0000002232  -0.0000002701
       -0.0000034019  -0.0000003635  -0.0000003684   0.0000789689  -0.0000004052
       -0.0000006606  -0.0000043264  -0.0000007824  -0.0000012238  -0.0000038207
        0.0000005987   0.0000009127  -0.0000038706   0.0000000964   0.0000002178
       -0.0000031816   0.0000001895   0.0000004555  -0.0000040445   0.0000007340
        0.0000011169  -0.0000042796   0.0000003491   0.0000005388  -0.0000034228
        0.0000003534   0.0000006156  -0.0000051580   0.0000002242   0.0000001886
       -0.0000049759   0.0000001247   0.0000000626  -0.0000049659   0.0000005602
        0.0000007300  -0.0000040495  -0.0000007976  -0.0000013161  -0.0000040517
       -0.0000008087  -0.0000013846  -0.0000047749  -0.0000010108  -0.0000013901
       -0.0000006682  -0.0000015057   0.0000003165  -0.0000000062  -0.0000031317
       -0.0000000196   0.0000016784  -0.0000023805  -0.0000008945  -0.0000014921
       -0.0000036499   0.0000007463   0.0000005480  -0.0000049549  -0.0000002866
        0.0000017211  -0.0000049031  -0.0000009078  -0.0000004052   0.0000767829
        0.0000002468   0.0000000413  -0.0000084151   0.0000000664  -0.0000009695
       -0.0000001566   0.0000004527  -0.0000018513  -0.0000019895   0.0000009644
        0.0000003230  -0.0000011804  -0.0000002217   0.0000013891  -0.0000010013
       -0.0000007940   0.0000021654  -0.0000034717  -0.0000011135   0.0000027076
       -0.0000021162  -0.0000014273  -0.0000010415  -0.0000048363   0.0000005138
       -0.0000027111  -0.0000041989   0.0000013699  -0.0000018454  -0.0000022882
        0.0000009195  -0.0000004308  -0.0000084267   0.0000002166   0.0000014931
       -0.0000086659  -0.0000004853  -0.0000006460  -0.0000095105   0.0000003375
        0.0000019799  -0.0000008008  -0.0000027426   0.0000001005  -0.0000000327
       -0.0000031633  -0.0000004611   0.0000002207  -0.0000013795  -0.0000013584
        0.0000005639  -0.0000035750   0.0000003721  -0.0000001664  -0.0000049432
        0.0000014105  -0.0000005964  -0.0000049264  -0.0000006606   0.0000002468
        0.0000768848  -0.0000004735   0.0000001505  -0.0000082738   0.0000018976
       -0.0000007373  -0.0000014029   0.0000023832  -0.0000009936  -0.0000039961
        0.0000030436  -0.0000012336  -0.0000025164  -0.0000005278   0.0000002731
       -0.0000000185  -0.0000018189   0.0000007619  -0.0000016422   0.0000005577
       -0.0000001869  -0.0000011628  -0.0000026892   0.0000011121  -0.0000039027
       -0.0000009629   0.0000003930  -0.0000048404  -0.0000015022   0.0000006333
       -0.0000022673   0.0000008463  -0.0000003377  -0.0000089685  -0.0000005332
        0.0000001771  -0.0000079296  -0.0000016036   0.0000005530  -0.0000092337
       -0.0000037786  -0.0000000522   0.0000003533  -0.0000041510  -0.0000000230
        0.0000002326  -0.0000042556  -0.0000000119   0.0000004698  -0.0000044173
        0.0000000062   0.0000002458  -0.0000040957  -0.0000000357  -0.0000001739
       -0.0000038707  -0.0000000845  -0.0000002299  -0.0000043264   0.0000000413
       -0.0000004735   0.0000791033   0.0000000604  -0.0000009048  -0.0000038109
        0.0000000328   0.0000006682  -0.0000037464  -0.0000001017   0.0000001469
       -0.0000034871  -0.0000000948   0.0000003330  -0.0000042754   0.0000000354
        0.0000008406  -0.0000045673  -0.0000000504   0.0000003603  -0.0000039744
       -0.0000000093   0.0000003971  -0.0000046835   0.0000000533   0.0000001644
       -0.0000043055   0.0000000269   0.0000000750  -0.0000044303  -0.0000000240
        0.0000005224  -0.0000040864   0.0000003840  -0.0000008214  -0.0000043388
        0.0000000898  -0.0000013138  -0.0000045022  -0.0000002427  -0.0000008919
       -0.0000012871  -0.0000005350   0.0000001137  -0.0000000122  -0.0000022615
       -0.0000000336   0.0000032196  -0.0000003932  -0.0000004419  -0.0000028451
       -0.0000021912   0.0000003113   0.0000010488  -0.0000059495  -0.0000001229
        0.0000032991  -0.0000066101  -0.0000004052  -0.0000007824  -0.0000084151
        0.0000001505   0.0000000604   0.0000714863   0.0000001156  -0.0000018698
        0.0000021331   0.0000001439  -0.0000035721  -0.0000017912   0.0000004335
        0.0000006368  -0.0000006818  -0.0000001288   0.0000026628   0.0000023106
       -0.0000004483   0.0000041422  -0.0000015079  -0.0000005236   0.0000052162
       -0.0000006088  -0.0000006635  -0.0000019780  -0.0000034719   0.0000002056
       -0.0000051698  -0.0000035305   0.0000006022  -0.0000035157   0.0000005089
        0.0000003748  -0.0000008592  -0.0000128151   0.0000001059   0.0000028425
       -0.0000123594   0.0000000205  -0.0000012372  -0.0000133166   0.0000001906
        0.0000037193  -0.0000000587  -0.0000009849   0.0000001874  -0.0000000337
       -0.0000022747  -0.0000009265  -0.0000000487  -0.0000002644  -0.0000024630
       -0.0000000250  -0.0000018859   0.0000006710  -0.0000000036  -0.0000060349
        0.0000025653  -0.0000000230  -0.0000069241  -0.0000012238   0.0000000664
       -0.0000082738  -0.0000009048   0.0000001156   0.0000715604   0.0000035727
       -0.0000000265   0.0000017671   0.0000045032  -0.0000000782  -0.0000023981
        0.0000056910  -0.0000000801  -0.0000013716  -0.0000010423  -0.0000000415
        0.0000025347  -0.0000034937  -0.0000000734  -0.0000011225   0.0000009605
       -0.0000000395  -0.0000007164  -0.0000049643   0.0000000118  -0.0000028360
       -0.0000016633   0.0000000048  -0.0000033087  -0.0000027104  -0.0000000747
        0.0000008208   0.0000015639   0.0000003630  -0.0000127116  -0.0000010700
        0.0000001300  -0.0000125049  -0.0000029723  -0.0000000849  -0.0000130702
       -0.0000062801   0.0000006588  -0.0000015451  -0.0000042645   0.0000004514
       -0.0000008671  -0.0000029009   0.0000010054  -0.0000017169  -0.0000036746
        0.0000006576  -0.0000011674  -0.0000042261  -0.0000005372   0.0000009606
       -0.0000045358  -0.0000008730   0.0000015053  -0.0000038207  -0.0000009695
        0.0000018976  -0.0000038109  -0.0000018698   0.0000035727   0.0000770431
        0.0000014519  -0.0000028546  -0.0000073085   0.0000002325  -0.0000010087
       -0.0000066115   0.0000004607  -0.0000012731  -0.0000029992   0.0000017611
       -0.0000029718  -0.0000015030   0.0000008177  -0.0000013086  -0.0000031730
        0.0000008486  -0.0000014798  -0.0000022604   0.0000005272  -0.0000006593
       -0.0000045940   0.0000002961  -0.0000005695  -0.0000037000   0.0000013289
       -0.0000025026  -0.0000052755  -0.0000018507   0.0000042049  -0.0000030169
       -0.0000019327   0.0000034469  -0.0000030875  -0.0000024649   0.0000043366
        0.0000010045  -0.0000096841  -0.0000010513   0.0000000129  -0.0000056896
       -0.0000000102  -0.0000024028  -0.0000062258   0.0000028130   0.0000020293
       -0.0000036714  -0.0000024446  -0.0000007639  -0.0000033372   0.0000008537
       -0.0000024262  -0.0000042643   0.0000027738   0.0000005987  -0.0000001566
       -0.0000007373   0.0000000328   0.0000021331  -0.0000000265   0.0000014519
        0.0000717512  -0.0000015422   0.0000027843  -0.0000093135  -0.0000030208
       -0.0000005179  -0.0000110191   0.0000006483  -0.0000019843  -0.0000082009
        0.0000022880  -0.0000030474  -0.0000033609   0.0000035829  -0.0000039835
       -0.0000075164   0.0000046296   0.0000013559  -0.0000008421  -0.0000017504
        0.0000037019  -0.0000033079  -0.0000044519   0.0000024961  -0.0000054062
       -0.0000029563   0.0000007712   0.0000003274  -0.0000010539  -0.0000020360
        0.0000024984   0.0000028037   0.0000009224   0.0000052860  -0.0000013475
       -0.0000029400  -0.0000017297  -0.0000072675  -0.0000001476  -0.0000000235
       -0.0000056315   0.0000008270   0.0000005969  -0.0000055829   0.0000018488
        0.0000013326  -0.0000073619  -0.0000004921  -0.0000004126  -0.0000021739
       -0.0000018880  -0.0000013969  -0.0000003189   0.0000009127   0.0000004527
       -0.0000014029   0.0000006682   0.0000001439   0.0000017671  -0.0000028546
       -0.0000015422   0.0000737252  -0.0000036554  -0.0000021891  -0.0000073504
       -0.0000043600  -0.0000027099  -0.0000059557   0.0000008919   0.0000007702
       -0.0000079956   0.0000028267   0.0000018149  -0.0000044914  -0.0000005217
       -0.0000003393  -0.0000042221   0.0000038232   0.0000025431  -0.0000061897
        0.0000011775   0.0000009057  -0.0000074046   0.0000020339   0.0000015616
       -0.0000098064  -0.0000013127  -0.0000010656   0.0000020706   0.0000009060
        0.0000001803   0.0000033897   0.0000022564   0.0000011068   0.0000022026
       -0.0000070793   0.0000012580  -0.0000019883  -0.0000042935   0.0000008634
       -0.0000010855  -0.0000020119   0.0000019235  -0.0000020938  -0.0000039862
        0.0000012614  -0.0000015441  -0.0000040711  -0.0000010330   0.0000012662
       -0.0000040842  -0.0000016847   0.0000020338  -0.0000038706  -0.0000018513
        0.0000023832  -0.0000037464  -0.0000035721   0.0000045032  -0.0000073085
        0.0000027843  -0.0000036554   0.0000746097   0.0000004461  -0.0000013884
       -0.0000071214   0.0000008634  -0.0000015886  -0.0000022275   0.0000033742
       -0.0000036522  -0.0000001166   0.0000015688  -0.0000015697  -0.0000019628
        0.0000016111  -0.0000017718  -0.0000020351   0.0000010150  -0.0000008632
       -0.0000055136   0.0000005666  -0.0000008373  -0.0000041189   0.0000025456
       -0.0000032727  -0.0000057498  -0.0000035208   0.0000054315  -0.0000022776
       -0.0000036873   0.0000041334  -0.0000030347  -0.0000047321   0.0000055597
        0.0000001681  -0.0000091879  -0.0000014950   0.0000000004  -0.0000047410
        0.0000000304  -0.0000004979  -0.0000037537   0.0000038879   0.0000005284
       -0.0000015583  -0.0000033991  -0.0000001737  -0.0000047335   0.0000013204
       -0.0000005242  -0.0000069272   0.0000041108   0.0000000964  -0.0000019895
       -0.0000009936  -0.0000001017  -0.0000017912  -0.0000000782   0.0000002325
       -0.0000093135  -0.0000021891   0.0000004461   0.0000734219  -0.0000043317
       -0.0000000200  -0.0000114893   0.0000009178  -0.0000004219  -0.0000039760
        0.0000033333  -0.0000006928  -0.0000006864   0.0000049014  -0.0000006988
       -0.0000058707   0.0000062946   0.0000004100   0.0000016449  -0.0000023486
        0.0000009546  -0.0000021848  -0.0000061504   0.0000006689  -0.0000017441
       -0.0000042320  -0.0000000417  -0.0000039751  -0.0000008384  -0.0000005457
       -0.0000015280   0.0000025589   0.0000002129   0.0000003833  -0.0000012994
       -0.0000009893  -0.0000034288  -0.0000061482  -0.0000000484  -0.0000000930
       -0.0000046029   0.0000004331   0.0000010907  -0.0000019521   0.0000004618
        0.0000025606  -0.0000074624  -0.0000001022  -0.0000008193  -0.0000026704
       -0.0000004054  -0.0000027708  -0.0000002121   0.0000002178   0.0000009644
       -0.0000039961   0.0000001469   0.0000004335  -0.0000023981  -0.0000010087
       -0.0000030208  -0.0000073504  -0.0000013884  -0.0000043317   0.0000753084
       -0.0000012403  -0.0000053693  -0.0000041073   0.0000004146   0.0000014228
       -0.0000030651   0.0000010557   0.0000034272  -0.0000009336   0.0000002117
       -0.0000007106   0.0000001128   0.0000011226   0.0000049495  -0.0000063803
        0.0000001725   0.0000017716  -0.0000093480   0.0000005056   0.0000029524
       -0.0000087795  -0.0000005552  -0.0000016495  -0.0000027857   0.0000003882
        0.0000006275  -0.0000000596   0.0000006076   0.0000019938  -0.0000031692
       -0.0000067867  -0.0000001979  -0.0000023324  -0.0000043094  -0.0000001496
       -0.0000014060  -0.0000038103  -0.0000003562  -0.0000029408  -0.0000020819
       -0.0000002461  -0.0000016415  -0.0000047730   0.0000002096   0.0000013500
       -0.0000064023   0.0000003571   0.0000019606  -0.0000031816   0.0000003230
        0.0000030436  -0.0000034871   0.0000006368   0.0000056910  -0.0000066115
       -0.0000005179  -0.0000043600  -0.0000071214  -0.0000000200  -0.0000012403
        0.0000749628  -0.0000001039  -0.0000020806  -0.0000036666  -0.0000006459
       -0.0000050188  -0.0000019947  -0.0000002803  -0.0000023155  -0.0000054278
       -0.0000002977  -0.0000026283  -0.0000003222  -0.0000002294  -0.0000009611
       -0.0000024529  -0.0000001247  -0.0000005537  -0.0000018388  -0.0000004731
       -0.0000036204  -0.0000051988   0.0000004971   0.0000062633  -0.0000036292
        0.0000006426   0.0000062306  -0.0000018667   0.0000009762   0.0000065603
        0.0000003191  -0.0000106146  -0.0000018582   0.0000000010  -0.0000050047
        0.0000000265  -0.0000008647  -0.0000039303   0.0000048307   0.0000008391
       -0.0000010856  -0.0000042224  -0.0000002942  -0.0000047189   0.0000016133
       -0.0000009026  -0.0000073633   0.0000050530   0.0000001895  -0.0000011804
       -0.0000012336  -0.0000000948  -0.0000006818  -0.0000000801   0.0000004607
       -0.0000110191  -0.0000027099   0.0000008634  -0.0000114893  -0.0000053693
       -0.0000001039   0.0000699884   0.0000011255  -0.0000007195  -0.0000044405
        0.0000041149  -0.0000011635  -0.0000000215   0.0000060958  -0.0000013052
       -0.0000065428   0.0000078417   0.0000006210   0.0000029407  -0.0000029271
        0.0000015228  -0.0000017767  -0.0000076443   0.0000010491  -0.0000014927
       -0.0000052400   0.0000001087  -0.0000035461  -0.0000011066  -0.0000008519
       -0.0000003030   0.0000034290   0.0000003261   0.0000022822  -0.0000017391
       -0.0000013348   0.0000007276  -0.0000050812  -0.0000000676   0.0000000286
       -0.0000048615   0.0000002985  -0.0000002074  -0.0000062338   0.0000009241
       -0.0000005146  -0.0000044333  -0.0000002553   0.0000001581  -0.0000037109
       -0.0000009701   0.0000005542  -0.0000038493   0.0000004555  -0.0000002217
       -0.0000025164   0.0000003330  -0.0000001288  -0.0000013716  -0.0000012731
        0.0000006483  -0.0000059557  -0.0000015886   0.0000009178  -0.0000041073
       -0.0000020806   0.0000011255   0.0000780821   0.0000003485  -0.0000002736
       -0.0000071399   0.0000012235  -0.0000006864  -0.0000060979  -0.0000004179
        0.0000001630  -0.0000064785   0.0000018224  -0.0000010190  -0.0000042555
        0.0000006573  -0.0000003604  -0.0000034574   0.0000010196  -0.0000005748
       -0.0000052842  -0.0000005464   0.0000002390  -0.0000008725   0.0000003560
       -0.0000001306  -0.0000016568   0.0000010959  -0.0000004446  -0.0000007182
       -0.0000031933  -0.0000009634   0.0000004922  -0.0000041408  -0.0000006521
        0.0000002514  -0.0000054556  -0.0000014145   0.0000003941  -0.0000035155
       -0.0000009164   0.0000004370  -0.0000044526   0.0000007153  -0.0000003195
       -0.0000050061   0.0000011412  -0.0000005577  -0.0000040445   0.0000013891
       -0.0000005278  -0.0000042754   0.0000026628  -0.0000010423  -0.0000029992
       -0.0000019843   0.0000008919  -0.0000022275  -0.0000004219   0.0000004146
       -0.0000036666  -0.0000007195   0.0000003485   0.0000781526  -0.0000024203
        0.0000007709  -0.0000061056  -0.0000012008   0.0000002474  -0.0000059669
       -0.0000011831   0.0000002638  -0.0000041737  -0.0000006921   0.0000002580
       -0.0000026010  -0.0000003881   0.0000003393  -0.0000033203  -0.0000018836
        0.0000008534  -0.0000036096   0.0000029724  -0.0000012259  -0.0000052796
        0.0000027761  -0.0000010515  -0.0000041187   0.0000031831  -0.0000012378
        0.0000012117  -0.0000055778   0.0000005138   0.0000000142  -0.0000057638
       -0.0000000001  -0.0000029333  -0.0000079900  -0.0000012011   0.0000024963
       -0.0000071691   0.0000011109  -0.0000009390  -0.0000021809  -0.0000004677
       -0.0000029791  -0.0000005878  -0.0000013943   0.0000007340  -0.0000010013
        0.0000002731   0.0000000354   0.0000023106  -0.0000000415   0.0000017611
       -0.0000082009   0.0000007702   0.0000033742  -0.0000039760   0.0000014228
       -0.0000006459  -0.0000044405  -0.0000002736  -0.0000024203   0.0000728561
       -0.0000010252  -0.0000037207  -0.0000081327  -0.0000015256  -0.0000048592
       -0.0000069078  -0.0000019538   0.0000016842  -0.0000072948   0.0000007521
        0.0000045452  -0.0000056341   0.0000019708   0.0000030705  -0.0000096755
        0.0000014254   0.0000009368   0.0000037118   0.0000000877  -0.0000024883
        0.0000025893  -0.0000006516   0.0000011224   0.0000030651   0.0000002078
       -0.0000031405   0.0000026340  -0.0000060182  -0.0000001605   0.0000001064
       -0.0000058297   0.0000006391  -0.0000007665  -0.0000099161   0.0000022257
       -0.0000018950  -0.0000040889  -0.0000006269   0.0000006221  -0.0000033511
       -0.0000023824   0.0000021103  -0.0000042660   0.0000011169  -0.0000007940
       -0.0000000185   0.0000008406  -0.0000004483   0.0000025347  -0.0000029718
        0.0000022880  -0.0000079956  -0.0000036522   0.0000033333  -0.0000030651
       -0.0000050188   0.0000041149  -0.0000071399   0.0000007709  -0.0000010252
        0.0000714140   0.0000028562  -0.0000024899  -0.0000097825  -0.0000011700
        0.0000005739  -0.0000109856   0.0000043399  -0.0000037263  -0.0000039094
        0.0000016068  -0.0000013358  -0.0000011878   0.0000024525  -0.0000021366
       -0.0000059254  -0.0000012209   0.0000008394   0.0000036846   0.0000008536
       -0.0000006210   0.0000014741   0.0000026418  -0.0000013836   0.0000043724
       -0.0000017688  -0.0000015115   0.0000015350  -0.0000040788  -0.0000010170
        0.0000008563  -0.0000063646  -0.0000021901   0.0000015742  -0.0000037565
       -0.0000014107   0.0000012219  -0.0000044403   0.0000010866  -0.0000009359
       -0.0000048249   0.0000017178  -0.0000015050  -0.0000042796   0.0000021654
       -0.0000018189  -0.0000045673   0.0000041422  -0.0000034937  -0.0000015030
       -0.0000030474   0.0000028267  -0.0000001166  -0.0000006928   0.0000010557
       -0.0000019947  -0.0000011635   0.0000012235  -0.0000061056  -0.0000037207
        0.0000028562   0.0000754222  -0.0000018726   0.0000011366  -0.0000066695
       -0.0000018404   0.0000012546  -0.0000053708  -0.0000010425   0.0000007224
       -0.0000021476  -0.0000005885   0.0000007159  -0.0000035163  -0.0000029175
        0.0000025141  -0.0000029130   0.0000047641  -0.0000039228  -0.0000061730
        0.0000043328  -0.0000037618  -0.0000048311   0.0000048060  -0.0000040551
        0.0000005617  -0.0000020473   0.0000012273   0.0000000044  -0.0000048554
        0.0000000319  -0.0000014489  -0.0000068123  -0.0000030895   0.0000013136
       -0.0000076318   0.0000027676  -0.0000004781  -0.0000026849  -0.0000010005
       -0.0000014984  -0.0000004598  -0.0000031785   0.0000003491  -0.0000034717
        0.0000007619  -0.0000000504  -0.0000015079  -0.0000000734   0.0000008177
       -0.0000033609   0.0000018149   0.0000015688  -0.0000006864   0.0000034272
       -0.0000002803  -0.0000000215  -0.0000006864  -0.0000012008  -0.0000081327
       -0.0000024899  -0.0000018726   0.0000745108  -0.0000039536  -0.0000023234
       -0.0000048211  -0.0000051110   0.0000009336  -0.0000095802   0.0000019636
        0.0000023780  -0.0000062425   0.0000049876   0.0000016270  -0.0000091418
        0.0000033969   0.0000003338   0.0000015847   0.0000009574  -0.0000013048
       -0.0000014569  -0.0000030571   0.0000005699  -0.0000031803   0.0000013035
       -0.0000014036   0.0000039249  -0.0000040508  -0.0000000741   0.0000001032
       -0.0000049160   0.0000001670  -0.0000012212  -0.0000092880   0.0000011609
       -0.0000029033  -0.0000019295  -0.0000003339   0.0000008717  -0.0000045953
       -0.0000012324   0.0000030402  -0.0000067598   0.0000005388  -0.0000011135
       -0.0000016422   0.0000003603  -0.0000005236  -0.0000011225  -0.0000013086
        0.0000035829  -0.0000044914  -0.0000015697   0.0000049014  -0.0000009336
       -0.0000023155   0.0000060958  -0.0000060979   0.0000002474  -0.0000015256
       -0.0000097825   0.0000011366  -0.0000039536   0.0000735108  -0.0000007154
        0.0000008461  -0.0000113880   0.0000021045  -0.0000056139  -0.0000024862
        0.0000009859  -0.0000019922   0.0000011798   0.0000013015  -0.0000033459
       -0.0000022759  -0.0000005713   0.0000021731   0.0000002299   0.0000002555
       -0.0000006600  -0.0000039433   0.0000012662  -0.0000026864   0.0000007824
       -0.0000036397  -0.0000018433  -0.0000002456  -0.0000041812  -0.0000012661
       -0.0000002570  -0.0000063928  -0.0000027982  -0.0000007724  -0.0000019411
       -0.0000018324  -0.0000000046  -0.0000049910   0.0000014690   0.0000000461
       -0.0000068421   0.0000023798  -0.0000001362  -0.0000034228   0.0000027076
        0.0000005577  -0.0000039744   0.0000052162   0.0000009605  -0.0000031730
       -0.0000039835  -0.0000005217  -0.0000019628  -0.0000006988   0.0000002117
       -0.0000054278  -0.0000013052  -0.0000004179  -0.0000059669  -0.0000048592
       -0.0000011700  -0.0000066695  -0.0000023234  -0.0000007154   0.0000751995
       -0.0000023440  -0.0000008424  -0.0000022940  -0.0000014504  -0.0000000243
       -0.0000004521  -0.0000008096   0.0000003656  -0.0000014766  -0.0000037163
       -0.0000001955  -0.0000035228   0.0000054111   0.0000007273  -0.0000059549
        0.0000054026   0.0000015643  -0.0000029138   0.0000066439   0.0000008698
        0.0000005804  -0.0000063268  -0.0000002362   0.0000000053  -0.0000050401
        0.0000000079  -0.0000014354  -0.0000057103   0.0000006735   0.0000012505
       -0.0000046760  -0.0000005633  -0.0000004665  -0.0000034729   0.0000002003
       -0.0000014696  -0.0000034513   0.0000006535   0.0000003534  -0.0000021162
       -0.0000001869  -0.0000000093  -0.0000006088  -0.0000000395   0.0000008486
       -0.0000075164  -0.0000003393   0.0000016111  -0.0000058707  -0.0000007106
       -0.0000002977  -0.0000065428   0.0000001630  -0.0000011831  -0.0000069078
        0.0000005739  -0.0000018404  -0.0000048211   0.0000008461  -0.0000023440
        0.0000775280   0.0000010898   0.0000008611  -0.0000037474  -0.0000003983
        0.0000022753  -0.0000042024  -0.0000010366   0.0000015415  -0.0000058262
       -0.0000006803   0.0000004305  -0.0000006935  -0.0000002359  -0.0000012462
       -0.0000004121   0.0000005386   0.0000005345   0.0000004147  -0.0000003195
       -0.0000015899   0.0000050501  -0.0000038182  -0.0000000833   0.0000001289
       -0.0000050108   0.0000001660  -0.0000015762  -0.0000105277   0.0000013517
       -0.0000037443  -0.0000011449  -0.0000003871   0.0000011181  -0.0000048218
       -0.0000014244   0.0000039066  -0.0000076562   0.0000006156  -0.0000014273
       -0.0000011628   0.0000003971  -0.0000006635  -0.0000007164  -0.0000014798
        0.0000046296  -0.0000042221  -0.0000017718   0.0000062946   0.0000001128
       -0.0000026283   0.0000078417  -0.0000064785   0.0000002638  -0.0000019538
       -0.0000109856   0.0000012546  -0.0000051110  -0.0000113880  -0.0000008424
        0.0000010898   0.0000701528   0.0000024211  -0.0000072277  -0.0000019192
        0.0000011781  -0.0000025647   0.0000027746   0.0000015192  -0.0000043243
       -0.0000014320  -0.0000006532   0.0000029046   0.0000009981   0.0000002344
       -0.0000008547  -0.0000044691   0.0000014586  -0.0000035165   0.0000017151
       -0.0000020285   0.0000007396   0.0000020489  -0.0000040487   0.0000004939
        0.0000012088  -0.0000039605   0.0000010292   0.0000026153  -0.0000065822
        0.0000006557   0.0000014134  -0.0000034510  -0.0000004658  -0.0000012402
       -0.0000016270  -0.0000007109  -0.0000018153  -0.0000051580  -0.0000010415
       -0.0000026892  -0.0000046835  -0.0000019780  -0.0000049643  -0.0000022604
        0.0000013559   0.0000038232  -0.0000020351   0.0000004100   0.0000011226
       -0.0000003222   0.0000006210   0.0000018224  -0.0000041737   0.0000016842
        0.0000043399  -0.0000053708   0.0000009336   0.0000021045  -0.0000022940
        0.0000008611   0.0000024211   0.0000754059   0.0000004445   0.0000007811
       -0.0000066999   0.0000002512   0.0000004211  -0.0000069425   0.0000013866
        0.0000032032  -0.0000032518  -0.0000026321  -0.0000058197  -0.0000040815
       -0.0000020942  -0.0000047543  -0.0000064347  -0.0000019441  -0.0000060423
        0.0000003581   0.0000001473   0.0000017336   0.0000000046  -0.0000043677
       -0.0000000054  -0.0000008438  -0.0000063815  -0.0000044313   0.0000006824
       -0.0000081867   0.0000039149  -0.0000002659  -0.0000027196  -0.0000014890
       -0.0000008549   0.0000001711  -0.0000046582   0.0000002242  -0.0000048363
        0.0000011121   0.0000000533  -0.0000034719   0.0000000118   0.0000005272
       -0.0000008421   0.0000025431   0.0000010150   0.0000016449   0.0000049495
       -0.0000002294   0.0000029407  -0.0000010190  -0.0000006921  -0.0000072948
       -0.0000037263  -0.0000010425  -0.0000095802  -0.0000056139  -0.0000014504
       -0.0000037474  -0.0000072277   0.0000004445   0.0000720242   0.0000027241
        0.0000012410  -0.0000068167   0.0000070675   0.0000008318  -0.0000092086
        0.0000048594   0.0000003424  -0.0000001996   0.0000010449  -0.0000006660
       -0.0000036071  -0.0000033842   0.0000003205  -0.0000056678   0.0000015942
       -0.0000006697  -0.0000018866  -0.0000053915  -0.0000000316  -0.0000000341
       -0.0000045049   0.0000002520   0.0000006144  -0.0000031117   0.0000003296
        0.0000014217  -0.0000061004  -0.0000000819  -0.0000004129  -0.0000032876
       -0.0000003388  -0.0000014505  -0.0000019128   0.0000001886   0.0000005138
       -0.0000039027   0.0000001644   0.0000002056  -0.0000028360  -0.0000006593
       -0.0000017504  -0.0000061897  -0.0000008632  -0.0000023486  -0.0000063803
       -0.0000009611  -0.0000029271  -0.0000042555   0.0000002580   0.0000007521
       -0.0000039094   0.0000007224   0.0000019636  -0.0000024862  -0.0000000243
       -0.0000003983  -0.0000019192   0.0000007811   0.0000027241   0.0000779360
        0.0000001189   0.0000009631  -0.0000070958   0.0000003480   0.0000016575
       -0.0000069150  -0.0000002721  -0.0000012512  -0.0000032413   0.0000002639
        0.0000002399  -0.0000011571   0.0000004752   0.0000014040  -0.0000033388
       -0.0000041731   0.0000019087   0.0000006154  -0.0000041350   0.0000012786
        0.0000003989  -0.0000022008   0.0000027151   0.0000010916  -0.0000067043
        0.0000017401   0.0000002922  -0.0000032988  -0.0000012999  -0.0000003728
       -0.0000013319  -0.0000020279  -0.0000004410  -0.0000049759  -0.0000027111
       -0.0000009629  -0.0000043055  -0.0000051698  -0.0000016633  -0.0000045940
        0.0000037019   0.0000011775  -0.0000055136   0.0000009546   0.0000001725
       -0.0000024529   0.0000015228   0.0000006573  -0.0000026010   0.0000045452
        0.0000016068  -0.0000021476   0.0000023780   0.0000009859  -0.0000004521
        0.0000022753   0.0000011781  -0.0000066999   0.0000012410   0.0000001189
        0.0000753033   0.0000007007  -0.0000001970  -0.0000072307   0.0000036328
        0.0000008730  -0.0000043287  -0.0000063241  -0.0000021230  -0.0000024602
       -0.0000054346  -0.0000011916  -0.0000056976  -0.0000056276  -0.0000022164
        0.0000002010  -0.0000027970   0.0000006202   0.0000000024  -0.0000043355
       -0.0000000036  -0.0000004736  -0.0000051582  -0.0000015757   0.0000003847
       -0.0000057189   0.0000013929  -0.0000001497  -0.0000035488  -0.0000005355
       -0.0000004799  -0.0000024643  -0.0000016679   0.0000001247  -0.0000041989
        0.0000003930   0.0000000269  -0.0000035305   0.0000000048   0.0000002961
       -0.0000033079   0.0000009057   0.0000005666  -0.0000021848   0.0000017716
       -0.0000001247  -0.0000017767  -0.0000003604  -0.0000003881  -0.0000056341
       -0.0000013358  -0.0000005885  -0.0000062425  -0.0000019922  -0.0000008096
       -0.0000042024  -0.0000025647   0.0000002512  -0.0000068167   0.0000009631
        0.0000007007   0.0000782638   0.0000025122   0.0000004693  -0.0000062211
        0.0000017362   0.0000001917  -0.0000023681   0.0000003266  -0.0000003773
       -0.0000035758  -0.0000011371   0.0000001759  -0.0000041815   0.0000005465
       -0.0000005315  -0.0000049098  -0.0000062756  -0.0000000222  -0.0000001167
       -0.0000043872   0.0000003729   0.0000015639  -0.0000001253   0.0000000640
        0.0000036665  -0.0000083898   0.0000000095  -0.0000011134  -0.0000024788
       -0.0000000132  -0.0000038498   0.0000008059   0.0000000626   0.0000013699
       -0.0000048404   0.0000000750   0.0000006022  -0.0000033087  -0.0000005695
       -0.0000044519  -0.0000074046  -0.0000008373  -0.0000061504  -0.0000093480
       -0.0000005537  -0.0000076443  -0.0000034574   0.0000003393   0.0000019708
       -0.0000011878   0.0000007159   0.0000049876   0.0000011798   0.0000003656
       -0.0000010366   0.0000027746   0.0000004211   0.0000070675  -0.0000070958
       -0.0000001970   0.0000025122   0.0000719989   0.0000000459   0.0000042425
       -0.0000096273  -0.0000002873  -0.0000027726  -0.0000043907   0.0000003118
        0.0000007785   0.0000004386   0.0000002283   0.0000032839  -0.0000048804
       -0.0000033903   0.0000013026   0.0000010816  -0.0000041069   0.0000008716
        0.0000006569  -0.0000030289   0.0000018427   0.0000015446  -0.0000064212
        0.0000011796   0.0000006733  -0.0000034367  -0.0000008723  -0.0000006549
       -0.0000017078  -0.0000013555  -0.0000009026  -0.0000049659  -0.0000018454
       -0.0000015022  -0.0000044303  -0.0000035157  -0.0000027104  -0.0000037000
        0.0000024961   0.0000020339  -0.0000041189   0.0000006689   0.0000005056
       -0.0000018388   0.0000010491   0.0000010196  -0.0000033203   0.0000030705
        0.0000024525  -0.0000035163   0.0000016270   0.0000013015  -0.0000014766
        0.0000015415   0.0000015192  -0.0000069425   0.0000008318   0.0000003480
       -0.0000072307   0.0000004693   0.0000000459   0.0000765869   0.0000024695
        0.0000016408  -0.0000039073  -0.0000043822  -0.0000032720  -0.0000032208
       -0.0000037011  -0.0000023742  -0.0000058266  -0.0000037480  -0.0000034072
        0.0000009128  -0.0000033647   0.0000010609   0.0000000089  -0.0000053410
        0.0000000253  -0.0000022788  -0.0000076502  -0.0000026203   0.0000020010
       -0.0000078430   0.0000023617  -0.0000007408  -0.0000022828  -0.0000008745
       -0.0000023359  -0.0000000716  -0.0000027475   0.0000005602  -0.0000022882
        0.0000006333  -0.0000000240   0.0000005089  -0.0000000747   0.0000013289
       -0.0000054062   0.0000015616   0.0000025456  -0.0000017441   0.0000029524
       -0.0000004731  -0.0000014927  -0.0000005748  -0.0000018836  -0.0000096755
       -0.0000021366  -0.0000029175  -0.0000091418  -0.0000033459  -0.0000037163
       -0.0000058262  -0.0000043243   0.0000013866  -0.0000092086   0.0000016575
        0.0000036328  -0.0000062211   0.0000042425   0.0000024695   0.0000734423
        0.0000029249   0.0000006332   0.0000032823   0.0000006680  -0.0000019904
        0.0000006304  -0.0000024100   0.0000008808  -0.0000003064   0.0000010207
       -0.0000025446  -0.0000033458  -0.0000074526  -0.0000001253  -0.0000000758
       -0.0000053942   0.0000008191   0.0000010946  -0.0000036448   0.0000014948
        0.0000025239  -0.0000083736  -0.0000003810  -0.0000007991  -0.0000019035
       -0.0000014755  -0.0000027031   0.0000008931   0.0000007300   0.0000009195
       -0.0000022673   0.0000005224   0.0000003748   0.0000008208  -0.0000025026
       -0.0000029563  -0.0000098064  -0.0000032727  -0.0000042320  -0.0000087795
       -0.0000036204  -0.0000052400  -0.0000052842   0.0000008534   0.0000014254
       -0.0000059254   0.0000025141   0.0000033969  -0.0000022759  -0.0000001955
       -0.0000006803  -0.0000014320   0.0000032032   0.0000048594  -0.0000069150
        0.0000008730   0.0000017362  -0.0000096273   0.0000016408   0.0000029249
        0.0000726150  -0.0000012002  -0.0000017438   0.0000007694   0.0000008028
        0.0000005174   0.0000033726   0.0000018643   0.0000020030   0.0000006105
       -0.0000051822   0.0000002538  -0.0000007181  -0.0000042152   0.0000001932
       -0.0000003655  -0.0000035320   0.0000004904  -0.0000007349  -0.0000039209
        0.0000003392  -0.0000005471  -0.0000041849  -0.0000003189   0.0000004977
       -0.0000042841  -0.0000005518   0.0000008196  -0.0000040495  -0.0000004308
        0.0000008463  -0.0000040864  -0.0000008592   0.0000015639  -0.0000052755
        0.0000007712  -0.0000013127  -0.0000057498  -0.0000000417  -0.0000005552
       -0.0000051988   0.0000001087  -0.0000005464  -0.0000036096   0.0000009368
       -0.0000012209  -0.0000029130   0.0000003338  -0.0000005713  -0.0000035228
        0.0000004305  -0.0000006532  -0.0000032518   0.0000003424  -0.0000002721
       -0.0000043287   0.0000001917  -0.0000002873  -0.0000039073   0.0000006332
       -0.0000012002   0.0000785178  -0.0000003824   0.0000021290  -0.0000036510
       -0.0000008520   0.0000009609  -0.0000036545  -0.0000015882   0.0000021676
       -0.0000012734  -0.0000022914  -0.0000006978  -0.0000000023  -0.0000019826
       -0.0000001639   0.0000035664   0.0000008489   0.0000015785  -0.0000035057
       -0.0000001855  -0.0000015528   0.0000012236  -0.0000064684   0.0000003333
        0.0000037625  -0.0000082629   0.0000012906  -0.0000007976  -0.0000084267
       -0.0000003377   0.0000003840  -0.0000128151   0.0000003630  -0.0000018507
        0.0000003274  -0.0000010656  -0.0000035208  -0.0000039751  -0.0000016495
        0.0000004971  -0.0000035461   0.0000002390   0.0000029724   0.0000037118
        0.0000008394   0.0000047641   0.0000015847   0.0000021731   0.0000054111
       -0.0000006935   0.0000029046  -0.0000026321  -0.0000001996  -0.0000012512
       -0.0000063241  -0.0000023681  -0.0000027726  -0.0000043822   0.0000032823
       -0.0000017438  -0.0000003824   0.0000658174  -0.0000014100   0.0000035039
       -0.0000132873   0.0000044784  -0.0000014137  -0.0000110703  -0.0000015549
        0.0000043147  -0.0000007896  -0.0000008400   0.0000002180   0.0000000081
       -0.0000021040  -0.0000011208   0.0000002193   0.0000009130  -0.0000029269
        0.0000005578  -0.0000022514   0.0000007688  -0.0000000144  -0.0000061534
        0.0000028764  -0.0000002942  -0.0000067632  -0.0000013161   0.0000002166
       -0.0000089685  -0.0000008214   0.0000001059  -0.0000127116   0.0000042049
       -0.0000010539   0.0000020706   0.0000054315  -0.0000008384  -0.0000027857
        0.0000062633  -0.0000011066  -0.0000008725  -0.0000012259   0.0000000877
        0.0000036846  -0.0000039228   0.0000009574   0.0000002299   0.0000007273
       -0.0000002359   0.0000009981  -0.0000058197   0.0000010449  -0.0000032413
       -0.0000021230   0.0000003266  -0.0000043907  -0.0000032720   0.0000006680
        0.0000007694   0.0000021290  -0.0000014100   0.0000686667  -0.0000010412
       -0.0000000900  -0.0000113385  -0.0000033438   0.0000016409  -0.0000149114
       -0.0000032056  -0.0000010600   0.0000004966  -0.0000041371  -0.0000007044
        0.0000002725  -0.0000054797  -0.0000014886   0.0000004126  -0.0000034353
       -0.0000009495   0.0000004211  -0.0000044609   0.0000007089  -0.0000002807
       -0.0000050286   0.0000011014  -0.0000004771  -0.0000040517   0.0000014931
       -0.0000005332  -0.0000043388   0.0000028425  -0.0000010700  -0.0000030169
       -0.0000020360   0.0000009060  -0.0000022776  -0.0000005457   0.0000003882
       -0.0000036292  -0.0000008519   0.0000003560  -0.0000052796  -0.0000024883
        0.0000008536  -0.0000061730  -0.0000013048   0.0000002555  -0.0000059549
       -0.0000012462   0.0000002344  -0.0000040815  -0.0000006660   0.0000002639
       -0.0000024602  -0.0000003773   0.0000003118  -0.0000032208  -0.0000019904
        0.0000008028  -0.0000036510   0.0000035039  -0.0000010412   0.0000779466
        0.0000029911  -0.0000014650  -0.0000040643   0.0000030682  -0.0000011077
       -0.0000013306  -0.0000002415   0.0000001754  -0.0000000118  -0.0000021507
       -0.0000000390   0.0000033547  -0.0000002318  -0.0000005744  -0.0000029918
       -0.0000021846   0.0000004079   0.0000010977  -0.0000059731  -0.0000001608
        0.0000034449  -0.0000065610  -0.0000005245  -0.0000008087  -0.0000086659
        0.0000001771   0.0000000898  -0.0000123594   0.0000001300  -0.0000019327
        0.0000024984   0.0000001803  -0.0000036873  -0.0000015280   0.0000006275
        0.0000006426  -0.0000003030  -0.0000001306   0.0000027761   0.0000025893
       -0.0000006210   0.0000043328  -0.0000014569  -0.0000006600   0.0000054026
       -0.0000004121  -0.0000008547  -0.0000020942  -0.0000036071   0.0000002399
       -0.0000054346  -0.0000035758   0.0000007785  -0.0000037011   0.0000006304
        0.0000005174  -0.0000008520  -0.0000132873  -0.0000000900   0.0000029911
        0.0000704514   0.0000001268  -0.0000012877  -0.0000136313   0.0000002944
        0.0000036957   0.0000023071   0.0000000477   0.0000001839  -0.0000000851
       -0.0000020401  -0.0000008894  -0.0000008730  -0.0000022896  -0.0000022509
       -0.0000019006   0.0000002696   0.0000006613   0.0000002813  -0.0000066244
        0.0000026555   0.0000013539  -0.0000089172  -0.0000013846  -0.0000004853
       -0.0000079296  -0.0000013138   0.0000000205  -0.0000125049   0.0000034469
        0.0000028037   0.0000033897   0.0000041334   0.0000025589  -0.0000000596
        0.0000062306   0.0000034290  -0.0000016568  -0.0000010515  -0.0000006516
        0.0000014741  -0.0000037618  -0.0000030571  -0.0000039433   0.0000015643
        0.0000005386  -0.0000044691  -0.0000047543  -0.0000033842  -0.0000011571
       -0.0000011916  -0.0000011371   0.0000004386  -0.0000023742  -0.0000024100
        0.0000033726   0.0000009609   0.0000044784  -0.0000113385  -0.0000014650
        0.0000001268   0.0000655455  -0.0000030955  -0.0000039141  -0.0000116075
       -0.0000029480   0.0000004516   0.0000012029  -0.0000041042   0.0000003057
        0.0000007296  -0.0000039852   0.0000006575   0.0000015794  -0.0000056137
        0.0000004280   0.0000008261  -0.0000037410  -0.0000003326  -0.0000007060
       -0.0000026328  -0.0000005337  -0.0000010089  -0.0000047749  -0.0000006460
       -0.0000016036  -0.0000045022  -0.0000012372  -0.0000029723  -0.0000030875
        0.0000009224   0.0000022564  -0.0000030347   0.0000002129   0.0000006076
       -0.0000018667   0.0000003261   0.0000010959  -0.0000041187   0.0000011224
        0.0000026418  -0.0000048311   0.0000005699   0.0000012662  -0.0000029138
        0.0000005345   0.0000014586  -0.0000064347   0.0000003205   0.0000004752
       -0.0000056976   0.0000001759   0.0000002283  -0.0000058266   0.0000008808
        0.0000018643  -0.0000036545  -0.0000014137  -0.0000033438  -0.0000040643
       -0.0000012877  -0.0000030955   0.0000778323  -0.0000014574  -0.0000035021
       -0.0000016986   0.0000017160   0.0000007277  -0.0000000261  -0.0000019860
        0.0000000787   0.0000038740  -0.0000003152  -0.0000020367  -0.0000030732
       -0.0000031403   0.0000017856   0.0000012000  -0.0000061194  -0.0000004559
        0.0000038623  -0.0000062030  -0.0000016952  -0.0000010108  -0.0000095105
        0.0000005530  -0.0000002427  -0.0000133166  -0.0000000849  -0.0000024649
        0.0000052860   0.0000011068  -0.0000047321   0.0000003833   0.0000019938
        0.0000009762   0.0000022822  -0.0000004446   0.0000031831   0.0000030651
       -0.0000013836   0.0000048060  -0.0000031803  -0.0000026864   0.0000066439
        0.0000004147  -0.0000035165  -0.0000019441  -0.0000056678   0.0000014040
       -0.0000056276  -0.0000041815   0.0000032839  -0.0000037480  -0.0000003064
        0.0000020030  -0.0000015882  -0.0000110703   0.0000016409   0.0000030682
       -0.0000136313  -0.0000039141  -0.0000014574   0.0000654812   0.0000016404
        0.0000044626  -0.0000011688  -0.0000008514   0.0000002264  -0.0000000214
       -0.0000020161  -0.0000011237   0.0000003188   0.0000014518  -0.0000030506
        0.0000008518  -0.0000024379   0.0000008094  -0.0000001525  -0.0000061432
        0.0000030327  -0.0000007032  -0.0000065722  -0.0000013901   0.0000003375
       -0.0000092337  -0.0000008919   0.0000001906  -0.0000130702   0.0000043366
       -0.0000013475   0.0000022026   0.0000055597  -0.0000012994  -0.0000031692
        0.0000065603  -0.0000017391  -0.0000007182  -0.0000012378   0.0000002078
        0.0000043724  -0.0000040551   0.0000013035   0.0000007824   0.0000008698
       -0.0000003195   0.0000017151  -0.0000060423   0.0000015942  -0.0000033388
       -0.0000022164   0.0000005465  -0.0000048804  -0.0000034072   0.0000010207
        0.0000006105   0.0000021676  -0.0000015549  -0.0000149114  -0.0000011077
        0.0000002944  -0.0000116075  -0.0000035021   0.0000016404   0.0000678155
