$hessian                                                                        
        0.2367242528   0.0000001081  -0.0000008261  -0.1183609723   0.1135673041
        0.0000002147  -0.1183632804  -0.1135674122   0.0000006113
        0.0000001081   0.2556365560  -0.0000004464   0.0883895422  -0.1278194319
       -0.0000000853  -0.0883896504  -0.1278171241   0.0000005316
       -0.0000008261  -0.0000004464   0.0000000000   0.0000002587  -0.0000001731
       -0.0000000000   0.0000005674   0.0000006195  -0.0000000000
       -0.1183609723   0.0883895422   0.0000002587   0.1337376514  -0.1009785648
       -0.0000002904  -0.0153766790   0.0125890226   0.0000000317
        0.1135673041  -0.1278194319  -0.0000001731  -0.1009785648   0.1183937042
        0.0000001457  -0.0125887392   0.0094257277   0.0000000275
        0.0000002147  -0.0000000853  -0.0000000000  -0.0000002904   0.0000001457
        0.0000000000   0.0000000756  -0.0000000604  -0.0000000000
       -0.1183632804  -0.0883896504   0.0000005674  -0.0153766790  -0.0125887392
        0.0000000756   0.1337399595   0.1009783896  -0.0000006430
       -0.1135674122  -0.1278171241   0.0000006195   0.0125890226   0.0094257277
       -0.0000000604   0.1009783896   0.1183913964  -0.0000005591
        0.0000006113   0.0000005316  -0.0000000000   0.0000000317   0.0000000275
       -0.0000000000  -0.0000006430  -0.0000005591   0.0000000000
