$hessian                                                                        
        0.4800753063  -0.0166933408  -0.0265844474  -0.1515537136  -0.0324713006
       -0.0566808375  -0.0259544845  -0.0117958506  -0.0037267254  -0.0018355351
       -0.0011298646   0.0012148937  -0.0863339565   0.0773401207  -0.0491468267
       -0.0581717154   0.0439371706   0.0389337174  -0.1453001351  -0.0562195132
        0.1068961702  -0.0153913785  -0.0031128462  -0.0102642819   0.0028228323
       -0.0004391356   0.0003278913   0.0010087062   0.0004460576  -0.0003954520
        0.0006340740   0.0001385027  -0.0005741017
       -0.0166933408   0.5161447616  -0.0107274579  -0.0328827512  -0.0803847993
       -0.0227521379  -0.0130984289  -0.0048747760  -0.0022369099  -0.0015195924
       -0.0003588284   0.0005144502   0.0776358042  -0.1818842614   0.0897070191
        0.0437470499  -0.1703012472  -0.1103966460  -0.0562304717  -0.0761876195
        0.0591350348   0.0172531647   0.0062367708   0.0107722766  -0.0185486810
       -0.0091482227  -0.0134995088  -0.0003404689   0.0002413314  -0.0004355825
        0.0006777159   0.0005168907  -0.0000805378
       -0.0265844474  -0.0107274579   0.5091246229  -0.0525882833  -0.0208961959
       -0.0978839616   0.0094802643   0.0037606553   0.0063945753   0.0049966655
        0.0022376666   0.0006676558  -0.0496556564   0.0896163786  -0.1037376114
        0.0384998979  -0.1107307445  -0.1434897350   0.1069716777   0.0591659097
       -0.1518067491  -0.0155528947  -0.0035920187  -0.0088925360  -0.0171130596
       -0.0094584601  -0.0117233781   0.0008914764  -0.0000781797   0.0006185538
        0.0006543596   0.0007024465   0.0007285634
       -0.1515537136  -0.0328827512  -0.0525882833   0.4575398646  -0.0380910249
        0.0044549059  -0.1116759581  -0.0259165383   0.0661122878  -0.0214632053
       -0.0104160780   0.0033141623  -0.0151074959  -0.0023500491  -0.0101302919
        0.0041494732  -0.0005032418   0.0005616994  -0.0211298892  -0.0088630986
       -0.0090081519  -0.0808339406   0.0739674332  -0.0457527647  -0.0573153312
        0.0455826932   0.0386027082   0.0057633733   0.0016177434  -0.0054851955
       -0.0083731772  -0.0021450880   0.0099189236
       -0.0324713006  -0.0803847993  -0.0208961959  -0.0380910249   0.5225927531
        0.0054097042  -0.0256011175  -0.0841670221   0.0357393834  -0.0091365844
       -0.0035273861   0.0012194335   0.0180950912   0.0068465241   0.0111815744
       -0.0187342370  -0.0094863790  -0.0135604660  -0.0112421604  -0.0042598267
       -0.0048673573   0.0748471080  -0.1790176858   0.0858163474   0.0448863762
       -0.1645824827  -0.1047001293  -0.0146517888  -0.0109809958   0.0188033516
        0.0120996382   0.0069673004  -0.0141456460
       -0.0566808375  -0.0227521379  -0.0978839616   0.0044549059   0.0054097042
        0.5062502428   0.0629023785   0.0342754342  -0.1267545222  -0.0096006401
       -0.0046466675   0.0036540625  -0.0152393757  -0.0030771695  -0.0097717564
       -0.0167105470  -0.0094669354  -0.0126920759   0.0149654175   0.0060211995
        0.0081872716  -0.0468131329   0.0860085832  -0.1019371083   0.0379272359
       -0.1056796739  -0.1398962161   0.0098132949   0.0088477074  -0.0126734929
        0.0149813006   0.0050599556  -0.0164824435
       -0.0259544845  -0.0130984289   0.0094802643  -0.1116759581  -0.0256011175
        0.0629023785   0.3372867036  -0.0730310126  -0.0543128053  -0.0640832962
       -0.0177134995  -0.0302202714   0.0001970106  -0.0003301791   0.0007842591
        0.0006873589   0.0004208438   0.0005875918  -0.0038383354  -0.0018048786
       -0.0016265664   0.0056960964   0.0021904067  -0.0059070523  -0.0092985312
       -0.0027367608   0.0097090646  -0.0727590771   0.0754975244  -0.0426059767
       -0.0562574870   0.0562071023   0.0512091139
       -0.0117958506  -0.0048747760   0.0037606553  -0.0259165383  -0.0841670221
        0.0342754342  -0.0730310126   0.4785050669  -0.0168412781  -0.0174756394
       -0.0253346755  -0.0119330377   0.0009901644   0.0005421763  -0.0000095739
       -0.0005553048  -0.0000529391   0.0005308215  -0.0017276798  -0.0002477219
       -0.0006568542  -0.0161613790  -0.0119754422   0.0190622534   0.0132003244
        0.0069872895  -0.0145279153   0.0802758900  -0.1919446050   0.0973471819
        0.0521970257  -0.1674373508  -0.1110076871
       -0.0037267254  -0.0022369099   0.0063945753   0.0661122878   0.0357393834
       -0.1267545222  -0.0543128053  -0.0168412781   0.4307881878  -0.0326205059
       -0.0130258856  -0.0368170918  -0.0008144811  -0.0006734179   0.0005803350
       -0.0011541056  -0.0003182927   0.0006794532  -0.0023964437  -0.0010114232
       -0.0002916111   0.0111542951   0.0099942441  -0.0137551548   0.0169292756
        0.0055527229  -0.0177077024  -0.0449200437   0.0930559518  -0.1010899785
        0.0457492521  -0.1102350950  -0.1420264905
       -0.0018355351  -0.0015195924   0.0049966655  -0.0214632053  -0.0091365844
       -0.0096006401  -0.0640832962  -0.0174756394  -0.0326205059   0.1106472847
        0.0389737348   0.0529404323   0.0002051667   0.0001299055   0.0000022310
        0.0001489780   0.0000030754  -0.0000773277  -0.0015642543  -0.0007057718
       -0.0005952598   0.0003848945  -0.0004033563   0.0004840235  -0.0003853084
        0.0002443189   0.0003388166  -0.0159772370  -0.0066363784  -0.0105830950
       -0.0060774876  -0.0034737119  -0.0052853404
       -0.0011298646  -0.0003588284   0.0022376666  -0.0104160780  -0.0035273861
       -0.0046466675  -0.0177134995  -0.0253346755  -0.0130258856   0.0389737348
        0.0290249011   0.0209041865  -0.0000779064   0.0000642380  -0.0000737268
        0.0001520289   0.0001103238   0.0000660917  -0.0007639906  -0.0001877131
       -0.0002769116  -0.0004442430  -0.0002680820  -0.0001641451   0.0002859694
        0.0003372515   0.0003768012   0.0060919856   0.0044942098   0.0032346911
       -0.0149581366  -0.0043542391  -0.0086321005
        0.0012148937   0.0005144502   0.0006676558   0.0033141623   0.0012194335
        0.0036540625  -0.0302202714  -0.0119330377  -0.0368170918   0.0529404323
        0.0209041865   0.0452905359   0.0001653045   0.0000324388  -0.0000325657
        0.0001421374   0.0001349824  -0.0000111339  -0.0000104919  -0.0000042359
        0.0001556618   0.0005842317  -0.0003556927   0.0007839955   0.0002511779
        0.0005779639   0.0009260761  -0.0129349030  -0.0055584603  -0.0067656610
       -0.0154466734  -0.0055320288  -0.0078515351
       -0.0863339565   0.0776358042  -0.0496556564  -0.0151074959   0.0180950912
       -0.0152393757   0.0001970106   0.0009901644  -0.0008144811   0.0002051667
       -0.0000779064   0.0001653045   0.1008925199  -0.0889213752   0.0607977799
       -0.0039489775   0.0098534247  -0.0037330694   0.0082359395  -0.0156249506
        0.0107926534  -0.0045576327  -0.0016734237  -0.0031401702   0.0007860288
        0.0003099608   0.0005237187  -0.0003573220  -0.0006642170   0.0002522397
       -0.0000112809   0.0000774276   0.0000510566
        0.0773401207  -0.1818842614   0.0896163786  -0.0023500491   0.0068465241
       -0.0030771695  -0.0003301791   0.0005421763  -0.0006734179   0.0001299055
        0.0000642380   0.0000324388  -0.0889213752   0.2080537051  -0.1045148747
        0.0118272563  -0.0231636235   0.0107569564   0.0044101843  -0.0118432698
        0.0088865943  -0.0018764706   0.0006926630  -0.0008719009  -0.0003252231
        0.0007617198  -0.0001086346   0.0000210404   0.0001979036  -0.0000892879
        0.0000747899  -0.0002677752   0.0000429173
       -0.0491468267   0.0897070191  -0.1037376114  -0.0101302919   0.0111815744
       -0.0097717564   0.0007842591  -0.0000095739   0.0005803350   0.0000022310
       -0.0000737268  -0.0000325657   0.0607977799  -0.1045148747   0.1182348128
        0.0086224532  -0.0160234251   0.0094862258  -0.0076522875   0.0205106016
       -0.0137079937  -0.0033467376  -0.0011165719  -0.0013379047   0.0000876063
        0.0005408076   0.0000066592  -0.0000500848  -0.0001299056   0.0003355448
        0.0000318991  -0.0000719249  -0.0000557459
       -0.0581717154   0.0437470499   0.0384998979   0.0041494732  -0.0187342370
       -0.0167105470   0.0006873589  -0.0005553048  -0.0011541056   0.0001489780
        0.0001520289   0.0001421374  -0.0039489775   0.0118272563   0.0086224532
        0.0673954827  -0.0490319861  -0.0428047792  -0.0068454970   0.0154071767
        0.0160274212   0.0008127324  -0.0003550355   0.0001492941  -0.0037860668
       -0.0025885933  -0.0030154765  -0.0000803983   0.0001250312   0.0000891319
       -0.0003613702   0.0000066136   0.0001545725
        0.0439371706  -0.1703012472  -0.1107307445  -0.0005032418  -0.0094863790
       -0.0094669354   0.0004208438  -0.0000529391  -0.0003182927   0.0000030754
        0.0001103238   0.0001349824   0.0098534247  -0.0231636235  -0.0160234251
       -0.0490319861   0.1948017535   0.1309914159  -0.0021564431   0.0074141578
        0.0060248126   0.0002920979   0.0007348564   0.0005642197  -0.0023405210
       -0.0000057680  -0.0014167647   0.0001507802  -0.0001999010  -0.0000227414
       -0.0006252007   0.0001487663   0.0002634731
        0.0389337174  -0.1103966460  -0.1434897350   0.0005616994  -0.0135604660
       -0.0126920759   0.0005875918   0.0005308215   0.0006794532  -0.0000773277
        0.0000660917  -0.0000111339  -0.0037330694   0.0107569564   0.0094862258
       -0.0428047792   0.1309914159   0.1649857550   0.0095613157  -0.0169105985
       -0.0178828817   0.0004578804  -0.0001389240   0.0000045966  -0.0033014882
       -0.0013953499  -0.0014114892   0.0000013789   0.0000439635  -0.0000516331
       -0.0001869192   0.0000127355   0.0003829182
       -0.1453001351  -0.0562304717   0.1069716777  -0.0211298892  -0.0112421604
        0.0149654175  -0.0038383354  -0.0017276798  -0.0023964437  -0.0015642543
       -0.0007639906  -0.0000104919   0.0082359395   0.0044101843  -0.0076522875
       -0.0068454970  -0.0021564431   0.0095613157   0.1693567569   0.0673599730
       -0.1218476336   0.0001970860   0.0001340476   0.0005454638   0.0006258472
        0.0000895578   0.0003380598   0.0000265177   0.0001824859  -0.0001965599
        0.0002359637  -0.0000555031  -0.0002785179
       -0.0562195132  -0.0761876195   0.0591659097  -0.0088630986  -0.0042598267
        0.0060211995  -0.0018048786  -0.0002477219  -0.0010114232  -0.0007057718
       -0.0001877131  -0.0000042359  -0.0156249506  -0.0118432698   0.0205106016
        0.0154071767   0.0074141578  -0.0169105985   0.0673599730   0.0848828620
       -0.0678544590   0.0004979525   0.0003859505  -0.0000458479  -0.0001600921
       -0.0001216925   0.0003550491   0.0001207922   0.0002140697  -0.0001645042
       -0.0000075895  -0.0000491966  -0.0000616912
        0.1068961702   0.0591350348  -0.1518067491  -0.0090081519  -0.0048673573
        0.0081872716  -0.0016265664  -0.0006568542  -0.0002916111  -0.0005952598
       -0.0002769116   0.0001556618   0.0107926534   0.0088865943  -0.0137079937
        0.0160274212   0.0060248126  -0.0178828817  -0.1218476336  -0.0678544590
        0.1741025744  -0.0000123054  -0.0003016299   0.0004986380  -0.0002757969
        0.0000786084   0.0005802575  -0.0001083844  -0.0002143114   0.0000627999
       -0.0002421465   0.0000464734   0.0001020324
       -0.0153913785   0.0172531647  -0.0155528947  -0.0808339406   0.0748471080
       -0.0468131329   0.0056960964  -0.0161613790   0.0111542951   0.0003848945
       -0.0004442430   0.0005842317  -0.0045576327  -0.0018764706  -0.0033467376
        0.0008127324   0.0002920979   0.0004578804   0.0001970860   0.0004979525
       -0.0000123054   0.0985465929  -0.0818145707   0.0541280522  -0.0035429597
        0.0097006155  -0.0038082432  -0.0017941402  -0.0019394386   0.0035293121
        0.0004826496  -0.0003548368  -0.0003204578
       -0.0031128462   0.0062367708  -0.0035920187   0.0739674332  -0.1790176858
        0.0860085832   0.0021904067  -0.0119754422   0.0099942441  -0.0004033563
       -0.0002680820  -0.0003556927  -0.0016734237   0.0006926630  -0.0011165719
       -0.0003550355   0.0007348564  -0.0001389240   0.0001340476   0.0003859505
       -0.0003016299  -0.0818145707   0.2056949198  -0.1022371448   0.0125807637
       -0.0231749839   0.0096921143  -0.0018010392  -0.0001661102   0.0025672241
        0.0002876204   0.0008571437  -0.0005201837
       -0.0102642819   0.0107722766  -0.0088925360  -0.0457527647   0.0858163474
       -0.1019371083  -0.0059070523   0.0190622534  -0.0137551548   0.0004840235
       -0.0001641451   0.0007839955  -0.0031401702  -0.0008719009  -0.0013379047
        0.0001492941   0.0005642197   0.0000045966   0.0005454638  -0.0000458479
        0.0004986380   0.0541280522  -0.1022371448   0.1185200345   0.0078203107
       -0.0152878417   0.0089709129   0.0027325998   0.0020813215  -0.0030920805
       -0.0007954750   0.0003104618   0.0002366069
        0.0028228323  -0.0185486810  -0.0171130596  -0.0573153312   0.0448863762
        0.0379272359  -0.0092985312   0.0132003244   0.0169292756  -0.0003853084
        0.0002859694   0.0002511779   0.0007860288  -0.0003252231   0.0000876063
       -0.0037860668  -0.0023405210  -0.0033014882   0.0006258472  -0.0001600921
       -0.0002757969  -0.0035429597   0.0125807637   0.0078203107   0.0716764203
       -0.0481664647  -0.0457090314   0.0005946992   0.0001744960  -0.0006056369
       -0.0021776305  -0.0015869477   0.0039894066
       -0.0004391356  -0.0091482227  -0.0094584601   0.0455826932  -0.1645824827
       -0.1056796739  -0.0027367608   0.0069872895   0.0055527229   0.0002443189
        0.0003372515   0.0005779639   0.0003099608   0.0007617198   0.0005408076
       -0.0025885933  -0.0000057680  -0.0013953499   0.0000895578  -0.0001216925
        0.0000786084   0.0097006155  -0.0231749839  -0.0152878417  -0.0481664647
        0.1877937861   0.1231583495  -0.0004454816   0.0007714739   0.0002219258
       -0.0015507101   0.0003816289   0.0016909473
        0.0003278913  -0.0134995088  -0.0117233781   0.0386027082  -0.1047001293
       -0.1398962161   0.0097090646  -0.0145279153  -0.0177077024   0.0003388166
        0.0003768012   0.0009260761   0.0005237187  -0.0001086346   0.0000066592
       -0.0030154765  -0.0014167647  -0.0014114892   0.0003380598   0.0003550491
        0.0005802575  -0.0038082432   0.0096921143   0.0089709129  -0.0457090314
        0.1231583495   0.1632950675  -0.0004039665  -0.0007365904   0.0002086222
        0.0030964584   0.0014072290  -0.0032488097
        0.0010087062  -0.0003404689   0.0008914764   0.0057633733  -0.0146517888
        0.0098132949  -0.0727590771   0.0802758900  -0.0449200437  -0.0159772370
        0.0060919856  -0.0129349030  -0.0003573220   0.0000210404  -0.0000500848
       -0.0000803983   0.0001507802   0.0000013789   0.0000265177   0.0001207922
       -0.0001083844  -0.0017941402  -0.0018010392   0.0027325998   0.0005946992
       -0.0004454816  -0.0004039665   0.0867426816  -0.0797166023   0.0482178672
       -0.0031678035   0.0102948923  -0.0032392347
        0.0004460576   0.0002413314  -0.0000781797   0.0016177434  -0.0109809958
        0.0088477074   0.0754975244  -0.1919446050   0.0930559518  -0.0066363784
        0.0044942098  -0.0055584603  -0.0006642170   0.0001979036  -0.0001299056
        0.0001250312  -0.0001999010   0.0000439635   0.0001824859   0.0002140697
       -0.0002143114  -0.0019394386  -0.0001661102   0.0020813215   0.0001744960
        0.0007714739  -0.0007365904  -0.0797166023   0.2192957752  -0.1068327483
        0.0109132978  -0.0219231515   0.0095212516
       -0.0003954520  -0.0004355825   0.0006185538  -0.0054851955   0.0188033516
       -0.0126734929  -0.0426059767   0.0973471819  -0.1010899785  -0.0105830950
        0.0032346911  -0.0067656610   0.0002522397  -0.0000892879   0.0003355448
        0.0000891319  -0.0000227414  -0.0000516331  -0.0001965599  -0.0001645042
        0.0000627999   0.0035293121   0.0025672241  -0.0030920805  -0.0006056369
        0.0002219258   0.0002086222   0.0482178672  -0.1068327483   0.1131588149
        0.0077833652  -0.0146295101   0.0092885105
        0.0006340740   0.0006777159   0.0006543596  -0.0083731772   0.0120996382
        0.0149813006  -0.0562574870   0.0521970257   0.0457492521  -0.0060774876
       -0.0149581366  -0.0154466734  -0.0000112809   0.0000747899   0.0000318991
       -0.0003613702  -0.0006252007  -0.0001869192   0.0002359637  -0.0000075895
       -0.0002421465   0.0004826496   0.0002876204  -0.0007954750  -0.0021776305
       -0.0015507101   0.0030964584  -0.0031678035   0.0109132978   0.0077833652
        0.0750735496  -0.0591084511  -0.0556254208
        0.0001385027   0.0005168907   0.0007024465  -0.0021450880   0.0069673004
        0.0050599556   0.0562071023  -0.1674373508  -0.1102350950  -0.0034737119
       -0.0043542391  -0.0055320288   0.0000774276  -0.0002677752  -0.0000719249
        0.0000066136   0.0001487663   0.0000127355  -0.0000555031  -0.0000491966
        0.0000464734  -0.0003548368   0.0008571437   0.0003104618  -0.0015869477
        0.0003816289   0.0014072290   0.0102948923  -0.0219231515  -0.0146295101
       -0.0591084511   0.1851599834   0.1229292569
       -0.0005741017  -0.0000805378   0.0007285634   0.0099189236  -0.0141456460
       -0.0164824435   0.0512091139  -0.1110076871  -0.1420264905  -0.0052853404
       -0.0086321005  -0.0078515351   0.0000510566   0.0000429173  -0.0000557459
        0.0001545725   0.0002634731   0.0003829182  -0.0002785179  -0.0000616912
        0.0001020324  -0.0003204578  -0.0005201837   0.0002366069   0.0039894066
        0.0016909473  -0.0032488097  -0.0032392347   0.0095212516   0.0092885105
       -0.0556254208   0.1229292569   0.1589263932
