$hessian                                                                        
        0.0015237683   0.0000501095   0.0000086428  -0.0001436741   0.0000005121
        0.0000017399  -0.0001305909  -0.0000390706  -0.0000069743  -0.0001380736
       -0.0001261697  -0.0000297380  -0.0001712695   0.0000762899   0.0000178713
       -0.0002310097   0.0000325456  -0.0000015919  -0.0001960559   0.0000789013
        0.0000151442  -0.0001621198  -0.0000245941  -0.0000076418  -0.0001020979
        0.0000186409   0.0000123694  -0.0000879719  -0.0000348532  -0.0000017076
       -0.0001609051  -0.0000323117  -0.0000081139
        0.0000501095   0.0014747648   0.0000077624  -0.0000119248  -0.0001497867
       -0.0000027620  -0.0000443227  -0.0000969331  -0.0000074347  -0.0000252519
        0.0000460733   0.0000060868   0.0000133268  -0.0002873203  -0.0000074072
        0.0001126568  -0.0002145122   0.0000275812   0.0000708045  -0.0002759562
        0.0000103522   0.0000269873  -0.0001013022   0.0000136108  -0.0000719340
       -0.0001728706  -0.0000227111  -0.0001124091  -0.0001053168  -0.0000249065
       -0.0000080424  -0.0001168402  -0.0000001719
        0.0000086428   0.0000077624   0.0014517962  -0.0000351426  -0.0000305060
       -0.0001555430   0.0000220034   0.0000184350  -0.0000648975  -0.0000165241
       -0.0000125127   0.0000397022   0.0000542860   0.0000473083  -0.0002595452
        0.0000366284   0.0000318490  -0.0002764710  -0.0000326206  -0.0000274523
       -0.0003236144  -0.0000802682  -0.0000699034  -0.0001600544  -0.0000659781
       -0.0000569781  -0.0001424556   0.0000287691   0.0000242741  -0.0000164315
        0.0000802038   0.0000677236  -0.0000924858
       -0.0001436741  -0.0000119248  -0.0000351426   0.0015296767   0.0000106189
       -0.0000061931  -0.0001456064   0.0000015298   0.0000281813  -0.0001694415
        0.0000212490   0.0001168535  -0.0001162132  -0.0000304180  -0.0000673657
       -0.0001161849  -0.0000167342   0.0000003766  -0.0001703902  -0.0000058064
       -0.0000606454  -0.0002097027   0.0000292998   0.0000258982  -0.0002113217
        0.0000164526  -0.0000426516  -0.0001448093  -0.0000007422   0.0000081990
       -0.0001023327  -0.0000135245   0.0000324897
        0.0000005121  -0.0001497867  -0.0000305060   0.0000106189   0.0015133988
        0.0000096185  -0.0000092349  -0.0001265922   0.0000303380   0.0000033292
       -0.0001542977  -0.0000243510  -0.0000149829  -0.0000973287   0.0000204107
       -0.0000048481  -0.0001143237  -0.0000993258   0.0000145587  -0.0002012893
       -0.0000425986   0.0000265789  -0.0002514115  -0.0000439699   0.0000166685
       -0.0002378887   0.0000769334  -0.0000204842  -0.0001185966   0.0001038247
       -0.0000227162  -0.0000618839  -0.0000003739
        0.0000017399  -0.0000027620  -0.0001555430  -0.0000061931   0.0000096185
        0.0015533672   0.0000035055  -0.0000055195  -0.0001569817  -0.0000026459
        0.0000043809  -0.0001301933   0.0000094643  -0.0000155095  -0.0001700884
        0.0000068875  -0.0000101642  -0.0001367308  -0.0000052594   0.0000081194
       -0.0001573569  -0.0000139263   0.0000223722  -0.0001439150  -0.0000117326
        0.0000177241  -0.0001772432   0.0000045516  -0.0000071120  -0.0001747179
        0.0000136087  -0.0000211477  -0.0001505970
       -0.0001305909  -0.0000443227   0.0000220034  -0.0001456064  -0.0000092349
        0.0000035055   0.0015200831   0.0000416583  -0.0000172947  -0.0001620734
        0.0001130832  -0.0000734525  -0.0001735906  -0.0000573580   0.0000398008
       -0.0001078634  -0.0000210119   0.0000022385  -0.0000986817  -0.0000812545
        0.0000374087  -0.0001015281   0.0000029013  -0.0000136181  -0.0001656054
       -0.0000337660   0.0000232417  -0.0002360557   0.0000396335  -0.0000029940
       -0.0001984876   0.0000496719  -0.0000208394
       -0.0000390706  -0.0000969331   0.0000184350   0.0000015298  -0.0001265922
       -0.0000055195   0.0000416583   0.0014869064  -0.0000190759   0.0000167924
       -0.0003035568   0.0000180611   0.0000021126  -0.0000994701  -0.0000099518
       -0.0000838782  -0.0001429028   0.0000579539  -0.0000658490  -0.0000252604
        0.0000264882  -0.0000411973  -0.0001233540   0.0000234968   0.0000435157
       -0.0000777628  -0.0000430338   0.0000983400  -0.0002256513  -0.0000685500
        0.0000260464  -0.0002654228   0.0000016961
       -0.0000069743  -0.0000074347  -0.0000648975   0.0000281813   0.0000303380
       -0.0001569817  -0.0000172947  -0.0000190759   0.0014769420   0.0000130941
        0.0000155579  -0.0003127686  -0.0000429125  -0.0000467443  -0.0000715890
       -0.0000295951  -0.0000317414  -0.0000427976   0.0000258195   0.0000283408
       -0.0000105858   0.0000638772   0.0000692219  -0.0001471126   0.0000529538
        0.0000568708  -0.0001759673  -0.0000243028  -0.0000251779  -0.0002866750
       -0.0000628464  -0.0000701552  -0.0002075669
       -0.0001380736  -0.0000252519  -0.0000165241  -0.0001694415   0.0000033292
       -0.0000026459  -0.0001620734   0.0000167924   0.0000130941   0.0015416158
        0.0000645532   0.0000552579  -0.0001360096  -0.0000419105  -0.0000313698
       -0.0001105810  -0.0000199976  -0.0000002332  -0.0001443820  -0.0000350095
       -0.0000282737  -0.0001703372   0.0000193909   0.0000120539  -0.0001970683
       -0.0000020511  -0.0000191564  -0.0001811881   0.0000124921   0.0000016846
       -0.0001324613   0.0000076627   0.0000161126
       -0.0001261697   0.0000460733  -0.0000125127   0.0000212490  -0.0001542977
        0.0000043809   0.0001130832  -0.0003035568   0.0000155579   0.0000645532
        0.0009830572  -0.0000336988  -0.0000323513   0.0001536341   0.0000089819
       -0.0002764922  -0.0000191865  -0.0000444259  -0.0001846295   0.0001510211
       -0.0000189531  -0.0000816568  -0.0002526313  -0.0000152604   0.0001671913
       -0.0000843931   0.0000318515   0.0003228567  -0.0002791631   0.0000727794
        0.0000123660  -0.0002405573  -0.0000087008
       -0.0000297380   0.0000060868   0.0000397022   0.0001168535  -0.0000243510
       -0.0001301933  -0.0000734525   0.0000180611  -0.0003127686   0.0000552579
       -0.0000336988   0.0009620831  -0.0001838321   0.0000390479   0.0001628391
       -0.0001230375   0.0000266449  -0.0000918635   0.0001079473  -0.0000258578
        0.0001729537   0.0002684780  -0.0000555869  -0.0002468651   0.0002200596
       -0.0000455804   0.0000030937  -0.0000852361   0.0000234833  -0.0002362887
       -0.0002733000   0.0000717507  -0.0003226925
       -0.0001712695   0.0000133268   0.0000542860  -0.0001162132  -0.0000149829
        0.0000094643  -0.0001735906   0.0000021126  -0.0000429125  -0.0001360096
       -0.0000323513  -0.0001838321   0.0014959214   0.0000381001   0.0001021811
       -0.0002089848   0.0000219832   0.0000009031  -0.0001295902   0.0000009567
        0.0000931319  -0.0000719854  -0.0000392505  -0.0000373695  -0.0000757697
       -0.0000247017   0.0000634141  -0.0001722978   0.0000056527  -0.0000081057
       -0.0002402107   0.0000291543  -0.0000511608
        0.0000762899  -0.0002873203   0.0000473083  -0.0000304180  -0.0000973287
       -0.0000155095  -0.0000573580  -0.0000994701  -0.0000467443  -0.0000419105
        0.0001536341   0.0000390479   0.0000381001   0.0012875112  -0.0000343474
        0.0001780698  -0.0002931134   0.0001570996   0.0000919580  -0.0002870161
        0.0000654116   0.0000105377   0.0000377288   0.0000708294  -0.0001291968
       -0.0000878118  -0.0001236377  -0.0001500419  -0.0001209132  -0.0001592992
        0.0000139696  -0.0002059004  -0.0000001587
        0.0000178713  -0.0000074072  -0.0002595452  -0.0000673657   0.0000204107
       -0.0001700884   0.0000398008  -0.0000099518  -0.0000715890  -0.0000313698
        0.0000089819   0.0001628391   0.0001021811  -0.0000343474   0.0013762081
        0.0000732900  -0.0000226972  -0.0001781947  -0.0000594379   0.0000140955
       -0.0003320621  -0.0001512010   0.0000474358  -0.0000953695  -0.0001277301
        0.0000377101  -0.0002533614   0.0000555321  -0.0000146882  -0.0001150961
        0.0001484294  -0.0000395422  -0.0000637408
       -0.0002310097   0.0001126568   0.0000366284  -0.0001161849  -0.0000048481
        0.0000068875  -0.0001078634  -0.0000838782  -0.0000295951  -0.0001105810
       -0.0002764922  -0.0001230375  -0.0002089848   0.0001780698   0.0000732900
        0.0013758435   0.0000781333  -0.0000037547  -0.0002333654   0.0001705486
        0.0000637812  -0.0001412673  -0.0000682905  -0.0000302153  -0.0000127533
        0.0000302395   0.0000487726  -0.0000193041  -0.0000734752  -0.0000087781
       -0.0001945296  -0.0000626639  -0.0000339790
        0.0000325456  -0.0002145122   0.0000318490  -0.0000167342  -0.0001143237
       -0.0000101642  -0.0000210119  -0.0001429028  -0.0000317414  -0.0000199976
       -0.0000191865   0.0000266449   0.0000219832  -0.0002931134  -0.0000226972
        0.0000781333   0.0014812401   0.0001052737   0.0000340210  -0.0001944121
        0.0000443322  -0.0000048966  -0.0000368560   0.0000472878  -0.0000613938
       -0.0000950809  -0.0000819838  -0.0000583615  -0.0001561820  -0.0001099522
        0.0000157126  -0.0002146704   0.0000011513
       -0.0000015919   0.0000275812  -0.0002764710   0.0000003766  -0.0000993258
       -0.0001367308   0.0000022385   0.0000579539  -0.0000427976  -0.0000002332
       -0.0000444259  -0.0000918635   0.0000009031   0.0001570996  -0.0001781947
       -0.0000037547   0.0001052737   0.0012928300  -0.0000029765  -0.0000854162
       -0.0003375477  -0.0000016545  -0.0002283673  -0.0002417308   0.0000020577
       -0.0001850249   0.0000006279   0.0000008392   0.0000777832   0.0001315571
        0.0000037955   0.0002168685  -0.0001196787
       -0.0001960559   0.0000708045  -0.0000326206  -0.0001703902   0.0000145587
       -0.0000052594  -0.0000986817  -0.0000658490   0.0000258195  -0.0001443820
       -0.0001846295   0.0001079473  -0.0001295902   0.0000919580  -0.0000594379
       -0.0002333654   0.0000340210  -0.0000029765   0.0014667851   0.0001289314
       -0.0000556258  -0.0002388223  -0.0000048579   0.0000207725  -0.0001371792
        0.0000534266  -0.0000351092  -0.0000266124  -0.0000621773   0.0000060048
       -0.0000917058  -0.0000761864   0.0000304854
        0.0000789013  -0.0002759562  -0.0000274523  -0.0000058064  -0.0002012893
        0.0000081194  -0.0000812545  -0.0000252604   0.0000283408  -0.0000350095
        0.0001510211  -0.0000258578   0.0000009567  -0.0002870161   0.0000140955
        0.0001705486  -0.0001944121  -0.0000854162   0.0001289314   0.0013082738
       -0.0000395158   0.0000755231  -0.0001922135  -0.0000343434  -0.0000922507
       -0.0002877401   0.0000631379  -0.0001965961  -0.0000273244   0.0001010228
       -0.0000439440   0.0000319172  -0.0000021308
        0.0000151442   0.0000103522  -0.0003236144  -0.0000606454  -0.0000425986
       -0.0001573569   0.0000374087   0.0000264882  -0.0000105858  -0.0000282737
       -0.0000189531   0.0001729537   0.0000931319   0.0000654116  -0.0003320621
        0.0000637812   0.0000443322  -0.0003375477  -0.0000556258  -0.0000395158
        0.0012854271  -0.0001379272  -0.0000972607  -0.0001546553  -0.0001140306
       -0.0000798089  -0.0001484529   0.0000501320   0.0000348197   0.0000569702
        0.0001369047   0.0000967332  -0.0000510759
       -0.0001621198   0.0000269873  -0.0000802682  -0.0002097027   0.0000265789
       -0.0000139263  -0.0001015281  -0.0000411973   0.0000638772  -0.0001703372
       -0.0000816568   0.0002684780  -0.0000719854   0.0000105377  -0.0001512010
       -0.0001412673  -0.0000048966  -0.0000016545  -0.0002388223   0.0000755231
       -0.0001379272   0.0014112601   0.0000440937   0.0000558696  -0.0002358266
        0.0000613178  -0.0000938862  -0.0000556963  -0.0000422202   0.0000160028
       -0.0000239743  -0.0000750677   0.0000746359
       -0.0000245941  -0.0001013022  -0.0000699034   0.0000292998  -0.0002514115
        0.0000223722   0.0000029013  -0.0001233540   0.0000692219   0.0000193909
       -0.0002526313  -0.0000555869  -0.0000392505   0.0000377288   0.0000474358
       -0.0000682905  -0.0000368560  -0.0002283673  -0.0000048579  -0.0001922135
       -0.0000972607   0.0000440937   0.0013214754  -0.0001013810   0.0000731018
       -0.0003238590   0.0001779303   0.0000121804  -0.0001029194   0.0002350750
       -0.0000439748   0.0000253426   0.0000004641
       -0.0000076418   0.0000136108  -0.0001600544   0.0000258982  -0.0000439699
       -0.0001439150  -0.0000136181   0.0000234968  -0.0001471126   0.0000120539
       -0.0000152604  -0.0002468651  -0.0000373695   0.0000708294  -0.0000953695
       -0.0000302153   0.0000472878  -0.0002417308   0.0000207725  -0.0000343434
       -0.0001546553   0.0000558696  -0.0001013810   0.0015009271   0.0000499977
       -0.0000817613  -0.0000630345  -0.0000235027   0.0000329080  -0.0000707027
       -0.0000522447   0.0000885831  -0.0001774873
       -0.0001020979  -0.0000719340  -0.0000659781  -0.0002113217   0.0000166685
       -0.0000117326  -0.0001656054   0.0000435157   0.0000529538  -0.0001970683
        0.0001671913   0.0002200596  -0.0000757697  -0.0001291968  -0.0001277301
       -0.0000127533  -0.0000613938   0.0000020577  -0.0001371792  -0.0000922507
       -0.0001140306  -0.0002358266   0.0000731018   0.0000499977   0.0014102187
        0.0000071737  -0.0000816891  -0.0002089640   0.0000350067   0.0000147713
       -0.0000636326   0.0000121177   0.0000613205
        0.0000186409  -0.0001728706  -0.0000569781   0.0000164526  -0.0002378887
        0.0000177241  -0.0000337660  -0.0000777628   0.0000568708  -0.0000020511
       -0.0000843931  -0.0000455804  -0.0000247017  -0.0000878118   0.0000377101
        0.0000302395  -0.0000950809  -0.0001850249   0.0000534266  -0.0002877401
       -0.0000798089   0.0000613178  -0.0003238590  -0.0000817613   0.0000071737
        0.0013888715   0.0001425766  -0.0000788615  -0.0000643540   0.0001959491
       -0.0000478708   0.0000428896  -0.0000016772
        0.0000123694  -0.0000227111  -0.0001424556  -0.0000426516   0.0000769334
       -0.0001772432   0.0000232417  -0.0000430338  -0.0001759673  -0.0000191564
        0.0000318515   0.0000030937   0.0000634141  -0.0001236377  -0.0002533614
        0.0000487726  -0.0000819838   0.0000006279  -0.0000351092   0.0000631379
       -0.0001484529  -0.0000938862   0.0001779303  -0.0000630345  -0.0000816891
        0.0001425766   0.0013937395   0.0000347151  -0.0000578224  -0.0003141211
        0.0000899796  -0.0001632407  -0.0001228252
       -0.0000879719  -0.0001124091   0.0000287691  -0.0001448093  -0.0000204842
        0.0000045516  -0.0002360557   0.0000983400  -0.0000243028  -0.0001811881
        0.0003228567  -0.0000852361  -0.0001722978  -0.0001500419   0.0000555321
       -0.0000193041  -0.0000583615   0.0000008392  -0.0000266124  -0.0001965961
        0.0000501320  -0.0000556963   0.0000121804  -0.0000235027  -0.0002089640
       -0.0000788615   0.0000347151   0.0013488036   0.0000894326  -0.0000171364
       -0.0002159041   0.0000939446  -0.0000243612
       -0.0000348532  -0.0001053168   0.0000242741  -0.0000007422  -0.0001185966
       -0.0000071120   0.0000396335  -0.0002256513  -0.0000251779   0.0000124921
       -0.0002791631   0.0000234833   0.0000056527  -0.0001209132  -0.0000146882
       -0.0000734752  -0.0001561820   0.0000777832  -0.0000621773  -0.0000273244
        0.0000348197  -0.0000422202  -0.0001029194   0.0000329080   0.0000350067
       -0.0000643540  -0.0000578224   0.0000894326   0.0014817016  -0.0000922788
        0.0000312506  -0.0002812807   0.0000038111
       -0.0000017076  -0.0000249065  -0.0000164315   0.0000081990   0.0001038247
       -0.0001747179  -0.0000029940  -0.0000685500  -0.0002866750   0.0000016846
        0.0000727794  -0.0002362887  -0.0000081057  -0.0001592992  -0.0001150961
       -0.0000087781  -0.0001099522   0.0001315571   0.0000060048   0.0001010228
        0.0000569702   0.0000160028   0.0002350750  -0.0000707027   0.0000147713
        0.0001959491  -0.0003141211  -0.0000171364  -0.0000922788   0.0012219492
       -0.0000079407  -0.0002536643  -0.0001964435
       -0.0001609051  -0.0000080424   0.0000802038  -0.0001023327  -0.0000227162
        0.0000136087  -0.0001984876   0.0000260464  -0.0000628464  -0.0001324613
        0.0000123660  -0.0002733000  -0.0002402107   0.0000139696   0.0001484294
       -0.0001945296   0.0000157126   0.0000037955  -0.0000917058  -0.0000439440
        0.0001369047  -0.0000239743  -0.0000439748  -0.0000522447  -0.0000636326
       -0.0000478708   0.0000899796  -0.0002159041   0.0000312506  -0.0000079407
        0.0014241437   0.0000672029  -0.0000765900
       -0.0000323117  -0.0001168402   0.0000677236  -0.0000135245  -0.0000618839
       -0.0000211477   0.0000496719  -0.0002654228  -0.0000701552   0.0000076627
       -0.0002405573   0.0000717507   0.0000291543  -0.0002059004  -0.0000395422
       -0.0000626639  -0.0002146704   0.0002168685  -0.0000761864   0.0000319172
        0.0000967332  -0.0000750677   0.0000253426   0.0000885831   0.0000121177
        0.0000428896  -0.0001632407   0.0000939446  -0.0002812807  -0.0002536643
        0.0000672029   0.0012864063   0.0000060909
       -0.0000081139  -0.0000001719  -0.0000924858   0.0000324897  -0.0000003739
       -0.0001505970  -0.0000208394   0.0000016961  -0.0002075669   0.0000161126
       -0.0000087008  -0.0003226925  -0.0000511608  -0.0000001587  -0.0000637408
       -0.0000339790   0.0000011513  -0.0001196787   0.0000304854  -0.0000021308
       -0.0000510759   0.0000746359   0.0000004641  -0.0001774873   0.0000613205
       -0.0000016772  -0.0001228252  -0.0000243612   0.0000038111  -0.0001964435
       -0.0000765900   0.0000060909   0.0015045936
