           1           2   1.3202459078349007     
           2           3   1.5580747325969297     
           3           4   1.2795823475931825     
           4           5   1.2795823545586660     
           5           6   1.5580747284806207     
           6           7   1.3202459114077885     
           5           8  0.11852087648196136     
           7           8   1.5580747291878256     
           4           9   1.2522459862338513     
           8           9   1.2795823504063915     
           1          10   1.5580747325269824     
           3          10  0.11852087617446461     
           9          10   1.2795823510723421     
           1          11  0.97118357417962509     
           2          12  0.97118357471092254     
           3          13  0.96854770376658406     
           5          14  0.96854770155248782     
           6          15  0.97118357418655832     
           7          16  0.97118357473059358     
           8          17  0.96854770412078750     
          10          18  0.96854770183376204     
