           1           2   1.0043551167402980     
           2           3   1.0265344008930462     
           3           4   1.9801794194850102     
           1           5  0.98690401944191275     
           1           6  0.98806753691147675     
           1           7  0.98898981898842864     
           2           8  0.96301918723108604     
           2           9  0.97655160821920362     
           3          10  0.96650628358879564     
           4          11  0.97741711512848728     
           4          12  0.97560228098077295     
