$hessian                                                                        
        0.5241433419  -0.0110917695   0.0098552784  -0.0654081583  -0.0106746915
        0.0213621930   0.0009863291   0.0117336983  -0.0129035837   0.0018551101
        0.0019088552  -0.0030932299  -0.0069113049  -0.0145639465   0.0223074285
       -0.0045817914  -0.0034218266  -0.0025998971  -0.0021622712  -0.0005301943
        0.0006238288   0.0006335225  -0.0002477410  -0.0007157799  -0.0516309696
       -0.0223198775  -0.0335689794  -0.2585855967  -0.0731110258   0.0016094406
       -0.1382397330   0.1184453896   0.0004035460   0.0002639966  -0.0003269692
       -0.0003560806   0.0007423309   0.0006468690  -0.0007067358  -0.0019688833
        0.0034775167  -0.0008476052   0.0005791067   0.0005502260  -0.0006971811
        0.0003543002  -0.0002607159  -0.0010914157   0.0001279168  -0.0001862006
        0.0004052623  -0.0001636247   0.0000083254   0.0000393105  -0.0000460801
       -0.0000523977  -0.0000182092   0.0000124585   0.0000164760  -0.0000075904
       -0.0110917695   0.5013176199   0.0376373235  -0.0069309436  -0.0981031358
        0.0589832270   0.0004772107  -0.0192120610   0.0204303156   0.0019056746
        0.0057442197  -0.0107367732  -0.0093869545  -0.0075595876   0.0096210552
       -0.0018782142  -0.0003110493  -0.0008676818   0.0013166147  -0.0014615075
        0.0007585818   0.0000186422  -0.0000877989  -0.0005333597  -0.0220096003
       -0.1175644284  -0.1094077896  -0.0726478341  -0.0680705233  -0.0005385104
        0.1186633386  -0.1919238862  -0.0026255534  -0.0003478212   0.0005048859
        0.0008912179  -0.0009423765   0.0006767124   0.0000223584   0.0029812204
       -0.0043398972   0.0009448987   0.0004341632   0.0005365136  -0.0004567620
       -0.0004097713  -0.0009021869  -0.0032566682  -0.0001336914   0.0007778316
       -0.0008587992  -0.0001146460   0.0000118941   0.0000244075   0.0000599351
       -0.0000295937   0.0000024031   0.0000368230  -0.0000040212  -0.0000338913
        0.0098552784   0.0376373235   0.4701971725   0.0123007630   0.0548390932
       -0.1428409713  -0.0011345149   0.0054032709  -0.0040300608   0.0030944098
        0.0107793447  -0.0301923667   0.0083765865   0.0048437130  -0.0034260270
       -0.0002177118  -0.0013084094  -0.0006435888  -0.0008167957   0.0017511008
       -0.0000731565  -0.0001151440   0.0001324045   0.0001842329  -0.0328771218
       -0.1092316371  -0.2019793177   0.0008366325  -0.0009590023  -0.0423202315
        0.0001549014  -0.0024488946  -0.0426880811   0.0004194869  -0.0008571365
        0.0007544834   0.0003690655  -0.0004548717   0.0002152765  -0.0002073159
        0.0003749832   0.0003444134   0.0006393082   0.0008968663   0.0009745162
       -0.0006724088  -0.0023897252  -0.0052743913  -0.0000506936   0.0010102476
        0.0008186816   0.0000561433  -0.0000028415  -0.0000276880   0.0000060454
       -0.0000098339   0.0000139980  -0.0000169144  -0.0000059954  -0.0000068936
       -0.0654081583  -0.0069309436   0.0123007630   0.4752731416  -0.0179265222
       -0.0000007719  -0.1115908177   0.0604839364   0.0000352651  -0.0654119305
       -0.0069170673  -0.0123132539  -0.1443652685  -0.0358059874  -0.0000278918
       -0.0150011399  -0.0141803579  -0.0000122584  -0.0409537955   0.0072421369
        0.0000104744  -0.0011304004   0.0026302399   0.0000032880   0.0007569666
        0.0025504350  -0.0028882579  -0.0080888310  -0.0179261742   0.0245057845
        0.0017039784   0.0106814238  -0.0143303887   0.0022234208  -0.0011806828
        0.0016352954  -0.0239701687   0.0233756466   0.0000145730   0.0022227947
       -0.0011786503  -0.0016371096  -0.0080893543  -0.0178962311  -0.0245252797
        0.0007561989   0.0025457935   0.0028883606   0.0017046950   0.0106651974
        0.0143439842   0.0000633689   0.0000421321   0.0001894281   0.0000661660
        0.0000426134  -0.0001909524  -0.0007608659  -0.0003169382  -0.0000010522
       -0.0106746915  -0.0981031358   0.0548390932  -0.0179265222   0.4947111055
        0.0000427774   0.0613670582  -0.1442464806  -0.0000506315  -0.0106463915
       -0.0979699125  -0.0547890197  -0.0202444004  -0.0600449235   0.0000038121
       -0.0397166961  -0.0318131772  -0.0000402057   0.0209221519   0.0064957580
        0.0000037469   0.0041857906  -0.0035594355  -0.0000098879   0.0023350398
        0.0078563027  -0.0112560042  -0.0047955105  -0.0079868011   0.0103515800
       -0.0012394654  -0.0174376911   0.0202227124   0.0108464799  -0.0178253385
       -0.0032946553  -0.0025763327   0.0055511020   0.0000031666   0.0108642403
       -0.0178535405   0.0032746657  -0.0047905354  -0.0079687871  -0.0103540486
        0.0023398361   0.0078570851   0.0112948146  -0.0012415823  -0.0174098461
       -0.0202400013  -0.0001951746  -0.0002543642  -0.0000803477  -0.0001946654
       -0.0002559776   0.0000786110   0.0013813712   0.0002580580  -0.0000001781
        0.0213621930   0.0589832270  -0.1428409713  -0.0000007719   0.0000427774
        0.4561780550   0.0000354165  -0.0000504345  -0.0631450310  -0.0213708925
       -0.0589295512  -0.1429761985  -0.0000266675  -0.0000006170  -0.0651402859
       -0.0000325140  -0.0000404905   0.0180434457   0.0000254697  -0.0000005429
        0.0033662324   0.0000014896  -0.0000080392   0.0053423442   0.0038974192
        0.0121220200  -0.0254373130   0.0038107776   0.0045958438  -0.0043513531
       -0.0010333099   0.0034945595  -0.0024231067   0.0145683137  -0.0204023388
       -0.0021606071  -0.0000024337   0.0000040630  -0.0001296272  -0.0145548753
        0.0203827734  -0.0021313492  -0.0038157245  -0.0045975822  -0.0043659792
       -0.0038960366  -0.0120832658  -0.0254389472   0.0010315711  -0.0035133505
       -0.0024524365   0.0008295941  -0.0001291320  -0.0000536810  -0.0008274450
        0.0001311342  -0.0000521499  -0.0000015736  -0.0000010537   0.0001689599
        0.0009863291   0.0004772107  -0.0011345149  -0.1115908177   0.0613670582
        0.0000354165   0.5045850389   0.0391803486   0.0000260885   0.0009857339
        0.0004759958   0.0011348242  -0.0254794031   0.0178638185   0.0000086057
       -0.0001922888   0.0047547337   0.0000045154  -0.0073675712  -0.0005319306
       -0.0000005166  -0.0015523408   0.0011543302   0.0000018291   0.0000455572
       -0.0001561369   0.0001728834   0.0007433466  -0.0008015444   0.0004528128
        0.0004551560  -0.0006841442   0.0006215555  -0.0508375333  -0.0245387716
       -0.0346148916  -0.2608265838  -0.0723743095  -0.0000454398  -0.0508390792
       -0.0245824354   0.0345859661   0.0007430046  -0.0008009305  -0.0004537949
        0.0000455476  -0.0001559570  -0.0001730585   0.0004549992  -0.0006832993
       -0.0006223455   0.0000609018   0.0000585623   0.0000745626   0.0000615741
        0.0000591435  -0.0000744879  -0.0004815711  -0.0000817421  -0.0000000101
        0.0117336983  -0.0192120610   0.0054032709   0.0604839364  -0.1442464806
       -0.0000504345   0.0391803486   0.4823684157  -0.0000263940   0.0117177437
       -0.0191810242  -0.0054215348   0.0018241621   0.0040040173   0.0000017521
       -0.0020528972   0.0000986661  -0.0000000185  -0.0025325599   0.0005875264
        0.0000001396  -0.0003036092   0.0003186679   0.0000005766   0.0000056087
        0.0007394951  -0.0009466995   0.0006321086   0.0004624632  -0.0006627075
       -0.0000661340  -0.0024409169   0.0031847873  -0.0243902193  -0.1181554828
       -0.1095568913  -0.0722453360  -0.0656946799  -0.0000134336  -0.0244339213
       -0.1184249214   0.1096610929   0.0006313133   0.0004612513   0.0006624683
        0.0000052662   0.0007392835   0.0009468348  -0.0000662122  -0.0024326609
       -0.0031829660   0.0000239899  -0.0000047484  -0.0000135102   0.0000244161
       -0.0000047541   0.0000135894  -0.0001717028   0.0000179436   0.0000000781
       -0.0129035837   0.0204303156  -0.0040300608   0.0000352651  -0.0000506315
       -0.0631450310   0.0000260885  -0.0000263940   0.5275748662   0.0129173181
       -0.0204487166  -0.0040615157   0.0000019542   0.0000046049   0.0004902873
       -0.0000013682  -0.0000006064  -0.0003647593  -0.0000012421  -0.0000004657
        0.0009140830  -0.0000001571  -0.0000001022   0.0001510695  -0.0004693975
        0.0008594316   0.0007823563  -0.0006893887  -0.0001624275   0.0005112139
        0.0000610894   0.0037987312  -0.0037932055  -0.0348766906  -0.1095814932
       -0.2045035751  -0.0000453068  -0.0000136136  -0.0437579603   0.0348474832
        0.1096856709  -0.2042299901   0.0006901715   0.0001623026   0.0005121083
        0.0004693961  -0.0008595041   0.0007825960  -0.0000614878  -0.0037972677
       -0.0038015240   0.0000230581   0.0000181957  -0.0000025042  -0.0000228483
       -0.0000180504  -0.0000024728  -0.0000003532   0.0000000205  -0.0000259815
        0.0018551101   0.0019056746   0.0030944098  -0.0654119305  -0.0106463915
       -0.0213708925   0.0009857339   0.0117177437   0.0129173181   0.5241480007
       -0.0110871075  -0.0098731289  -0.0069102849  -0.0145331941  -0.0223222003
       -0.0045835588  -0.0034283426   0.0025929367  -0.0021617555  -0.0005322355
       -0.0006235260   0.0006336571  -0.0002495761   0.0007134907   0.0003544106
       -0.0002620783   0.0010909183   0.0005790066   0.0005494070   0.0006978000
        0.0001280101  -0.0001857198  -0.0004056074  -0.0019689426   0.0034766034
        0.0008517157   0.0007420609   0.0006462258   0.0007073945   0.0002639626
       -0.0003273349   0.0003556979  -0.2585797049  -0.0731206091  -0.0016848569
       -0.0516238191  -0.0223496555   0.0335274731  -0.1382524028   0.1184537524
       -0.0002547358  -0.0000463248  -0.0000525668   0.0000177341  -0.0001630328
        0.0000090724  -0.0000398286   0.0000118041   0.0000163324   0.0000078873
        0.0019088552   0.0057442197   0.0107793447  -0.0069170673  -0.0979699125
       -0.0589295512   0.0004759958  -0.0191810242  -0.0204487166  -0.0110871075
        0.5014133446  -0.0375979894  -0.0093750561  -0.0075392260  -0.0096215587
       -0.0018792141  -0.0003154301   0.0008666807   0.0013153141  -0.0014584217
       -0.0007610200   0.0000186033  -0.0000889128   0.0005323548  -0.0004104260
       -0.0009089304   0.0032618274   0.0004349694   0.0005367425   0.0004562998
       -0.0001335961   0.0007781293   0.0008586621   0.0029808811  -0.0043383908
       -0.0009505811  -0.0009418949   0.0006757752  -0.0000219181  -0.0003475146
        0.0005048694  -0.0008914377  -0.0726587085  -0.0680805466   0.0005106346
       -0.0220386300  -0.1178257766   0.1095127237   0.1186724599  -0.1919253580
        0.0024374894   0.0000600864  -0.0000290770  -0.0000025406  -0.0001145657
        0.0000118592  -0.0000244773   0.0000366157  -0.0000039332   0.0000337736
       -0.0030932299  -0.0107367732  -0.0301923667  -0.0123132539  -0.0547890197
       -0.1429761985   0.0011348242  -0.0054215348  -0.0040615157  -0.0098731289
       -0.0375979894   0.4701176832  -0.0083824639  -0.0048426754  -0.0034395094
        0.0002154132   0.0013072480  -0.0006406534   0.0008179132  -0.0017525248
       -0.0000764574   0.0001154790  -0.0001332845   0.0001841487   0.0006717057
        0.0023947111  -0.0052678189  -0.0006385974  -0.0008972277   0.0009735715
        0.0000505463  -0.0010104616   0.0008184224   0.0002109039  -0.0003807875
        0.0003427355  -0.0003701433   0.0004552158   0.0002157487  -0.0004198612
        0.0008567942   0.0007542888  -0.0009115530   0.0009311908  -0.0423194802
        0.0328365183   0.1093365425  -0.2017303289  -0.0000055961   0.0022615755
       -0.0426821319  -0.0000055270   0.0000098587   0.0000139539  -0.0000565904
        0.0000031967  -0.0000275449   0.0000166411   0.0000059453  -0.0000065466
       -0.0069113049  -0.0093869545   0.0083765865  -0.1443652685  -0.0202444004
       -0.0000266675  -0.0254794031   0.0018241621   0.0000019542  -0.0069102849
       -0.0093750561  -0.0083824639   0.5202151152   0.1481087397   0.0000868097
       -0.1449342244  -0.2057532621  -0.0001643979  -0.1399240138   0.0595171605
        0.0000631053  -0.0449250394   0.0269315954   0.0000369341   0.0004919578
       -0.0000200589  -0.0003415088  -0.0000795252   0.0008301156  -0.0008346704
        0.0010138787   0.0015931238  -0.0007970799   0.0000525488  -0.0000224886
        0.0000904701  -0.0024936709   0.0022110106   0.0000005271   0.0000535224
       -0.0000229395  -0.0000902712  -0.0000788757   0.0008289028   0.0008344412
        0.0004933411  -0.0000201184   0.0003430690   0.0010143440   0.0015929446
        0.0007987144   0.0002501866   0.0013258571   0.0002303009   0.0002541526
        0.0013282630  -0.0002226394  -0.0077374364  -0.0012465968  -0.0000032136
       -0.0145639465  -0.0075595876   0.0048437130  -0.0358059874  -0.0600449235
       -0.0000006170   0.0178638185   0.0040040173   0.0000046049  -0.0145331941
       -0.0075392260  -0.0048426754   0.1481087397   0.8909060057   0.0005741212
       -0.1884027461  -0.6415333726  -0.0004657763   0.0761373894  -0.1790307583
       -0.0001236389   0.0145519849   0.0107243211  -0.0000057516   0.0000605411
        0.0006651040  -0.0008791830  -0.0007230165  -0.0013798886   0.0022654463
       -0.0002714353  -0.0025802235   0.0006755580   0.0022968967  -0.0004345179
       -0.0021018678   0.0028012286  -0.0043742018  -0.0000028493   0.0022978732
       -0.0004366911   0.0021034254  -0.0007195066  -0.0013721809  -0.0022619060
        0.0000630722   0.0006653866   0.0008815992  -0.0002698885  -0.0025777301
       -0.0006788896  -0.0037023146   0.0020303480  -0.0026944223  -0.0037075520
        0.0020306681   0.0027071933  -0.0014819568  -0.0021625488   0.0000019160
        0.0223074285   0.0096210552  -0.0034260270  -0.0000278918   0.0000038121
       -0.0651402859   0.0000086057   0.0000017521   0.0004902873  -0.0223222003
       -0.0096215587  -0.0034395094   0.0000868097   0.0005741212   0.1984066560
       -0.0001503735  -0.0004713757  -0.0655394899   0.0000685733  -0.0001069526
       -0.0555241391   0.0000208927   0.0000049539   0.0008214970   0.0011785818
        0.0000402704  -0.0008382776   0.0015590269   0.0034091593  -0.0044491257
        0.0000820374   0.0001936728   0.0007946013   0.0008563671  -0.0003775296
       -0.0000278422   0.0000013930  -0.0000026078   0.0003786301  -0.0008530323
        0.0003766946  -0.0000241304  -0.0015588071  -0.0034048287  -0.0044555437
       -0.0011780435  -0.0000380889  -0.0008364043  -0.0000817652  -0.0001985229
        0.0007933281  -0.0013966301   0.0005950348   0.0007265138   0.0013868403
       -0.0005937246   0.0007377175   0.0000121873  -0.0000053369   0.0005515443
       -0.0045817914  -0.0018782142  -0.0002177118  -0.0150011399  -0.0397166961
       -0.0000325140  -0.0001922888  -0.0020528972  -0.0000013682  -0.0045835588
       -0.0018792141   0.0002154132  -0.1449342244  -0.1884027461  -0.0001503735
        0.1541909529   0.2008440305   0.0001530295   0.0104431176   0.0316061535
        0.0000303370   0.0016773668   0.0042607611   0.0000097116  -0.0000407758
        0.0003016127  -0.0001887343  -0.0003630934  -0.0010047002   0.0014341421
       -0.0001188991   0.0000399021  -0.0001629096  -0.0002137586  -0.0002063411
       -0.0002079674   0.0006739990  -0.0007869360  -0.0000003411  -0.0002130974
       -0.0002063576   0.0002074621  -0.0003635510  -0.0010034121  -0.0014355164
       -0.0000411386   0.0003011793   0.0001889790  -0.0001191131   0.0000397094
        0.0001628886   0.0011412095  -0.0007211451   0.0011046100   0.0011372324
       -0.0007095783  -0.0011057177   0.0015025520   0.0011748896  -0.0000034191
       -0.0034218266  -0.0003110493  -0.0013084094  -0.0141803579  -0.0318131772
       -0.0000404905   0.0047547337   0.0000986661  -0.0000006064  -0.0034283426
       -0.0003154301   0.0013072480  -0.2057532621  -0.6415333726  -0.0004713757
        0.2008440305   0.7822221463   0.0006375230   0.0248840313  -0.1130853240
       -0.0001279481  -0.0028359818   0.0015288128   0.0000118820   0.0001083625
        0.0002117625   0.0005287240  -0.0006452557  -0.0009453450   0.0013794261
        0.0001637058   0.0008249751  -0.0004897873  -0.0007778072   0.0007594566
        0.0015354563   0.0007331208   0.0004456354   0.0000003425  -0.0007784556
        0.0007612166  -0.0015356422  -0.0006463559  -0.0009451961  -0.0013819353
        0.0001074572   0.0002113753  -0.0005288556   0.0001637699   0.0008246497
        0.0004909550   0.0009827161  -0.0001714083   0.0011949554   0.0009862565
       -0.0001722264  -0.0012043994  -0.0012605388   0.0014038327   0.0000029377
       -0.0025998971  -0.0008676818  -0.0006435888  -0.0000122584  -0.0000402057
        0.0180434457   0.0000045154  -0.0000000185  -0.0003647593   0.0025929367
        0.0008666807  -0.0006406534  -0.0001643979  -0.0004657763  -0.0655394899
        0.0001530295   0.0006375230   0.0254532048   0.0000295232  -0.0001275367
        0.0260824557   0.0000012685  -0.0000002225  -0.0040510199  -0.0002938393
       -0.0000739162   0.0001961829  -0.0000186087  -0.0006345540   0.0008294923
        0.0000225947   0.0000653912  -0.0000868575  -0.0004052334   0.0002381964
        0.0001922746   0.0000007511   0.0000000442   0.0000376977   0.0004041568
       -0.0002369602   0.0001900736   0.0000175768   0.0006317723   0.0008278322
        0.0002939235   0.0000740920   0.0001953508  -0.0000221501  -0.0000639336
       -0.0000860476   0.0002192747  -0.0004279723  -0.0003624141  -0.0002221170
        0.0004235447  -0.0003702922  -0.0000010490   0.0000015332   0.0000971126
       -0.0021622712   0.0013166147  -0.0008167957  -0.0409537955   0.0209221519
        0.0000254697  -0.0073675712  -0.0025325599  -0.0000012421  -0.0021617555
        0.0013153141   0.0008179132  -0.1399240138   0.0761373894   0.0000685733
        0.0104431176   0.0248840313   0.0000295232   0.4524693925  -0.0343659458
       -0.0000394433  -0.1848530415  -0.0600925400  -0.0000524057   0.0000533509
        0.0003960991   0.0003864727  -0.0002645552  -0.0002458067   0.0004806203
       -0.0007038267  -0.0012120703   0.0006266555   0.0006025059  -0.0003358782
       -0.0002273987  -0.0018621397   0.0013913844   0.0000008411   0.0006021882
       -0.0003360317   0.0002270013  -0.0002645161  -0.0002445415  -0.0004798480
        0.0000533897   0.0003964739  -0.0003859728  -0.0007057220  -0.0012121384
       -0.0006284910  -0.0272347742  -0.0126472028  -0.0089748217  -0.0271957694
       -0.0126884883   0.0089265253  -0.0285701930  -0.0008462553   0.0000168235
       -0.0005301943  -0.0014615075   0.0017511008   0.0072421369   0.0064957580
       -0.0000005429  -0.0005319306   0.0005875264  -0.0000004657  -0.0005322355
       -0.0014584217  -0.0017525248   0.0595171605  -0.1790307583  -0.0001069526
        0.0316061535  -0.1130853240  -0.0001275367  -0.0343659458   0.3818805921
        0.0002786289  -0.0439899327  -0.0916944042  -0.0000285003   0.0000835147
       -0.0000728316  -0.0001023141  -0.0001177284   0.0004033089  -0.0005256089
       -0.0006663993   0.0012806522  -0.0003242820  -0.0007350109   0.0000438265
        0.0005863751   0.0002877670   0.0003659852   0.0000002535  -0.0007346527
        0.0000445170  -0.0005867187  -0.0001178222   0.0004018531   0.0005251538
        0.0000828807  -0.0000725394   0.0001013936  -0.0006670185   0.0012792044
        0.0003255615  -0.0214608596  -0.0064657772  -0.0012870131  -0.0216164917
       -0.0065355181   0.0012680021   0.0272466091   0.0070938585   0.0000059906
        0.0006238288   0.0007585818  -0.0000731565   0.0000104744   0.0000037469
        0.0033662324  -0.0000005166   0.0000001396   0.0009140830  -0.0006235260
       -0.0007610200  -0.0000764574   0.0000631053  -0.0001236389  -0.0555241391
        0.0000303370  -0.0001279481   0.0260824557  -0.0000394433   0.0002786289
        0.0742178156  -0.0000418066  -0.0000320037  -0.0549904279  -0.0002036682
        0.0001822338   0.0005350492   0.0003604563  -0.0003124992   0.0002466489
        0.0005055986  -0.0006903768  -0.0003102883  -0.0000701479   0.0001781711
        0.0000574787   0.0000002971   0.0000003739   0.0000360177   0.0000684904
       -0.0001779865   0.0000558732  -0.0003610905   0.0003127192   0.0002483180
        0.0002040962  -0.0001833916   0.0005351919  -0.0005076319   0.0006926360
       -0.0003096840  -0.0279917223  -0.0065895419   0.0021171406   0.0278922223
        0.0065685381   0.0021191228   0.0000806469   0.0000226372   0.0007527254
        0.0006335225   0.0000186422  -0.0001151440  -0.0011304004   0.0041857906
        0.0000014896  -0.0015523408  -0.0003036092  -0.0000001571   0.0006336571
        0.0000186033   0.0001154790  -0.0449250394   0.0145519849   0.0000208927
        0.0016773668  -0.0028359818   0.0000012685  -0.1848530415  -0.0439899327
       -0.0000418066   0.4169294754  -0.0346390113  -0.0000316498  -0.0002396414
       -0.0000714276  -0.0001184587   0.0002448350   0.0000437038   0.0000732886
       -0.0003615462  -0.0001864188   0.0001368022  -0.0000418505  -0.0001545033
       -0.0001897407  -0.0001769924   0.0004869844   0.0000003338  -0.0000418325
       -0.0001547555   0.0001895722   0.0002447968   0.0000437968  -0.0000733053
       -0.0002399975  -0.0000714528   0.0001182403  -0.0003617634  -0.0001865692
       -0.0001370065  -0.0462345877  -0.0217311650  -0.0362438662  -0.0461658308
       -0.0218560659   0.0359590673  -0.0940387890   0.1068313872   0.0003347006
       -0.0002477410  -0.0000877989   0.0001324045   0.0026302399  -0.0035594355
       -0.0000080392   0.0011543302   0.0003186679  -0.0000001022  -0.0002495761
       -0.0000889128  -0.0001332845   0.0269315954   0.0107243211   0.0000049539
        0.0042607611   0.0015288128  -0.0000002225  -0.0600925400  -0.0916944042
       -0.0000320037  -0.0346390113   0.5312712690   0.0000718701  -0.0000300584
       -0.0000414021  -0.0000806483  -0.0000242348   0.0000404404   0.0000339725
       -0.0001779742   0.0001039977   0.0000093845   0.0000006227   0.0000193249
       -0.0000413048   0.0002783699  -0.0002129146  -0.0000001453   0.0000008675
        0.0000189956   0.0000414347  -0.0000245372   0.0000400610  -0.0000340782
       -0.0000298615  -0.0000416187   0.0000814749  -0.0001783248   0.0001045359
       -0.0000089834  -0.0201044955  -0.1084322654  -0.1006060639  -0.0202068599
       -0.1096177819   0.1011667906   0.1007484281  -0.2303938920  -0.0005974098
       -0.0007157799  -0.0005333597   0.0001842329   0.0000032880  -0.0000098879
        0.0053423442   0.0000018291   0.0000005766   0.0001510695   0.0007134907
        0.0005323548   0.0001841487   0.0000369341  -0.0000057516   0.0008214970
        0.0000097116   0.0000118820  -0.0040510199  -0.0000524057  -0.0000285003
       -0.0549904279  -0.0000316498   0.0000718701   0.4956658165   0.0000834837
       -0.0000802985  -0.0003046164  -0.0001289834  -0.0001763135   0.0001370992
        0.0000672925   0.0002722179  -0.0000056909   0.0000377221  -0.0000643854
       -0.0000618865   0.0000005154  -0.0000004239   0.0000090740  -0.0000376227
        0.0000644391  -0.0000618098   0.0001287166   0.0001760905   0.0001369937
       -0.0000833795   0.0000804638  -0.0003042133  -0.0000678424  -0.0002718639
       -0.0000061542  -0.0331449286  -0.1009146438  -0.2001005951   0.0328621878
        0.1014730961  -0.1989924440   0.0003174203  -0.0005975625  -0.0437534175
       -0.0516309696  -0.0220096003  -0.0328771218   0.0007569666   0.0023350398
        0.0038974192   0.0000455572   0.0000056087  -0.0004693975   0.0003544106
       -0.0004104260   0.0006717057   0.0004919578   0.0000605411   0.0011785818
       -0.0000407758   0.0001083625  -0.0002938393   0.0000533509   0.0000835147
       -0.0002036682  -0.0002396414  -0.0000300584   0.0000834837   0.0555869088
        0.0262430288   0.0377058789  -0.0086236141  -0.0198145831  -0.0261213404
        0.0030232391   0.0131146788   0.0162646971   0.0002077583   0.0003987223
       -0.0001032697  -0.0001799737  -0.0001332315  -0.0001422669  -0.0000912982
        0.0000287235   0.0001352123   0.0000834199   0.0000282131   0.0001478851
        0.0002641527   0.0000704896   0.0002223463  -0.0000342456  -0.0000368305
       -0.0000470606  -0.0000715174  -0.0000379741  -0.0000023025   0.0000157965
        0.0000028578  -0.0000392136   0.0000285172  -0.0000070770  -0.0000077297
       -0.0223198775  -0.1175644284  -0.1092316371   0.0025504350   0.0078563027
        0.0121220200  -0.0001561369   0.0007394951   0.0008594316  -0.0002620783
       -0.0009089304   0.0023947111  -0.0000200589   0.0006651040   0.0000402704
        0.0003016127   0.0002117625  -0.0000739162   0.0003960991  -0.0000728316
        0.0001822338  -0.0000714276  -0.0000414021  -0.0000802985   0.0262430288
        0.1343534816   0.1251597097  -0.0040108186  -0.0072145399  -0.0101214605
       -0.0028071526  -0.0180891332  -0.0223853231   0.0001246978  -0.0003197825
        0.0002713436  -0.0000080872  -0.0001116777  -0.0001059374  -0.0000411141
       -0.0000166116  -0.0000331116   0.0001586960  -0.0000455809   0.0001175208
        0.0000707799   0.0004993037   0.0007279808  -0.0001699137   0.0000274754
        0.0001377733   0.0000263440   0.0000571511   0.0000128065  -0.0000007031
       -0.0000059063   0.0000218983  -0.0000043249  -0.0000192514  -0.0000160154
       -0.0335689794  -0.1094077896  -0.2019793177  -0.0028882579  -0.0112560042
       -0.0254373130   0.0001728834  -0.0009466995   0.0007823563   0.0010909183
        0.0032618274  -0.0052678189  -0.0003415088  -0.0008791830  -0.0008382776
       -0.0001887343   0.0005287240   0.0001961829   0.0003864727  -0.0001023141
        0.0005350492  -0.0001184587  -0.0000806483  -0.0003046164   0.0377058789
        0.1251597097   0.2364095969  -0.0023107001  -0.0028971909  -0.0016585272
        0.0003318036  -0.0038348973  -0.0019025868  -0.0001380560   0.0008447704
        0.0002048750  -0.0000762433   0.0000121755  -0.0001297953   0.0000841358
       -0.0002764159   0.0003255205   0.0003014355   0.0002476518   0.0002688449
       -0.0002223523  -0.0007256439  -0.0015015396  -0.0001401568   0.0003399698
        0.0002254534   0.0000099754   0.0000367759   0.0000559323  -0.0000373440
       -0.0000328279   0.0000208824  -0.0000527120   0.0000080099  -0.0000049012
       -0.2585855967  -0.0726478341   0.0008366325  -0.0080888310  -0.0047955105
        0.0038107776   0.0007433466   0.0006321086  -0.0006893887   0.0005790066
        0.0004349694  -0.0006385974  -0.0000795252  -0.0007230165   0.0015590269
       -0.0003630934  -0.0006452557  -0.0000186087  -0.0002645552  -0.0001177284
        0.0003604563   0.0002448350  -0.0000242348  -0.0001289834  -0.0086236141
       -0.0040108186  -0.0023107001   0.2986333852   0.0859247278  -0.0021498784
       -0.0248052430  -0.0044419320  -0.0006309538  -0.0001752203  -0.0000896735
        0.0000152327   0.0004773591   0.0000282217  -0.0000102316  -0.0000280733
        0.0002142999  -0.0001936311   0.0005058980   0.0001285490   0.0004197812
        0.0000833764   0.0001590171  -0.0003011908  -0.0002942812  -0.0000157997
        0.0000496410   0.0000278987   0.0000236855   0.0000079194  -0.0000105351
       -0.0000412116   0.0000301371   0.0000234631   0.0000074366  -0.0000174407
       -0.0731110258  -0.0680705233  -0.0009590023  -0.0179261742  -0.0079868011
        0.0045958438  -0.0008015444   0.0004624632  -0.0001624275   0.0005494070
        0.0005367425  -0.0008972277   0.0008301156  -0.0013798886   0.0034091593
       -0.0010047002  -0.0009453450  -0.0006345540  -0.0002458067   0.0004033089
       -0.0003124992   0.0000437038   0.0000404404  -0.0001763135  -0.0198145831
       -0.0072145399  -0.0028971909   0.0859247278   0.0772281302  -0.0021559958
        0.0245605346   0.0069888553   0.0000744362  -0.0001212492  -0.0001921435
       -0.0000697094   0.0006373083  -0.0003623617   0.0005173153   0.0001002043
        0.0002059255  -0.0002501594   0.0001290900   0.0003794178   0.0001336846
        0.0000283832  -0.0000452509  -0.0002479572   0.0001519724  -0.0000779434
        0.0000473995   0.0000053325  -0.0000084726  -0.0000007280   0.0000788994
        0.0000121892  -0.0000222616  -0.0000145953   0.0000257970   0.0000081879
        0.0016094406  -0.0005385104  -0.0423202315   0.0245057845   0.0103515800
       -0.0043513531   0.0004528128  -0.0006627075   0.0005112139   0.0006978000
        0.0004562998   0.0009735715  -0.0008346704   0.0022654463  -0.0044491257
        0.0014341421   0.0013794261   0.0008294923   0.0004806203  -0.0005256089
        0.0002466489   0.0000732886   0.0000339725   0.0001370992  -0.0261213404
       -0.0101214605  -0.0016585272  -0.0021498784  -0.0021559958   0.0497153731
        0.0008823687  -0.0002551709   0.0008792239  -0.0001748205  -0.0000297636
       -0.0001123700  -0.0003155956   0.0003104283   0.0000218479   0.0000546664
       -0.0002067726   0.0000736824  -0.0004196446  -0.0001325112  -0.0006783034
       -0.0001478466  -0.0001179991   0.0002683658   0.0000159554  -0.0000578395
       -0.0001024234   0.0000331767   0.0000154650  -0.0000094391  -0.0000562428
        0.0000060080   0.0000208649  -0.0000200168  -0.0000142860   0.0000043896
       -0.1382397330   0.1186633386   0.0001549014   0.0017039784  -0.0012394654
       -0.0010333099   0.0004551560  -0.0000661340   0.0000610894   0.0001280101
       -0.0001335961   0.0000505463   0.0010138787  -0.0002714353   0.0000820374
       -0.0001188991   0.0001637058   0.0000225947  -0.0007038267  -0.0006663993
        0.0005055986  -0.0003615462  -0.0001779742   0.0000672925   0.0030232391
       -0.0028071526   0.0003318036  -0.0248052430   0.0245605346   0.0008823687
        0.1573942678  -0.1376549679  -0.0011295170  -0.0000578143  -0.0001608330
       -0.0000737294   0.0002753226  -0.0000959100   0.0001262874   0.0002155553
       -0.0000390591   0.0000520730  -0.0002943332   0.0001520099  -0.0000157864
       -0.0000342991  -0.0001700970   0.0001399218   0.0004117461  -0.0001254173
       -0.0002140737   0.0000115504  -0.0000166710  -0.0000156204   0.0000409342
        0.0000479429  -0.0000275879  -0.0000579441   0.0000375805   0.0000331098
        0.1184453896  -0.1919238862  -0.0024488946   0.0106814238  -0.0174376911
        0.0034945595  -0.0006841442  -0.0024409169   0.0037987312  -0.0001857198
        0.0007781293  -0.0010104616   0.0015931238  -0.0025802235   0.0001936728
        0.0000399021   0.0008249751   0.0000653912  -0.0012120703   0.0012806522
       -0.0006903768  -0.0001864188   0.0001039977   0.0002722179   0.0131146788
       -0.0180891332  -0.0038348973  -0.0044419320   0.0069888553  -0.0002551709
       -0.1376549679   0.2224012974   0.0001828013  -0.0000625765   0.0003866410
        0.0001587674  -0.0003312276   0.0000722681  -0.0000317750   0.0007775854
       -0.0008907216   0.0002362130  -0.0000156800  -0.0000778448   0.0000578763
       -0.0000368902   0.0000280140  -0.0003402699  -0.0001256608   0.0004815099
        0.0002232111   0.0001011622  -0.0000281479   0.0000067799   0.0001432885
        0.0000662942  -0.0000944306   0.0000407339   0.0000559309   0.0000160552
        0.0004035460  -0.0026255534  -0.0426880811  -0.0143303887   0.0202227124
       -0.0024231067   0.0006215555   0.0031847873  -0.0037932055  -0.0004056074
        0.0008586621   0.0008184224  -0.0007970799   0.0006755580   0.0007946013
       -0.0001629096  -0.0004897873  -0.0000868575   0.0006266555  -0.0003242820
       -0.0003102883   0.0001368022   0.0000093845  -0.0000056909   0.0162646971
       -0.0223853231  -0.0019025868  -0.0006309538   0.0000744362   0.0008792239
       -0.0011295170   0.0001828013   0.0496910036   0.0000974891  -0.0000222074
       -0.0000868396   0.0001257041  -0.0000966785  -0.0000828795  -0.0008129654
        0.0012703353  -0.0000541322  -0.0000496554  -0.0000472688  -0.0001024443
        0.0000470005  -0.0001379657   0.0002248813   0.0002138696  -0.0002214848
       -0.0008569035  -0.0001318453  -0.0000870323  -0.0000368719  -0.0000856314
       -0.0000272075  -0.0000018956  -0.0000007658  -0.0000138862   0.0000236512
        0.0002639966  -0.0003478212   0.0004194869   0.0022234208   0.0108464799
        0.0145683137  -0.0508375333  -0.0243902193  -0.0348766906  -0.0019689426
        0.0029808811   0.0002109039   0.0000525488   0.0022968967   0.0008563671
       -0.0002137586  -0.0007778072  -0.0004052334   0.0006025059  -0.0007350109
       -0.0000701479  -0.0000418505   0.0000006227   0.0000377221   0.0002077583
        0.0001246978  -0.0001380560  -0.0001752203  -0.0001212492  -0.0001748205
       -0.0000578143  -0.0000625765   0.0000974891   0.0566477572   0.0253087957
        0.0401435183  -0.0085524153  -0.0185167587  -0.0262944661   0.0017320715
        0.0025629720   0.0049720617  -0.0000280537   0.0001002937  -0.0000545691
       -0.0000912959  -0.0000410184  -0.0000841815   0.0002156031   0.0007766247
        0.0008138761  -0.0000231639   0.0000106850  -0.0000150514   0.0000113709
        0.0000097767  -0.0000003233   0.0000330152  -0.0000262645  -0.0000061988
       -0.0003269692   0.0005048859  -0.0008571365  -0.0011806828  -0.0178253385
       -0.0204023388  -0.0245387716  -0.1181554828  -0.1095814932   0.0034766034
       -0.0043383908  -0.0003807875  -0.0000224886  -0.0004345179  -0.0003775296
       -0.0002063411   0.0007594566   0.0002381964  -0.0003358782   0.0000438265
        0.0001781711  -0.0001545033   0.0000193249  -0.0000643854   0.0003987223
       -0.0003197825   0.0008447704  -0.0000896735  -0.0001921435  -0.0000297636
       -0.0001608330   0.0003866410  -0.0000222074   0.0253087957   0.1376771741
        0.1279642680  -0.0048972702  -0.0067396023  -0.0105363517   0.0025687073
        0.0092918440   0.0137898664   0.0002140737   0.0002054246   0.0002068498
        0.0000288787  -0.0000169843   0.0002760128  -0.0000391290  -0.0008889940
       -0.0012713327   0.0000183017   0.0000248574   0.0000340800  -0.0000122456
       -0.0000073405  -0.0000042404  -0.0000492966   0.0000051423  -0.0000046482
       -0.0003560806   0.0008912179   0.0007544834   0.0016352954  -0.0032946553
       -0.0021606071  -0.0346148916  -0.1095568913  -0.2045035751   0.0008517157
       -0.0009505811   0.0003427355   0.0000904701  -0.0021018678  -0.0000278422
       -0.0002079674   0.0015354563   0.0001922746  -0.0002273987   0.0005863751
        0.0000574787  -0.0001897407  -0.0000413048  -0.0000618865  -0.0001032697
        0.0002713436   0.0002048750   0.0000152327  -0.0000697094  -0.0001123700
       -0.0000737294   0.0001587674  -0.0000868396   0.0401435183   0.1279642680
        0.2352394424  -0.0019933529  -0.0017065843  -0.0017385689  -0.0049682085
       -0.0137432790  -0.0284647003   0.0001938685   0.0002502300   0.0000742299
       -0.0001351548   0.0000327807   0.0003259688  -0.0000521807  -0.0002371994
       -0.0000560161   0.0000111041   0.0000035155   0.0000492627  -0.0000001557
       -0.0000120656  -0.0000260587  -0.0000190742   0.0000201837  -0.0000022865
        0.0007423309  -0.0009423765   0.0003690655  -0.0239701687  -0.0025763327
       -0.0000024337  -0.2608265838  -0.0722453360  -0.0000453068   0.0007420609
       -0.0009418949  -0.0003701433  -0.0024936709   0.0028012286   0.0000013930
        0.0006739990   0.0007331208   0.0000007511  -0.0018621397   0.0002877670
        0.0000002971  -0.0001769924   0.0002783699   0.0000005154  -0.0001799737
       -0.0000080872  -0.0000762433   0.0004773591   0.0006373083  -0.0003155956
        0.0002753226  -0.0003312276   0.0001257041  -0.0085524153  -0.0048972702
       -0.0019933529   0.3031521007   0.0818122785   0.0000517176  -0.0085527920
       -0.0048998771   0.0019872388   0.0004773898   0.0006368585   0.0003161840
       -0.0001799702  -0.0000081990   0.0000763483   0.0002753209  -0.0003311097
       -0.0001260665   0.0000456140  -0.0000073603   0.0000139150   0.0000459950
       -0.0000072341  -0.0000140048  -0.0001127863   0.0000093737   0.0000000168
        0.0006468690   0.0006767124  -0.0004548717   0.0233756466   0.0055511020
        0.0000040630  -0.0723743095  -0.0656946799  -0.0000136136   0.0006462258
        0.0006757752   0.0004552158   0.0022110106  -0.0043742018  -0.0000026078
       -0.0007869360   0.0004456354   0.0000000442   0.0013913844   0.0003659852
        0.0000003739   0.0004869844  -0.0002129146  -0.0000004239  -0.0001332315
       -0.0001116777   0.0000121755   0.0000282217  -0.0003623617   0.0003104283
       -0.0000959100   0.0000722681  -0.0000966785  -0.0185167587  -0.0067396023
       -0.0017065843   0.0818122785   0.0768743425   0.0000186590  -0.0185489908
       -0.0067546969   0.0017002657   0.0000283757  -0.0003614920  -0.0003109080
       -0.0001334057  -0.0001117393  -0.0000121761  -0.0000957873   0.0000720902
        0.0000968078  -0.0000135002  -0.0000215507  -0.0000018305  -0.0000135675
       -0.0000215771   0.0000016754   0.0000854003   0.0000325829  -0.0000000143
       -0.0007067358   0.0000223584   0.0002152765   0.0000145730   0.0000031666
       -0.0001296272  -0.0000454398  -0.0000134336  -0.0437579603   0.0007073945
       -0.0000219181   0.0002157487   0.0000005271  -0.0000028493   0.0003786301
       -0.0000003411   0.0000003425   0.0000376977   0.0000008411   0.0000002535
        0.0000360177   0.0000003338  -0.0000001453   0.0000090740  -0.0001422669
       -0.0001059374  -0.0001297953  -0.0000102316   0.0005173153   0.0000218479
        0.0001262874  -0.0000317750  -0.0000828795  -0.0262944661  -0.0105363517
       -0.0017385689   0.0000517176   0.0000186590   0.0468344684   0.0262717118
        0.0105302560  -0.0017233823   0.0000103143  -0.0005178532   0.0000209127
        0.0001421416   0.0001059900  -0.0001297747  -0.0001263647   0.0000319476
       -0.0000827886   0.0000087752  -0.0000037850   0.0000010571  -0.0000088062
        0.0000037134   0.0000009873   0.0000000350   0.0000000462   0.0000030588
       -0.0019688833   0.0029812204  -0.0002073159   0.0022227947   0.0108642403
       -0.0145548753  -0.0508390792  -0.0244339213   0.0348474832   0.0002639626
       -0.0003475146  -0.0004198612   0.0000535224   0.0022978732  -0.0008530323
       -0.0002130974  -0.0007784556   0.0004041568   0.0006021882  -0.0007346527
        0.0000684904  -0.0000418325   0.0000008675  -0.0000376227  -0.0000912982
       -0.0000411141   0.0000841358  -0.0000280733   0.0001002043   0.0000546664
        0.0002155553   0.0007775854  -0.0008129654   0.0017320715   0.0025687073
       -0.0049682085  -0.0085527920  -0.0185489908   0.0262717118   0.0566489315
        0.0253592372  -0.0401136321  -0.0001751559  -0.0001213787   0.0001746789
        0.0002078436   0.0001244338   0.0001381185  -0.0000578089  -0.0000624530
       -0.0000975489   0.0000115892   0.0000097209   0.0000005787  -0.0000234341
        0.0000105858   0.0000149720   0.0000329958  -0.0000261953   0.0000060697
        0.0034775167  -0.0043398972   0.0003749832  -0.0011786503  -0.0178535405
        0.0203827734  -0.0245824354  -0.1184249214   0.1096856709  -0.0003273349
        0.0005048694   0.0008567942  -0.0000229395  -0.0004366911   0.0003766946
       -0.0002063576   0.0007612166  -0.0002369602  -0.0003360317   0.0000445170
       -0.0001779865  -0.0001547555   0.0000189956   0.0000644391   0.0000287235
       -0.0000166116  -0.0002764159   0.0002142999   0.0002059255  -0.0002067726
       -0.0000390591  -0.0008907216   0.0012703353   0.0025629720   0.0092918440
       -0.0137432790  -0.0048998771  -0.0067546969   0.0105302560   0.0253592372
        0.1379907660  -0.1280823417  -0.0000895851  -0.0001922049   0.0000296841
        0.0003984502  -0.0003184470  -0.0008454122  -0.0001609170   0.0003867797
        0.0000227311  -0.0000123726  -0.0000074650   0.0000040524   0.0000183424
        0.0000252369  -0.0000340505  -0.0000492263   0.0000050468   0.0000048041
       -0.0008476052   0.0009448987   0.0003444134  -0.0016371096   0.0032746657
       -0.0021313492   0.0345859661   0.1096610929  -0.2042299901   0.0003556979
       -0.0008914377   0.0007542888  -0.0000902712   0.0021034254  -0.0000241304
        0.0002074621  -0.0015356422   0.0001900736   0.0002270013  -0.0005867187
        0.0000558732   0.0001895722   0.0000414347  -0.0000618098   0.0001352123
       -0.0000331116   0.0003255205  -0.0001936311  -0.0002501594   0.0000736824
        0.0000520730   0.0002362130  -0.0000541322   0.0049720617   0.0137898664
       -0.0284647003   0.0019872388   0.0017002657  -0.0017233823  -0.0401136321
       -0.1280823417   0.2349201932  -0.0000153224   0.0000694917  -0.0001121761
        0.0001037115  -0.0002719893   0.0002035802   0.0000735386  -0.0001582059
       -0.0000869988   0.0000003129   0.0000121401  -0.0000258485  -0.0000112535
       -0.0000037938   0.0000491749   0.0000189764  -0.0000200940  -0.0000022825
        0.0005791067   0.0004341632   0.0006393082  -0.0080893543  -0.0047905354
       -0.0038157245   0.0007430046   0.0006313133   0.0006901715  -0.2585797049
       -0.0726587085  -0.0009115530  -0.0000788757  -0.0007195066  -0.0015588071
       -0.0003635510  -0.0006463559   0.0000175768  -0.0002645161  -0.0001178222
       -0.0003610905   0.0002447968  -0.0000245372   0.0001287166   0.0000834199
        0.0001586960   0.0003014355   0.0005058980   0.0001290900  -0.0004196446
       -0.0002943332  -0.0000156800  -0.0000496554  -0.0000280537   0.0002140737
        0.0001938685   0.0004773898   0.0000283757   0.0000103143  -0.0001751559
       -0.0000895851  -0.0000153224   0.2986269210   0.0859341567   0.0022369810
       -0.0086209092  -0.0040131871   0.0023065952  -0.0248068227  -0.0044438202
        0.0006276626  -0.0000107210  -0.0000409981  -0.0000304076   0.0000279110
        0.0000236578  -0.0000078322   0.0000235501   0.0000072098   0.0000174071
        0.0005502260   0.0005365136   0.0008968663  -0.0178962311  -0.0079687871
       -0.0045975822  -0.0008009305   0.0004612513   0.0001623026  -0.0731206091
       -0.0680805466   0.0009311908   0.0008289028  -0.0013721809  -0.0034048287
       -0.0010034121  -0.0009451961   0.0006317723  -0.0002445415   0.0004018531
        0.0003127192   0.0000437968   0.0000400610   0.0001760905   0.0000282131
       -0.0000455809   0.0002476518   0.0001285490   0.0003794178  -0.0001325112
        0.0001520099  -0.0000778448  -0.0000472688   0.0001002937   0.0002054246
        0.0002502300   0.0006368585  -0.0003614920  -0.0005178532  -0.0001213787
       -0.0001922049   0.0000694917   0.0859341567   0.0772315068   0.0021834251
       -0.0198457823  -0.0072312364   0.0028924639   0.0245603014   0.0069894111
       -0.0000689408   0.0000787402   0.0000120765   0.0000221488   0.0000057633
       -0.0000081715   0.0000005816  -0.0000149261   0.0000257253  -0.0000079494
       -0.0006971811  -0.0004567620   0.0009745162  -0.0245252797  -0.0103540486
       -0.0043659792  -0.0004537949   0.0006624683   0.0005121083  -0.0016848569
        0.0005106346  -0.0423194802   0.0008344412  -0.0022619060  -0.0044555437
       -0.0014355164  -0.0013819353   0.0008278322  -0.0004798480   0.0005251538
        0.0002483180  -0.0000733053  -0.0000340782   0.0001369937   0.0001478851
        0.0001175208   0.0002688449   0.0004197812   0.0001336846  -0.0006783034
       -0.0000157864   0.0000578763  -0.0001024443  -0.0000545691   0.0002068498
        0.0000742299   0.0003161840  -0.0003109080   0.0000209127   0.0001746789
        0.0000296841  -0.0001121761   0.0022369810   0.0021834251   0.0497201401
        0.0260982079   0.0101166031  -0.0016453197  -0.0008511766   0.0002628319
        0.0008796899   0.0000562104  -0.0000060790   0.0000208884  -0.0000327709
       -0.0000154030  -0.0000096015   0.0000197155   0.0000143878   0.0000043739
        0.0003543002  -0.0004097713  -0.0006724088   0.0007561989   0.0023398361
       -0.0038960366   0.0000455476   0.0000052662   0.0004693961  -0.0516238191
       -0.0220386300   0.0328365183   0.0004933411   0.0000630722  -0.0011780435
       -0.0000411386   0.0001074572   0.0002939235   0.0000533897   0.0000828807
        0.0002040962  -0.0002399975  -0.0000298615  -0.0000833795   0.0002641527
        0.0000707799  -0.0002223523   0.0000833764   0.0000283832  -0.0001478466
       -0.0000342991  -0.0000368902   0.0000470005  -0.0000912959   0.0000288787
       -0.0001351548  -0.0001799702  -0.0001334057   0.0001421416   0.0002078436
        0.0003984502   0.0001037115  -0.0086209092  -0.0198457823   0.0260982079
        0.0555785162   0.0262762737  -0.0376581505   0.0030218248   0.0131355722
       -0.0162506598   0.0000158977   0.0000027613   0.0000395113  -0.0000713413
       -0.0000383453   0.0000020570   0.0000283820  -0.0000069254   0.0000074685
       -0.0002607159  -0.0009021869  -0.0023897252   0.0025457935   0.0078570851
       -0.0120832658  -0.0001559570   0.0007392835  -0.0008595041  -0.0223496555
       -0.1178257766   0.1093365425  -0.0000201184   0.0006653866  -0.0000380889
        0.0003011793   0.0002113753   0.0000740920   0.0003964739  -0.0000725394
       -0.0001833916  -0.0000714528  -0.0000416187   0.0000804638   0.0000704896
        0.0004993037  -0.0007256439   0.0001590171  -0.0000452509  -0.0001179991
       -0.0001700970   0.0000280140  -0.0001379657  -0.0000410184  -0.0000169843
        0.0000327807  -0.0000081990  -0.0001117393   0.0001059900   0.0001244338
       -0.0003184470  -0.0002719893  -0.0040131871  -0.0072312364   0.0101166031
        0.0262762737   0.1346538632  -0.1252866054  -0.0028043241  -0.0181204352
        0.0223661782  -0.0000007257  -0.0000060736  -0.0000219080   0.0000260159
        0.0000573472  -0.0000127805  -0.0000042260  -0.0000193701   0.0000162172
       -0.0010914157  -0.0032566682  -0.0052743913   0.0028883606   0.0112948146
       -0.0254389472  -0.0001730585   0.0009468348   0.0007825960   0.0335274731
        0.1095127237  -0.2017303289   0.0003430690   0.0008815992  -0.0008364043
        0.0001889790  -0.0005288556   0.0001953508  -0.0003859728   0.0001013936
        0.0005351919   0.0001182403   0.0000814749  -0.0003042133   0.0002223463
        0.0007279808  -0.0015015396  -0.0003011908  -0.0002479572   0.0002683658
        0.0001399218  -0.0003402699   0.0002248813  -0.0000841815   0.0002760128
        0.0003259688   0.0000763483  -0.0000121761  -0.0001297747   0.0001381185
       -0.0008454122   0.0002035802   0.0023065952   0.0028924639  -0.0016453197
       -0.0376581505  -0.1252866054   0.2361234058  -0.0003356802   0.0038149507
       -0.0018703424   0.0000374267   0.0000326917   0.0000214410  -0.0000098188
       -0.0000372588   0.0000556139   0.0000525901  -0.0000077373  -0.0000051344
        0.0001279168  -0.0001336914  -0.0000506936   0.0017046950  -0.0012415823
        0.0010315711   0.0004549992  -0.0000662122  -0.0000614878  -0.1382524028
        0.1186724599  -0.0000055961   0.0010143440  -0.0002698885  -0.0000817652
       -0.0001191131   0.0001637699  -0.0000221501  -0.0007057220  -0.0006670185
       -0.0005076319  -0.0003617634  -0.0001783248  -0.0000678424  -0.0000342456
       -0.0001699137  -0.0001401568  -0.0002942812   0.0001519724   0.0000159554
        0.0004117461  -0.0001256608   0.0002138696   0.0002156031  -0.0000391290
       -0.0000521807   0.0002753209  -0.0000957873  -0.0001263647  -0.0000578089
       -0.0001609170   0.0000735386  -0.0248068227   0.0245603014  -0.0008511766
        0.0030218248  -0.0028043241  -0.0003356802   0.1574113817  -0.1376654392
        0.0009574731   0.0000408759   0.0000479250   0.0000276548   0.0000118267
       -0.0000162591   0.0000153758  -0.0000583745   0.0000377194  -0.0000327123
       -0.0001862006   0.0007778316   0.0010102476   0.0106651974  -0.0174098461
       -0.0035133505  -0.0006832993  -0.0024326609  -0.0037972677   0.1184537524
       -0.1919253580   0.0022615755   0.0015929446  -0.0025777301  -0.0001985229
        0.0000397094   0.0008246497  -0.0000639336  -0.0012121384   0.0012792044
        0.0006926360  -0.0001865692   0.0001045359  -0.0002718639  -0.0000368305
        0.0000274754   0.0003399698  -0.0000157997  -0.0000779434  -0.0000578395
       -0.0001254173   0.0004815099  -0.0002214848   0.0007766247  -0.0008889940
       -0.0002371994  -0.0003311097   0.0000720902   0.0000319476  -0.0000624530
        0.0003867797  -0.0001582059  -0.0044438202   0.0069894111   0.0002628319
        0.0131355722  -0.0181204352   0.0038149507  -0.1376654392   0.2223954872
        0.0000337670   0.0001431362   0.0000658186   0.0000948828   0.0001016111
       -0.0000281494  -0.0000069987   0.0000405292   0.0000563235  -0.0000161423
        0.0004052623  -0.0008587992   0.0008186816   0.0143439842  -0.0202400013
       -0.0024524365  -0.0006223455  -0.0031829660  -0.0038015240  -0.0002547358
        0.0024374894  -0.0426821319   0.0007987144  -0.0006788896   0.0007933281
        0.0001628886   0.0004909550  -0.0000860476  -0.0006284910   0.0003255615
       -0.0003096840  -0.0001370065  -0.0000089834  -0.0000061542  -0.0000470606
        0.0001377733   0.0002254534   0.0000496410   0.0000473995  -0.0001024234
       -0.0002140737   0.0002232111  -0.0008569035   0.0008138761  -0.0012713327
       -0.0000560161  -0.0001260665   0.0000968078  -0.0000827886  -0.0000975489
        0.0000227311  -0.0000869988   0.0006276626  -0.0000689408   0.0008796899
       -0.0162506598   0.0223661782  -0.0018703424   0.0009574731   0.0000337670
        0.0496905269   0.0000855876   0.0000269724  -0.0000017280   0.0001318130
        0.0000872812  -0.0000365916   0.0000010855   0.0000137854   0.0000240907
       -0.0001636247  -0.0001146460   0.0000561433   0.0000633689  -0.0001951746
        0.0008295941   0.0000609018   0.0000239899   0.0000230581  -0.0000463248
        0.0000600864  -0.0000055270   0.0002501866  -0.0037023146  -0.0013966301
        0.0011412095   0.0009827161   0.0002192747  -0.0272347742  -0.0214608596
       -0.0279917223  -0.0462345877  -0.0201044955  -0.0331449286  -0.0000715174
        0.0000263440   0.0000099754   0.0000278987   0.0000053325   0.0000331767
        0.0000115504   0.0001011622  -0.0001318453  -0.0000231639   0.0000183017
        0.0000111041   0.0000456140  -0.0000135002   0.0000087752   0.0000115892
       -0.0000123726   0.0000003129  -0.0000107210   0.0000787402   0.0000562104
        0.0000158977  -0.0000007257   0.0000374267   0.0000408759   0.0001431362
        0.0000855876   0.0659461174   0.0335807964   0.0462106352   0.0026626470
        0.0026293681   0.0032641924   0.0035068568   0.0079541151   0.0118251867
        0.0000083254   0.0000118941  -0.0000028415   0.0000421321  -0.0002543642
       -0.0001291320   0.0000585623  -0.0000047484   0.0000181957  -0.0000525668
       -0.0000290770   0.0000098587   0.0013258571   0.0020303480   0.0005950348
       -0.0007211451  -0.0001714083  -0.0004279723  -0.0126472028  -0.0064657772
       -0.0065895419  -0.0217311650  -0.1084322654  -0.1009146438  -0.0000379741
        0.0000571511   0.0000367759   0.0000236855  -0.0000084726   0.0000154650
       -0.0000166710  -0.0000281479  -0.0000870323   0.0000106850   0.0000248574
        0.0000035155  -0.0000073603  -0.0000215507  -0.0000037850   0.0000097209
       -0.0000074650   0.0000121401  -0.0000409981   0.0000120765  -0.0000060790
        0.0000027613  -0.0000060736   0.0000326917   0.0000479250   0.0000658186
        0.0000269724   0.0335807964   0.1226604266   0.1183045113   0.0026617086
        0.0080120878   0.0134285755  -0.0025170764  -0.0174453098  -0.0243227090
        0.0000393105   0.0000244075  -0.0000276880   0.0001894281  -0.0000803477
       -0.0000536810   0.0000745626  -0.0000135102  -0.0000025042   0.0000177341
       -0.0000025406   0.0000139539   0.0002303009  -0.0026944223   0.0007265138
        0.0011046100   0.0011949554  -0.0003624141  -0.0089748217  -0.0012870131
        0.0021171406  -0.0362438662  -0.1006060639  -0.2001005951  -0.0000023025
        0.0000128065   0.0000559323   0.0000079194  -0.0000007280  -0.0000094391
       -0.0000156204   0.0000067799  -0.0000368719  -0.0000150514   0.0000340800
        0.0000492627   0.0000139150  -0.0000018305   0.0000010571   0.0000005787
        0.0000040524  -0.0000258485  -0.0000304076   0.0000221488   0.0000208884
        0.0000395113  -0.0000219080   0.0000214410   0.0000276548   0.0000948828
       -0.0000017280   0.0462106352   0.1183045113   0.2275297889  -0.0032823643
       -0.0132179605  -0.0285721752   0.0006082734  -0.0017722998  -0.0013430334
       -0.0000460801   0.0000599351   0.0000060454   0.0000661660  -0.0001946654
       -0.0008274450   0.0000615741   0.0000244161  -0.0000228483  -0.0001630328
       -0.0001145657  -0.0000565904   0.0002541526  -0.0037075520   0.0013868403
        0.0011372324   0.0009862565  -0.0002221170  -0.0271957694  -0.0216164917
        0.0278922223  -0.0461658308  -0.0202068599   0.0328621878   0.0000157965
       -0.0000007031  -0.0000373440  -0.0000105351   0.0000788994  -0.0000562428
        0.0000409342   0.0001432885  -0.0000856314   0.0000113709  -0.0000122456
       -0.0000001557   0.0000459950  -0.0000135675  -0.0000088062  -0.0000234341
        0.0000183424  -0.0000112535   0.0000279110   0.0000057633  -0.0000327709
       -0.0000713413   0.0000260159  -0.0000098188   0.0000118267   0.0001016111
        0.0001318130   0.0026626470   0.0026617086  -0.0032823643   0.0658467413
        0.0337365710  -0.0458430299   0.0034936757   0.0080238431  -0.0117826904
       -0.0000523977  -0.0000295937  -0.0000098339   0.0000426134  -0.0002559776
        0.0001311342   0.0000591435  -0.0000047541  -0.0000180504   0.0000090724
        0.0000118592   0.0000031967   0.0013282630   0.0020306681  -0.0005937246
       -0.0007095783  -0.0001722264   0.0004235447  -0.0126884883  -0.0065355181
        0.0065685381  -0.0218560659  -0.1096177819   0.1014730961   0.0000028578
       -0.0000059063  -0.0000328279  -0.0000412116   0.0000121892   0.0000060080
        0.0000479429   0.0000662942  -0.0000272075   0.0000097767  -0.0000073405
       -0.0000120656  -0.0000072341  -0.0000215771   0.0000037134   0.0000105858
        0.0000252369  -0.0000037938   0.0000236578  -0.0000081715  -0.0000154030
       -0.0000383453   0.0000573472  -0.0000372588  -0.0000162591  -0.0000281494
        0.0000872812   0.0026293681   0.0080120878  -0.0132179605   0.0337365710
        0.1240610706  -0.1189500727  -0.0024902719  -0.0175897565   0.0242216862
       -0.0000182092   0.0000024031   0.0000139980  -0.0001909524   0.0000786110
       -0.0000521499  -0.0000744879   0.0000135894  -0.0000024728  -0.0000398286
       -0.0000244773  -0.0000275449  -0.0002226394   0.0027071933   0.0007377175
       -0.0011057177  -0.0012043994  -0.0003702922   0.0089265253   0.0012680021
        0.0021191228   0.0359590673   0.1011667906  -0.1989924440  -0.0000392136
        0.0000218983   0.0000208824   0.0000301371  -0.0000222616   0.0000208649
       -0.0000275879  -0.0000944306  -0.0000018956  -0.0000003233  -0.0000042404
       -0.0000260587  -0.0000140048   0.0000016754   0.0000009873   0.0000149720
       -0.0000340505   0.0000491749  -0.0000078322   0.0000005816  -0.0000096015
        0.0000020570  -0.0000127805   0.0000556139   0.0000153758  -0.0000069987
       -0.0000365916   0.0032641924   0.0134285755  -0.0285721752  -0.0458430299
       -0.1189500727   0.2262458994  -0.0006284997   0.0016643915  -0.0011730344
        0.0000124585   0.0000368230  -0.0000169144  -0.0007608659   0.0013813712
       -0.0000015736  -0.0004815711  -0.0001717028  -0.0000003532   0.0000118041
        0.0000366157   0.0000166411  -0.0077374364  -0.0014819568   0.0000121873
        0.0015025520  -0.0012605388  -0.0000010490  -0.0285701930   0.0272466091
        0.0000806469  -0.0940387890   0.1007484281   0.0003174203   0.0000285172
       -0.0000043249  -0.0000527120   0.0000234631  -0.0000145953  -0.0000200168
       -0.0000579441   0.0000407339  -0.0000007658   0.0000330152  -0.0000492966
       -0.0000190742  -0.0001127863   0.0000854003   0.0000000350   0.0000329958
       -0.0000492263   0.0000189764   0.0000235501  -0.0000149261   0.0000197155
        0.0000283820  -0.0000042260   0.0000525901  -0.0000583745   0.0000405292
        0.0000010855   0.0035068568  -0.0025170764   0.0006082734   0.0034936757
       -0.0024902719  -0.0006284997   0.1231206896  -0.1215583686  -0.0003866126
        0.0000164760  -0.0000040212  -0.0000059954  -0.0003169382   0.0002580580
       -0.0000010537  -0.0000817421   0.0000179436   0.0000000205   0.0000163324
       -0.0000039332   0.0000059453  -0.0012465968  -0.0021625488  -0.0000053369
        0.0011748896   0.0014038327   0.0000015332  -0.0008462553   0.0070938585
        0.0000226372   0.1068313872  -0.2303938920  -0.0005975625  -0.0000070770
       -0.0000192514   0.0000080099   0.0000074366   0.0000257970  -0.0000142860
        0.0000375805   0.0000559309  -0.0000138862  -0.0000262645   0.0000051423
        0.0000201837   0.0000093737   0.0000325829   0.0000000462  -0.0000261953
        0.0000050468  -0.0000200940   0.0000072098   0.0000257253   0.0000143878
       -0.0000069254  -0.0000193701  -0.0000077373   0.0000377194   0.0000563235
        0.0000137854   0.0079541151  -0.0174453098  -0.0017722998   0.0080238431
       -0.0175897565   0.0016643915  -0.1215583686   0.2586578413   0.0006873113
       -0.0000075904  -0.0000338913  -0.0000068936  -0.0000010522  -0.0000001781
        0.0001689599  -0.0000000101   0.0000000781  -0.0000259815   0.0000078873
        0.0000337736  -0.0000065466  -0.0000032136   0.0000019160   0.0005515443
       -0.0000034191   0.0000029377   0.0000971126   0.0000168235   0.0000059906
        0.0007527254   0.0003347006  -0.0005974098  -0.0437534175  -0.0000077297
       -0.0000160154  -0.0000049012  -0.0000174407   0.0000081879   0.0000043896
        0.0000331098   0.0000160552   0.0000236512  -0.0000061988  -0.0000046482
       -0.0000022865   0.0000000168  -0.0000000143   0.0000030588   0.0000060697
        0.0000048041  -0.0000022825   0.0000174071  -0.0000079494   0.0000043739
        0.0000074685   0.0000162172  -0.0000051344  -0.0000327123  -0.0000161423
        0.0000240907   0.0118251867  -0.0243227090  -0.0013430334  -0.0117826904
        0.0242216862  -0.0011730344  -0.0003866126   0.0006873113   0.0446936051
