           1           2  0.98353437934180121     
           2           3   1.0001304335836037     
           2           4  0.98355218414602330     
           2           5  0.93969001101541894     
           5           6   1.7654791730565975     
           5           7   1.1247720497238487     
           6           7  0.17017904596235772     
           7           8  0.95991721672202324     
           1           9  0.98627233497568512     
           1          10  0.98321986888254442     
           1          11  0.98467715147245594     
           3          12  0.98481961295074849     
           3          13  0.98558232572296156     
           3          14  0.98482077026224812     
           4          15  0.98322195637062448     
           4          16  0.98627297787120916     
           4          17  0.98467519380772683     
           8          18  0.97726016041432184     
           8          19  0.97725777146048254     
           8          20  0.98210502164499325     
