           1           2   1.4509980758189029     
           2           3   1.3523805089281071     
           1           4  0.10269054399847419     
           3           4   1.3813695917079973     
           4           5   1.3695638333430662     
           1           6   1.4395413441759684     
           5           6   1.3653728164086789     
           5           7   1.0834878066030142     
           3           8   1.0913473760084336     
           8           9   2.8093835729172598     
           1          10  0.96944924441634506     
           2          11  0.97025786702858752     
           4          12  0.96692849856536511     
           6          13  0.96641921692996691     
           7          14  0.88591040908382479     
