$hessian                                                                        
        0.4941459995  -0.0086695150  -0.0356905655  -0.1098797260  -0.0159555127
       -0.0699479036  -0.0258378765   0.0035215570  -0.0192727499   0.0002888742
       -0.0023567837   0.0015559646  -0.0018087234   0.0013902362   0.0009879913
       -0.0006149384  -0.0001137216   0.0016876938  -0.0474577542  -0.0300009049
       -0.0019813874  -0.2306709383   0.0915679274   0.0464812224  -0.0793729453
       -0.0369748305   0.0781364857   0.0061526693   0.0010684768   0.0048923590
       -0.0048131406  -0.0034030639  -0.0069495511   0.0002596444  -0.0001191666
        0.0000179045  -0.0001562517   0.0000689404   0.0000733070  -0.0002348932
       -0.0000236388   0.0000092292
       -0.0086695150   0.5246269366  -0.0099274916  -0.0111181155  -0.0683339515
       -0.0128862747   0.0055899358   0.0027192543   0.0103938505   0.0008324900
       -0.0014259718  -0.0013880476   0.0013355954   0.0004285783  -0.0006069644
        0.0000853135   0.0000836497  -0.0004818172  -0.0295470621  -0.2800132487
       -0.0311622351   0.0915026084  -0.0887349207  -0.0208348567  -0.0369862629
       -0.0855242706   0.0810223863   0.0061687378   0.0023876345   0.0087128011
       -0.0191708389  -0.0062598974  -0.0228310332  -0.0000828138   0.0000061311
        0.0000346191   0.0000497702  -0.0000109210  -0.0000418926   0.0000101571
        0.0000509972  -0.0000030440
       -0.0356905655  -0.0099274916   0.4802963376  -0.0588794343  -0.0172670283
       -0.1409441842  -0.0083372181   0.0047173306   0.0040491794   0.0006493191
       -0.0023885075   0.0000321263   0.0022767632   0.0012690667  -0.0014785392
       -0.0000832400   0.0000575502  -0.0001904868  -0.0021960911  -0.0317515545
       -0.0481263294   0.0465291958  -0.0207538523  -0.0526699063   0.0782243857
        0.0819417326  -0.2094024541  -0.0169844501  -0.0022421585  -0.0260393353
       -0.0055579303  -0.0035768356  -0.0055032234  -0.0000078556  -0.0000178905
       -0.0000004717   0.0000500558   0.0000094531   0.0000076376   0.0000070656
       -0.0000698144  -0.0000303506
       -0.1098797260  -0.0111181155  -0.0588794343   0.4500222789   0.0316718316
       -0.0341699971  -0.1393090012   0.0482439995   0.0175078859  -0.0049880503
        0.0153660671   0.0041221859  -0.0465855642   0.0009210113   0.0138625959
       -0.0015761881  -0.0029239325   0.0017852926  -0.0049541027  -0.0040084746
       -0.0060665231  -0.0221904088  -0.0032755061  -0.0230791894   0.0058839242
        0.0019536670   0.0044124257  -0.0762243923  -0.0365215884   0.0814315198
       -0.0488955000  -0.0409183335  -0.0013071650   0.0001867061  -0.0000126324
        0.0001379248  -0.0010822144   0.0005839128   0.0002809918  -0.0004077613
        0.0000380937  -0.0000385136
       -0.0159555127  -0.0683339515  -0.0172670283   0.0316718316   0.5447260561
       -0.0158579117   0.0458934198  -0.0853793243  -0.0111910656   0.0405924812
       -0.0407970382  -0.0063827739  -0.0142489643   0.0075148550   0.0034184818
       -0.0034566769  -0.0015776921   0.0011036930  -0.0192991731  -0.0068792457
       -0.0237617367   0.0084118682   0.0021759186   0.0093895650   0.0072918117
        0.0020209426   0.0093461660  -0.0372436651  -0.0826186669   0.0759480622
       -0.0427265823  -0.2708248594  -0.0249938853  -0.0000422173  -0.0001881678
       -0.0000161869  -0.0008530547   0.0003782975   0.0002357468  -0.0000355660
       -0.0002171242   0.0000288735
       -0.0699479036  -0.0128862747  -0.1409441842  -0.0341699971  -0.0158579117
        0.4701220656   0.0245458069  -0.0143846845  -0.0739232404   0.0030108906
        0.0003389638   0.0133866399   0.0141231323  -0.0021496292   0.0038677292
        0.0035237889   0.0012363043   0.0054385148  -0.0053821972  -0.0041468268
       -0.0059522752  -0.0015526293   0.0005161855   0.0008845498  -0.0166742872
       -0.0025990790  -0.0249937117   0.0836319489   0.0760180776  -0.2015090818
       -0.0015906417  -0.0259699032  -0.0464279169   0.0009874730  -0.0000982665
       -0.0003475094   0.0004776422  -0.0001954299   0.0000507513  -0.0009830266
        0.0001784744   0.0003476690
       -0.0258378765   0.0055899358  -0.0083372181  -0.1393090012   0.0458934198
        0.0245458069   0.4787061438  -0.0924739638  -0.0657456796  -0.0958817285
        0.1159484430   0.0004242526  -0.1557993340  -0.0610075566   0.0306605602
       -0.0453807139  -0.0158778502   0.0131167486  -0.0007058563  -0.0002516219
       -0.0003530565  -0.0013437281  -0.0000452918  -0.0019230886   0.0007686894
       -0.0001725111   0.0011265646  -0.0146148266   0.0034255280   0.0064435161
        0.0050340579  -0.0010237589  -0.0020060992   0.0001710073  -0.0010131837
        0.0007584349  -0.0065428198   0.0019287362   0.0018237865   0.0007359865
       -0.0009203250  -0.0005345283
        0.0035215570   0.0027192543   0.0047173306   0.0482439995  -0.0853793243
       -0.0143846845  -0.0924739638   0.9301347214  -0.0215774913   0.1014318032
       -0.6904409509   0.0105099466  -0.0776854383  -0.1582883808   0.0272987790
       -0.0045566260   0.0153249861   0.0004178878  -0.0030151197  -0.0007214112
       -0.0011717096  -0.0011614788  -0.0000601496  -0.0016683172   0.0001567945
        0.0001943545   0.0006750288  -0.0071389232   0.0057602297   0.0038348629
        0.0229471483  -0.0196885024  -0.0061336077   0.0044050079   0.0017213835
        0.0014650175   0.0021286221  -0.0026856048  -0.0004301471   0.0031966173
        0.0014093945  -0.0035528958
       -0.0192727499   0.0103938505   0.0040491794   0.0175078859  -0.0111910656
       -0.0739232404  -0.0657456796  -0.0215774913   0.2150788486   0.0013794470
        0.0089499844  -0.0668601112   0.0306110048   0.0222229893  -0.0651473143
        0.0128553452   0.0031316975  -0.0030818249  -0.0002395014   0.0002148093
        0.0009026607  -0.0043461336  -0.0005671680  -0.0041851504  -0.0012719311
        0.0008943684  -0.0007172919   0.0240176583  -0.0106051713  -0.0074929331
        0.0029936988  -0.0020077782  -0.0001357547  -0.0015924188  -0.0001286325
        0.0008383544   0.0017007413  -0.0003333385   0.0000641025   0.0014026330
        0.0006029461   0.0006104753
        0.0002888742   0.0008324900   0.0006493191  -0.0049880503   0.0405924812
        0.0030108906  -0.0958817285   0.1014318032   0.0013794470   0.0991603697
       -0.0975794211  -0.0126991593   0.0016790645  -0.0462849599   0.0091990141
        0.0012149357  -0.0039197893  -0.0011927838   0.0006872333  -0.0000509292
        0.0006104081   0.0000176470  -0.0001330095  -0.0000598625   0.0000185341
        0.0001696117  -0.0001034418   0.0011598745   0.0001376025  -0.0012587508
       -0.0067355123   0.0048288879   0.0015436203   0.0012931408   0.0006456097
        0.0003929520   0.0013722965  -0.0010671531  -0.0002771176   0.0007133208
        0.0003967758  -0.0011945353
       -0.0023567837  -0.0014259718  -0.0023885075   0.0153660671  -0.0407970382
        0.0003389638   0.1159484430  -0.6904409509   0.0089499844  -0.0975794211
        0.8303134099  -0.0234946999  -0.0389715349  -0.0986663471   0.0178081910
        0.0027091364   0.0016500607  -0.0011133276   0.0008331973   0.0010965663
        0.0004865330   0.0004288981   0.0005118948   0.0009998247   0.0000074130
       -0.0003094460   0.0001563136  -0.0019729951   0.0000930837  -0.0003892590
        0.0066848299  -0.0032937390  -0.0015345176  -0.0014528886  -0.0001313311
       -0.0010111007   0.0011125625   0.0014153840  -0.0003474518  -0.0007569239
       -0.0000155753   0.0015390537
        0.0015559646  -0.0013880476   0.0000321263   0.0041221859  -0.0063827739
        0.0133866399   0.0004242526   0.0105099466  -0.0668601112  -0.0126991593
       -0.0234946999   0.0318554105   0.0090058618   0.0200898869   0.0224217349
       -0.0015938071   0.0007862077  -0.0033466905   0.0004390666   0.0001269388
       -0.0002826212   0.0004385124   0.0002842040   0.0007010611   0.0001802360
       -0.0002795450   0.0002396522  -0.0019813354   0.0008433222   0.0011910099
        0.0011328668  -0.0009522201   0.0009975303  -0.0000080519   0.0002067506
       -0.0005320410  -0.0004162329   0.0002162333   0.0001748202  -0.0006003601
       -0.0005662034   0.0000214786
       -0.0018087234   0.0013355954   0.0022767632  -0.0465855642  -0.0142489643
        0.0141231323  -0.1557993340  -0.0776854383   0.0306110048   0.0016790645
       -0.0389715349   0.0090058618   0.4366384774   0.0228522139  -0.0987711025
       -0.1595528612   0.0688109841   0.0240685998   0.0004476753  -0.0000507849
        0.0003621355  -0.0010167887   0.0000539806  -0.0010282424   0.0003703885
        0.0002619165  -0.0005075975  -0.0051637755   0.0023109168   0.0015637846
        0.0003980448  -0.0002343863   0.0001028290  -0.0290783143   0.0169215200
       -0.0010020563  -0.0291583776   0.0065542288   0.0076836852  -0.0113699115
        0.0120897525   0.0115112026
        0.0013902362   0.0004285783   0.0012690667   0.0009210113   0.0075148550
       -0.0021496292  -0.0610075566  -0.1582883808   0.0222229893  -0.0462849599
       -0.0986663471   0.0200898869   0.0228522139   0.3712913373  -0.0235081968
        0.0534543141  -0.1099067070  -0.0112409903   0.0005359799   0.0000979581
        0.0003256465  -0.0002148480  -0.0000810057  -0.0000739470  -0.0000885884
        0.0000491518  -0.0005664368   0.0020173215  -0.0000142401  -0.0008322740
        0.0004682743   0.0015158593   0.0004357311   0.0227773047  -0.0115633731
       -0.0027340474  -0.0206197023   0.0102759329   0.0050925584   0.0237989994
       -0.0126536188  -0.0083303575
        0.0009879913  -0.0006069644  -0.0014785392   0.0138625959   0.0034184818
        0.0038677292   0.0306605602   0.0272987790  -0.0651473143   0.0091990141
        0.0178081910   0.0224217349  -0.0987711025  -0.0235081968   0.1021583713
        0.0248228229  -0.0155818196  -0.0623419605  -0.0002081984  -0.0000001469
       -0.0001149252   0.0003927996   0.0000842393   0.0007173113   0.0002478121
       -0.0002240455   0.0005804277   0.0009118518  -0.0004198212  -0.0002603494
       -0.0008577994   0.0002989354  -0.0006186227  -0.0197358807   0.0074022277
        0.0090984773   0.0090556741  -0.0022219927  -0.0015940455   0.0294318590
       -0.0137478672  -0.0072882948
       -0.0006149384   0.0000853135  -0.0000832400  -0.0015761881  -0.0034566769
        0.0035237889  -0.0453807139  -0.0045566260   0.0128553452   0.0012149357
        0.0027091364  -0.0015938071  -0.1595528612   0.0534543141   0.0248228229
        0.4331145965   0.0490162869   0.0145608988  -0.0000813724   0.0002029202
        0.0000539499   0.0000295269  -0.0001136421  -0.0002663512  -0.0001145772
       -0.0000072297   0.0000354578  -0.0018334952   0.0006367774  -0.0000638027
        0.0000073302  -0.0005469784  -0.0000424565  -0.0621427429   0.0360934996
       -0.0602481041  -0.1207583517  -0.1170804959   0.0263133329  -0.0423111483
       -0.0164365990  -0.0198678348
       -0.0001137216   0.0000836497   0.0000575502  -0.0029239325  -0.0015776921
        0.0012363043  -0.0158778502   0.0153249861   0.0031316975  -0.0039197893
        0.0016500607   0.0007862077   0.0688109841  -0.1099067070  -0.0155818196
        0.0490162869   0.5180959137  -0.0142581060   0.0000011693  -0.0001144985
        0.0000233843  -0.0000435470   0.0000693653  -0.0000562992   0.0000660128
        0.0000914498  -0.0000871290  -0.0006180833   0.0002869411   0.0003598492
        0.0002664275   0.0001613929  -0.0000323632   0.0346460178  -0.1044251390
        0.0954208402  -0.1110088487  -0.1956273435   0.0370334026  -0.0183011258
       -0.1241123793  -0.1080335189
        0.0016876938  -0.0004818172  -0.0001904868   0.0017852926   0.0011036930
        0.0054385148   0.0131167486   0.0004178878  -0.0030818249  -0.0011927838
       -0.0011133276  -0.0033466905   0.0240685998  -0.0112409903  -0.0623419605
        0.0145608988  -0.0142581060   0.4936923850  -0.0000846832  -0.0001405103
       -0.0000431806   0.0003303424   0.0000751732   0.0002939221  -0.0000528059
        0.0001053032  -0.0003284276  -0.0003565568   0.0001900936   0.0001769169
        0.0000692366   0.0001809403   0.0001350491  -0.0568759238   0.0947795003
       -0.1889044840   0.0260200331   0.0386588214  -0.0524947673  -0.0230760923
       -0.1082766613  -0.1890049657
       -0.0474577542  -0.0295470621  -0.0021960911  -0.0049541027  -0.0192991731
       -0.0053821972  -0.0007058563  -0.0030151197  -0.0002395014   0.0006872333
        0.0008331973   0.0004390666   0.0004476753   0.0005359799  -0.0002081984
       -0.0000813724   0.0000011693  -0.0000846832   0.0537284432   0.0363577220
        0.0062847225   0.0017172143   0.0293727547   0.0042479889  -0.0015345832
       -0.0144791607   0.0001830607   0.0004982198   0.0002276389   0.0005320008
       -0.0023525352  -0.0010152458  -0.0036192238  -0.0000055063  -0.0000075940
       -0.0000007902   0.0000473394   0.0000343311   0.0000002413  -0.0000344151
        0.0000005621   0.0000436045
       -0.0300009049  -0.2800132487  -0.0317515545  -0.0040084746  -0.0068792457
       -0.0041468268  -0.0002516219  -0.0007214112   0.0002148093  -0.0000509292
        0.0010965663   0.0001269388  -0.0000507849   0.0000979581  -0.0000001469
        0.0002029202  -0.0001144985  -0.0001405103   0.0363577220   0.3208116600
        0.0383757920   0.0010328340  -0.0182595863  -0.0024354669  -0.0028504693
       -0.0173012382   0.0009664940   0.0002841330   0.0004650791   0.0001753418
       -0.0006708057   0.0007641621  -0.0014142110  -0.0000093968   0.0000180088
       -0.0000124800   0.0000373924   0.0000098781   0.0000049046  -0.0000216144
        0.0000259163   0.0000369159
       -0.0019813874  -0.0311622351  -0.0481263294  -0.0060665231  -0.0237617367
       -0.0059522752  -0.0003530565  -0.0011717096   0.0009026607   0.0006104081
        0.0004865330  -0.0002826212   0.0003621355   0.0003256465  -0.0001149252
        0.0000539499   0.0000233843  -0.0000431806   0.0062847225   0.0383757920
        0.0552106993   0.0004506036  -0.0084670749  -0.0003739642   0.0041761575
        0.0273517074   0.0020098086   0.0001334535  -0.0007277474   0.0003754027
       -0.0037020579  -0.0012723184  -0.0035974536  -0.0000081672  -0.0000136069
       -0.0000081574   0.0000180782  -0.0000014326  -0.0000215142   0.0000216832
        0.0000147983   0.0000218497
       -0.2306709383   0.0915026084   0.0465291958  -0.0221904088   0.0084118682
       -0.0015526293  -0.0013437281  -0.0011614788  -0.0043461336   0.0000176470
        0.0004288981   0.0004385124  -0.0010167887  -0.0002148480   0.0003927996
        0.0000295269  -0.0000435470   0.0003303424   0.0017172143   0.0010328340
        0.0004506036   0.2670784762  -0.1060497047  -0.0500239652  -0.0147161050
        0.0060231301   0.0068768370   0.0008425437   0.0000899801   0.0004511632
        0.0002137529  -0.0000069343   0.0004561683   0.0000682074   0.0000005610
       -0.0000183635  -0.0000310123  -0.0000014630   0.0000233670   0.0000016127
       -0.0000119041  -0.0000078979
        0.0915679274  -0.0887349207  -0.0207538523  -0.0032755061   0.0021759186
        0.0005161855  -0.0000452918  -0.0000601496  -0.0005671680  -0.0001330095
        0.0005118948   0.0002842040   0.0000539806  -0.0000810057   0.0000842393
       -0.0001136421   0.0000693653   0.0000751732   0.0293727547  -0.0182595863
       -0.0084670749  -0.1060497047   0.0984620849   0.0251179780  -0.0111891144
        0.0055388134   0.0035338392   0.0003178707  -0.0000310364   0.0001290141
       -0.0004888428   0.0004060270   0.0000367139   0.0000020566  -0.0000069795
       -0.0000086429   0.0000142847   0.0000135977  -0.0000017027  -0.0000337633
       -0.0000040235   0.0000210937
        0.0464812224  -0.0208348567  -0.0526699063  -0.0230791894   0.0093895650
        0.0008845498  -0.0019230886  -0.0016683172  -0.0041851504  -0.0000598625
        0.0009998247   0.0007010611  -0.0010282424  -0.0000739470   0.0007173113
       -0.0002663512  -0.0000562992   0.0002939221   0.0042479889  -0.0024354669
       -0.0003739642  -0.0500239652   0.0251179780   0.0616046853   0.0258593497
       -0.0109526981  -0.0082271958  -0.0003963233   0.0002421260   0.0007815728
        0.0002120964   0.0002519295   0.0004342024   0.0000753461  -0.0000201903
        0.0000134420  -0.0000356656   0.0000123316   0.0000164318  -0.0000633154
        0.0000280206   0.0000090379
       -0.0793729453  -0.0369862629   0.0782243857   0.0058839242   0.0072918117
       -0.0166742872   0.0007686894   0.0001567945  -0.0012719311   0.0000185341
        0.0000074130   0.0001802360   0.0003703885  -0.0000885884   0.0002478121
       -0.0001145772   0.0000660128  -0.0000528059  -0.0015345832  -0.0028504693
        0.0041761575  -0.0147161050  -0.0111891144   0.0258593497   0.0898482016
        0.0434492319  -0.0870421639  -0.0017882821  -0.0002361577  -0.0038399400
        0.0005903538   0.0003825566   0.0001608648   0.0000494698  -0.0000265696
        0.0000361018   0.0000195787  -0.0000257508  -0.0000120390  -0.0000226473
        0.0000490927   0.0000082595
       -0.0369748305  -0.0855242706   0.0819417326   0.0019536670   0.0020209426
       -0.0025990790  -0.0001725111   0.0001943545   0.0008943684   0.0001696117
       -0.0003094460  -0.0002795450   0.0002619165   0.0000491518  -0.0002240455
       -0.0000072297   0.0000914498   0.0001053032  -0.0144791607  -0.0173012382
        0.0273517074   0.0060231301   0.0055388134  -0.0109526981   0.0434492319
        0.0938639641  -0.0944533762  -0.0004879439   0.0008948857  -0.0009463446
        0.0002389535   0.0005434335  -0.0007889313  -0.0000105925  -0.0000194156
       -0.0000161563  -0.0000258534  -0.0000132977  -0.0000126532   0.0000616111
       -0.0000293273  -0.0000202824
        0.0781364857   0.0810223863  -0.2094024541   0.0044124257   0.0093461660
       -0.0249937117   0.0011265646   0.0006750288  -0.0007172919  -0.0001034418
        0.0001563136   0.0002396522  -0.0005075975  -0.0005664368   0.0005804277
        0.0000354578  -0.0000871290  -0.0003284276   0.0001830607   0.0009664940
        0.0020098086   0.0068768370   0.0035338392  -0.0082271958  -0.0870421639
       -0.0944533762   0.2444571528  -0.0038681833  -0.0007579233  -0.0041916468
        0.0006332183   0.0001999497   0.0005455588   0.0000488614  -0.0000318313
        0.0000178900   0.0000198339  -0.0000114685  -0.0000057193   0.0000486413
        0.0000079877   0.0000159573
        0.0061526693   0.0061687378  -0.0169844501  -0.0762243923  -0.0372436651
        0.0836319489  -0.0146148266  -0.0071389232   0.0240176583   0.0011598745
       -0.0019729951  -0.0019813354  -0.0051637755   0.0020173215   0.0009118518
       -0.0018334952  -0.0006180833  -0.0003565568   0.0004982198   0.0002841330
        0.0001334535   0.0008425437   0.0003178707  -0.0003963233  -0.0017882821
       -0.0004879439  -0.0038681833   0.0929981876   0.0424841111  -0.0902132595
       -0.0018149498  -0.0038115422   0.0051655116  -0.0001421359  -0.0000137270
        0.0000684142  -0.0002718571   0.0001299786   0.0000115711   0.0002022196
       -0.0001152729  -0.0001403008
        0.0010684768   0.0023876345  -0.0022421585  -0.0365215884  -0.0826186669
        0.0760180776   0.0034255280   0.0057602297  -0.0106051713   0.0001376025
        0.0000930837   0.0008433222   0.0023109168  -0.0000142401  -0.0004198212
        0.0006367774   0.0002869411   0.0001900936   0.0002276389   0.0004650791
       -0.0007277474   0.0000899801  -0.0000310364   0.0002421260  -0.0002361577
        0.0008948857  -0.0007579233   0.0424841111   0.0881877939  -0.0880213320
       -0.0136535819  -0.0154708714   0.0254809669  -0.0000374113   0.0000553449
       -0.0000327227   0.0001393449  -0.0000260369  -0.0000106175  -0.0000716372
        0.0000298590   0.0000429077
        0.0048923590   0.0087128011  -0.0260393353   0.0814315198   0.0759480622
       -0.2015090818   0.0064435161   0.0038348629  -0.0074929331  -0.0012587508
       -0.0003892590   0.0011910099   0.0015637846  -0.0008322740  -0.0002603494
       -0.0000638027   0.0003598492   0.0001769169   0.0005320008   0.0001753418
        0.0003754027   0.0004511632   0.0001290141   0.0007815728  -0.0038399400
       -0.0009463446  -0.0041916468  -0.0902132595  -0.0880213320   0.2354460111
        0.0001053236   0.0010087226   0.0014667470   0.0000320635   0.0000086072
        0.0000242575   0.0000130404  -0.0000476442   0.0000075830  -0.0000890179
        0.0000595928   0.0000238455
       -0.0048131406  -0.0191708389  -0.0055579303  -0.0488955000  -0.0427265823
       -0.0015906417   0.0050340579   0.0229471483   0.0029936988  -0.0067355123
        0.0066848299   0.0011328668   0.0003980448   0.0004682743  -0.0008577994
        0.0000073302   0.0002664275   0.0000692366  -0.0023525352  -0.0006708057
       -0.0037020579   0.0002137529  -0.0004888428   0.0002120964   0.0005903538
        0.0002389535   0.0006332183  -0.0018149498  -0.0136535819   0.0001053236
        0.0580567405   0.0462750012   0.0066513592   0.0001343765  -0.0000340093
        0.0000274260   0.0000775815  -0.0000753961  -0.0000058069   0.0000993999
       -0.0000605777  -0.0001109895
       -0.0034030639  -0.0062598974  -0.0035768356  -0.0409183335  -0.2708248594
       -0.0259699032  -0.0010237589  -0.0196885024  -0.0020077782   0.0048288879
       -0.0032937390  -0.0009522201  -0.0002343863   0.0015158593   0.0002989354
       -0.0005469784   0.0001613929   0.0001809403  -0.0010152458   0.0007641621
       -0.0012723184  -0.0000069343   0.0004060270   0.0002519295   0.0003825566
        0.0005434335   0.0001999497  -0.0038115422  -0.0154708714   0.0010087226
        0.0462750012   0.3119368325   0.0316926151  -0.0001766601   0.0000257858
       -0.0000189181  -0.0001458238   0.0001143608   0.0000265055  -0.0002037185
        0.0000700155   0.0001383754
       -0.0069495511  -0.0228310332  -0.0055032234  -0.0013071650  -0.0249938853
       -0.0464279169  -0.0020060992  -0.0061336077  -0.0001357547   0.0015436203
       -0.0015345176   0.0009975303   0.0001028290   0.0004357311  -0.0006186227
       -0.0000424565  -0.0000323632   0.0001350491  -0.0036192238  -0.0014142110
       -0.0035974536   0.0004561683   0.0000367139   0.0004342024   0.0001608648
       -0.0007889313   0.0005455588   0.0051655116   0.0254809669   0.0014667470
        0.0066513592   0.0316926151   0.0526882864  -0.0000755523   0.0000606362
       -0.0000256233  -0.0000214523   0.0000203297   0.0000284857  -0.0000588531
        0.0000015563   0.0000127349
        0.0002596444  -0.0000828138  -0.0000078556   0.0001867061  -0.0000422173
        0.0009874730   0.0001710073   0.0044050079  -0.0015924188   0.0012931408
       -0.0014528886  -0.0000080519  -0.0290783143   0.0227773047  -0.0197358807
       -0.0621427429   0.0346460178  -0.0568759238  -0.0000055063  -0.0000093968
       -0.0000081672   0.0000682074   0.0000020566   0.0000753461   0.0000494698
       -0.0000105925   0.0000488614  -0.0001421359  -0.0000374113   0.0000320635
        0.0001343765  -0.0001766601  -0.0000755523   0.0831409345  -0.0521367144
        0.0698729814   0.0060770707  -0.0093820635   0.0136533182  -0.0000118583
        0.0015003713  -0.0063661935
       -0.0001191666   0.0000061311  -0.0000178905  -0.0000126324  -0.0001881678
       -0.0000982665  -0.0010131837   0.0017213835  -0.0001286325   0.0006456097
       -0.0001313311   0.0002067506   0.0169215200  -0.0115633731   0.0074022277
        0.0360934996  -0.1044251390   0.0947795003  -0.0000075940   0.0000180088
       -0.0000136069   0.0000005610  -0.0000069795  -0.0000201903  -0.0000265696
       -0.0000194156  -0.0000318313  -0.0000137270   0.0000553449   0.0000086072
       -0.0000340093   0.0000257858   0.0000606362  -0.0521367144   0.1208586256
       -0.1098409614   0.0053874521  -0.0149827636   0.0221185325  -0.0056850455
        0.0086318900  -0.0144248748
        0.0000179045   0.0000346191  -0.0000004717   0.0001379248  -0.0000161869
       -0.0003475094   0.0007584349   0.0014650175   0.0008383544   0.0003929520
       -0.0010111007  -0.0005320410  -0.0010020563  -0.0027340474   0.0090984773
       -0.0602481041   0.0954208402  -0.1889044840  -0.0000007902  -0.0000124800
       -0.0000081574  -0.0000183635  -0.0000086429   0.0000134420   0.0000361018
       -0.0000161563   0.0000178900   0.0000684142  -0.0000327227   0.0000242575
        0.0000274260  -0.0000189181  -0.0000256233   0.0698729814  -0.1098409614
        0.2124779438  -0.0013617310   0.0048340042  -0.0062732251  -0.0086810944
        0.0119367353  -0.0263788533
       -0.0001562517   0.0000497702   0.0000500558  -0.0010822144  -0.0008530547
        0.0004776422  -0.0065428198   0.0021286221   0.0017007413   0.0013722965
        0.0011125625  -0.0004162329  -0.0291583776  -0.0206197023   0.0090556741
       -0.1207583517  -0.1110088487   0.0260200331   0.0000473394   0.0000373924
        0.0000180782  -0.0000310123   0.0000142847  -0.0000356656   0.0000195787
       -0.0000258534   0.0000198339  -0.0002718571   0.0001393449   0.0000130404
        0.0000775815  -0.0001458238  -0.0000214523   0.0060770707   0.0053874521
       -0.0013617310   0.1523258458   0.1299093089  -0.0351377641  -0.0019188280
       -0.0061254548  -0.0003822531
        0.0000689404  -0.0000109210   0.0000094531   0.0005839128   0.0003782975
       -0.0001954299   0.0019287362  -0.0026856048  -0.0003333385  -0.0010671531
        0.0014153840   0.0002162333   0.0065542288   0.0102759329  -0.0022219927
       -0.1170804959  -0.1956273435   0.0386588214   0.0000343311   0.0000098781
       -0.0000014326  -0.0000014630   0.0000135977   0.0000123316  -0.0000257508
       -0.0000132977  -0.0000114685   0.0001299786  -0.0000260369  -0.0000476442
       -0.0000753961   0.0001143608   0.0000203297  -0.0093820635  -0.0149827636
        0.0048340042   0.1299093089   0.2183331604  -0.0431505248  -0.0115771143
       -0.0171946438   0.0022106580
        0.0000733070  -0.0000418926   0.0000076376   0.0002809918   0.0002357468
        0.0000507513   0.0018237865  -0.0004301471   0.0000641025  -0.0002771176
       -0.0003474518   0.0001748202   0.0076836852   0.0050925584  -0.0015940455
        0.0263133329   0.0370334026  -0.0524947673   0.0000002413   0.0000049046
       -0.0000215142   0.0000233670  -0.0000017027   0.0000164318  -0.0000120390
       -0.0000126532  -0.0000057193   0.0000115711  -0.0000106175   0.0000075830
       -0.0000058069   0.0000265055   0.0000284857   0.0136533182   0.0221185325
       -0.0062732251  -0.0351377641  -0.0431505248   0.0561406246  -0.0144308733
       -0.0205166609   0.0038988346
       -0.0002348932   0.0000101571   0.0000070656  -0.0004077613  -0.0000355660
       -0.0009830266   0.0007359865   0.0031966173   0.0014026330   0.0007133208
       -0.0007569239  -0.0006003601  -0.0113699115   0.0237989994   0.0294318590
       -0.0423111483  -0.0183011258  -0.0230760923  -0.0000344151  -0.0000216144
        0.0000216832   0.0000016127  -0.0000337633  -0.0000633154  -0.0000226473
        0.0000616111   0.0000486413   0.0002022196  -0.0000716372  -0.0000890179
        0.0000993999  -0.0002037185  -0.0000588531  -0.0000118583  -0.0056850455
       -0.0086810944  -0.0019188280  -0.0115771143  -0.0144308733   0.0545589236
        0.0096191241   0.0170707510
       -0.0000236388   0.0000509972  -0.0000698144   0.0000380937  -0.0002171242
        0.0001784744  -0.0009203250   0.0014093945   0.0006029461   0.0003967758
       -0.0000155753  -0.0005662034   0.0120897525  -0.0126536188  -0.0137478672
       -0.0164365990  -0.1241123793  -0.1082766613   0.0000005621   0.0000259163
        0.0000147983  -0.0000119041  -0.0000040235   0.0000280206   0.0000490927
       -0.0000293273   0.0000079877  -0.0001152729   0.0000298590   0.0000595928
       -0.0000605777   0.0000700155   0.0000015563   0.0015003713   0.0086318900
        0.0119367353  -0.0061254548  -0.0171946438  -0.0205166609   0.0096191241
        0.1440086197   0.1303470956
        0.0000092292  -0.0000030440  -0.0000303506  -0.0000385136   0.0000288735
        0.0003476690  -0.0005345283  -0.0035528958   0.0006104753  -0.0011945353
        0.0015390537   0.0000214786   0.0115112026  -0.0083303575  -0.0072882948
       -0.0198678348  -0.1080335189  -0.1890049657   0.0000436045   0.0000369159
        0.0000218497  -0.0000078979   0.0000210937   0.0000090379   0.0000082595
       -0.0000202824   0.0000159573  -0.0001403008   0.0000429077   0.0000238455
       -0.0001109895   0.0001383754   0.0000127349  -0.0063661935  -0.0144248748
       -0.0263788533  -0.0003822531   0.0022106580   0.0038988346   0.0170707510
        0.1303470956   0.2177405816
