$hessian                                                                        
        0.6780017054  -0.0043692067  -0.0000004074  -0.1345491783   0.1297502147
       -0.0000000375  -0.0269973860   0.0299621753   0.0000000048   0.0039260437
       -0.0047052931  -0.0000000024  -0.0428120666  -0.0188517466   0.0000000436
       -0.1757805529  -0.1528150795   0.0000002207  -0.0061444644  -0.0002350401
        0.0000000074  -0.0015481027   0.0000417212  -0.0000000012  -0.3011076913
        0.0264777778   0.0000001705   0.0062597819  -0.0154467008   0.0000000058
       -0.0058609968   0.0008527199   0.0000000083   0.0067865767   0.0093519181
       -0.0000000141  -0.0001736688  -0.0000134604   0.0000000016
       -0.0043692067   0.6570129801  -0.0000004231   0.0512802746  -0.2942843060
        0.0000001533   0.0890430015   0.0151357649  -0.0000000765  -0.0051464328
       -0.0639063349   0.0000000509  -0.0762542173   0.0386884469   0.0000000260
       -0.0766424597  -0.2542556173   0.0000002255   0.0024468144  -0.0013670856
        0.0000000084  -0.0015964844   0.0009582899  -0.0000000013   0.0263014766
       -0.0466356665  -0.0000000057   0.0084521649  -0.0255624043   0.0000000126
        0.0005680561   0.0009443303   0.0000000054  -0.0145779919  -0.0261562498
        0.0000000296   0.0004950046  -0.0005721477  -0.0000000051
       -0.0000004074  -0.0000004231   0.1151144699   0.0000000253   0.0000000972
       -0.0470279503  -0.0000000462  -0.0000000279   0.0016885264  -0.0000000023
        0.0000000464  -0.0040434735   0.0000000953  -0.0000000185  -0.0024655944
        0.0000001552   0.0000002793  -0.0437921851   0.0000000056   0.0000000052
        0.0069724552  -0.0000000007  -0.0000000001  -0.0001396279   0.0000001716
       -0.0000000085  -0.0337509948  -0.0000000118   0.0000000314  -0.0001218746
        0.0000000091   0.0000000042   0.0074689861   0.0000000062   0.0000000132
       -0.0001872156   0.0000000001   0.0000000010   0.0002844786
       -0.1345491783   0.0512802746   0.0000000253   0.6559388017   0.0139368339
       -0.0000004137  -0.3292768573   0.0626957479   0.0000001675  -0.0469880711
       -0.0781549640   0.0000000963  -0.0399930552   0.0338289784  -0.0000000017
        0.0555164896   0.0170702614  -0.0000000526  -0.0008597150  -0.0031283351
       -0.0000000024   0.0002456039  -0.0009250245   0.0000000030  -0.0150852171
        0.0270321635  -0.0000000108  -0.1302362376  -0.1232262671   0.0000001671
       -0.0139863438   0.0035200644   0.0000000073  -0.0011763431  -0.0039502804
        0.0000000102   0.0004501231   0.0000205470   0.0000000045
        0.1297502147  -0.2942843060   0.0000000972   0.0139368339   0.6737679078
       -0.0000004469  -0.0169829402  -0.0956987288   0.0000000559  -0.0181500111
        0.0361001213  -0.0000000145   0.0339607707  -0.0198584141  -0.0000000140
       -0.0407224832  -0.0679306823   0.0000000864  -0.0012063544   0.0002057315
       -0.0000000048  -0.0033193416  -0.0030832851   0.0000000094   0.0032600461
       -0.0037863999  -0.0000000011  -0.1233524321  -0.2183952967   0.0000002353
        0.0264134674  -0.0040475430  -0.0000000167  -0.0032831622  -0.0034919992
        0.0000000099  -0.0003046080   0.0005028947   0.0000000040
       -0.0000000375   0.0000001533  -0.0470279503  -0.0000004137  -0.0000004469
        0.1121651323   0.0000002266  -0.0000000054  -0.0449758247   0.0000000520
        0.0000000312   0.0010319254  -0.0000000011  -0.0000000149  -0.0042578431
       -0.0000000044   0.0000000421   0.0018947966   0.0000000015   0.0000000019
       -0.0002609099   0.0000000017   0.0000000073   0.0053479327   0.0000000090
       -0.0000000166   0.0004926636   0.0000001681   0.0000002357  -0.0325098160
       -0.0000000105   0.0000000009   0.0006396766   0.0000000084   0.0000000114
        0.0074166161  -0.0000000002  -0.0000000000   0.0000436008
       -0.0269973860   0.0890430015  -0.0000000462  -0.3292768573  -0.0169829402
        0.0000002266   0.6593948314  -0.0166752433  -0.0000004047  -0.1554463490
       -0.0781991732   0.0000001419   0.0527158736  -0.0406925567  -0.0000000064
       -0.0498330034  -0.0265744946   0.0000000493  -0.0009808948   0.0057869172
        0.0000000060  -0.0368959458  -0.0195821959   0.0000000479  -0.0004806768
        0.0027621619   0.0000000067  -0.0208312828  -0.0007474148   0.0000000184
       -0.0904993500   0.1014045865  -0.0000000360  -0.0005238000  -0.0003474124
        0.0000000020  -0.0003451591   0.0008047639  -0.0000000055
        0.0299621753   0.0151357649  -0.0000000279   0.0626957479  -0.0956987288
       -0.0000000054  -0.0166752433   0.6702914562  -0.0000004362  -0.1433591364
       -0.2595060523   0.0000002726   0.0126116241  -0.0594436840   0.0000000340
       -0.0219568065  -0.0084180441   0.0000000144   0.0037951026  -0.0016184942
        0.0000000018  -0.0067659704   0.0032510761   0.0000000069   0.0029226359
       -0.0046296524   0.0000000072  -0.0244121306   0.0007298211   0.0000000187
        0.1025854488  -0.2592267612   0.0000001091  -0.0006065948   0.0007640363
        0.0000000014  -0.0007968527  -0.0016307374   0.0000000035
        0.0000000048  -0.0000000765   0.0016885264   0.0000001675   0.0000000559
       -0.0449758247  -0.0000004047  -0.0000004362   0.1115139427   0.0000001871
        0.0000002265  -0.0431966987  -0.0000000570   0.0000000794  -0.0034682038
        0.0000000438   0.0000000194  -0.0028385828   0.0000000052   0.0000000042
        0.0049818862   0.0000000510   0.0000000121   0.0017955854   0.0000000029
        0.0000000081   0.0072885339   0.0000000347  -0.0000000008  -0.0001537917
       -0.0000000393   0.0000001078  -0.0337002183   0.0000000022  -0.0000000002
       -0.0001958160   0.0000000018   0.0000000003   0.0012606614
        0.0039260437  -0.0051464328  -0.0000000023  -0.0469880711  -0.0181500111
        0.0000000520  -0.1554463490  -0.1433591364   0.0000001871   0.4824207328
        0.0329935832  -0.0000003061  -0.1010969499   0.1182846429  -0.0000000540
       -0.0276270153   0.0251218858   0.0000000021   0.0002761929  -0.0290932522
        0.0000000199  -0.1505131441   0.0108680399   0.0000000915   0.0008051693
       -0.0002855584   0.0000000010  -0.0050540591   0.0005330151   0.0000000099
        0.0059579231   0.0096915641  -0.0000000145  -0.0050684881   0.0006863458
        0.0000000088  -0.0015919852  -0.0021446859   0.0000000047
       -0.0047052931  -0.0639063349   0.0000000464  -0.0781549640   0.0361001213
        0.0000000312  -0.0781991732  -0.2595060523   0.0000002265   0.0329935832
        0.6340319165  -0.0000004388   0.0451291523  -0.2554677849   0.0000001251
        0.0808004556   0.0163783972  -0.0000000702   0.0045184404  -0.0504195032
        0.0000000422   0.0138464880  -0.0272299105  -0.0000000058   0.0000542910
       -0.0007447439   0.0000000018   0.0008818598   0.0010485734   0.0000000039
       -0.0149619645  -0.0266341801   0.0000000311  -0.0000332069   0.0009349545
        0.0000000039  -0.0021696686  -0.0045854531   0.0000000027
       -0.0000000024   0.0000000509  -0.0040434735   0.0000000963  -0.0000000145
        0.0010319254   0.0000001419   0.0000002726  -0.0431966987  -0.0000003061
       -0.0000004388   0.0960457803   0.0000000008   0.0000000674  -0.0498364722
       -0.0000000423  -0.0000000314  -0.0005747258   0.0000000000   0.0000000651
        0.0028604975   0.0000000827  -0.0000000018  -0.0195062179   0.0000000000
        0.0000000009   0.0002966887   0.0000000084   0.0000000049   0.0073733363
        0.0000000077   0.0000000141   0.0004870607   0.0000000089   0.0000000044
        0.0073432868   0.0000000041   0.0000000064   0.0017190124
       -0.0428120666  -0.0762542173   0.0000000953  -0.0399930552   0.0339607707
       -0.0000000011   0.0527158736   0.0126116241  -0.0000000570  -0.1010969499
        0.0451291523   0.0000000008   0.6558033320   0.0033007204  -0.0000003950
       -0.3089997247   0.0720191419   0.0000001253  -0.1722394240  -0.1242864314
        0.0000002158  -0.0409303062   0.0256811228   0.0000000098  -0.0004195212
       -0.0023083332   0.0000000090  -0.0004927508   0.0006252529   0.0000000022
       -0.0014255594  -0.0031891427   0.0000000128  -0.0161297615   0.0034119719
        0.0000000106   0.0160199140   0.0092983676  -0.0000000285
       -0.0188517466   0.0386884469  -0.0000000185   0.0338289784  -0.0198584141
       -0.0000000149  -0.0406925567  -0.0594436840   0.0000000794   0.1182846429
       -0.2554677849   0.0000000674   0.0033007204   0.6492363909  -0.0000004087
       -0.0151618635  -0.0942666385   0.0000000429  -0.0935433397  -0.2048430507
        0.0000002247   0.0073339329  -0.0043655986  -0.0000000088  -0.0031416986
       -0.0031890830   0.0000000126   0.0004315201   0.0001768303   0.0000000009
       -0.0022734018  -0.0024084500   0.0000000106   0.0279384583  -0.0079665678
       -0.0000000154  -0.0174536460  -0.0362923965   0.0000000278
        0.0000000436   0.0000000260  -0.0024655944  -0.0000000017  -0.0000000140
       -0.0042578431  -0.0000000064   0.0000000340  -0.0034682038  -0.0000000540
        0.0000001251  -0.0498364722  -0.0000003950  -0.0000004087   0.1242530587
        0.0000002059  -0.0000000169  -0.0476218792   0.0000001739   0.0000002224
       -0.0354903004   0.0000000251  -0.0000000136   0.0024743778   0.0000000090
        0.0000000097   0.0078190321   0.0000000009   0.0000000004   0.0007324596
        0.0000000080   0.0000000116   0.0079044747  -0.0000000096   0.0000000042
        0.0009487153   0.0000000004   0.0000000197  -0.0009918250
       -0.1757805529  -0.0766424597   0.0000001552   0.0555164896  -0.0407224832
       -0.0000000044  -0.0498330034  -0.0219568065   0.0000000438  -0.0276270153
        0.0808004556  -0.0000000423  -0.3089997247  -0.0151618635   0.0000002059
        0.6507237131   0.0090359667  -0.0000004082  -0.0385917470  -0.0109317705
        0.0000000460   0.0038383764  -0.0001336304   0.0000000020  -0.0211307965
       -0.0241586131   0.0000000354  -0.0000192395   0.0028038686   0.0000000046
       -0.0003030443  -0.0004454371   0.0000000011  -0.0895746125   0.0960574043
       -0.0000000321   0.0017811572   0.0014553688  -0.0000000070
       -0.1528150795  -0.2542556173   0.0000002793   0.0170702614  -0.0679306823
        0.0000000421  -0.0265744946  -0.0084180441   0.0000000194   0.0251218858
        0.0163783972  -0.0000000314   0.0720191419  -0.0942666385  -0.0000000169
        0.0090359667   0.6734643197  -0.0000004560  -0.0428925363  -0.0094369815
        0.0000000450   0.0036651186  -0.0042264355   0.0000000056  -0.0002201356
        0.0011599841  -0.0000000011   0.0023645813  -0.0046971235   0.0000000089
       -0.0006826435   0.0006084803   0.0000000004   0.0966700032  -0.2507696169
        0.0000001047  -0.0027620696   0.0023899584  -0.0000000001
        0.0000002207   0.0000002255  -0.0437921851  -0.0000000526   0.0000000864
        0.0018947966   0.0000000493   0.0000000144  -0.0028385828   0.0000000021
       -0.0000000702  -0.0005747258   0.0000001253   0.0000000429  -0.0476218792
       -0.0000004082  -0.0000004560   0.1077034887   0.0000000733   0.0000000279
        0.0058962291   0.0000000026   0.0000000067   0.0048389246   0.0000000153
        0.0000000166   0.0003278214   0.0000000042   0.0000000063   0.0070909721
        0.0000000013   0.0000000003  -0.0001254901  -0.0000000331   0.0000001035
       -0.0314491378  -0.0000000002  -0.0000000044  -0.0013502318
       -0.0061444644   0.0024468144   0.0000000056  -0.0008597150  -0.0012063544
        0.0000000015  -0.0009808948   0.0037951026   0.0000000052   0.0002761929
        0.0045184404   0.0000000000  -0.1722394240  -0.0935433397   0.0000001739
       -0.0385917470  -0.0428925363   0.0000000733   0.3818052075  -0.0444790930
       -0.0000002562   0.0080376796   0.0008483357  -0.0000000035  -0.0014677824
       -0.0017900964   0.0000000003   0.0002897423   0.0001560383  -0.0000000028
        0.0002341003   0.0006274658  -0.0000000033   0.0026782703  -0.0007871912
       -0.0000000025  -0.1730371653   0.1723064139   0.0000000082
       -0.0002350401  -0.0013670856   0.0000000052  -0.0031283351   0.0002057315
        0.0000000019   0.0057869172  -0.0016184942   0.0000000042  -0.0290932522
       -0.0504195032   0.0000000651  -0.1242864314  -0.2048430507   0.0000002224
       -0.0109317705  -0.0094369815   0.0000000279  -0.0444790930   0.5603747968
       -0.0000003954   0.0053203164   0.0014415421  -0.0000000001  -0.0003637205
       -0.0004441731  -0.0000000020   0.0002446646   0.0004066715  -0.0000000034
       -0.0010002835  -0.0012556270  -0.0000000012   0.0026707435   0.0031195078
       -0.0000000050   0.1994952844  -0.2961633344   0.0000000805
        0.0000000074   0.0000000084   0.0069724552  -0.0000000024  -0.0000000048
       -0.0002609099   0.0000000060   0.0000000018   0.0049818862   0.0000000199
        0.0000000422   0.0028604975   0.0000002158   0.0000002247  -0.0354903004
        0.0000000460   0.0000000450   0.0058962291  -0.0000002562  -0.0000003954
        0.0263761776  -0.0000000066  -0.0000000048  -0.0017396552   0.0000000009
        0.0000000005  -0.0001904504  -0.0000000010  -0.0000000009  -0.0013107967
       -0.0000000002  -0.0000000002  -0.0000174075  -0.0000000065  -0.0000000037
       -0.0017595927  -0.0000000232   0.0000000872  -0.0063181329
       -0.0015481027  -0.0015964844  -0.0000000007   0.0002456039  -0.0033193416
        0.0000000017  -0.0368959458  -0.0067659704   0.0000000510  -0.1505131441
        0.0138464880   0.0000000827  -0.0409303062   0.0073339329   0.0000000251
        0.0038383764   0.0036651186   0.0000000026   0.0080376796   0.0053203164
       -0.0000000066   0.2171463918  -0.0165384604  -0.0000001456   0.0004444948
       -0.0000672080  -0.0000000032  -0.0009407612   0.0001966684  -0.0000000019
        0.0012623040  -0.0000219718  -0.0000000034  -0.0007680098  -0.0000061345
       -0.0000000023   0.0006214194  -0.0020469532   0.0000000007
        0.0000417212   0.0009582899  -0.0000000001  -0.0009250245  -0.0030832851
        0.0000000073  -0.0195821959   0.0032510761   0.0000000121   0.0108680399
       -0.0272299105  -0.0000000018   0.0256811228  -0.0043655986  -0.0000000136
       -0.0001336304  -0.0042264355   0.0000000067   0.0008483357   0.0014415421
       -0.0000000048  -0.0165384604   0.0317855930  -0.0000000034  -0.0000599317
        0.0000853278  -0.0000000011  -0.0008569390   0.0000470570   0.0000000008
       -0.0007271017   0.0009457261  -0.0000000020   0.0012106643  -0.0001786008
       -0.0000000007   0.0001733996   0.0005692185   0.0000000006
       -0.0000000012  -0.0000000013  -0.0001396279   0.0000000030   0.0000000094
        0.0053479327   0.0000000479   0.0000000069   0.0017955854   0.0000000915
       -0.0000000058  -0.0195062179   0.0000000098  -0.0000000088   0.0024743778
        0.0000000020   0.0000000056   0.0048389246  -0.0000000035  -0.0000000001
       -0.0017396552  -0.0000001456  -0.0000000034   0.0104645537  -0.0000000014
       -0.0000000009  -0.0012424056   0.0000000009  -0.0000000004   0.0000824290
       -0.0000000019  -0.0000000033  -0.0021028187  -0.0000000010   0.0000000004
       -0.0003272984  -0.0000000005   0.0000000017   0.0000542203
       -0.3011076913   0.0263014766   0.0000001716  -0.0150852171   0.0032600461
        0.0000000090  -0.0004806768   0.0029226359   0.0000000029   0.0008051693
        0.0000542910   0.0000000000  -0.0004195212  -0.0031416986   0.0000000090
       -0.0211307965  -0.0002201356   0.0000000153  -0.0014677824  -0.0003637205
        0.0000000009   0.0004444948  -0.0000599317  -0.0000000014   0.3373691734
       -0.0289105895  -0.0000002030   0.0008528542  -0.0006523684  -0.0000000017
       -0.0007120092   0.0000512116   0.0000000004   0.0008990639   0.0006013353
       -0.0000000029   0.0000329389   0.0001574478  -0.0000000000
        0.0264777778  -0.0466356665  -0.0000000085   0.0270321635  -0.0037863999
       -0.0000000166   0.0027621619  -0.0046296524   0.0000000081  -0.0002855584
       -0.0007447439   0.0000000009  -0.0023083332  -0.0031890830   0.0000000097
       -0.0241586131   0.0011599841   0.0000000166  -0.0017900964  -0.0004441731
        0.0000000005  -0.0000672080   0.0000853278  -0.0000000009  -0.0289105895
        0.0567589627  -0.0000000048   0.0008154521   0.0007009826  -0.0000000030
        0.0013380498  -0.0002423136  -0.0000000009  -0.0009207840   0.0008102655
       -0.0000000020   0.0000155776   0.0001565097   0.0000000009
        0.0000001705  -0.0000000057  -0.0337509948  -0.0000000108  -0.0000000011
        0.0004926636   0.0000000067   0.0000000072   0.0072885339   0.0000000010
        0.0000000018   0.0002966887   0.0000000090   0.0000000126   0.0078190321
        0.0000000354  -0.0000000011   0.0003278214   0.0000000003  -0.0000000020
       -0.0001904504  -0.0000000032  -0.0000000011  -0.0012424056  -0.0000002030
       -0.0000000048   0.0239647770  -0.0000000030  -0.0000000020  -0.0023882943
       -0.0000000007  -0.0000000003  -0.0000376233  -0.0000000020  -0.0000000031
       -0.0026117083   0.0000000000  -0.0000000002   0.0000319600
        0.0062597819   0.0084521649  -0.0000000118  -0.1302362376  -0.1233524321
        0.0000001681  -0.0208312828  -0.0244121306   0.0000000347  -0.0050540591
        0.0008818598   0.0000000084  -0.0004927508   0.0004315201   0.0000000009
       -0.0000192395   0.0023645813   0.0000000042   0.0002897423   0.0002446646
       -0.0000000010  -0.0009407612  -0.0008569390   0.0000000009   0.0008528542
        0.0008154521  -0.0000000030   0.1492357028   0.1357023904  -0.0000001985
        0.0006500585  -0.0007689297  -0.0000000016   0.0002504246   0.0005356537
       -0.0000000007   0.0000357667  -0.0000378556  -0.0000000006
       -0.0154467008  -0.0255624043   0.0000000314  -0.1232262671  -0.2183952967
        0.0000002357  -0.0007474148   0.0007298211  -0.0000000008   0.0005330151
        0.0010485734   0.0000000049   0.0006252529   0.0001768303   0.0000000004
        0.0028038686  -0.0046971235   0.0000000063   0.0001560383   0.0004066715
       -0.0000000009   0.0001966684   0.0000470570  -0.0000000004  -0.0006523684
        0.0007009826  -0.0000000020   0.1357023904   0.2458207925  -0.0000002729
        0.0007700954   0.0009197759  -0.0000000030  -0.0008406179  -0.0012841384
        0.0000000020   0.0001260399   0.0000884587  -0.0000000006
        0.0000000058   0.0000000126  -0.0001218746   0.0000001671   0.0000002353
       -0.0325098160   0.0000000184   0.0000000187  -0.0001537917   0.0000000099
        0.0000000039   0.0073733363   0.0000000022   0.0000000009   0.0007324596
        0.0000000046   0.0000000089   0.0070909721  -0.0000000028  -0.0000000034
       -0.0013107967  -0.0000000019   0.0000000008   0.0000824290  -0.0000000017
       -0.0000000030  -0.0023882943  -0.0000001985  -0.0000002729   0.0236890133
       -0.0000000032  -0.0000000026  -0.0025047156   0.0000000003   0.0000000007
        0.0002340696  -0.0000000004   0.0000000001  -0.0002129911
       -0.0058609968   0.0005680561   0.0000000091  -0.0139863438   0.0264134674
       -0.0000000105  -0.0904993500   0.1025854488  -0.0000000393   0.0059579231
       -0.0149619645   0.0000000077  -0.0014255594  -0.0022734018   0.0000000080
       -0.0003030443  -0.0006826435   0.0000000013   0.0002341003  -0.0010002835
       -0.0000000002   0.0012623040  -0.0007271017  -0.0000000019  -0.0007120092
        0.0013380498  -0.0000000007   0.0006500585   0.0007700954  -0.0000000032
        0.1047475504  -0.1116179723   0.0000000300   0.0000155283  -0.0000701843
       -0.0000000013  -0.0000801612  -0.0003415661   0.0000000009
        0.0008527199   0.0009443303   0.0000000042   0.0035200644  -0.0040475430
        0.0000000009   0.1014045865  -0.2592267612   0.0000001078   0.0096915641
       -0.0266341801   0.0000000141  -0.0031891427  -0.0024084500   0.0000000116
       -0.0004454371   0.0006084803   0.0000000003   0.0006274658  -0.0012556270
       -0.0000000002  -0.0000219718   0.0009457261  -0.0000000033   0.0000512116
       -0.0002423136  -0.0000000003  -0.0007689297   0.0009197759  -0.0000000026
       -0.1116179723   0.2906613115  -0.0000001315  -0.0000656255   0.0000705456
       -0.0000000013  -0.0000385331  -0.0003352948   0.0000000004
        0.0000000083   0.0000000054   0.0074689861   0.0000000073  -0.0000000167
        0.0006396766  -0.0000000360   0.0000001091  -0.0337002183  -0.0000000145
        0.0000000311   0.0004870607   0.0000000128   0.0000000106   0.0079044747
        0.0000000011   0.0000000004  -0.0001254901  -0.0000000033  -0.0000000012
       -0.0000174075  -0.0000000034  -0.0000000020  -0.0021028187   0.0000000004
       -0.0000000009  -0.0000376233  -0.0000000016  -0.0000000030  -0.0025047156
        0.0000000300  -0.0000001315   0.0237327644  -0.0000000011  -0.0000000015
       -0.0015124044  -0.0000000001   0.0000000003  -0.0002322846
        0.0067865767  -0.0145779919   0.0000000062  -0.0011763431  -0.0032831622
        0.0000000084  -0.0005238000  -0.0006065948   0.0000000022  -0.0050684881
       -0.0000332069   0.0000000089  -0.0161297615   0.0279384583  -0.0000000096
       -0.0895746125   0.0966700032  -0.0000000331   0.0026782703   0.0026707435
       -0.0000000065  -0.0007680098   0.0012106643  -0.0000000010   0.0008990639
       -0.0009207840  -0.0000000020   0.0002504246  -0.0008406179   0.0000000003
        0.0000155283  -0.0000656255  -0.0000000011   0.1032862129  -0.1066045097
        0.0000000250  -0.0006750616  -0.0015573764   0.0000000023
        0.0093519181  -0.0261562498   0.0000000132  -0.0039502804  -0.0034919992
        0.0000000114  -0.0003474124   0.0007640363  -0.0000000002   0.0006863458
        0.0009349545   0.0000000044   0.0034119719  -0.0079665678   0.0000000042
        0.0960574043  -0.2507696169   0.0000001035  -0.0007871912   0.0031195078
       -0.0000000037  -0.0000061345  -0.0001786008   0.0000000004   0.0006013353
        0.0008102655  -0.0000000031   0.0005356537  -0.0012841384   0.0000000007
       -0.0000701843   0.0000705456  -0.0000000015  -0.1066045097   0.2842161118
       -0.0000001281   0.0011210833  -0.0000682487  -0.0000000012
       -0.0000000141   0.0000000296  -0.0001872156   0.0000000102   0.0000000099
        0.0074166161   0.0000000020   0.0000000014  -0.0001958160   0.0000000088
        0.0000000039   0.0073432868   0.0000000106  -0.0000000154   0.0009487153
       -0.0000000321   0.0000001047  -0.0314491378  -0.0000000025  -0.0000000050
       -0.0017595927  -0.0000000023  -0.0000000007  -0.0003272984  -0.0000000029
       -0.0000000020  -0.0026117083  -0.0000000007   0.0000000020   0.0002340696
       -0.0000000013  -0.0000000013  -0.0015124044   0.0000000250  -0.0000001281
        0.0226555203  -0.0000000008   0.0000000010  -0.0005550348
       -0.0001736688   0.0004950046   0.0000000001   0.0004501231  -0.0003046080
       -0.0000000002  -0.0003451591  -0.0007968527   0.0000000018  -0.0015919852
       -0.0021696686   0.0000000041   0.0160199140  -0.0174536460   0.0000000004
        0.0017811572  -0.0027620696  -0.0000000002  -0.1730371653   0.1994952844
       -0.0000000232   0.0006214194   0.0001733996  -0.0000000005   0.0000329389
        0.0000155776   0.0000000000   0.0000357667   0.0001260399  -0.0000000004
       -0.0000801612  -0.0000385331  -0.0000000001  -0.0006750616   0.0011210833
       -0.0000000008   0.1569618817  -0.1779010114   0.0000000189
       -0.0000134604  -0.0005721477   0.0000000010   0.0000205470   0.0005028947
       -0.0000000000   0.0008047639  -0.0016307374   0.0000000003  -0.0021446859
       -0.0045854531   0.0000000064   0.0092983676  -0.0362923965   0.0000000197
        0.0014553688   0.0023899584  -0.0000000044   0.1723064139  -0.2961633344
        0.0000000872  -0.0020469532   0.0005692185   0.0000000017   0.0001574478
        0.0001565097  -0.0000000002  -0.0000378556   0.0000884587   0.0000000001
       -0.0003415661  -0.0003352948   0.0000000003  -0.0015573764  -0.0000682487
        0.0000000010  -0.1779010114   0.3359405727  -0.0000001133
        0.0000000016  -0.0000000051   0.0002844786   0.0000000045   0.0000000040
        0.0000436008  -0.0000000055   0.0000000035   0.0012606614   0.0000000047
        0.0000000027   0.0017190124  -0.0000000285   0.0000000278  -0.0009918250
       -0.0000000070  -0.0000000001  -0.0013502318   0.0000000082   0.0000000805
       -0.0063181329   0.0000000007   0.0000000006   0.0000542203  -0.0000000000
        0.0000000009   0.0000319600  -0.0000000006  -0.0000000006  -0.0002129911
        0.0000000009   0.0000000004  -0.0002322846   0.0000000023  -0.0000000012
       -0.0005550348   0.0000000189  -0.0000001133   0.0062665667
