$hessian                                                                        
        0.0005454680  -0.0000113387  -0.0000057665  -0.0000489341  -0.0000026127
       -0.0000023168  -0.0000558824   0.0000041449   0.0000033184  -0.0000475475
        0.0000120616   0.0000069094  -0.0000601982  -0.0000115581  -0.0000036768
       -0.0000496754  -0.0000147887  -0.0000092665  -0.0000550272  -0.0000141364
       -0.0000069386  -0.0000478650  -0.0000002497  -0.0000014215  -0.0000425493
       -0.0000023216  -0.0000038277  -0.0000442495   0.0000135255   0.0000072506
       -0.0000425313   0.0000105602   0.0000050996  -0.0000510081   0.0000167138
        0.0000106363
       -0.0000113387   0.0005032243   0.0000026052   0.0000002824  -0.0000595018
       -0.0000009156  -0.0000153534  -0.0000388234   0.0000080712   0.0000092458
       -0.0000020122  -0.0000013326  -0.0000360347  -0.0000970896   0.0000149081
       -0.0000024895  -0.0001076267  -0.0000025303  -0.0000042597  -0.0001102885
       -0.0000019468  -0.0000066424  -0.0000450902   0.0000032035   0.0000249889
       -0.0000582289  -0.0000129245   0.0000077973   0.0000111417   0.0000001798
        0.0000323598  -0.0000093073  -0.0000128634   0.0000014442   0.0000136025
        0.0000035454
       -0.0000057665   0.0000026052   0.0005030508   0.0000068678  -0.0000029517
       -0.0000623170  -0.0000153214   0.0000052579  -0.0000367542  -0.0000007440
        0.0000001218   0.0000003768  -0.0000061989   0.0000027970  -0.0001070898
        0.0000078790  -0.0000031579  -0.0001109998  -0.0000281390   0.0000123007
       -0.0000954510   0.0000299742  -0.0000118690  -0.0000623320   0.0000062313
       -0.0000027941  -0.0000513286   0.0000222805  -0.0000083851   0.0000007295
       -0.0000058733   0.0000020469   0.0000042496  -0.0000111896   0.0000040284
        0.0000178657
       -0.0000489341   0.0000002824   0.0000068678   0.0005478260  -0.0000008510
        0.0000022169  -0.0000471917   0.0000025154  -0.0000057293  -0.0000496096
        0.0000005020  -0.0000078920  -0.0000490791   0.0000004220   0.0000043827
       -0.0000516110  -0.0000013935   0.0000113042  -0.0000444517   0.0000026654
        0.0000083928  -0.0000561361  -0.0000037346   0.0000005991  -0.0000509061
       -0.0000008264   0.0000049275  -0.0000538715  -0.0000029216  -0.0000086724
       -0.0000483703   0.0000011955  -0.0000037049  -0.0000476648   0.0000021444
       -0.0000126924
       -0.0000026127  -0.0000595018  -0.0000029517  -0.0000008510   0.0005386041
        0.0000023982  -0.0000029903  -0.0000333569  -0.0000124593   0.0000027809
       -0.0000329483   0.0000003837  -0.0000103803  -0.0000589427  -0.0000233510
       -0.0000014022  -0.0000774603   0.0000058727   0.0000031668  -0.0000413265
        0.0000046642  -0.0000055455  -0.0000774664  -0.0000039869   0.0000069244
       -0.0000598085   0.0000214440  -0.0000026816  -0.0000496570  -0.0000017522
        0.0000117341  -0.0000302482   0.0000178029   0.0000018573  -0.0000178876
       -0.0000080647
       -0.0000023168  -0.0000009156  -0.0000623170   0.0000022169   0.0000023982
        0.0005434121  -0.0000051670  -0.0000017706  -0.0000425422   0.0000002499
       -0.0000010216  -0.0000344550  -0.0000027452  -0.0000008020  -0.0000553408
        0.0000019598   0.0000034364  -0.0000710533  -0.0000102622  -0.0000077858
       -0.0000654501   0.0000088873   0.0000072185  -0.0000533136   0.0000025683
        0.0000021537  -0.0000607549   0.0000103350   0.0000019452  -0.0000334116
       -0.0000022243  -0.0000017162  -0.0000392473  -0.0000035018  -0.0000031402
       -0.0000255262
       -0.0000558824  -0.0000153534  -0.0000153214  -0.0000471917  -0.0000029903
       -0.0000051670   0.0005377220   0.0000018259   0.0000111969  -0.0000472171
        0.0000157514   0.0000176950  -0.0000639418  -0.0000156893  -0.0000104238
       -0.0000475215  -0.0000186060  -0.0000247995  -0.0000625127  -0.0000210374
       -0.0000182353  -0.0000399968   0.0000031545  -0.0000018044  -0.0000394427
       -0.0000025048  -0.0000101949  -0.0000384974   0.0000223847   0.0000191998
       -0.0000415160   0.0000130852   0.0000099928  -0.0000540018   0.0000199795
        0.0000278619
        0.0000041449  -0.0000388234   0.0000052579   0.0000025154  -0.0000333569
       -0.0000017706   0.0000018259   0.0005085156   0.0000334671  -0.0000056745
       -0.0000737828  -0.0000021744   0.0000170421  -0.0000393855   0.0000438291
        0.0000052624  -0.0000079898  -0.0000139063  -0.0000073317  -0.0000734143
       -0.0000088405   0.0000163811   0.0000049315   0.0000141965  -0.0000110893
       -0.0000341745  -0.0000434912   0.0000003863  -0.0000285347   0.0000053465
       -0.0000181232  -0.0000804441  -0.0000478939  -0.0000053394  -0.0001035411
        0.0000159797
        0.0000033184   0.0000080712  -0.0000367542  -0.0000057293  -0.0000124593
       -0.0000425422   0.0000111969   0.0000334671   0.0005046943   0.0000020060
        0.0000036813  -0.0000685700   0.0000013842   0.0000100312  -0.0000779390
       -0.0000075181  -0.0000166562  -0.0000087338   0.0000215631   0.0000463376
       -0.0000193392  -0.0000265732  -0.0000549536  -0.0000605951  -0.0000025062
       -0.0000122617   0.0000013734  -0.0000138425  -0.0000450860  -0.0000760178
        0.0000071086   0.0000139965  -0.0000182724   0.0000095922   0.0000258320
       -0.0000973040
       -0.0000475475   0.0000092458  -0.0000007440  -0.0000496096   0.0000027809
        0.0000002499  -0.0000472171  -0.0000056745   0.0000020060   0.0005469594
       -0.0000104270   0.0000005417  -0.0000419690   0.0000093156  -0.0000006563
       -0.0000487276   0.0000133632  -0.0000013664  -0.0000500691   0.0000098336
       -0.0000009424  -0.0000465212   0.0000031252   0.0000008529  -0.0000553639
        0.0000025369  -0.0000006591  -0.0000516711  -0.0000086878   0.0000009256
       -0.0000573629  -0.0000097421  -0.0000014897  -0.0000509004  -0.0000156699
        0.0000012819
        0.0000120616  -0.0000020122   0.0000001218   0.0000005020  -0.0000329483
       -0.0000010216   0.0000157514  -0.0000737828   0.0000036813  -0.0000104270
        0.0004936325   0.0000007788   0.0000400377  -0.0000014651   0.0000060952
        0.0000034750   0.0000228429  -0.0000027460   0.0000010607  -0.0000043868
       -0.0000021415   0.0000106978  -0.0000313810   0.0000008093  -0.0000275274
       -0.0000346682  -0.0000064326  -0.0000048878  -0.0001026618   0.0000013721
       -0.0000378552  -0.0001014585  -0.0000040752  -0.0000028888  -0.0001317107
        0.0000035585
        0.0000069094  -0.0000013326   0.0000003768  -0.0000078920   0.0000003837
       -0.0000344550   0.0000176950  -0.0000021744  -0.0000685700   0.0000005417
        0.0000007788   0.0004928514   0.0000075477  -0.0000015023   0.0000034371
       -0.0000086491  -0.0000003374   0.0000208985   0.0000331216  -0.0000034636
        0.0000027133  -0.0000339013   0.0000031906  -0.0000368792  -0.0000074800
        0.0000004318  -0.0000389215  -0.0000277465   0.0000043780  -0.0001076607
        0.0000070742  -0.0000000281  -0.0001044501   0.0000127794  -0.0000003246
       -0.0001293406
       -0.0000601982  -0.0000360347  -0.0000061989  -0.0000490791  -0.0000103803
       -0.0000027452  -0.0000639418   0.0000170421   0.0000013842  -0.0000419690
        0.0000400377   0.0000075477   0.0005178566  -0.0000366358  -0.0000050977
       -0.0000517544  -0.0000508542  -0.0000091268  -0.0000563021  -0.0000396284
       -0.0000070127  -0.0000535675  -0.0000079337  -0.0000027741  -0.0000280135
       -0.0000093236  -0.0000024765  -0.0000400172   0.0000396316   0.0000074322
       -0.0000234881   0.0000362397   0.0000083614  -0.0000495257   0.0000578397
        0.0000107064
       -0.0000115581  -0.0000970896   0.0000027970   0.0000004220  -0.0000589427
       -0.0000008020  -0.0000156893  -0.0000393855   0.0000100312   0.0000093156
       -0.0000014651  -0.0000015023  -0.0000366358   0.0005004343   0.0000167971
       -0.0000023931  -0.0001079883  -0.0000028975  -0.0000046348  -0.0001129228
       -0.0000028425  -0.0000062020  -0.0000426653   0.0000038998   0.0000254118
       -0.0000576217  -0.0000146277   0.0000080673   0.0000137845  -0.0000001953
        0.0000326155  -0.0000097187  -0.0000149380   0.0000012809   0.0000135808
        0.0000042803
       -0.0000036768   0.0000149081  -0.0001070898   0.0000043827  -0.0000233510
       -0.0000553408  -0.0000104238   0.0000438291  -0.0000779390  -0.0000006563
        0.0000060952   0.0000034371  -0.0000050977   0.0000167971   0.0004151265
        0.0000057978  -0.0000299646  -0.0000931040  -0.0000162825   0.0000863525
       -0.0000825768   0.0000199130  -0.0000911264  -0.0000769496   0.0000047009
       -0.0000221901   0.0000185856   0.0000096100  -0.0000609539  -0.0000045504
       -0.0000010618   0.0000208924   0.0000664436  -0.0000072055   0.0000387117
       -0.0000060425
       -0.0000496754  -0.0000024895   0.0000078790  -0.0000516110  -0.0000014022
        0.0000019598  -0.0000475215   0.0000052624  -0.0000075181  -0.0000487276
        0.0000034750  -0.0000086491  -0.0000517544  -0.0000023931   0.0000057978
        0.0005467510  -0.0000051071   0.0000128312  -0.0000439137  -0.0000007311
        0.0000093827  -0.0000583135  -0.0000046759  -0.0000002402  -0.0000491447
       -0.0000013627   0.0000051766  -0.0000530110  -0.0000016024  -0.0000097820
       -0.0000460825   0.0000040355  -0.0000027534  -0.0000469958   0.0000069912
       -0.0000140841
       -0.0000147887  -0.0001076267  -0.0000031579  -0.0000013935  -0.0000774603
        0.0000034364  -0.0000186060  -0.0000079898  -0.0000166562   0.0000133632
        0.0000228429  -0.0000003374  -0.0000508542  -0.0001079883  -0.0000299646
       -0.0000051071   0.0004484548   0.0000090795   0.0000022320  -0.0000866158
        0.0000065199  -0.0000167716  -0.0000965742  -0.0000052446   0.0000347246
       -0.0000749628   0.0000286669   0.0000025043   0.0000020786  -0.0000037222
        0.0000497842   0.0000211986   0.0000231767   0.0000049129   0.0000646429
       -0.0000117964
       -0.0000092665  -0.0000025303  -0.0001109998   0.0000113042   0.0000058727
       -0.0000710533  -0.0000247995  -0.0000139063  -0.0000087338  -0.0000013664
       -0.0000027460   0.0000208985  -0.0000091268  -0.0000028975  -0.0000931040
        0.0000128312   0.0000090795   0.0004515863  -0.0000467642  -0.0000200859
       -0.0001219996   0.0000493370   0.0000238151  -0.0000595303   0.0000095351
        0.0000056353  -0.0000880891   0.0000378596   0.0000166382   0.0000263159
       -0.0000110807  -0.0000065018  -0.0000054365  -0.0000184630  -0.0000123729
        0.0000601457
       -0.0000550272  -0.0000042597  -0.0000281390  -0.0000444517   0.0000031668
       -0.0000102622  -0.0000625127  -0.0000073317   0.0000215631  -0.0000500691
        0.0000010607   0.0000331216  -0.0000563021  -0.0000046348  -0.0000162825
       -0.0000439137   0.0000022320  -0.0000467642   0.0005263963  -0.0000158819
       -0.0000346585  -0.0000266912   0.0000149302  -0.0000037513  -0.0000439376
        0.0000030392  -0.0000215221  -0.0000312710   0.0000131568   0.0000359510
       -0.0000535450  -0.0000017206   0.0000177569  -0.0000586749  -0.0000037569
        0.0000529872
       -0.0000141364  -0.0001102885   0.0000123007   0.0000026654  -0.0000413265
       -0.0000077858  -0.0000210374  -0.0000734143   0.0000463376   0.0000098336
       -0.0000043868  -0.0000034636  -0.0000396284  -0.0001129228   0.0000863525
       -0.0000007311  -0.0000866158  -0.0000200859  -0.0000158819   0.0004165535
       -0.0000144514   0.0000023734   0.0000281281   0.0000164486   0.0000282125
       -0.0000409281  -0.0000784487   0.0000205542   0.0000631272   0.0000059297
        0.0000299954  -0.0000238447  -0.0000699478  -0.0000022192  -0.0000140812
        0.0000268141
       -0.0000069386  -0.0000019468  -0.0000954510   0.0000083928   0.0000046642
       -0.0000654501  -0.0000182353  -0.0000088405  -0.0000193392  -0.0000009424
       -0.0000021415   0.0000027133  -0.0000070127  -0.0000028425  -0.0000825768
        0.0000093827   0.0000065199  -0.0001219996  -0.0000346585  -0.0000144514
        0.0004950940   0.0000363347   0.0000175062  -0.0000573056   0.0000072226
        0.0000045091  -0.0000774601   0.0000282997   0.0000113896   0.0000058325
       -0.0000082351  -0.0000054602  -0.0000158263  -0.0000136099  -0.0000089063
        0.0000317688
       -0.0000478650  -0.0000066424   0.0000299742  -0.0000561361  -0.0000055455
        0.0000088873  -0.0000399968   0.0000163811  -0.0000265732  -0.0000465212
        0.0000106978  -0.0000339013  -0.0000535675  -0.0000062020   0.0000199130
       -0.0000583135  -0.0000167716   0.0000493370  -0.0000266912   0.0000023734
        0.0000363347   0.0005195849  -0.0000179578   0.0000011251  -0.0000491166
       -0.0000053557   0.0000212291  -0.0000647990  -0.0000062404  -0.0000377338
       -0.0000372623   0.0000129939  -0.0000136868  -0.0000393157   0.0000222691
       -0.0000549053
       -0.0000002497  -0.0000450902  -0.0000118690  -0.0000037346  -0.0000774664
        0.0000072185   0.0000031545   0.0000049315  -0.0000549536   0.0000031252
       -0.0000313810   0.0000031906  -0.0000079337  -0.0000426653  -0.0000911264
       -0.0000046759  -0.0000965742   0.0000238151   0.0000149302   0.0000281281
        0.0000175062  -0.0000179578   0.0004490237  -0.0000201952   0.0000044030
       -0.0000761029   0.0000851333  -0.0000119097  -0.0001069393  -0.0000074270
        0.0000143729  -0.0000158122   0.0000795338   0.0000064754   0.0000099483
       -0.0000308264
       -0.0000014215   0.0000032035  -0.0000623320   0.0000005991  -0.0000039869
       -0.0000533136  -0.0000018044   0.0000141965  -0.0000605951   0.0000008529
        0.0000008093  -0.0000368792  -0.0000027741   0.0000038998  -0.0000769496
       -0.0000002402  -0.0000052446  -0.0000595303  -0.0000037513   0.0000164486
       -0.0000573056   0.0000011251  -0.0000201952   0.0005398518   0.0000020995
       -0.0000040331  -0.0000361090   0.0000058978  -0.0000193081  -0.0000394140
        0.0000000906   0.0000047831  -0.0000182733  -0.0000006735   0.0000094271
       -0.0000391501
       -0.0000425493   0.0000249889   0.0000062313  -0.0000509061   0.0000069244
        0.0000025683  -0.0000394427  -0.0000110893  -0.0000025062  -0.0000553639
       -0.0000275274  -0.0000074800  -0.0000280135   0.0000254118   0.0000047009
       -0.0000491447   0.0000347246   0.0000095351  -0.0000439376   0.0000282125
        0.0000072226  -0.0000491166   0.0000044030   0.0000020995   0.0005338269
        0.0000062145   0.0000031744  -0.0000579387  -0.0000281435  -0.0000076096
       -0.0000678254  -0.0000247395  -0.0000069041  -0.0000495883  -0.0000393800
       -0.0000110321
       -0.0000023216  -0.0000582289  -0.0000027941  -0.0000008264  -0.0000598085
        0.0000021537  -0.0000025048  -0.0000341745  -0.0000122617   0.0000025369
       -0.0000346682   0.0000004318  -0.0000093236  -0.0000576217  -0.0000221901
       -0.0000013627  -0.0000749628   0.0000056353   0.0000030392  -0.0000409281
        0.0000045091  -0.0000053557  -0.0000761029  -0.0000040331   0.0000062145
        0.0005400479   0.0000204568  -0.0000025176  -0.0000510811  -0.0000016352
        0.0000106174  -0.0000319051   0.0000174177   0.0000018045  -0.0000205663
       -0.0000076902
       -0.0000038277  -0.0000129245  -0.0000513286   0.0000049275   0.0000214440
       -0.0000607549  -0.0000101949  -0.0000434912   0.0000013734  -0.0000006591
       -0.0000064326  -0.0000389215  -0.0000024765  -0.0000146277   0.0000185856
        0.0000051766   0.0000286669  -0.0000880891  -0.0000215221  -0.0000784487
       -0.0000774601   0.0000212291   0.0000851333  -0.0000361090   0.0000031744
        0.0000204568   0.0004708548   0.0000194778   0.0000584371  -0.0000289218
       -0.0000072264  -0.0000202767  -0.0001056828  -0.0000080786  -0.0000379368
       -0.0000035460
       -0.0000442495   0.0000077973   0.0000222805  -0.0000538715  -0.0000026816
        0.0000103350  -0.0000384974   0.0000003863  -0.0000138425  -0.0000516711
       -0.0000048878  -0.0000277465  -0.0000400172   0.0000080673   0.0000096100
       -0.0000530110   0.0000025043   0.0000378596  -0.0000312710   0.0000205542
        0.0000282997  -0.0000647990  -0.0000119097   0.0000058978  -0.0000579387
       -0.0000025176   0.0000194778   0.0005296779  -0.0000108492  -0.0000292728
       -0.0000504634  -0.0000025687  -0.0000189421  -0.0000438881  -0.0000038949
       -0.0000439565
        0.0000135255   0.0000111417  -0.0000083851  -0.0000029216  -0.0000496570
        0.0000019452   0.0000223847  -0.0000285347  -0.0000450860  -0.0000086878
       -0.0001026618   0.0000043780   0.0000396316   0.0000137845  -0.0000609539
       -0.0000016024   0.0000020786   0.0000166382   0.0000131568   0.0000631272
        0.0000113896  -0.0000062404  -0.0001069393  -0.0000193081  -0.0000281435
       -0.0000510811   0.0000584371  -0.0000108492   0.0004328410  -0.0000048776
       -0.0000333511  -0.0000848030   0.0000655737   0.0000030974  -0.0000992963
       -0.0000197509
        0.0000072506   0.0000001798   0.0000007295  -0.0000086724  -0.0000017522
       -0.0000334116   0.0000191998   0.0000053465  -0.0000760178   0.0000009256
        0.0000013721  -0.0001076607   0.0000074322  -0.0000001953  -0.0000045504
       -0.0000097820  -0.0000037222   0.0000263159   0.0000359510   0.0000059297
        0.0000058325  -0.0000377338  -0.0000074270  -0.0000394140  -0.0000076096
       -0.0000016352  -0.0000289218  -0.0000292728  -0.0000048776   0.0004880235
        0.0000081696   0.0000020209  -0.0000956800   0.0000141419   0.0000047604
       -0.0001352452
       -0.0000425313   0.0000323598  -0.0000058733  -0.0000483703   0.0000117341
       -0.0000022243  -0.0000415160  -0.0000181232   0.0000071086  -0.0000573629
       -0.0000378552   0.0000070742  -0.0000234881   0.0000326155  -0.0000010618
       -0.0000460825   0.0000497842  -0.0000110807  -0.0000535450   0.0000299954
       -0.0000082351  -0.0000372623   0.0000143729   0.0000000906  -0.0000678254
        0.0000106174  -0.0000072264  -0.0000504634  -0.0000333511   0.0000081696
        0.0005222877  -0.0000355312   0.0000006947  -0.0000538405  -0.0000566186
        0.0000125639
        0.0000105602  -0.0000093073   0.0000020469   0.0000011955  -0.0000302482
       -0.0000017162   0.0000130852  -0.0000804441   0.0000139965  -0.0000097421
       -0.0001014585  -0.0000000281   0.0000362397  -0.0000097187   0.0000208924
        0.0000040355   0.0000211986  -0.0000065018  -0.0000017206  -0.0000238447
       -0.0000054602   0.0000129939  -0.0000158122   0.0000047831  -0.0000247395
       -0.0000319051  -0.0000202767  -0.0000025687  -0.0000848030   0.0000020209
       -0.0000355312   0.0004979868  -0.0000183098  -0.0000038078  -0.0001316436
        0.0000085530
        0.0000050996  -0.0000128634   0.0000042496  -0.0000037049   0.0000178029
       -0.0000392473   0.0000099928  -0.0000478939  -0.0000182724  -0.0000014897
       -0.0000040752  -0.0001044501   0.0000083614  -0.0000149380   0.0000664436
       -0.0000027534   0.0000231767  -0.0000054365   0.0000177569  -0.0000699478
       -0.0000158263  -0.0000136868   0.0000795338  -0.0000182733  -0.0000069041
        0.0000174177  -0.0001056828  -0.0000189421   0.0000655737  -0.0000956800
        0.0000006947  -0.0000183098   0.0004303381   0.0000055755  -0.0000354766
       -0.0000981628
       -0.0000510081   0.0000014442  -0.0000111896  -0.0000476648   0.0000018573
       -0.0000035018  -0.0000540018  -0.0000053394   0.0000095922  -0.0000509004
       -0.0000028888   0.0000127794  -0.0000495257   0.0000012809  -0.0000072055
       -0.0000469958   0.0000049129  -0.0000184630  -0.0000586749  -0.0000022192
       -0.0000136099  -0.0000393157   0.0000064754  -0.0000006735  -0.0000495883
        0.0000018045  -0.0000080786  -0.0000438881   0.0000030974   0.0000141419
       -0.0000538405  -0.0000038078   0.0000055755   0.0005454040  -0.0000066173
        0.0000206330
        0.0000167138   0.0000136025   0.0000040284   0.0000021444  -0.0000178876
       -0.0000031402   0.0000199795  -0.0001035411   0.0000258320  -0.0000156699
       -0.0001317107  -0.0000003246   0.0000578397   0.0000135808   0.0000387117
        0.0000069912   0.0000646429  -0.0000123729  -0.0000037569  -0.0000140812
       -0.0000089063   0.0000222691   0.0000099483   0.0000094271  -0.0000393800
       -0.0000205663  -0.0000379368  -0.0000038949  -0.0000992963   0.0000047604
       -0.0000566186  -0.0001316436  -0.0000354766  -0.0000066173   0.0004169522
        0.0000153977
        0.0000106363   0.0000035454   0.0000178657  -0.0000126924  -0.0000080647
       -0.0000255262   0.0000278619   0.0000159797  -0.0000973040   0.0000012819
        0.0000035585  -0.0001293406   0.0000107064   0.0000042803  -0.0000060425
       -0.0000140841  -0.0000117964   0.0000601457   0.0000529872   0.0000268141
        0.0000317688  -0.0000549053  -0.0000308264  -0.0000391501  -0.0000110321
       -0.0000076902  -0.0000035460  -0.0000439565  -0.0000197509  -0.0001352452
        0.0000125639   0.0000085530  -0.0000981628   0.0000206330   0.0000153977
        0.0004245373
