           1           2   1.0271651525990555     
           2           3  0.98356707991376413     
           3           4   1.0137228937619731     
           1           5  0.98619405086357326     
           1           6  0.98095882127085032     
           1           7  0.98619211176588406     
           2           8  0.97808979107072125     
           2           9  0.97805441805854498     
           4          10  0.98517335176272625     
           4          11  0.98517508570822288     
           4          12  0.98176947672247383     
