$hessian                                                                        
        0.5229541862   0.0189442976   0.0082211373  -0.0730720441   0.0296454782
        0.0163341427  -0.0091344297   0.0211420542   0.0106957346  -0.0092077479
        0.0058748582   0.0000162325  -0.0014464398   0.0027771685   0.0008480142
        0.0011173614   0.0006345679   0.0000873294  -0.0956663429  -0.0856380149
        0.0522595351  -0.2812633099   0.0237492087  -0.0216298161  -0.0599531818
       -0.0015143591  -0.0596010714   0.0023617921  -0.0048148884  -0.0021245054
        0.0034816247  -0.0108755434  -0.0051226249  -0.0001793208   0.0000163894
        0.0000539934   0.0001342486  -0.0000214645  -0.0000045217  -0.0001263961
        0.0000802475  -0.0000335798
        0.0189442976   0.4788798273  -0.0226547734   0.0285715756  -0.1723639557
       -0.0504822408   0.0090048559  -0.0054766263  -0.0018340285   0.0019352278
       -0.0004665469  -0.0008252562  -0.0009821371  -0.0010587402   0.0002669794
       -0.0003053265  -0.0002225923  -0.0000982166  -0.0862339404  -0.1818541403
        0.0873277388   0.0242961317  -0.0444615922   0.0035697459  -0.0015399515
       -0.0433705313  -0.0016381313   0.0010698565  -0.0039888271  -0.0046974001
        0.0052919941  -0.0256284263  -0.0089319002   0.0000004699  -0.0000171550
       -0.0000096315  -0.0000520176   0.0000243265  -0.0000217172  -0.0000010358
        0.0000049798   0.0000288316
        0.0082211373  -0.0226547734   0.5163434066   0.0154826237  -0.0501269845
       -0.0899512469   0.0019800129   0.0004344225   0.0005635389  -0.0008329062
       -0.0001199621   0.0009544462  -0.0004529074   0.0003876066  -0.0004630601
       -0.0001154920  -0.0000835541   0.0001588364   0.0524730056   0.0868584633
       -0.0986612105  -0.0214784273   0.0035611023  -0.0462598549  -0.0598817028
       -0.0010338663  -0.2722208272   0.0072502580  -0.0267835321  -0.0157298044
       -0.0026032854   0.0095211881   0.0052704673   0.0000212210   0.0000577509
       -0.0000075389   0.0000060027  -0.0000072717   0.0000343596  -0.0000695403
       -0.0000105895  -0.0000315121
       -0.0730720441   0.0285715756   0.0154826237   0.4561187439   0.0142544732
       -0.0065655407  -0.1650751435   0.0231067336  -0.0041144896  -0.0250992204
        0.0201100377   0.0017362079  -0.0393472185  -0.0125676945  -0.0084265747
       -0.0004295497  -0.0024163899  -0.0012493001   0.0039584087  -0.0112079657
       -0.0056997435  -0.0114843527   0.0281795145   0.0128247787   0.0019874360
       -0.0053247923  -0.0014503697  -0.0527100406   0.0006074132  -0.0540688915
       -0.0939903592  -0.0834952841   0.0515700195  -0.0000783915  -0.0000872012
        0.0001998657  -0.0008636510   0.0002064184  -0.0000520668   0.0000853824
        0.0000631615  -0.0001865189
        0.0296454782  -0.1723639557  -0.0501269845   0.0142544732   0.5107315155
       -0.0037552666   0.0160458072  -0.0630667171   0.0046938428   0.0445742416
       -0.0202598823  -0.0036611379  -0.0259175584   0.0011113463  -0.0051147726
       -0.0029132479  -0.0029736821  -0.0030576291   0.0052076581  -0.0275176711
       -0.0090671472   0.0046199786  -0.0069841840  -0.0029766480   0.0004199155
       -0.0036966311  -0.0052273012   0.0001239266  -0.0393312308   0.0001476513
       -0.0850126794  -0.1754249328   0.0783591415  -0.0001933349  -0.0002464456
       -0.0000411877  -0.0012641531   0.0001738206  -0.0001176831   0.0004094946
       -0.0001513498  -0.0000548777
        0.0163341427  -0.0504822408  -0.0899512469  -0.0065655407  -0.0037552666
        0.4903364822  -0.0026217330   0.0044537887  -0.0698408402   0.0083766761
       -0.0057826677   0.0139574410  -0.0111817718  -0.0043817858   0.0042187634
       -0.0012868462  -0.0024737314   0.0053792674  -0.0038899653   0.0104692616
        0.0057387408   0.0008744100  -0.0000773526   0.0005521609   0.0078603695
       -0.0279377048  -0.0159641686  -0.0602877200   0.0003303871  -0.2572978699
        0.0527108222   0.0797101031  -0.0872437644   0.0009764361   0.0001046922
        0.0001536698  -0.0003078404   0.0000078658   0.0001473451  -0.0009914390
       -0.0001853488  -0.0001859806
       -0.0091344297   0.0090048559   0.0019800129  -0.1650751435   0.0160458072
       -0.0026217330   0.5745199690  -0.1838657035  -0.0111037665  -0.1988940472
        0.2482628827   0.0544237547  -0.1244482135  -0.0514565020  -0.0203865222
       -0.0376245279  -0.0308245071  -0.0122258356   0.0010169446  -0.0012778565
        0.0006754237   0.0004693597  -0.0001376705  -0.0000053818   0.0010871370
       -0.0003690071  -0.0013173413  -0.0127508743   0.0002131413  -0.0064642618
       -0.0209088396  -0.0033380650  -0.0013517440  -0.0000422192  -0.0013276843
       -0.0006760635  -0.0078996618   0.0006334689  -0.0005658312  -0.0003154536
       -0.0015631598  -0.0003607103
        0.0211420542  -0.0054766263   0.0004344225   0.0231067336  -0.0630667171
        0.0044537887  -0.1838657035   0.8081659813   0.1479184443   0.2363796977
       -0.5559689404  -0.1099180786  -0.0678153522  -0.1890796228  -0.0427404877
       -0.0191596089   0.0048753637  -0.0007696556   0.0007684968  -0.0017468876
        0.0009252157   0.0006609230  -0.0041188295  -0.0021285568   0.0006269310
        0.0003792174  -0.0010405890   0.0031847005   0.0017365234   0.0007729186
       -0.0225216333   0.0017621512   0.0011468834   0.0035218553   0.0016567921
        0.0033493813   0.0007608490  -0.0017671540  -0.0005241388   0.0032100569
        0.0026487486  -0.0018795479
        0.0106957346  -0.0018340285   0.0005635389  -0.0041144896   0.0046938428
       -0.0698408402  -0.0111037665   0.1479184443   0.2338667837   0.0512993797
       -0.1086477073  -0.0908876865  -0.0249233470  -0.0402899084  -0.0690778726
       -0.0087716574  -0.0019685880  -0.0009607952  -0.0001121203   0.0000868461
        0.0006027329   0.0006520720  -0.0025570401  -0.0007873025   0.0012824953
       -0.0005334219  -0.0007082677  -0.0308726197   0.0042275787  -0.0062212268
        0.0150871946  -0.0010001498   0.0014154620  -0.0005636632  -0.0006215269
        0.0012834008  -0.0008497102  -0.0006218482   0.0002763608   0.0022944978
        0.0011475073   0.0004757125
       -0.0092077479   0.0019352278  -0.0008329062  -0.0250992204   0.0445742416
        0.0083766761  -0.1988940472   0.2363796977   0.0512993797   0.2108437631
       -0.2681073209  -0.0548140314   0.0157158208  -0.0149610933  -0.0054244284
        0.0016638358  -0.0040649697  -0.0006637507  -0.0000907677  -0.0003006337
       -0.0000924056  -0.0010402398   0.0024933559   0.0011638469  -0.0000941916
       -0.0003225474  -0.0001808088  -0.0000346034   0.0007548358   0.0006572451
        0.0024933434   0.0011263789  -0.0000784659   0.0009932555   0.0003808770
        0.0015246586   0.0014600080  -0.0011425274  -0.0001392379   0.0012907913
        0.0012544778  -0.0007957715
        0.0058748582  -0.0004665469  -0.0001199621   0.0201100377  -0.0202598823
       -0.0057826677   0.2482628827  -0.5559689404  -0.1086477073  -0.2681073209
        0.6821015848   0.1513935465  -0.0075223540  -0.1062916970  -0.0363758450
        0.0027805513   0.0010381322   0.0015875142  -0.0004430589   0.0010389761
       -0.0002037303   0.0012611473  -0.0015228952  -0.0007185705  -0.0002318231
        0.0000338988   0.0003256724  -0.0011552509  -0.0007714359  -0.0002125092
       -0.0003221367   0.0000722939  -0.0015799472  -0.0008224707  -0.0000159839
       -0.0011085018   0.0011279762   0.0013049078   0.0004940001  -0.0008130383
       -0.0002924119   0.0009487079
        0.0000162325  -0.0008252562   0.0009544462   0.0017362079  -0.0036611379
        0.0139574410   0.0544237547  -0.1099180786  -0.0908876865  -0.0548140314
        0.1513935465   0.0629541420  -0.0032913015  -0.0374093731   0.0159398111
        0.0012230249   0.0008850459  -0.0034774726  -0.0000601907  -0.0000715240
       -0.0001156507   0.0002020259   0.0000230862   0.0000514501  -0.0002147448
        0.0003120282   0.0002807485   0.0024003628  -0.0011866371   0.0010268463
       -0.0019680688   0.0000245675  -0.0001939115   0.0001846928   0.0005929246
       -0.0004160947   0.0004397692   0.0002309230   0.0002103464  -0.0002777334
       -0.0003901151  -0.0002844154
       -0.0014464398  -0.0009821371  -0.0004529074  -0.0393472185  -0.0259175584
       -0.0111817718  -0.1244482135  -0.0678153522  -0.0249233470   0.0157158208
       -0.0075223540  -0.0032913015   0.4424600099   0.0369113191   0.0452821619
       -0.1959770911   0.0471730001  -0.0007486550  -0.0011900071   0.0014229060
       -0.0004311085  -0.0002036648  -0.0002956286  -0.0001259981  -0.0003592292
        0.0002273809   0.0009094098  -0.0033885889  -0.0001001137  -0.0003949683
       -0.0058212852   0.0002886943  -0.0006733344  -0.0274231810   0.0118154037
       -0.0085956899  -0.0241092263  -0.0025597028  -0.0033025491  -0.0344616851
        0.0073541428   0.0079300593
        0.0027771685  -0.0010587402   0.0003876066  -0.0125676945   0.0011113463
       -0.0043817858  -0.0514565020  -0.1890796228  -0.0402899084  -0.0149610933
       -0.1062916970  -0.0374093731   0.0369113191   0.3744088682   0.0850784388
        0.0312913701  -0.0795495303  -0.0032248099   0.0004221662   0.0013231300
       -0.0005247749   0.0005069908   0.0003947189   0.0001233214  -0.0001367694
        0.0001748519   0.0009836628  -0.0003526385  -0.0002999500   0.0004555597
        0.0007954284   0.0006853141  -0.0000704309   0.0263134256  -0.0038980492
        0.0012300917  -0.0293934557   0.0035636617  -0.0020306717   0.0098502849
       -0.0014843016  -0.0003269263
        0.0008480142   0.0002669794  -0.0004630601  -0.0084265747  -0.0051147726
        0.0042187634  -0.0203865222  -0.0427404877  -0.0690778726  -0.0054244284
       -0.0363758450   0.0159398111   0.0452821619   0.0850784388   0.1006779890
       -0.0047582473  -0.0018202691  -0.0567856108  -0.0000656105   0.0001184368
       -0.0003547515   0.0001625547   0.0000966088   0.0003664516  -0.0002579999
        0.0001085603   0.0009851261   0.0005017120   0.0003196396   0.0002776917
       -0.0007028053   0.0001203491  -0.0000258664  -0.0249740163   0.0030561455
       -0.0003393349  -0.0111501783   0.0006597661  -0.0001468394   0.0293519400
       -0.0037735501   0.0047275029
        0.0011173614  -0.0003053265  -0.0001154920  -0.0004295497  -0.0029132479
       -0.0012868462  -0.0376245279  -0.0191596089  -0.0087716574   0.0016638358
        0.0027805513   0.0012230249  -0.1959770911   0.0312913701  -0.0047582473
        0.4115851552   0.0198604637  -0.0027391280  -0.0005005013   0.0000811960
       -0.0000378169   0.0003662325  -0.0000396691   0.0000645578  -0.0003972372
        0.0000283636  -0.0000102542  -0.0012092471  -0.0001723719   0.0002267794
       -0.0011155438   0.0002745473  -0.0005754478  -0.0454898852   0.0298159901
       -0.0276367632  -0.0684049986  -0.0802317245  -0.0266963586  -0.0635840029
        0.0186894668   0.0711136496
        0.0006345679  -0.0002225923  -0.0000835541  -0.0024163899  -0.0029736821
       -0.0024737314  -0.0308245071   0.0048753637  -0.0019685880  -0.0040649697
        0.0010381322   0.0008850459   0.0471730001  -0.0795495303  -0.0018202691
        0.0198604637   0.5348468344   0.0128655408   0.0002207400   0.0000750708
       -0.0000273816   0.0001021705   0.0000681852   0.0000137225   0.0000581659
        0.0000589784   0.0001711789  -0.0008509400  -0.0000092130  -0.0001479833
       -0.0008301729  -0.0000842262  -0.0001489914   0.0272309474  -0.1654796804
        0.1102899810  -0.0742111772  -0.2341921162  -0.0650554876   0.0179181013
       -0.0584515242  -0.0524994828
        0.0000873294  -0.0000982166   0.0001588364  -0.0012493001  -0.0030576291
        0.0053792674  -0.0122258356  -0.0007696556  -0.0009607952  -0.0006637507
        0.0015875142  -0.0034774726  -0.0007486550  -0.0032248099  -0.0567856108
       -0.0027391280   0.0128655408   0.4998356805   0.0000488642   0.0001636381
        0.0000248061   0.0000539586   0.0000629270  -0.0000219219   0.0000481855
       -0.0000709231  -0.0002038377   0.0009698009  -0.0000531102   0.0000144876
       -0.0013238088   0.0001331399  -0.0001610887  -0.0249727784   0.1111661555
       -0.1444946918  -0.0248859186  -0.0655921711  -0.0660477980   0.0676010367
       -0.0531124000  -0.2332598613
       -0.0956663429  -0.0862339404   0.0524730056   0.0039584087   0.0052076581
       -0.0038899653   0.0010169446   0.0007684968  -0.0001121203  -0.0000907677
       -0.0004430589  -0.0000601907  -0.0011900071   0.0004221662  -0.0000656105
       -0.0005005013   0.0002207400   0.0000488642   0.1080009391   0.0983917316
       -0.0614713736  -0.0198002873  -0.0251019050   0.0163760514   0.0038190112
        0.0053072458  -0.0036274455   0.0000823923  -0.0002577080  -0.0001328083
        0.0003296352   0.0018016670   0.0004674296   0.0000697673  -0.0000583520
        0.0000282845  -0.0000298104  -0.0000297585  -0.0000381576   0.0000006184
        0.0000050172   0.0000040363
       -0.0856380149  -0.1818541403   0.0868584633  -0.0112079657  -0.0275176711
        0.0104692616  -0.0012778565  -0.0017468876   0.0000868461  -0.0003006337
        0.0010389761  -0.0000715240   0.0014229060   0.0013231300   0.0001184368
        0.0000811960   0.0000750708   0.0001636381   0.0983917316   0.2131948215
       -0.0988870641  -0.0013316106   0.0013413547   0.0000644303  -0.0012101341
       -0.0012458987   0.0034162159  -0.0003075408   0.0006701906   0.0004435754
        0.0017079974  -0.0053856368  -0.0026274423  -0.0001596036   0.0000597811
       -0.0000588352  -0.0000367571   0.0000406423   0.0000114895  -0.0001337141
        0.0000062673   0.0000125086
        0.0522595351   0.0873277388  -0.0986612105  -0.0056997435  -0.0090671472
        0.0057387408   0.0006754237   0.0009252157   0.0006027329  -0.0000924056
       -0.0002037303  -0.0001156507  -0.0004311085  -0.0005247749  -0.0003547515
       -0.0000378169  -0.0000273816   0.0000248061  -0.0614713736  -0.0988870641
        0.1107908400  -0.0004448268  -0.0012008052   0.0013646730   0.0148719015
        0.0251620102  -0.0200470471  -0.0003166041  -0.0005612779   0.0006845213
        0.0005928208  -0.0028460818   0.0000029534   0.0000652415  -0.0000327157
       -0.0000071843  -0.0000681554  -0.0000113989   0.0000011900   0.0000971120
       -0.0000525871  -0.0000246134
       -0.2812633099   0.0242961317  -0.0214784273  -0.0114843527   0.0046199786
        0.0008744100   0.0004693597   0.0006609230   0.0006520720  -0.0010402398
        0.0012611473   0.0002020259  -0.0002036648   0.0005069908   0.0001625547
        0.0003662325   0.0001021705   0.0000539586  -0.0198002873  -0.0013316106
       -0.0004448268   0.3242678542  -0.0301061361   0.0242679434  -0.0120804208
        0.0006296287  -0.0039999437   0.0002772212  -0.0004305086   0.0000698319
        0.0004893206  -0.0002638523  -0.0003799509  -0.0000180394   0.0000272029
       -0.0000017509   0.0000558406  -0.0000022563  -0.0000009361  -0.0000355140
        0.0000301903   0.0000230391
        0.0237492087  -0.0444615922   0.0035611023   0.0281795145  -0.0069841840
       -0.0000773526  -0.0001376705  -0.0041188295  -0.0025570401   0.0024933559
       -0.0015228952   0.0000230862  -0.0002956286   0.0003947189   0.0000966088
       -0.0000396691   0.0000681852   0.0000629270  -0.0251019050   0.0013413547
       -0.0012008052  -0.0301061361   0.0532384646  -0.0012157168   0.0007886850
        0.0008216823   0.0007350307  -0.0000103455   0.0006616901   0.0003343522
        0.0006106987   0.0005404146   0.0002449365  -0.0000687687   0.0000119742
       -0.0000342362   0.0000129170   0.0000293224   0.0000178404  -0.0000742564
       -0.0000203060   0.0000092668
       -0.0216298161   0.0035697459  -0.0462598549   0.0128247787  -0.0029766480
        0.0005521609  -0.0000053818  -0.0021285568  -0.0007873025   0.0011638469
       -0.0007185705   0.0000514501  -0.0001259981   0.0001233214   0.0003664516
        0.0000645578   0.0000137225  -0.0000219219   0.0163760514   0.0000644303
        0.0013646730   0.0242679434  -0.0012157168   0.0502364977  -0.0332632094
        0.0028938368  -0.0060539507   0.0006364849   0.0000016436   0.0002964981
       -0.0002582890   0.0003760877   0.0002504168  -0.0000057687  -0.0000304888
       -0.0000113096  -0.0000017012   0.0000218274  -0.0000119396  -0.0000434989
        0.0000053654   0.0000281310
       -0.0599531818  -0.0015399515  -0.0598817028   0.0019874360   0.0004199155
        0.0078603695   0.0010871370   0.0006269310   0.0012824953  -0.0000941916
       -0.0002318231  -0.0002147448  -0.0003592292  -0.0001367694  -0.0002579999
       -0.0003972372   0.0000581659   0.0000481855   0.0038190112  -0.0012101341
        0.0148719015  -0.0120804208   0.0007886850  -0.0332632094   0.0656555996
       -0.0000406401   0.0688081206   0.0002156131   0.0015720929   0.0010896510
        0.0000427047  -0.0002746402  -0.0003065261   0.0000046705   0.0000346368
        0.0000038070  -0.0000130284  -0.0000378625   0.0000199466   0.0000851168
       -0.0000286062  -0.0000602939
       -0.0015143591  -0.0433705313  -0.0010338663  -0.0053247923  -0.0036966311
       -0.0279377048  -0.0003690071   0.0003792174  -0.0005334219  -0.0003225474
        0.0000338988   0.0003120282   0.0002273809   0.0001748519   0.0001085603
        0.0000283636   0.0000589784  -0.0000709231   0.0053072458  -0.0012458987
        0.0251620102   0.0006296287   0.0008216823   0.0028938368  -0.0000406401
        0.0509404518   0.0049763177   0.0016576020  -0.0046943973  -0.0034005510
       -0.0002085212   0.0006440131  -0.0004958206   0.0000198210  -0.0000185158
       -0.0000079777  -0.0000639286  -0.0000005288   0.0000148442  -0.0000262462
       -0.0000265908   0.0000126679
       -0.0596010714  -0.0016381313  -0.2722208272  -0.0014503697  -0.0052273012
       -0.0159641686  -0.0013173413  -0.0010405890  -0.0007082677  -0.0001808088
        0.0003256724   0.0002807485   0.0009094098   0.0009836628   0.0009851261
       -0.0000102542   0.0001711789  -0.0002038377  -0.0036274455   0.0034162159
       -0.0200470471  -0.0039999437   0.0007350307  -0.0060539507   0.0688081206
        0.0049763177   0.3139811319   0.0008998729  -0.0031928257  -0.0006322539
       -0.0001767825   0.0004054179   0.0005398178  -0.0001206991   0.0000074416
        0.0000005004   0.0000068537   0.0000296295  -0.0000087439  -0.0001395409
        0.0000482798   0.0000517722
        0.0023617921   0.0010698565   0.0072502580  -0.0527100406   0.0001239266
       -0.0602877200  -0.0127508743   0.0031847005  -0.0308726197  -0.0000346034
       -0.0011552509   0.0024003628  -0.0033885889  -0.0003526385   0.0005017120
       -0.0012092471  -0.0008509400   0.0009698009   0.0000823923  -0.0003075408
       -0.0003166041   0.0002772212  -0.0000103455   0.0006364849   0.0002156131
        0.0016576020   0.0008998729   0.0625231853  -0.0014913130   0.0637742203
        0.0046974661  -0.0017723193   0.0149333279   0.0002943975  -0.0000609103
        0.0001120165  -0.0001302833   0.0000114141   0.0000542190  -0.0002284299
       -0.0000462414  -0.0000553313
       -0.0048148884  -0.0039888271  -0.0267835321   0.0006074132  -0.0393312308
        0.0003303871   0.0002131413   0.0017365234   0.0042275787   0.0007548358
       -0.0007714359  -0.0011866371  -0.0001001137  -0.0002999500   0.0003196396
       -0.0001723719  -0.0000092130  -0.0000531102  -0.0002577080   0.0006701906
       -0.0005612779  -0.0004305086   0.0006616901   0.0000016436   0.0015720929
       -0.0046943973  -0.0031928257  -0.0014913130   0.0476395582   0.0022198483
        0.0040788859  -0.0016130631   0.0246880252   0.0000056437  -0.0000253110
       -0.0000021402   0.0000123993   0.0000073955  -0.0000274217   0.0000224917
        0.0000180705   0.0000198226
       -0.0021245054  -0.0046974001  -0.0157298044  -0.0540688915   0.0001476513
       -0.2572978699  -0.0064642618   0.0007729186  -0.0062212268   0.0006572451
       -0.0002125092   0.0010268463  -0.0003949683   0.0004555597   0.0002776917
        0.0002267794  -0.0001479833   0.0000144876  -0.0001328083   0.0004435754
        0.0006845213   0.0000698319   0.0003343522   0.0002964981   0.0010896510
       -0.0034005510  -0.0006322539   0.0637742203   0.0022198483   0.2973955256
       -0.0027621780   0.0041283622  -0.0198818403   0.0001077398  -0.0000444212
        0.0000140959   0.0000367136   0.0000213575   0.0000190418  -0.0000145679
       -0.0000207604   0.0000342869
        0.0034816247   0.0052919941  -0.0026032854  -0.0939903592  -0.0850126794
        0.0527108222  -0.0209088396  -0.0225216333   0.0150871946   0.0024933434
       -0.0003221367  -0.0019680688  -0.0058212852   0.0007954284  -0.0007028053
       -0.0011155438  -0.0008301729  -0.0013238088   0.0003296352   0.0017079974
        0.0005928208   0.0004893206   0.0006106987  -0.0002582890   0.0000427047
       -0.0002085212  -0.0001767825   0.0046974661   0.0040788859  -0.0027621780
        0.1104453223   0.0964278852  -0.0584523669  -0.0001171533  -0.0000684484
       -0.0000046116  -0.0003150743   0.0000724845  -0.0000748250   0.0002888382
       -0.0000217823  -0.0000638162
       -0.0108755434  -0.0256284263   0.0095211881  -0.0834952841  -0.1754249328
        0.0797101031  -0.0033380650   0.0017621512  -0.0010001498   0.0011263789
        0.0000722939   0.0000245675   0.0002886943   0.0006853141   0.0001203491
        0.0002745473  -0.0000842262   0.0001331399   0.0018016670  -0.0053856368
       -0.0028460818  -0.0002638523   0.0005404146   0.0003760877  -0.0002746402
        0.0006440131   0.0004054179  -0.0017723193  -0.0016130631   0.0041283622
        0.0964278852   0.2044060554  -0.0905642110  -0.0000009083   0.0000167449
       -0.0000393029   0.0000672475   0.0000253796   0.0000229790   0.0000341923
       -0.0000160817   0.0000075510
       -0.0051226249  -0.0089319002   0.0052704673   0.0515700195   0.0783591415
       -0.0872437644  -0.0013517440   0.0011468834   0.0014154620  -0.0000784659
       -0.0015799472  -0.0001939115  -0.0006733344  -0.0000704309  -0.0000258664
       -0.0005754478  -0.0001489914  -0.0001610887   0.0004674296  -0.0026274423
        0.0000029534  -0.0003799509   0.0002449365   0.0002504168  -0.0003065261
       -0.0004958206   0.0005398178   0.0149333279   0.0246880252  -0.0198818403
       -0.0584523669  -0.0905642110   0.1000320254   0.0000186415  -0.0000141106
        0.0000297665  -0.0000639796  -0.0000152125  -0.0000092033   0.0000150220
        0.0000090802  -0.0000252345
       -0.0001793208   0.0000004699   0.0000212210  -0.0000783915  -0.0001933349
        0.0009764361  -0.0000422192   0.0035218553  -0.0005636632   0.0009932555
       -0.0008224707   0.0001846928  -0.0274231810   0.0263134256  -0.0249740163
       -0.0454898852   0.0272309474  -0.0249727784   0.0000697673  -0.0001596036
        0.0000652415  -0.0000180394  -0.0000687687  -0.0000057687   0.0000046705
        0.0000198210  -0.0001206991   0.0002943975   0.0000056437   0.0001077398
       -0.0001171533  -0.0000009083   0.0000186415   0.0657958968  -0.0417297000
        0.0359016720   0.0029862603  -0.0075087490   0.0069133224   0.0032039425
       -0.0066086277   0.0064479587
        0.0000163894  -0.0000171550   0.0000577509  -0.0000872012  -0.0002464456
        0.0001046922  -0.0013276843   0.0016567921  -0.0006215269   0.0003808770
       -0.0000159839   0.0005929246   0.0118154037  -0.0038980492   0.0030561455
        0.0298159901  -0.1654796804   0.1111661555  -0.0000583520   0.0000597811
       -0.0000327157   0.0000272029   0.0000119742  -0.0000304888   0.0000346368
       -0.0000185158   0.0000074416  -0.0000609103  -0.0000253110  -0.0000444212
       -0.0000684484   0.0000167449  -0.0000141106  -0.0417297000   0.1873550807
       -0.1299656799   0.0026281424  -0.0238322247   0.0188494787  -0.0013863459
        0.0044329925  -0.0031256460
        0.0000539934  -0.0000096315  -0.0000075389   0.0001998657  -0.0000411877
        0.0001536698  -0.0006760635   0.0033493813   0.0012834008   0.0015246586
       -0.0011085018  -0.0004160947  -0.0085956899   0.0012300917  -0.0003393349
       -0.0276367632   0.1102899810  -0.1444946918   0.0000282845  -0.0000588352
       -0.0000071843  -0.0000017509  -0.0000342362  -0.0000113096   0.0000038070
       -0.0000079777   0.0000005004   0.0001120165  -0.0000021402   0.0000140959
       -0.0000046116  -0.0000393029   0.0000297665   0.0359016720  -0.1299656799
        0.1634574427   0.0016244039  -0.0058454032   0.0057536676  -0.0025338224
        0.0222434420  -0.0254163895
        0.0001342486  -0.0000520176   0.0000060027  -0.0008636510  -0.0012641531
       -0.0003078404  -0.0078996618   0.0007608490  -0.0008497102   0.0014600080
        0.0011279762   0.0004397692  -0.0241092263  -0.0293934557  -0.0111501783
       -0.0684049986  -0.0742111772  -0.0248859186  -0.0000298104  -0.0000367571
       -0.0000681554   0.0000558406   0.0000129170  -0.0000017012  -0.0000130284
       -0.0000639286   0.0000068537  -0.0001302833   0.0000123993   0.0000367136
       -0.0003150743   0.0000672475  -0.0000639796   0.0029862603   0.0026281424
        0.0016244039   0.0924818542   0.0929773373   0.0327680109   0.0046475225
        0.0074346206   0.0024457298
       -0.0000214645   0.0000243265  -0.0000072717   0.0002064184   0.0001738206
        0.0000078658   0.0006334689  -0.0017671540  -0.0006218482  -0.0011425274
        0.0013049078   0.0002309230  -0.0025597028   0.0035636617   0.0006597661
       -0.0802317245  -0.2341921162  -0.0655921711  -0.0000297585   0.0000406423
       -0.0000113989  -0.0000022563   0.0000293224   0.0000218274  -0.0000378625
       -0.0000005288   0.0000296295   0.0000114141   0.0000073955   0.0000213575
        0.0000724845   0.0000253796  -0.0000152125  -0.0075087490  -0.0238322247
       -0.0058454032   0.0929773373   0.2635852411   0.0754914121  -0.0023670779
       -0.0089626737  -0.0043694757
       -0.0000045217  -0.0000217172   0.0000343596  -0.0000520668  -0.0001176831
        0.0001473451  -0.0005658312  -0.0005241388   0.0002763608  -0.0001392379
        0.0004940001   0.0002103464  -0.0033025491  -0.0020306717  -0.0001468394
       -0.0266963586  -0.0650554876  -0.0660477980  -0.0000381576   0.0000114895
        0.0000011900  -0.0000009361   0.0000178404  -0.0000119396   0.0000199466
        0.0000148442  -0.0000087439   0.0000542190  -0.0000274217   0.0000190418
       -0.0000748250   0.0000229790  -0.0000092033   0.0069133224   0.0188494787
        0.0057536676   0.0327680109   0.0754914121   0.0707369985  -0.0088810148
       -0.0271249238  -0.0109547856
       -0.0001263961  -0.0000010358  -0.0000695403   0.0000853824   0.0004094946
       -0.0009914390  -0.0003154536   0.0032100569   0.0022944978   0.0012907913
       -0.0008130383  -0.0002777334  -0.0344616851   0.0098502849   0.0293519400
       -0.0635840029   0.0179181013   0.0676010367   0.0000006184  -0.0001337141
        0.0000971120  -0.0000355140  -0.0000742564  -0.0000434989   0.0000851168
       -0.0000262462  -0.0001395409  -0.0002284299   0.0000224917  -0.0000145679
        0.0002888382   0.0000341923   0.0000150220   0.0032039425  -0.0013863459
       -0.0025338224   0.0046475225  -0.0023670779  -0.0088810148   0.0891492694
       -0.0266429071  -0.0864084509
        0.0000802475   0.0000049798  -0.0000105895   0.0000631615  -0.0001513498
       -0.0001853488  -0.0015631598   0.0026487486   0.0011475073   0.0012544778
       -0.0002924119  -0.0003901151   0.0073541428  -0.0014843016  -0.0037735501
        0.0186894668  -0.0584515242  -0.0531124000   0.0000050172   0.0000062673
       -0.0000525871   0.0000301903  -0.0000203060   0.0000053654  -0.0000286062
       -0.0000265908   0.0000482798  -0.0000462414   0.0000180705  -0.0000207604
       -0.0000217823  -0.0000160817   0.0000090802  -0.0066086277   0.0044329925
        0.0222434420   0.0074346206  -0.0089626737  -0.0271249238  -0.0266429071
        0.0622941809   0.0612166001
       -0.0000335798   0.0000288316  -0.0000315121  -0.0001865189  -0.0000548777
       -0.0001859806  -0.0003607103  -0.0018795479   0.0004757125  -0.0007957715
        0.0009487079  -0.0002844154   0.0079300593  -0.0003269263   0.0047275029
        0.0711136496  -0.0524994828  -0.2332598613   0.0000040363   0.0000125086
       -0.0000246134   0.0000230391   0.0000092668   0.0000281310  -0.0000602939
        0.0000126679   0.0000517722  -0.0000553313   0.0000198226   0.0000342869
       -0.0000638162   0.0000075510  -0.0000252345   0.0064479587  -0.0031256460
       -0.0254163895   0.0024457298  -0.0043694757  -0.0109547856  -0.0864084509
        0.0612166001   0.2648653869
