           1           2   1.0205365909022319     
           2           3  0.97349559246910999     
           3           4   1.7500479755300320     
           3           5   1.1330638818720140     
           4           5  0.17173231734440819     
           5           6  0.95884822121639102     
           1           7  0.98616081022801683     
           1           8  0.98626672522360648     
           1           9  0.98704560345234227     
           2          10  0.94903597713384724     
           2          11  0.95978832329538122     
           6          12  0.97717743013298564     
           6          13  0.98195866819256539     
           6          14  0.97727349130052543     
