$hessian                                                                        
        0.3911510818   0.0099238868  -0.0850487367  -0.1421981332   0.0636536508
       -0.0040953446  -0.0222459358   0.0051164218   0.0138183483  -0.0546453079
       -0.0153815937  -0.0409151452  -0.0515239592  -0.0524416733   0.0095437134
       -0.1056598210  -0.0218581569   0.1117777679  -0.0173683388   0.0103215150
       -0.0045937747   0.0024904142   0.0006659495  -0.0004868284
        0.0099238868   0.4819160341  -0.0389689583   0.0636531788  -0.1151315997
        0.0034610623  -0.0013189838   0.0051733312  -0.0024408458  -0.0168971048
       -0.0349375658  -0.0212451612  -0.0565337954  -0.2671839433   0.0218101751
       -0.0225264517  -0.0502031872   0.0366277280  -0.0012450277   0.0020542161
        0.0001420789   0.0249442978  -0.0216872854   0.0006139210
       -0.0850487367  -0.0389689583   0.3897062336   0.0041074804  -0.0034719069
       -0.0546616988   0.0222983933  -0.0076201978  -0.0082896926  -0.0413255654
       -0.0198963165  -0.0870608679   0.0101049142   0.0252039971  -0.0403515349
        0.1073465653   0.0349967412  -0.1977207828  -0.0188721216   0.0120095422
       -0.0023406251   0.0013890704  -0.0022529010   0.0007189684
       -0.1421981332   0.0636531788   0.0041074804   0.3911570319   0.0099131177
        0.0850500996  -0.0546424634  -0.0153867477   0.0409118399  -0.0222472150
        0.0051186697  -0.0138171391   0.0024903741   0.0006659599   0.0004868647
       -0.0173675202   0.0103204304   0.0045957694  -0.1056674404  -0.0218434217
       -0.1117841145  -0.0515246337  -0.0524411870  -0.0095508003
        0.0636536508  -0.1151315997  -0.0034719069   0.0099131177   0.4819049364
        0.0389817433  -0.0169022610  -0.0349434386   0.0212531824  -0.0013157293
        0.0051718911   0.0024428004   0.0249444719  -0.0216875129  -0.0006179848
       -0.0012477294   0.0020559486  -0.0001414039  -0.0225124075  -0.0501929633
       -0.0366058969  -0.0565331131  -0.2671772615  -0.0218405335
       -0.0040953446   0.0034610623  -0.0546616988   0.0850500996   0.0389817433
        0.3897114865   0.0413220455   0.0199042945  -0.0870578796  -0.0222981022
        0.0076219286  -0.0082870101  -0.0013855649   0.0022496843   0.0007192309
        0.0188724692  -0.0120092656  -0.0023431766  -0.1073530146  -0.0349749433
       -0.1977234059  -0.0101125881  -0.0252345041  -0.0403575466
       -0.0222459358  -0.0013189838   0.0222983933  -0.0546424634  -0.0169022610
        0.0413220455   0.0827959380   0.0218619115  -0.0789203458   0.0005885376
       -0.0005248033   0.0000683723   0.0011658618  -0.0004020652  -0.0001286391
       -0.0039020160   0.0029368815   0.0007222203   0.0042909099   0.0012189578
        0.0022747790  -0.0080508322  -0.0068696375   0.0123631745
        0.0051164218   0.0051733312  -0.0076201978  -0.0153867477  -0.0349434386
        0.0199042945   0.0218619115   0.0322171140  -0.0317874215  -0.0005247936
       -0.0000505913  -0.0005694384   0.0001484484   0.0010144573  -0.0007261471
        0.0025754707  -0.0004944073  -0.0004860765   0.0004927843   0.0023267696
        0.0012284443  -0.0142834953  -0.0052432350   0.0200565426
        0.0138183483  -0.0024408458  -0.0082896926   0.0409118399   0.0212531824
       -0.0870578796  -0.0789203458  -0.0317874215   0.1262269994  -0.0000684100
        0.0005691794   0.0020552491  -0.0008771006  -0.0004795244   0.0002348151
        0.0009468057  -0.0012210818   0.0004400437   0.0162558109   0.0073473642
       -0.0267229419   0.0079330517   0.0067591475  -0.0068865934
       -0.0546453079  -0.0168971048  -0.0413255654  -0.0222472150  -0.0013157293
       -0.0222981022   0.0005885376  -0.0005247936  -0.0000684100   0.0828014314
        0.0218517417   0.0789249609  -0.0080515219  -0.0068681061  -0.0123641029
        0.0042902777   0.0012190402  -0.0022756783  -0.0039020871   0.0029370205
       -0.0007216507   0.0011658852  -0.0004020687   0.0001285486
       -0.0153815937  -0.0349375658  -0.0198963165   0.0051186697   0.0051718911
        0.0076219286  -0.0005248033  -0.0000505913   0.0005691794   0.0218517417
        0.0322080450   0.0317732364  -0.0142830573  -0.0052394133  -0.0200558083
        0.0004950709   0.0023279973  -0.0012243226   0.0025756250  -0.0004946543
        0.0004858514   0.0001483470   0.0010142914   0.0007262516
       -0.0409151452  -0.0212451612  -0.0870608679  -0.0138171391   0.0024428004
       -0.0082870101   0.0000683723  -0.0005694384   0.0020552491   0.0789249609
        0.0317732364   0.1262305497  -0.0079350298  -0.0067586729  -0.0068897002
       -0.0162567989  -0.0073432507  -0.0267235145  -0.0009462959   0.0012208360
        0.0004403401   0.0008770757   0.0004796503   0.0002349537
       -0.0515239592  -0.0565337954   0.0101049142   0.0024903741   0.0249444719
       -0.0013855649   0.0011658618   0.0001484484  -0.0008771006  -0.0080515219
       -0.0142830573  -0.0079350298   0.0630514219   0.0592045317  -0.0046587334
       -0.0037438908  -0.0169723796   0.0045125796   0.0002979985   0.0001926417
        0.0002842871  -0.0036862844   0.0032991387  -0.0000453522
       -0.0524416733  -0.2671839433   0.0252039971   0.0006659599  -0.0216875129
        0.0022496843  -0.0004020652   0.0010144573  -0.0004795244  -0.0068681061
       -0.0052394133  -0.0067586729   0.0592045317   0.3024458628  -0.0243543245
       -0.0031497318  -0.0076316102   0.0033927802  -0.0003080684   0.0000262783
        0.0000902837   0.0032991532  -0.0017441187   0.0006557764
        0.0095437134   0.0218101751  -0.0403515349   0.0004868647  -0.0006179848
        0.0007192309  -0.0001286391  -0.0007261471   0.0002348151  -0.0123641029
       -0.0200558083  -0.0068897002  -0.0046587334  -0.0243543245   0.0491605992
        0.0071955285   0.0243138817  -0.0037122217  -0.0001206094   0.0002864626
        0.0000593927   0.0000459781  -0.0006562545   0.0007794189
       -0.1056598210  -0.0225264517   0.1073465653  -0.0173675202  -0.0012477294
        0.0188724692  -0.0039020160   0.0025754707   0.0009468057   0.0042902777
        0.0004950709  -0.0162567989  -0.0037438908  -0.0031497318   0.0071955285
        0.1263888668   0.0243522495  -0.1186367610  -0.0003038917  -0.0001907875
        0.0004116331   0.0002979954  -0.0003080906   0.0001205581
       -0.0218581569  -0.0502031872   0.0349967412   0.0103204304   0.0020559486
       -0.0120092656   0.0029368815  -0.0004944073  -0.0012210818   0.0012190402
        0.0023279973  -0.0073432507  -0.0169723796  -0.0076316102   0.0243138817
        0.0243522495   0.0535454343  -0.0382644761  -0.0001907379   0.0003734911
       -0.0001860773   0.0001926729   0.0000263334  -0.0002864714
        0.1117777679   0.0366277280  -0.1977207828   0.0045957694  -0.0001414039
       -0.0023431766   0.0007222203  -0.0004860765   0.0004400437  -0.0022756783
       -0.0012243226  -0.0267235145   0.0045125796   0.0033927802  -0.0037122217
       -0.1186367610  -0.0382644761   0.2294043592  -0.0004116285   0.0001860491
        0.0005959494  -0.0002842694  -0.0000902781   0.0000593432
       -0.0173683388  -0.0012450277  -0.0188721216  -0.1056674404  -0.0225124075
       -0.1073530146   0.0042909099   0.0004927843   0.0162558109  -0.0039020871
        0.0025756250  -0.0009462959   0.0002979985  -0.0003080684  -0.0001206094
       -0.0003038917  -0.0001907379  -0.0004116285   0.1263971486   0.0243366587
        0.1186438421  -0.0037442989  -0.0031488265  -0.0071959830
        0.0103215150   0.0020542161   0.0120095422  -0.0218434217  -0.0501929633
       -0.0349749433   0.0012189578   0.0023267696   0.0073473642   0.0029370205
       -0.0004946543   0.0012208360   0.0001926417   0.0000262783   0.0002864626
       -0.0001907875   0.0003734911   0.0001860491   0.0243366587   0.0535345221
        0.0382385443  -0.0169725845  -0.0076276596  -0.0243138551
       -0.0045937747   0.0001420789  -0.0023406251  -0.1117841145  -0.0366058969
       -0.1977234059   0.0022747790   0.0012284443  -0.0267229419  -0.0007216507
        0.0004858514   0.0004403401   0.0002842871   0.0000902837   0.0000593927
        0.0004116331  -0.0001860773   0.0005959494   0.1186438421   0.0382385443
        0.2294070576  -0.0045150013  -0.0033932284  -0.0037157669
        0.0024904142   0.0249442978   0.0013890704  -0.0515246337  -0.0565331131
       -0.0101125881  -0.0080508322  -0.0142834953   0.0079330517   0.0011658852
        0.0001483470   0.0008770757  -0.0036862844   0.0032991532   0.0000459781
        0.0002979954   0.0001926729  -0.0002842694  -0.0037442989  -0.0169725845
       -0.0045150013   0.0630517546   0.0592047221   0.0046666828
        0.0006659495  -0.0216872854  -0.0022529010  -0.0524411870  -0.2671772615
       -0.0252345041  -0.0068696375  -0.0052432350   0.0067591475  -0.0004020687
        0.0010142914   0.0004796503   0.0032991387  -0.0017441187  -0.0006562545
       -0.0003080906   0.0000263334  -0.0000902781  -0.0031488265  -0.0076276596
       -0.0033932284   0.0592047221   0.3024389354   0.0243883683
       -0.0004868284   0.0006139210   0.0007189684  -0.0095508003  -0.0218405335
       -0.0403575466   0.0123631745   0.0200565426  -0.0068865934   0.0001285486
        0.0007262516   0.0002349537  -0.0000453522   0.0006557764   0.0007794189
        0.0001205581  -0.0002864714   0.0000593432  -0.0071959830  -0.0243138551
       -0.0037157669   0.0046666828   0.0243883683   0.0491672227
