$hessian                                                                        
        0.6749198633  -0.0000010012   0.0000577142  -0.1528335028   0.1392742077
       -0.0000103795  -0.0365322667   0.0257357642  -0.0000039375   0.0063170001
       -0.0000025136   0.0000013515  -0.0365405685  -0.0257311191  -0.0000041051
       -0.1528482287  -0.1392831878  -0.0000113474  -0.0036834048  -0.0000001290
        0.0000000983   0.0021429150   0.0000000980  -0.0000001122  -0.3023776858
        0.0000098148  -0.0000278994   0.0067256779  -0.0122377239   0.0000007159
       -0.0060077738   0.0002434166  -0.0000014492  -0.0060077619  -0.0002428955
       -0.0000014554   0.0067257367   0.0122352688   0.0000008056
       -0.0000010012   0.6473102159   0.0000018441   0.0595256493  -0.2711608897
        0.0000056130   0.0851687795   0.0271164865   0.0000089815  -0.0000024894
       -0.0634952310  -0.0000001764  -0.0851641759   0.0271246211  -0.0000088519
       -0.0595345756  -0.2711464630  -0.0000071299   0.0000000635  -0.0016525228
       -0.0000000292  -0.0000001443   0.0004248029   0.0000000198   0.0000097786
       -0.0438741326  -0.0000000439   0.0114416331  -0.0263918843   0.0000009752
       -0.0001754147   0.0010684246  -0.0000000984   0.0001759523   0.0010684402
        0.0000000610  -0.0114440551  -0.0263918680  -0.0000011648
        0.0000577142   0.0000018441   0.1184259271  -0.0000106965   0.0000140486
       -0.0486767493  -0.0000036546   0.0000024866   0.0011955159   0.0000015048
       -0.0000001680  -0.0065386255  -0.0000042705  -0.0000023330   0.0011956109
       -0.0000110733  -0.0000156013  -0.0486767947  -0.0000002011  -0.0000000090
       -0.0003226140   0.0000001928   0.0000000025   0.0000713217  -0.0000277810
       -0.0000000340  -0.0351075744   0.0000005807  -0.0000012195   0.0009882843
       -0.0000014094   0.0000001137   0.0082287078  -0.0000014028  -0.0000001624
        0.0082287210   0.0000004968   0.0000010315   0.0009882692
       -0.1528335028   0.0595256493  -0.0000106965   0.6596147288   0.0137325433
        0.0000533724  -0.3374147572   0.0392562149  -0.0000285546  -0.0395945324
       -0.0800031676  -0.0000039822  -0.0476344864   0.0290298200  -0.0000039502
        0.0604956502   0.0287006309   0.0000061582   0.0052793838  -0.0041354938
       -0.0000011520  -0.0030520923   0.0007001590   0.0000005610  -0.0182614383
        0.0259592981  -0.0000018082  -0.1086458971  -0.1121914897  -0.0000073471
       -0.0172386731   0.0022971496  -0.0000016743  -0.0001910385   0.0004751983
       -0.0000000573  -0.0005233447  -0.0033465122  -0.0000008692
        0.1392742077  -0.2711608897   0.0000140486   0.0137325433   0.6674190991
        0.0000012362  -0.0385065086  -0.0949543598  -0.0000039952  -0.0238787134
        0.0253826460  -0.0000027651   0.0297329989  -0.0128272236   0.0000030828
       -0.0287100288  -0.0667793425  -0.0000032621  -0.0055229396  -0.0045509503
       -0.0000004213   0.0002636716   0.0009701643   0.0000002019   0.0021461661
       -0.0012007450   0.0000000758  -0.1121704373  -0.2372347250  -0.0000105233
        0.0259387201  -0.0014924710   0.0000026111   0.0006173435   0.0006305644
       -0.0000000002  -0.0029170236  -0.0042017669  -0.0000002896
       -0.0000103795   0.0000056130  -0.0486767493   0.0000533724   0.0000012362
        0.1166033460  -0.0000282881   0.0000041994  -0.0473881066  -0.0000039152
       -0.0000080986   0.0019349902  -0.0000041427   0.0000031278  -0.0059622218
        0.0000059541   0.0000027792   0.0011565127   0.0000000473  -0.0000008617
        0.0086811056  -0.0000008789   0.0000003125  -0.0017854076  -0.0000019283
        0.0000026234   0.0013390686  -0.0000071000  -0.0000106979  -0.0349163524
       -0.0000019164   0.0000001820   0.0012134382  -0.0000000212   0.0000000501
       -0.0002383531  -0.0000008035  -0.0000004656   0.0080387297
       -0.0365322667   0.0851687795  -0.0000036546  -0.3374147572  -0.0385065086
       -0.0000282881   0.6618786299  -0.0199652825   0.0000542185  -0.1304664997
       -0.0642815146  -0.0000087405   0.0556383280  -0.0252758079   0.0000054663
       -0.0476388530  -0.0297304556  -0.0000043397  -0.0386216177  -0.0263584673
       -0.0000024184   0.0031574123   0.0027746677  -0.0000005340  -0.0007791377
        0.0030930902  -0.0000009465  -0.0182888950  -0.0027524966  -0.0000017729
       -0.1099494299   0.1131770721  -0.0000081027  -0.0008350496   0.0033018088
       -0.0000006840  -0.0001478636  -0.0006448853  -0.0000002033
        0.0257357642   0.0271164865   0.0000024866   0.0392562149  -0.0949543598
        0.0000041994  -0.0199652825   0.6500807152  -0.0000034298  -0.1165544742
       -0.2588775257  -0.0000107326   0.0252674487  -0.0627479255   0.0000030043
       -0.0290272763  -0.0128229793  -0.0000031703  -0.0259001679  -0.0001237036
       -0.0000006715   0.0093142963  -0.0013614261  -0.0000011022   0.0033585503
       -0.0042078626   0.0000002495  -0.0263079881  -0.0018698587  -0.0000026360
        0.1127462737  -0.2365774568   0.0000117591   0.0027850446  -0.0041762341
        0.0000002617  -0.0007084038   0.0005221306  -0.0000002182
       -0.0000039375   0.0000089815   0.0011955159  -0.0000285546  -0.0000039952
       -0.0473881066   0.0000542185  -0.0000034298   0.1150694169  -0.0000084162
       -0.0000045075  -0.0481377303   0.0000056647  -0.0000034379   0.0025317737
       -0.0000041687  -0.0000030978  -0.0059620547  -0.0000037359  -0.0000028790
       -0.0002974855   0.0000004336   0.0000003693   0.0012023921  -0.0000009090
        0.0000002492   0.0080096691  -0.0000018299  -0.0000002705   0.0008717835
       -0.0000079379   0.0000118620  -0.0341537082  -0.0000007745   0.0000002337
        0.0073438240  -0.0000000527  -0.0000000780  -0.0002852900
        0.0063170001  -0.0000024894   0.0000015048  -0.0395945324  -0.0238787134
       -0.0000039152  -0.1304664997  -0.1165544742  -0.0000084162   0.6537400303
        0.0000119061   0.0000457130  -0.1304531395   0.1165440431  -0.0000076124
       -0.0395871881   0.0238839388  -0.0000037665  -0.2671813848  -0.0000011067
       -0.0000243733  -0.0554777077  -0.0000013175   0.0000024676   0.0009998300
       -0.0000000289   0.0000001878  -0.0060421542  -0.0001814281  -0.0000013228
        0.0068940035   0.0111060720   0.0000004621   0.0068939571  -0.0111084294
        0.0000003897  -0.0060422147   0.0001820276  -0.0000013185
       -0.0000025136  -0.0634952310  -0.0000001680  -0.0800031676   0.0253826460
       -0.0000080986  -0.0642815146  -0.2588775257  -0.0000045075   0.0000119061
        0.6212444674   0.0000017511   0.0642733503  -0.2588899012   0.0000030108
        0.0800074710   0.0253747839   0.0000082658  -0.0000018438  -0.0592387904
       -0.0000000492  -0.0000017116   0.0182026330   0.0000000250  -0.0000000535
       -0.0006363799  -0.0000000118  -0.0001043345   0.0013241241   0.0000001918
       -0.0111319492  -0.0258575567  -0.0000006320   0.0111294512  -0.0258574019
        0.0000004660   0.0001049099   0.0013241324  -0.0000002435
        0.0000013515  -0.0000001764  -0.0065386255  -0.0000039822  -0.0000027651
        0.0019349902  -0.0000087405  -0.0000107326  -0.0481377303   0.0000457130
        0.0000017511   0.1192645247  -0.0000083158   0.0000092586  -0.0481382615
       -0.0000034004   0.0000029069   0.0019354624  -0.0000309096  -0.0000000216
       -0.0540623062   0.0000099090   0.0000000083   0.0160774137  -0.0000000024
       -0.0000000062  -0.0002934884  -0.0000015258  -0.0000000625   0.0081239082
        0.0000006763   0.0000011263   0.0008549075   0.0000007603  -0.0000013049
        0.0008550889  -0.0000015333   0.0000000182   0.0081241164
       -0.0365405685  -0.0851641759  -0.0000042705  -0.0476344864   0.0297329989
       -0.0000041427   0.0556383280   0.0252674487   0.0000056647  -0.1304531395
        0.0642733503  -0.0000083158   0.6618897618   0.0199646464   0.0000543724
       -0.3374180032   0.0385242521  -0.0000280262  -0.0386219746   0.0263605510
       -0.0000022150   0.0031573933  -0.0027748061  -0.0000005708  -0.0007796294
       -0.0030933790  -0.0000009520  -0.0001477220   0.0006449291  -0.0000001947
       -0.0008354051  -0.0033020012  -0.0000007148  -0.1099675894  -0.1131876348
       -0.0000088764  -0.0182869649   0.0027538207  -0.0000017582
       -0.0257311191   0.0271246211  -0.0000023330   0.0290298200  -0.0128272236
        0.0000031278  -0.0252758079  -0.0627479255  -0.0000034379   0.1165440431
       -0.2588899012   0.0000092586   0.0199646464   0.6500754174   0.0000071194
       -0.0392382733  -0.0949540867  -0.0000045323   0.0259048793  -0.0001252990
        0.0000007009  -0.0093148519  -0.0013620096   0.0000010692  -0.0033588180
       -0.0042073371  -0.0000003229   0.0007083984   0.0005220530   0.0000002195
       -0.0027853980  -0.0041758322  -0.0000003409  -0.1127569595  -0.2365604452
       -0.0000131537   0.0263094405  -0.0018720314   0.0000026252
       -0.0000041051  -0.0000088519   0.0011956109  -0.0000039502   0.0000030828
       -0.0059622218   0.0000054663   0.0000030043   0.0025317737  -0.0000076124
        0.0000030108  -0.0481382615   0.0000543724   0.0000071194   0.1150695773
       -0.0000288615   0.0000036822  -0.0473885182  -0.0000035476   0.0000028876
       -0.0002965523   0.0000003657  -0.0000003892   0.0012020472  -0.0000009328
       -0.0000003250   0.0080097677  -0.0000000505   0.0000000827  -0.0002852186
       -0.0000007886  -0.0000003106   0.0073439202  -0.0000087123  -0.0000132465
       -0.0341538660  -0.0000016434   0.0000002534   0.0008719414
       -0.1528482287  -0.0595345756  -0.0000110733   0.0604956502  -0.0287100288
        0.0000059541  -0.0476388530  -0.0290272763  -0.0000041687  -0.0395871881
        0.0800074710  -0.0000034004  -0.3374180032  -0.0392382733  -0.0000288615
        0.6596158454  -0.0137316163   0.0000532953   0.0052795811   0.0041357328
       -0.0000011583  -0.0030518464  -0.0007003386   0.0000005771  -0.0182635837
       -0.0259580764  -0.0000020010  -0.0005229027   0.0033462390  -0.0000008433
       -0.0001911256  -0.0004751313  -0.0000000566  -0.0172406112  -0.0022958926
       -0.0000016791  -0.1086287341   0.1121817663  -0.0000065843
       -0.1392831878  -0.2711464630  -0.0000156013   0.0287006309  -0.0667793425
        0.0000027792  -0.0297304556  -0.0128229793  -0.0000030978   0.0238839388
        0.0253747839   0.0000029069   0.0385242521  -0.0949540867   0.0000036822
       -0.0137316163   0.6674218271   0.0000025454   0.0055221517  -0.0045516003
        0.0000003535  -0.0002634374   0.0009703174  -0.0000001992  -0.0021449469
       -0.0011986820  -0.0000000807   0.0029167346  -0.0042022400   0.0000002129
       -0.0006172886   0.0006306466  -0.0000000039  -0.0259374166  -0.0014902660
       -0.0000026297   0.1121606411  -0.2372519152   0.0000091325
       -0.0000113474  -0.0000071299  -0.0486767947   0.0000061582  -0.0000032621
        0.0011565127  -0.0000043397  -0.0000031703  -0.0059620547  -0.0000037665
        0.0000082658   0.0019354624  -0.0000280262  -0.0000045323  -0.0473885182
        0.0000532953   0.0000025454   0.1166035641   0.0000000972   0.0000007699
        0.0086808537  -0.0000008882  -0.0000002932  -0.0017853872  -0.0000019414
       -0.0000026420   0.0013390872  -0.0000007852   0.0000003828   0.0080386456
       -0.0000000276  -0.0000000453  -0.0002383720  -0.0000020952  -0.0000001999
        0.0012134876  -0.0000063335   0.0000093110  -0.0349164864
       -0.0036834048   0.0000000635  -0.0000002011   0.0052793838  -0.0055229396
        0.0000000473  -0.0386216177  -0.0259001679  -0.0000037359  -0.2671813848
       -0.0000018438  -0.0000309096  -0.0386219746   0.0259048793  -0.0000035476
        0.0052795811   0.0055221517   0.0000000972   1.5957615204   0.0000452000
       -0.0001008382  -1.2598093030  -0.0000472697   0.0001380568   0.0002927697
       -0.0000000240   0.0000001168  -0.0002261104   0.0002678179   0.0000001188
        0.0008783338   0.0018178453   0.0000003518   0.0008781783  -0.0018178909
        0.0000003123  -0.0002259717  -0.0002678216   0.0000001314
       -0.0000001290  -0.0016525228  -0.0000000090  -0.0041354938  -0.0045509503
       -0.0000008617  -0.0263584673  -0.0001237036  -0.0000028790  -0.0000011067
       -0.0592387904  -0.0000000216   0.0263605510  -0.0001252990   0.0000028876
        0.0041357328  -0.0045516003   0.0000007699   0.0000452000   0.1061713145
        0.0000000948  -0.0000467595  -0.0349015695  -0.0000000040   0.0000000067
       -0.0000518828   0.0000000094  -0.0015266472  -0.0001823279  -0.0000007871
       -0.0012715266  -0.0003047876  -0.0000007704   0.0012718664  -0.0003053963
        0.0000007856   0.0015267734  -0.0001824839   0.0000007854
        0.0000000983  -0.0000000292  -0.0003226140  -0.0000011520  -0.0000004213
        0.0086811056  -0.0000024184  -0.0000006715  -0.0002974855  -0.0000243733
       -0.0000000492  -0.0540623062  -0.0000022150   0.0000007009  -0.0002965523
       -0.0000011583   0.0000003535   0.0086808537  -0.0001008382   0.0000000948
        0.0781406667   0.0001309929  -0.0000000027  -0.0329670498   0.0000003315
        0.0000000124  -0.0022218140  -0.0000000770   0.0000000537   0.0001386419
        0.0000004334   0.0000001175  -0.0028059229   0.0000004359  -0.0000001025
       -0.0028059595  -0.0000000599  -0.0000000565   0.0001384363
        0.0021429150  -0.0000001443   0.0000001928  -0.0030520923   0.0002636716
       -0.0000008789   0.0031574123   0.0093142963   0.0000004336  -0.0554777077
       -0.0000017116   0.0000099090   0.0031573933  -0.0093148519   0.0000003657
       -0.0030518464  -0.0002634374  -0.0000008882  -1.2598093030  -0.0000467595
        0.0001309929   1.3138174509   0.0000488887  -0.0001403520  -0.0000842492
       -0.0000000216   0.0000001275  -0.0005756087  -0.0001562995  -0.0000001022
        0.0001756481  -0.0003225113   0.0000001461   0.0001756454   0.0003225599
        0.0000001632  -0.0005756577   0.0001563206  -0.0000001096
        0.0000000980   0.0004248029   0.0000000025   0.0007001590   0.0009701643
        0.0000003125   0.0027746677  -0.0013614261   0.0000003693  -0.0000013175
        0.0182026330   0.0000000083  -0.0027748061  -0.0013620096  -0.0000003892
       -0.0007003386   0.0009703174  -0.0000002932  -0.0000472697  -0.0349015695
       -0.0000000027   0.0000488887   0.0163064065  -0.0000000059  -0.0000000039
        0.0000380541  -0.0000000021   0.0003378071   0.0000454964   0.0000003824
        0.0003635902   0.0003107378   0.0000003578  -0.0003635810   0.0003108640
       -0.0000003577  -0.0003378939   0.0000455288  -0.0000003821
       -0.0000001122   0.0000000198   0.0000713217   0.0000005610   0.0000002019
       -0.0017854076  -0.0000005340  -0.0000011022   0.0012023921   0.0000024676
        0.0000000250   0.0160774137  -0.0000005708   0.0000010692   0.0012020472
        0.0000005771  -0.0000001992  -0.0017853872   0.0001380568  -0.0000000040
       -0.0329670498  -0.0001403520  -0.0000000059   0.0167080384  -0.0000000858
       -0.0000000046   0.0004872106   0.0000001002  -0.0000000135  -0.0000580956
       -0.0000001016   0.0000000505   0.0004528388  -0.0000001009  -0.0000000513
        0.0004527869   0.0000000944   0.0000000142  -0.0000581090
       -0.3023776858   0.0000097786  -0.0000277810  -0.0182614383   0.0021461661
       -0.0000019283  -0.0007791377   0.0033585503  -0.0000009090   0.0009998300
       -0.0000000535  -0.0000000024  -0.0007796294  -0.0033588180  -0.0000009328
       -0.0182635837  -0.0021449469  -0.0000019414   0.0002927697   0.0000000067
        0.0000003315  -0.0000842492  -0.0000000039  -0.0000000858   0.3390705477
       -0.0000107306   0.0000326472   0.0009205594  -0.0006564667   0.0000003699
       -0.0008292188  -0.0000761900  -0.0000000712  -0.0008293085   0.0000762497
       -0.0000000713   0.0009205446   0.0006564581   0.0000003744
        0.0000098148  -0.0438741326  -0.0000000340   0.0259592981  -0.0012007450
        0.0000026234   0.0030930902  -0.0042078626   0.0000002492  -0.0000000289
       -0.0006363799  -0.0000000062  -0.0030933790  -0.0042073371  -0.0000003250
       -0.0259580764  -0.0011986820  -0.0000026420  -0.0000000240  -0.0000518828
        0.0000000124  -0.0000000216   0.0000380541  -0.0000000046  -0.0000107306
        0.0540118414   0.0000001045   0.0009303025   0.0007708943   0.0000001113
        0.0013209404  -0.0001073993   0.0000001721  -0.0013208743  -0.0001072965
       -0.0000001729  -0.0009303113   0.0007709280  -0.0000000882
       -0.0000278994  -0.0000000439  -0.0351075744  -0.0000018082   0.0000000758
        0.0013390686  -0.0000009465   0.0000002495   0.0080096691   0.0000001878
       -0.0000000118  -0.0002934884  -0.0000009520  -0.0000003229   0.0080097677
       -0.0000020010  -0.0000000807   0.0013390872   0.0000001168   0.0000000094
       -0.0022218140   0.0000001275  -0.0000000021   0.0004872106   0.0000326472
        0.0000001045   0.0239327611   0.0000003183  -0.0000000675  -0.0025702503
       -0.0000000467   0.0000000071  -0.0001770675  -0.0000000589  -0.0000000074
       -0.0001770900   0.0000003151   0.0000000899  -0.0025702796
        0.0067256779   0.0114416331   0.0000005807  -0.1086458971  -0.1121704373
       -0.0000071000  -0.0182888950  -0.0263079881  -0.0000018299  -0.0060421542
       -0.0001043345  -0.0000015258  -0.0001477220   0.0007083984  -0.0000000505
       -0.0005229027   0.0029167346  -0.0000007852  -0.0002261104  -0.0015266472
       -0.0000000770  -0.0005756087   0.0003378071   0.0000001002   0.0009205594
        0.0009303025   0.0000003183   0.1257498598   0.1237810258   0.0000097896
        0.0007314687  -0.0007673978   0.0000003393   0.0000584908   0.0000692020
        0.0000001812   0.0002632335   0.0006917015   0.0000000590
       -0.0122377239  -0.0263918843  -0.0000012195  -0.1121914897  -0.2372347250
       -0.0000106979  -0.0027524966  -0.0018698587  -0.0000002705  -0.0001814281
        0.0013241241  -0.0000000625   0.0006449291   0.0005220530   0.0000000827
        0.0033462390  -0.0042022400   0.0000003828   0.0002678179  -0.0001823279
        0.0000000537  -0.0001562995   0.0000454964  -0.0000000135  -0.0006564667
        0.0007708943  -0.0000000675   0.1237810258   0.2672972181   0.0000118292
        0.0007806495   0.0010033213   0.0000000744   0.0000470606   0.0001307917
        0.0000000101  -0.0006918173  -0.0012128630  -0.0000001015
        0.0000007159   0.0000009752   0.0009882843  -0.0000073471  -0.0000105233
       -0.0349163524  -0.0000017729  -0.0000026360   0.0008717835  -0.0000013228
        0.0000001918   0.0081239082  -0.0000001947   0.0000002195  -0.0002852186
       -0.0000008433   0.0000002129   0.0080386456   0.0000001188  -0.0000007871
        0.0001386419  -0.0000001022   0.0000003824  -0.0000580956   0.0000003699
        0.0000001113  -0.0025702503   0.0000097896   0.0000118292   0.0242570708
        0.0000003373  -0.0000000842  -0.0026649080   0.0000001981   0.0000000149
       -0.0018340174   0.0000000533   0.0000000934  -0.0000894919
       -0.0060077738  -0.0001754147  -0.0000014094  -0.0172386731   0.0259387201
       -0.0000019164  -0.1099494299   0.1127462737  -0.0000079379   0.0068940035
       -0.0111319492   0.0000006763  -0.0008354051  -0.0027853980  -0.0000007886
       -0.0001911256  -0.0006172886  -0.0000000276   0.0008783338  -0.0012715266
        0.0000004334   0.0001756481   0.0003635902  -0.0000001016  -0.0008292188
        0.0013209404  -0.0000000467   0.0007314687   0.0007806495   0.0000003373
        0.1260201391  -0.1243752785   0.0000106051   0.0002935406  -0.0007462608
       -0.0000000224   0.0000584926  -0.0000470576   0.0000001984
        0.0002434166   0.0010684246   0.0000001137   0.0022971496  -0.0014924710
        0.0000001820   0.1131770721  -0.2365774568   0.0000118620   0.0111060720
       -0.0258575567   0.0000011263  -0.0033020012  -0.0041758322  -0.0000003106
       -0.0004751313   0.0006306466  -0.0000000453   0.0018178453  -0.0003047876
        0.0000001175  -0.0003225113   0.0003107378   0.0000000505  -0.0000761900
       -0.0001073993   0.0000000071  -0.0007673978   0.0010033213  -0.0000000842
       -0.1243752785   0.2665766698  -0.0000130696   0.0007461489  -0.0012050866
        0.0000000512  -0.0000691944   0.0001307899  -0.0000000007
       -0.0000014492  -0.0000000984   0.0082287078  -0.0000016743   0.0000026111
        0.0012134382  -0.0000081027   0.0000117591  -0.0341537082   0.0000004621
       -0.0000006320   0.0008549075  -0.0000007148  -0.0000003409   0.0073439202
       -0.0000000566  -0.0000000039  -0.0002383720   0.0000003518  -0.0000007704
       -0.0028059229   0.0000001461   0.0000003578   0.0004528388  -0.0000000712
        0.0000001721  -0.0001770675   0.0000003393   0.0000000744  -0.0026649080
        0.0000106051  -0.0000130696   0.0236249614  -0.0000000169  -0.0000000624
        0.0001552006   0.0000001813   0.0000000031  -0.0018339959
       -0.0060077619   0.0001759523  -0.0000014028  -0.0001910385   0.0006173435
       -0.0000000212  -0.0008350496   0.0027850446  -0.0000007745   0.0068939571
        0.0111294512   0.0000007603  -0.1099675894  -0.1127569595  -0.0000087123
       -0.0172406112  -0.0259374166  -0.0000020952   0.0008781783   0.0012718664
        0.0000004359   0.0001756454  -0.0003635810  -0.0000001009  -0.0008293085
       -0.0013208743  -0.0000000589   0.0000584908   0.0000470606   0.0000001981
        0.0002935406   0.0007461489  -0.0000000169   0.1260400600   0.1243865786
        0.0000114557   0.0007314870  -0.0007806147   0.0000003328
       -0.0002428955   0.0010684402  -0.0000001624   0.0004751983   0.0006305644
        0.0000000501   0.0033018088  -0.0041762341   0.0000002337  -0.0111084294
       -0.0258574019  -0.0000013049  -0.1131876348  -0.2365604452  -0.0000132465
       -0.0022958926  -0.0014902660  -0.0000001999  -0.0018178909  -0.0003053963
       -0.0000001025   0.0003225599   0.0003108640  -0.0000000513   0.0000762497
       -0.0001072965  -0.0000000074   0.0000692020   0.0001307917   0.0000000149
       -0.0007462608  -0.0012050866  -0.0000000624   0.1243865786   0.2665581451
        0.0000147295   0.0007674066   0.0010033212   0.0000001091
       -0.0000014554   0.0000000610   0.0082287210  -0.0000000573  -0.0000000002
       -0.0002383531  -0.0000006840   0.0000002617   0.0073438240   0.0000003897
        0.0000004660   0.0008550889  -0.0000088764  -0.0000131537  -0.0341538660
       -0.0000016791  -0.0000026297   0.0012134876   0.0000003123   0.0000007856
       -0.0028059595   0.0000001632  -0.0000003577   0.0004527869  -0.0000000713
       -0.0000001729  -0.0001770900   0.0000001812   0.0000000101  -0.0018340174
       -0.0000000224   0.0000000512   0.0001552006   0.0000114557   0.0000147295
        0.0236250559   0.0000003437  -0.0000000509  -0.0026648788
        0.0067257367  -0.0114440551   0.0000004968  -0.0005233447  -0.0029170236
       -0.0000008035  -0.0001478636  -0.0007084038  -0.0000000527  -0.0060422147
        0.0001049099  -0.0000015333  -0.0182869649   0.0263094405  -0.0000016434
       -0.1086287341   0.1121606411  -0.0000063335  -0.0002259717   0.0015267734
       -0.0000000599  -0.0005756577  -0.0003378939   0.0000000944   0.0009205446
       -0.0009303113   0.0000003151   0.0002632335  -0.0006918173   0.0000000533
        0.0000584926  -0.0000691944   0.0000001813   0.0007314870   0.0007674066
        0.0000003437   0.1257312571  -0.1237704722   0.0000089417
        0.0122352688  -0.0263918680   0.0000010315  -0.0033465122  -0.0042017669
       -0.0000004656  -0.0006448853   0.0005221306  -0.0000000780   0.0001820276
        0.0013241324   0.0000000182   0.0027538207  -0.0018720314   0.0000002534
        0.1121817663  -0.2372519152   0.0000093110  -0.0002678216  -0.0001824839
       -0.0000000565   0.0001563206   0.0000455288   0.0000000142   0.0006564581
        0.0007709280   0.0000000899   0.0006917015  -0.0012128630   0.0000000934
       -0.0000470576   0.0001307899   0.0000000031  -0.0007806147   0.0010033212
       -0.0000000509  -0.1237704722   0.2673160974  -0.0000101635
        0.0000008056  -0.0000011648   0.0009882692  -0.0000008692  -0.0000002896
        0.0080387297  -0.0000002033  -0.0000002182  -0.0002852900  -0.0000013185
       -0.0000002435   0.0081241164  -0.0000017582   0.0000026252   0.0008719414
       -0.0000065843   0.0000091325  -0.0349164864   0.0000001314   0.0000007854
        0.0001384363  -0.0000001096  -0.0000003821  -0.0000581090   0.0000003744
       -0.0000000882  -0.0025702796   0.0000000590  -0.0000001015  -0.0000894919
        0.0000001984  -0.0000000007  -0.0018339959   0.0000003328   0.0000001091
       -0.0026648788   0.0000089417  -0.0000101635   0.0242570387
