$hessian                                                                        
        0.6787925566  -0.0004025120  -0.0000001804  -0.1327006357   0.1269768007
       -0.0000053154  -0.0257146885   0.0300538259  -0.0000010943   0.0030601810
       -0.0046888671   0.0000002268  -0.0434580413  -0.0196518242   0.0000007803
       -0.1784141566  -0.1552466054   0.0000066603  -0.0045041091   0.0025942323
       -0.0000000789  -0.0009782923  -0.0002614930   0.0000000489  -0.3012496046
        0.0278824277  -0.0000011538   0.0062049829  -0.0156084505   0.0000006319
       -0.0059041593   0.0009461867  -0.0000001028   0.0065567495   0.0085231504
       -0.0000003633  -0.0016907826  -0.0011168716  -0.0000000594
       -0.0004025120   0.6568503011  -0.0000229822   0.0485428471  -0.2922311479
        0.0000102582   0.0891321110   0.0143018461  -0.0000004442  -0.0061246314
       -0.0637997541   0.0000024933  -0.0755817960   0.0386029142  -0.0000016042
       -0.0802032904  -0.2584663400   0.0000091118   0.0044882672   0.0001180129
        0.0000004688  -0.0020424293   0.0005118188  -0.0000000688   0.0278172525
       -0.0468203225   0.0000006925   0.0081081355  -0.0253340517   0.0000010503
        0.0006009163   0.0009491464   0.0000002324  -0.0143234887  -0.0247241337
        0.0000009483  -0.0000113819   0.0000417105  -0.0000001562
       -0.0000001804  -0.0000229822   0.1162186275  -0.0000019168   0.0000103335
       -0.0473583575  -0.0000037699  -0.0000003653   0.0015292988   0.0000002275
        0.0000023021  -0.0043832111   0.0000032054  -0.0000020235  -0.0026985631
        0.0000033741   0.0000092228  -0.0432953728  -0.0000000132   0.0000005305
        0.0057303888  -0.0000000092   0.0000000274  -0.0001085789  -0.0000011411
        0.0000005627  -0.0343018457  -0.0000003643   0.0000010583  -0.0000828615
       -0.0000000054   0.0000002717   0.0076003030   0.0000006109   0.0000010269
       -0.0001177298  -0.0000000174   0.0000000350   0.0012679024
       -0.1327006357   0.0485428471  -0.0000019168   0.6576765753   0.0153381265
       -0.0000008282  -0.3299236267   0.0653288521  -0.0000025371  -0.0486230373
       -0.0782934765   0.0000032996  -0.0405707099   0.0339861457  -0.0000014323
        0.0555263703   0.0153166475  -0.0000006505   0.0005881126  -0.0016572168
        0.0000000234  -0.0002182549  -0.0009050956   0.0000001032  -0.0148956141
        0.0270111867  -0.0000011824  -0.1323552784  -0.1240947249   0.0000050811
       -0.0138824018   0.0036529880  -0.0000001452  -0.0011395796  -0.0037390872
        0.0000002628   0.0005180800  -0.0004871928  -0.0000000776
        0.1269768007  -0.2922311479   0.0000103335   0.0153381265   0.6695923512
       -0.0000233005  -0.0149840106  -0.0954768731   0.0000021382  -0.0169307895
        0.0366816402  -0.0000014611   0.0340610742  -0.0192989077   0.0000005157
       -0.0419671389  -0.0673552318   0.0000029822  -0.0022691791  -0.0010315956
       -0.0000001300  -0.0032116481  -0.0031090386   0.0000004059   0.0033250554
       -0.0040401404   0.0000001089  -0.1240064145  -0.2163570224   0.0000076846
        0.0267931455  -0.0042408395   0.0000001613  -0.0032369611  -0.0031980902
        0.0000004771   0.0001119396   0.0000648957   0.0000000842
       -0.0000053154   0.0000102582  -0.0473583575  -0.0000008282  -0.0000233005
        0.1116406240   0.0000008622   0.0000021321  -0.0447323065   0.0000007065
       -0.0000014337   0.0010564216  -0.0000013880   0.0000006168  -0.0043472812
        0.0000018320   0.0000029167   0.0020856191   0.0000000394  -0.0000000351
       -0.0001960605   0.0000000622   0.0000003413   0.0052689350  -0.0000001271
        0.0000001738   0.0005704646   0.0000051722   0.0000076893  -0.0321924297
       -0.0000011286   0.0000001992   0.0006899522   0.0000001188   0.0000004412
        0.0075444355  -0.0000000060   0.0000000009  -0.0000300165
       -0.0257146885   0.0891321110  -0.0000037699  -0.3299236267  -0.0149840106
        0.0000008622   0.6557699143  -0.0151856322   0.0000001186  -0.1547432965
       -0.0777664656   0.0000032382   0.0533450905  -0.0411951935   0.0000018169
       -0.0502617170  -0.0258250963   0.0000009013  -0.0016009850   0.0048294457
       -0.0000002465  -0.0347803159  -0.0198130399   0.0000007044  -0.0005464104
        0.0027610860   0.0000000154  -0.0212453604  -0.0004988419   0.0000001234
       -0.0880084648   0.0987028561  -0.0000039678  -0.0005966501  -0.0002646555
       -0.0000000778  -0.0016934894   0.0001074367   0.0000002819
        0.0300538259   0.0143018461  -0.0000003653   0.0653288521  -0.0954768731
        0.0000021321  -0.0151856322   0.6722577339  -0.0000236372  -0.1450390698
       -0.2607053298   0.0000091340   0.0136172444  -0.0587280225   0.0000023065
       -0.0221506892  -0.0077673248   0.0000000447   0.0017118182  -0.0046669095
        0.0000003482  -0.0052367806   0.0030132228  -0.0000001270   0.0027685982
       -0.0046061817   0.0000004753  -0.0242644420   0.0008946114  -0.0000000398
        0.0996815489  -0.2599300098   0.0000095589  -0.0005940729   0.0007961132
       -0.0000000062  -0.0006912012   0.0006171238   0.0000001757
       -0.0000010943  -0.0000004442   0.0015292988  -0.0000025371   0.0000021382
       -0.0447323065   0.0000001186  -0.0000236372   0.1110463970   0.0000060747
        0.0000092141  -0.0424610675  -0.0000006392   0.0000026309  -0.0036960667
        0.0000008207   0.0000000743  -0.0027056878  -0.0000001309   0.0000003226
        0.0069356964   0.0000005193  -0.0000001105   0.0009630306  -0.0000001233
        0.0000004884   0.0071788318   0.0000010359  -0.0000000638  -0.0003012532
       -0.0000041214   0.0000094435  -0.0333640054   0.0000000432  -0.0000000328
       -0.0001720355   0.0000000337  -0.0000000234  -0.0002208319
        0.0030601810  -0.0061246314   0.0000002275  -0.0486230373  -0.0169307895
        0.0000007065  -0.1547432965  -0.1450390698   0.0000060747   0.4686268849
        0.0399612759  -0.0000017572  -0.0998948714   0.1177349226  -0.0000049438
       -0.0267945769   0.0250255906  -0.0000009739  -0.0033782469  -0.0316068793
        0.0000012895  -0.1361131407   0.0107596244  -0.0000004086   0.0007999840
       -0.0003385378   0.0000000364  -0.0048809038   0.0005169993   0.0000000584
        0.0056254399   0.0096313153  -0.0000004806  -0.0048060112   0.0007001204
       -0.0000000703   0.0011215948  -0.0042899408   0.0000002414
       -0.0046888671  -0.0637997541   0.0000023021  -0.0782934765   0.0366816402
       -0.0000014337  -0.0777664656  -0.2607053298   0.0000092141   0.0399612759
        0.6383069551  -0.0000227549   0.0389831283  -0.2566459555   0.0000086286
        0.0815857732   0.0154261252  -0.0000006383   0.0010298152  -0.0555868521
        0.0000026276   0.0107651369  -0.0262512390   0.0000003047   0.0000435388
       -0.0008130643   0.0000001168   0.0010672511   0.0010405803   0.0000003360
       -0.0152745501  -0.0270588332   0.0000010737   0.0000211765   0.0003730432
        0.0000002098   0.0025662633  -0.0009673162   0.0000000136
        0.0000002268   0.0000024933  -0.0043832111   0.0000032996  -0.0000014611
        0.0010564216   0.0000032382   0.0000091340  -0.0424610675  -0.0000017572
       -0.0000227549   0.0924637363  -0.0000017106   0.0000084548  -0.0489586235
       -0.0000034437  -0.0000006945  -0.0002871724   0.0000000774   0.0000026955
        0.0051110161  -0.0000004300   0.0000003505  -0.0180699540  -0.0000000039
        0.0000000511   0.0003594428  -0.0000000370   0.0000002678   0.0074370827
        0.0000006398   0.0000011395   0.0005212696   0.0000000152   0.0000003048
        0.0076149814  -0.0000001146   0.0000000193  -0.0004039221
       -0.0434580413  -0.0755817960   0.0000032054  -0.0405707099   0.0340610742
       -0.0000013880   0.0533450905   0.0136172444  -0.0000006392  -0.0998948714
        0.0389831283  -0.0000017106   0.6645687643   0.0121550010  -0.0000006283
       -0.3039532951   0.0705718107  -0.0000029995  -0.1403836757  -0.0841161275
        0.0000039319  -0.0390965138   0.0206032135  -0.0000009659  -0.0009649769
       -0.0027105775   0.0000000916  -0.0004895183   0.0006608567   0.0000000009
       -0.0013326840  -0.0031375701   0.0000002786  -0.0149427059   0.0047086792
       -0.0000002619  -0.0328268625  -0.0298149369   0.0000010850
       -0.0196518242   0.0386029142  -0.0000020235   0.0339861457  -0.0192989077
        0.0000006168  -0.0411951935  -0.0587280225   0.0000026309   0.1177349226
       -0.2566459555   0.0000084548   0.0121550010   0.6447559521  -0.0000214217
       -0.0087664293  -0.0950120465   0.0000019504  -0.1168205677  -0.2447443948
        0.0000095166   0.0082067533  -0.0107929709   0.0000004333  -0.0032122210
       -0.0032882152   0.0000004761   0.0004237638   0.0001556338   0.0000000009
       -0.0020801058  -0.0016947298   0.0000004286   0.0300997415  -0.0056108144
        0.0000001723  -0.0108799864   0.0123015571  -0.0000012355
        0.0000007803  -0.0000016042  -0.0026985631  -0.0000014323   0.0000005157
       -0.0043472812   0.0000018169   0.0000023065  -0.0036960667  -0.0000049438
        0.0000086286  -0.0489586235  -0.0000006283  -0.0000214217   0.1265569871
        0.0000005389   0.0000019090  -0.0490867647   0.0000047647   0.0000084543
       -0.0376889452  -0.0000003215   0.0000004997   0.0018699995   0.0000001537
        0.0000004661   0.0082006625  -0.0000000107   0.0000000424   0.0007386002
        0.0000000693   0.0000004164   0.0076253937  -0.0000012644   0.0000002880
        0.0017415148   0.0000004772  -0.0000005009  -0.0002569135
       -0.1784141566  -0.0802032904   0.0000033741   0.0555263703  -0.0419671389
        0.0000018320  -0.0502617170  -0.0221506892   0.0000008207  -0.0267945769
        0.0815857732  -0.0000034437  -0.3039532951  -0.0087664293   0.0000005389
        0.6458868156   0.0111239630  -0.0000008068  -0.0390305827  -0.0123408087
        0.0000005497   0.0041615408   0.0006842295  -0.0000000802  -0.0209090668
       -0.0238099572   0.0000010377   0.0000758805   0.0027640162  -0.0000000707
       -0.0003224973  -0.0003235160   0.0000000455  -0.0845647144   0.0964687312
       -0.0000040466  -0.0014000005  -0.0030648833   0.0000002493
       -0.1552466054  -0.2584663400   0.0000092228   0.0153166475  -0.0673552318
        0.0000029167  -0.0258250963  -0.0077673248   0.0000000743   0.0250255906
        0.0154261252  -0.0000006945   0.0705718107  -0.0950120465   0.0000019090
        0.0111239630   0.6915637593  -0.0000244654  -0.0392562481  -0.0013101474
        0.0000001708   0.0046123953  -0.0035628667   0.0000003264  -0.0004042451
        0.0012268619  -0.0000000982   0.0023456087  -0.0049026661   0.0000004815
       -0.0006741443   0.0006004005   0.0000000429   0.0954254372  -0.2666939769
        0.0000097840  -0.0030151139  -0.0037465468   0.0000003297
        0.0000066603   0.0000091118  -0.0432953728  -0.0000006505   0.0000029822
        0.0020856191   0.0000009013   0.0000000447  -0.0027056878  -0.0000009739
       -0.0000006383  -0.0002871724  -0.0000029995   0.0000019504  -0.0490867647
       -0.0000008068  -0.0000244654   0.1089831077   0.0000017307   0.0000002962
        0.0038163664  -0.0000000424   0.0000003372   0.0047494144   0.0000000106
       -0.0000000351   0.0002665249  -0.0000000778   0.0000004674   0.0068601014
        0.0000000497  -0.0000000239  -0.0001986290  -0.0000039448   0.0000097490
       -0.0327260081   0.0000001434   0.0000002237   0.0015385010
       -0.0045041091   0.0044882672  -0.0000000132   0.0005881126  -0.0022691791
        0.0000000394  -0.0016009850   0.0017118182  -0.0000001309  -0.0033782469
        0.0010298152   0.0000000774  -0.1403836757  -0.1168205677   0.0000047647
       -0.0390305827  -0.0392562481   0.0000017307   0.5453025166   0.0179276969
       -0.0000014394   0.0045783631   0.0119091883  -0.0000003974  -0.0010486141
       -0.0013007000   0.0000000193   0.0003051387   0.0002433685  -0.0000000316
       -0.0001258440   0.0000067582  -0.0000000794   0.0023055076  -0.0002578291
        0.0000001105  -0.3630075809   0.1225876116  -0.0000046501
        0.0025942323   0.0001180129   0.0000005305  -0.0016572168  -0.0010315956
       -0.0000000351   0.0048294457  -0.0046669095   0.0000003226  -0.0316068793
       -0.0555868521   0.0000026955  -0.0841161275  -0.2447443948   0.0000084543
       -0.0123408087  -0.0013101474   0.0000002962   0.0179276969   0.3867153066
       -0.0000155621   0.0032249574   0.0006371833   0.0000001164   0.0001491149
        0.0001765237  -0.0000000614   0.0001861576   0.0003707826  -0.0000001104
       -0.0014238924  -0.0019894299  -0.0000000069  -0.0001153597   0.0007530168
        0.0000000004   0.1023486797  -0.0794414966   0.0000033602
       -0.0000000789   0.0000004688   0.0057303888   0.0000000234  -0.0000001300
       -0.0001960605  -0.0000002465   0.0000003482   0.0069356964   0.0000012895
        0.0000026276   0.0051110161   0.0000039319   0.0000095166  -0.0376889452
        0.0000005497   0.0000001708   0.0038163664  -0.0000014394  -0.0000155621
        0.0303110322   0.0000000754  -0.0000000851  -0.0001976864  -0.0000000288
       -0.0000000305  -0.0000142475  -0.0000000003  -0.0000000823  -0.0014388781
        0.0000000609   0.0000000366  -0.0002198073  -0.0000000087  -0.0000001654
       -0.0031588170  -0.0000041282   0.0000028867  -0.0089900579
       -0.0009782923  -0.0020424293  -0.0000000092  -0.0002182549  -0.0032116481
        0.0000000622  -0.0347803159  -0.0052367806   0.0000005193  -0.1361131407
        0.0107651369  -0.0000004300  -0.0390965138   0.0082067533  -0.0000003215
        0.0041615408   0.0046123953  -0.0000000424   0.0045783631   0.0032249574
        0.0000000754   0.2001994257  -0.0187898907   0.0000007933   0.0005242649
       -0.0000746478  -0.0000000558  -0.0009641243   0.0002276947  -0.0000000973
        0.0014534807  -0.0003459997  -0.0000000468  -0.0010030174  -0.0003016464
        0.0000000417   0.0022365841   0.0029661052  -0.0000004889
       -0.0002614930   0.0005118188   0.0000000274  -0.0009050956  -0.0031090386
        0.0000003413  -0.0198130399   0.0030132228  -0.0000001105   0.0107596244
       -0.0262512390   0.0000003505   0.0206032135  -0.0107929709   0.0000004997
        0.0006842295  -0.0035628667   0.0000003372   0.0119091883   0.0006371833
       -0.0000000851  -0.0187898907   0.0371824171  -0.0000011012  -0.0000848866
        0.0001060716  -0.0000000722  -0.0010031846   0.0000637410   0.0000000041
       -0.0007626425   0.0010611406  -0.0000001216   0.0010065162   0.0000523210
       -0.0000000019  -0.0033425390   0.0010881989  -0.0000000677
        0.0000000489  -0.0000000688  -0.0001085789   0.0000001032   0.0000004059
        0.0052689350   0.0000007044  -0.0000001270   0.0009630306  -0.0000004086
        0.0000003047  -0.0180699540  -0.0000009659   0.0000004333   0.0018699995
       -0.0000000802   0.0000003264   0.0047494144  -0.0000003974   0.0000001164
       -0.0001976864   0.0000007933  -0.0000011012   0.0104418016   0.0000000006
       -0.0000000472  -0.0012438724   0.0000000408  -0.0000000028   0.0001976987
        0.0000000415  -0.0000001232  -0.0020116968  -0.0000000356  -0.0000000076
       -0.0003709608   0.0000001549  -0.0000001087  -0.0014881306
       -0.3012496046   0.0278172525  -0.0000011411  -0.0148956141   0.0033250554
       -0.0000001271  -0.0005464104   0.0027685982  -0.0000001233   0.0007999840
        0.0000435388  -0.0000000039  -0.0009649769  -0.0032122210   0.0000001537
       -0.0209090668  -0.0004042451   0.0000000106  -0.0010486141   0.0001491149
       -0.0000000288   0.0005242649  -0.0000848866   0.0000000006   0.3374450644
       -0.0303834021   0.0000012423   0.0008555375  -0.0006616233   0.0000000270
       -0.0007024155   0.0000695686  -0.0000000038   0.0008504580   0.0006847981
       -0.0000000262  -0.0001586064  -0.0001115485   0.0000000201
        0.0278824277  -0.0468203225   0.0000005627   0.0270111867  -0.0040401404
        0.0000001738   0.0027610860  -0.0046061817   0.0000004884  -0.0003385378
       -0.0008130643   0.0000000511  -0.0027105775  -0.0032882152   0.0000004661
       -0.0238099572   0.0012268619  -0.0000000351  -0.0013007000   0.0001765237
       -0.0000000305  -0.0000746478   0.0001060716  -0.0000000472  -0.0303834021
        0.0570647614  -0.0000013868   0.0008301013   0.0006838302  -0.0000001327
        0.0013533884  -0.0002567639   0.0000000125  -0.0008948533   0.0008122738
       -0.0000001295  -0.0003255144  -0.0002456346   0.0000000071
       -0.0000011538   0.0000006925  -0.0343018457  -0.0000011824   0.0000001089
        0.0005704646   0.0000000154   0.0000004753   0.0071788318   0.0000000364
        0.0000001168   0.0003594428   0.0000000916   0.0000004761   0.0082006625
        0.0000010377  -0.0000000982   0.0002665249   0.0000000193  -0.0000000614
       -0.0000142475  -0.0000000558  -0.0000000722  -0.0012438724   0.0000012423
       -0.0000013868   0.0242246231  -0.0000000260  -0.0000001223  -0.0023332992
       -0.0000000706   0.0000000108  -0.0000571420   0.0000000229  -0.0000001444
       -0.0026470385   0.0000000230   0.0000000049  -0.0002031045
        0.0062049829   0.0081081355  -0.0000003643  -0.1323552784  -0.1240064145
        0.0000051722  -0.0212453604  -0.0242644420   0.0000010359  -0.0048809038
        0.0010672511  -0.0000000370  -0.0004895183   0.0004237638  -0.0000000107
        0.0000758805   0.0023456087  -0.0000000778   0.0003051387   0.0001861576
       -0.0000000003  -0.0009641243  -0.0010031846   0.0000000408   0.0008555375
        0.0008301013  -0.0000000260   0.1516047909   0.1364952311  -0.0000057056
        0.0006671059  -0.0007603411   0.0000000202   0.0002493836   0.0004919737
       -0.0000000296  -0.0000276349   0.0000861594  -0.0000000178
       -0.0156084505  -0.0253340517   0.0000010583  -0.1240947249  -0.2163570224
        0.0000076893  -0.0004988419   0.0008946114  -0.0000000638   0.0005169993
        0.0010405803   0.0000002678   0.0006608567   0.0001556338   0.0000000424
        0.0027640162  -0.0049026661   0.0000004674   0.0002433685   0.0003707826
       -0.0000000823   0.0002276947   0.0000637410  -0.0000000028  -0.0006616233
        0.0006838302  -0.0000001223   0.1364952311   0.2435324428  -0.0000091774
        0.0007721139   0.0009406515  -0.0000001361  -0.0008138234  -0.0011414991
        0.0000000576  -0.0000028163   0.0000529657   0.0000000019
        0.0000006319   0.0000010503  -0.0000828615   0.0000050811   0.0000076846
       -0.0321924297   0.0000001234  -0.0000000398  -0.0003012532   0.0000000584
        0.0000003360   0.0074370827   0.0000000009   0.0000000009   0.0007386002
       -0.0000000707   0.0000004815   0.0068601014  -0.0000000316  -0.0000001104
       -0.0014388781  -0.0000000973   0.0000000041   0.0001976987   0.0000000270
       -0.0000001327  -0.0023332992  -0.0000057056  -0.0000091774   0.0235684284
       -0.0000000397  -0.0000001533  -0.0025609755   0.0000000251   0.0000000593
        0.0001991154  -0.0000000029  -0.0000000031  -0.0000913297
       -0.0059041593   0.0006009163  -0.0000000054  -0.0138824018   0.0267931455
       -0.0000011286  -0.0880084648   0.0996815489  -0.0000041214   0.0056254399
       -0.0152745501   0.0000006398  -0.0013326840  -0.0020801058   0.0000000693
       -0.0003224973  -0.0006741443   0.0000000497  -0.0001258440  -0.0014238924
        0.0000000609   0.0014534807  -0.0007626425   0.0000000415  -0.0007024155
        0.0013533884  -0.0000000706   0.0006671059   0.0007721139  -0.0000000397
        0.1023770280  -0.1087614252   0.0000045069   0.0000262847  -0.0000700337
        0.0000000104   0.0001291274  -0.0001543190  -0.0000000127
        0.0009461867   0.0009491464   0.0000002717   0.0036529880  -0.0042408395
        0.0000001992   0.0987028561  -0.2599300098   0.0000094435   0.0096313153
       -0.0270588332   0.0000011395  -0.0031375701  -0.0016947298   0.0000004164
       -0.0003235160   0.0006004005  -0.0000000239   0.0000067582  -0.0019894299
        0.0000000366  -0.0003459997   0.0010611406  -0.0000001232   0.0000695686
       -0.0002567639   0.0000000108  -0.0007603411   0.0009406515  -0.0000001533
       -0.1087614252   0.2916224493  -0.0000111654  -0.0000310716   0.0000885432
       -0.0000000668   0.0003502508  -0.0000917255   0.0000000149
       -0.0000001028   0.0000002324   0.0076003030  -0.0000001452   0.0000001613
        0.0006899522  -0.0000039678   0.0000095589  -0.0333640054  -0.0000004806
        0.0000010737   0.0005212696   0.0000002786   0.0000004286   0.0076253937
        0.0000000455   0.0000000429  -0.0001986290  -0.0000000794  -0.0000000069
       -0.0002198073  -0.0000000468  -0.0000001216  -0.0020116968  -0.0000000038
        0.0000000125  -0.0000571420   0.0000000202  -0.0000001361  -0.0025609755
        0.0000045069  -0.0000111654   0.0234852518  -0.0000000030  -0.0000000782
       -0.0015581092  -0.0000000218  -0.0000000023   0.0000481947
        0.0065567495  -0.0143234887   0.0000006109  -0.0011395796  -0.0032369611
        0.0000001188  -0.0005966501  -0.0005940729   0.0000000432  -0.0048060112
        0.0000211765   0.0000000152  -0.0149427059   0.0300997415  -0.0000012644
       -0.0845647144   0.0954254372  -0.0000039448   0.0023055076  -0.0001153597
       -0.0000000087  -0.0010030174   0.0010065162  -0.0000000356   0.0008504580
       -0.0008948533   0.0000000229   0.0002493836  -0.0008138234   0.0000000251
        0.0000262847  -0.0000310716  -0.0000000030   0.0964457540  -0.1065039058
        0.0000044310   0.0006185411  -0.0000393349  -0.0000000105
        0.0085231504  -0.0247241337   0.0000010269  -0.0037390872  -0.0031980902
        0.0000004412  -0.0002646555   0.0007961132  -0.0000000328   0.0007001204
        0.0003730432   0.0000003048   0.0047086792  -0.0056108144   0.0000002880
        0.0964687312  -0.2666939769   0.0000097490  -0.0002578291   0.0007530168
       -0.0000001654  -0.0003016464   0.0000523210  -0.0000000076   0.0006847981
        0.0008122738  -0.0000001444   0.0004919737  -0.0011414991   0.0000000593
       -0.0000700337   0.0000885432  -0.0000000782  -0.1065039058   0.2984990763
       -0.0000114471  -0.0004402952  -0.0000058733   0.0000000062
       -0.0000003633   0.0000009483  -0.0001177298   0.0000002628   0.0000004771
        0.0075444355  -0.0000000778  -0.0000000062  -0.0001720355  -0.0000000703
        0.0000002098   0.0076149814  -0.0000002619   0.0000001723   0.0017415148
       -0.0000040466   0.0000097840  -0.0327260081   0.0000001105   0.0000000004
       -0.0031588170   0.0000000417  -0.0000000019  -0.0003709608  -0.0000000262
       -0.0000001295  -0.0026470385  -0.0000000296   0.0000000576   0.0001991154
        0.0000000104  -0.0000000668  -0.0015581092   0.0000044310  -0.0000114471
        0.0234898292   0.0000000194   0.0000000018   0.0001608228
       -0.0016907826  -0.0000113819  -0.0000000174   0.0005180800   0.0001119396
       -0.0000000060  -0.0016934894  -0.0006912012   0.0000000337   0.0011215948
        0.0025662633  -0.0000001146  -0.0328268625  -0.0108799864   0.0000004772
       -0.0014000005  -0.0030151139   0.0000001434  -0.3630075809   0.1023486797
       -0.0000041282   0.0022365841  -0.0033425390   0.0000001549  -0.0001586064
       -0.0003255144   0.0000000230  -0.0000276349  -0.0000028163  -0.0000000029
        0.0001291274   0.0003502508  -0.0000000218   0.0006185411  -0.0004402952
        0.0000000194   0.3961810299  -0.0866682851   0.0000034393
       -0.0011168716   0.0000417105   0.0000000350  -0.0004871928   0.0000648957
        0.0000000009   0.0001074367   0.0006171238  -0.0000000234  -0.0042899408
       -0.0009673162   0.0000000193  -0.0298149369   0.0123015571  -0.0000005009
       -0.0030648833  -0.0037465468   0.0000002237   0.1225876116  -0.0794414966
        0.0000028867   0.0029661052   0.0010881989  -0.0000001087  -0.0001115485
       -0.0002456346   0.0000000049   0.0000861594   0.0000529657  -0.0000000031
       -0.0001543190  -0.0000917255  -0.0000000023  -0.0000393349  -0.0000058733
        0.0000000018  -0.0866682851   0.0703321414  -0.0000025341
       -0.0000000594  -0.0000001562   0.0012679024  -0.0000000776   0.0000000842
       -0.0000300165   0.0000002819   0.0000001757  -0.0002208319   0.0000002414
        0.0000000136  -0.0004039221   0.0000010850  -0.0000012355  -0.0002569135
        0.0000002493   0.0000003297   0.0015385010  -0.0000046501   0.0000033602
       -0.0089900579  -0.0000004889  -0.0000000677  -0.0014881306   0.0000000201
        0.0000000071  -0.0002031045  -0.0000000178   0.0000000019  -0.0000913297
       -0.0000000127   0.0000000149   0.0000481947  -0.0000000105   0.0000000062
        0.0001608228   0.0000034393  -0.0000025341   0.0086688860
