$hessian                                                                        
        0.3032513044   0.0419398841   0.0221421631  -0.1017454452  -0.0330945894
       -0.0268041526  -0.0013704375  -0.0015305919  -0.0048879720  -0.0302263944
        0.0045656838  -0.0006522694  -0.0020142685  -0.0062222155   0.0019586403
       -0.0469791490  -0.0273863618   0.0068511173  -0.0456518532  -0.0038366897
       -0.0094365051  -0.0752637566   0.0255648804   0.0108289784
        0.0419398841   0.3837954095   0.0020638861  -0.0407675369  -0.0516711508
       -0.0163936056  -0.0034483465  -0.0016779730  -0.0055639045   0.0114737901
        0.0005638118   0.0011573150  -0.0137189998  -0.0224638503   0.0024759416
       -0.0131664932  -0.2250455650   0.0610191714  -0.0015563436  -0.0504184278
       -0.0385007531   0.0192440459  -0.0330822544  -0.0062580509
        0.0221421631   0.0020638861   0.4050046731  -0.0244121604  -0.0112668583
       -0.0405384148  -0.0231382728  -0.0161733784  -0.0362187141   0.0036472534
       -0.0001067644   0.0016933508   0.0055197289   0.0083763809   0.0006981888
        0.0014579369   0.0544227875  -0.0634073946   0.0080388423  -0.0323402648
       -0.2435909601   0.0067445087  -0.0049757886  -0.0236407290
       -0.1017454452  -0.0407675369  -0.0244121604   0.2816589333   0.0402012497
        0.0215207503  -0.0428534837  -0.0032086231  -0.0059277618  -0.0744681926
        0.0340544281   0.0075596169  -0.0244737186  -0.0194152272   0.0053643318
       -0.0072472240  -0.0121254671   0.0004362382  -0.0016989404  -0.0013608241
       -0.0042735354  -0.0291719288   0.0026220005  -0.0002674794
       -0.0330945894  -0.0516711508  -0.0112668583   0.0402012497   0.2525117243
        0.0286333163  -0.0003535848  -0.0430857817  -0.0298937650   0.0195310431
       -0.0364377784  -0.0033032094  -0.0050177440  -0.0845416375   0.0217383573
       -0.0274844936  -0.0363679929  -0.0003302902  -0.0046565381  -0.0012217745
       -0.0060718175   0.0108746571   0.0008143916   0.0004942670
       -0.0268041526  -0.0163936056  -0.0405384148   0.0215207503   0.0286333163
        0.3669447207   0.0122710638  -0.0211043497  -0.2466346317   0.0053258848
       -0.0055926693  -0.0216035269  -0.0007199574   0.0188925539  -0.0277093061
        0.0073083964   0.0122630968   0.0015603540  -0.0237372363  -0.0162652373
       -0.0336293665   0.0048352511  -0.0004331050   0.0016101713
       -0.0013704375  -0.0034483465  -0.0231382728  -0.0428534837  -0.0003535848
        0.0122710638   0.0517601073  -0.0027318549  -0.0116363585  -0.0101172292
        0.0120640095   0.0255094014   0.0045506059  -0.0020785340   0.0044175328
        0.0008397794   0.0012656819   0.0001048255  -0.0042215666  -0.0036839428
       -0.0062983551   0.0014122244  -0.0010334285  -0.0012298370
       -0.0015305919  -0.0016779730  -0.0161733784  -0.0032086231  -0.0430857817
       -0.0211043497  -0.0027318549   0.0535080097   0.0307643534   0.0110923695
       -0.0040527724  -0.0174987635  -0.0013404955  -0.0058369714   0.0278237166
        0.0007688330   0.0025485164  -0.0000171857  -0.0035551974  -0.0014567989
       -0.0040857011   0.0005055601   0.0000537713   0.0002913084
       -0.0048879720  -0.0055639045  -0.0362187141  -0.0059277618  -0.0298937650
       -0.2466346317  -0.0116363585   0.0307643534   0.3368828958   0.0246862115
       -0.0175168341  -0.0201023761   0.0038124034   0.0273312573  -0.0317324194
        0.0003490022  -0.0018738803   0.0031845689  -0.0059388457  -0.0038775621
       -0.0065752671  -0.0004566790   0.0006303353   0.0011959438
       -0.0302263944   0.0114737901   0.0036472534  -0.0744681926   0.0195310431
        0.0053258848  -0.0101172292   0.0110923695   0.0246862115   0.1191063087
       -0.0640530513  -0.0274186851  -0.0022291667   0.0217552727  -0.0057386666
        0.0011136430   0.0000721811   0.0006047305   0.0016367189   0.0002855227
       -0.0004488649  -0.0048156877  -0.0001571279  -0.0006578637
        0.0045656838   0.0005638118  -0.0001067644   0.0340544281  -0.0364377784
       -0.0055926693   0.0120640095  -0.0040527724  -0.0175168341  -0.0640530513
        0.0687303227   0.0180503057   0.0168883803  -0.0302184359   0.0054363772
       -0.0019385695   0.0015202780  -0.0003289830  -0.0013342820   0.0002614167
        0.0003133572  -0.0002465990  -0.0003668426  -0.0002547893
       -0.0006522694   0.0011573150   0.0016933508   0.0075596169  -0.0033032094
       -0.0216035269   0.0255094014  -0.0174987635  -0.0201023761  -0.0274186851
        0.0180503057   0.0351080043  -0.0031388518   0.0016078092   0.0039699082
       -0.0000933358  -0.0001897903   0.0001900516  -0.0009135755   0.0003832226
        0.0008105793  -0.0008523007  -0.0002068893  -0.0000659912
       -0.0020142685  -0.0137189998   0.0055197289  -0.0244737186  -0.0050177440
       -0.0007199574   0.0045506059  -0.0013404955   0.0038124034  -0.0022291667
        0.0168883803  -0.0031388518   0.0283322186   0.0100694992  -0.0054439456
       -0.0030678281  -0.0044196856  -0.0006312841   0.0001925242  -0.0001814388
        0.0002127695  -0.0012903667  -0.0022795159   0.0003891371
       -0.0062222155  -0.0224638503   0.0083763809  -0.0194152272  -0.0845416375
        0.0188925539  -0.0020785340  -0.0058369714   0.0273312573   0.0217552727
       -0.0302184359   0.0016078092   0.0100694992   0.1458717519  -0.0558865608
       -0.0037016229  -0.0049448923  -0.0005169038   0.0011822850   0.0008148266
       -0.0002534880  -0.0015894573   0.0013192089   0.0004489513
        0.0019586403   0.0024759416   0.0006981888   0.0053643318   0.0217383573
       -0.0277093061   0.0044175328   0.0278237166  -0.0317324194  -0.0057386666
        0.0054363772   0.0039699082  -0.0054439456  -0.0558865608   0.0535643419
       -0.0007245282  -0.0003214305   0.0000539324  -0.0006903736  -0.0009603932
        0.0012206754   0.0008570091  -0.0003060081  -0.0000653211
       -0.0469791490  -0.0131664932   0.0014579369  -0.0072472240  -0.0274844936
        0.0073083964   0.0008397794   0.0007688330   0.0003490022   0.0011136430
       -0.0019385695  -0.0000933358  -0.0030678281  -0.0037016229  -0.0007245282
        0.0539282646   0.0212814480  -0.0100762219   0.0069854192  -0.0020580720
        0.0048886763  -0.0055729052   0.0262989702  -0.0031099259
       -0.0273863618  -0.2250455650   0.0544227875  -0.0121254671  -0.0363679929
        0.0122630968   0.0012656819   0.0025485164  -0.0018738803   0.0000721811
        0.0015202780  -0.0001897903  -0.0044196856  -0.0049448923  -0.0003214305
        0.0212814480   0.3030950898  -0.1051470249  -0.0020813525  -0.0060530083
        0.0387852119   0.0233935560  -0.0347524258   0.0020610299
        0.0068511173   0.0610191714  -0.0634073946   0.0004362382  -0.0003302902
        0.0015603540   0.0001048255  -0.0000171857   0.0031845689   0.0006047305
       -0.0003289830   0.0001900516  -0.0006312841  -0.0005169038   0.0000539324
       -0.0100762219  -0.1051470249   0.1024107665   0.0056622266   0.0439625703
       -0.0493596045  -0.0029516320   0.0013586458   0.0053673256
       -0.0456518532  -0.0015563436   0.0080388423  -0.0016989404  -0.0046565381
       -0.0237372363  -0.0042215666  -0.0035551974  -0.0059388457   0.0016367189
       -0.0013342820  -0.0009135755   0.0001925242   0.0011822850  -0.0006903736
        0.0069854192  -0.0020813525   0.0056622266   0.0521979142   0.0002590077
       -0.0079122387  -0.0094402162   0.0117424209   0.0254912010
       -0.0038366897  -0.0504184278  -0.0323402648  -0.0013608241  -0.0012217745
       -0.0162652373  -0.0036839428  -0.0014567989  -0.0038775621   0.0002855227
        0.0002614167   0.0003832226  -0.0001814388   0.0008148266  -0.0009603932
       -0.0020580720  -0.0060530083   0.0439625703   0.0002590077   0.0615050457
        0.0254250097   0.0105764370  -0.0034312796  -0.0163273452
       -0.0094365051  -0.0385007531  -0.2435909601  -0.0042735354  -0.0060718175
       -0.0336293665  -0.0062983551  -0.0040857011  -0.0065752671  -0.0004488649
        0.0003133572   0.0008105793   0.0002127695  -0.0002534880   0.0012206754
        0.0048886763   0.0387852119  -0.0493596045  -0.0079122387   0.0254250097
        0.3523428834   0.0232680533  -0.0156118190  -0.0212189397
       -0.0752637566   0.0192440459   0.0067445087  -0.0291719288   0.0108746571
        0.0048352511   0.0014122244   0.0005055601  -0.0004566790  -0.0048156877
       -0.0002465990  -0.0008523007  -0.0012903667  -0.0015894573   0.0008570091
       -0.0055729052   0.0233935560  -0.0029516320  -0.0094402162   0.0105764370
        0.0232680533   0.1241426370  -0.0627581997  -0.0314442105
        0.0255648804  -0.0330822544  -0.0049757886   0.0026220005   0.0008143916
       -0.0004331050  -0.0010334285   0.0000537713   0.0006303353  -0.0001571279
       -0.0003668426  -0.0002068893  -0.0022795159   0.0013192089  -0.0003060081
        0.0262989702  -0.0347524258   0.0013586458   0.0117424209  -0.0034312796
       -0.0156118190  -0.0627581997   0.0694454305   0.0195446288
        0.0108289784  -0.0062580509  -0.0236407290  -0.0002674794   0.0004942670
        0.0016101713  -0.0012298370   0.0002913084   0.0011959438  -0.0006578637
       -0.0002547893  -0.0000659912   0.0003891371   0.0004489513  -0.0000653211
       -0.0031099259   0.0020610299   0.0053673256   0.0254912010  -0.0163273452
       -0.0212189397  -0.0314442105   0.0195446288   0.0368175403
